ERR126028.65833770	EOG091H00EC	0.849	-74	-10	0	78	3	706	731	2.42E-10	48
ERR126028.57910680	EOG091H02J5	0.764	85	7	0	13	97	427	455	3.53E-10	48
ERR126028.79528672	EOG091H03ZL	0.479	88	14	0	3	90	290	317	8.66E-04	30
ERR126028.44459594	EOG091H01CI	0.884	-86	-9	0	93	6	54	83	1.14E-13	58
ERR126028.78079079	EOG091H06Y7	0.864	97	4	0	1	97	47	79	4.96E-15	62
ERR126028.31603405	EOG091H01A9	0.747	-68	-16	0	70	1	331	354	4.05E-07	39
ERR126028.87638814	EOG091H01BG	0.737	-50	-12	0	52	1	644	661	8.16E-04	30
ERR126028.7821480	EOG091H08J9	0.513	-86	-41	0	90	3	130	159	1.25E-04	32
ERR126028.78955542	EOG091H03WJ	0.578	-89	-37	0	92	2	206	237	5.59E-07	39
ERR126028.17818360	EOG091H0026	0.577	-89	-37	0	92	2	1498	1528	1.46E-06	38
ERR126028.23266537	EOG091H0090	1.000	67	0	0	19	85	1463	1485	1.44E-11	52
ERR126028.40584374	EOG091H0625	0.874	-95	-11	0	98	2	134	166	2.63E-15	63
ERR126028.40864210	EOG091H056A	0.765	-86	-19	0	98	11	14	43	9.81E-11	49
ERR126028.14088894	EOG091H01CG	0.628	-86	-31	0	95	8	169	198	2.13E-07	40
ERR126028.37539972	EOG091H00TB	0.716	97	9	0	1	97	255	288	1.44E-11	52
ERR126028.25339581	EOG091H04M5	0.697	-68	-20	0	97	28	116	139	3.84E-06	36
ERR126028.27353473	EOG091H002E	0.725	79	7	0	3	81	694	720	2.94E-08	42
ERR126028.85480661	EOG091H00E0	0.728	73	7	0	3	75	14	38	2.77E-07	40
ERR126028.72157876	EOG091H03XZ	0.885	97	4	0	1	97	130	162	1.39E-15	63
ERR126028.9920390	EOG091H025R	0.738	67	6	0	31	97	80	102	2.02E-06	37
ERR126028.84213422	EOG091H01YG	0.819	82	5	0	7	88	414	441	7.13E-11	50
ERR126028.89179561	EOG091H00KR	0.731	79	7	0	17	95	129	155	2.26E-08	43
ERR126028.19506153	EOG091H0759	0.742	88	6	0	9	96	127	152	3.33E-10	48
ERR126028.19506153	EOG091H05MH	0.702	88	7	0	9	96	270	295	3.13E-09	45
ERR126028.19506153	EOG091H07K5	1.000	49	0	0	48	96	115	131	1.46E-07	40
ERR126028.5834725	EOG091H02GV	0.851	-92	-13	0	94	1	297	328	4.62E-14	59
ERR126028.73721471	EOG091H011J	0.636	97	12	0	1	97	113	145	6.29E-09	44
ERR126028.15441247	EOG091H007U	0.790	-71	-14	0	81	9	705	729	1.55E-08	43
ERR126028.76270029	EOG091H07Y2	0.691	94	10	0	2	95	99	130	6.68E-10	47
ERR126028.76270029	EOG091H07XH	0.637	94	11	0	2	95	99	130	1.64E-08	43
ERR126028.48449437	EOG091H00ER	0.861	94	4	0	3	96	995	1026	2.31E-14	60
ERR126028.6099189	EOG091H048H	0.920	-44	-3	0	51	6	276	291	4.75E-05	33
ERR126028.18186002	EOG091H065E	0.995	-92	0	0	96	3	36	67	8.08E-18	70
ERR126028.81245709	EOG091H01TQ	0.661	-68	-22	0	77	8	40	63	1.92E-05	34
ERR126028.87363000	EOG091H0027	0.610	88	11	0	11	98	1892	1921	5.59E-07	39
ERR126028.66971097	EOG091H03FE	1.000	67	0	0	3	69	81	103	6.01E-14	59
ERR126028.66971097	EOG091H03LM	0.656	67	8	0	3	69	81	103	6.55E-05	33
ERR126028.42769312	EOG091H03W9	0.875	46	2	0	4	49	163	178	1.83E-04	32
ERR126028.1120183	EOG091H07TA	0.856	94	4	0	4	97	33	64	3.36E-14	59
ERR126028.551796	EOG091H01ZP	0.589	70	9	0	3	72	186	208	4.54E-04	31
ERR126028.65044482	EOG091H00KI	0.890	-95	-10	0	98	2	845	877	1.01E-15	64
ERR126028.34774016	EOG091H00YU	0.738	79	7	0	3	81	31	57	1.55E-08	43
ERR126028.21228593	EOG091H03WJ	0.605	88	11	0	2	89	266	295	7.70E-07	38
ERR126028.21228593	EOG091H02X0	0.551	85	13	0	2	86	327	355	3.65E-05	34
ERR126028.59438863	EOG091H02FR	0.683	-74	-23	0	78	3	265	290	7.26E-07	38
ERR126028.65948658	EOG091H03XL	0.645	88	10	0	10	97	156	185	8.15E-08	41
ERR126028.65948658	EOG091H03WD	0.599	88	12	0	10	97	162	191	1.06E-06	38
ERR126028.65948658	EOG091H03WO	0.559	88	13	0	10	97	156	185	1.01E-05	35
ERR126028.18398755	EOG091H00MS	0.855	70	3	0	1	70	194	217	3.31E-09	45
ERR126028.25823634	EOG091H02AZ	0.902	-62	-5	0	65	2	309	330	8.66E-09	44
ERR126028.3068126	EOG091H00YF	0.569	-71	-30	0	80	8	227	251	4.82E-04	31
ERR126028.85526120	EOG091H00E0	0.942	-95	-5	0	98	2	522	554	4.19E-17	68
ERR126028.48509515	EOG091H01OS	0.603	67	9	0	22	88	364	386	6.65E-04	30
ERR126028.81457553	EOG091H0026	0.626	94	12	0	3	96	45	76	2.94E-08	42
ERR126028.29917113	EOG091H002I	0.536	94	14	0	5	98	2356	2387	7.30E-06	36
ERR126028.22991772	EOG091H01UU	0.770	-86	-19	0	91	4	145	174	7.13E-11	50
ERR126028.91460643	EOG091H00WE	1.000	76	0	0	3	78	512	537	6.01E-14	59
ERR126028.69222300	EOG091H006B	0.573	94	13	0	2	95	389	420	7.70E-07	38
ERR126028.22183644	EOG091H054Y	0.596	70	9	0	24	93	114	137	3.29E-04	31
ERR126028.23278680	EOG091H00FN	0.517	-95	-45	0	98	2	1045	1077	1.01E-05	35
ERR126028.37483973	EOG091H01TP	0.972	82	1	0	1	82	276	303	2.45E-14	60
ERR126028.30246518	EOG091H00AU	0.931	91	2	0	3	93	306	336	1.80E-15	63
ERR126028.30287676	EOG091H03FF	0.776	-65	-14	0	93	27	252	274	3.82E-07	39
ERR126028.18985648	EOG091H00KI	0.737	52	4	0	44	95	352	369	9.19E-04	30
ERR126028.81514460	EOG091H03WJ	0.680	-92	-29	0	96	3	296	327	1.20E-09	46
ERR126028.81514460	EOG091H02X0	0.561	-77	-33	0	96	18	370	400	3.62E-06	36
ERR126028.64295679	EOG091H02RC	0.849	76	4	0	3	78	60	85	2.42E-10	48
ERR126028.41022020	EOG091H004B	0.478	85	16	0	4	88	1218	1248	4.82E-04	31
ERR126028.16073799	EOG091H0107	0.888	94	3	0	3	96	211	242	4.69E-15	62
ERR126028.32387560	EOG091H00C4	0.707	94	9	0	2	95	474	505	2.57E-10	48
ERR126028.32387560	EOG091H00YA	0.691	94	10	0	2	95	287	318	6.68E-10	47
ERR126028.32387560	EOG091H00JN	0.610	94	12	0	2	95	841	872	8.15E-08	41
ERR126028.32387560	EOG091H01UD	0.543	82	12	0	2	83	455	482	1.32E-04	32
ERR126028.32387560	EOG091H03RO	0.525	82	13	0	2	83	234	261	3.49E-04	31
ERR126028.1047	EOG091H057H	0.970	-68	-1	0	81	12	297	320	1.88E-11	51
ERR126028.65427217	EOG091H07W7	0.765	-92	-21	0	94	1	233	264	7.62E-12	53
ERR126028.23020708	EOG091H01UU	0.525	82	13	0	15	96	241	268	3.29E-04	31
ERR126028.87144194	EOG091H06FU	0.837	91	5	0	6	96	121	150	4.08E-13	56
ERR126028.70083211	EOG091H0026	0.990	-92	0	0	98	5	1660	1691	1.17E-17	69
ERR126028.8371840	EOG091H048E	0.648	-65	-22	0	72	6	311	333	9.05E-05	33
ERR126028.94489183	EOG091H00PT	0.804	73	5	0	25	97	640	664	8.66E-09	44
ERR126028.85514024	EOG091H00TB	0.565	88	12	0	9	96	154	181	6.88E-06	36
ERR126028.70531948	EOG091H03FB	0.854	97	5	0	1	97	227	259	9.40E-15	61
ERR126028.4306197	EOG091H00DA	0.760	94	7	0	3	96	161	192	9.91E-12	52
ERR126028.11819760	EOG091H00NH	0.826	-89	-15	0	94	4	47	77	8.16E-13	55
ERR126028.64949487	EOG091H0029	0.528	-89	-41	0	94	4	411	440	2.64E-05	34
ERR126028.70364623	EOG091H002I	0.555	-89	-39	0	93	3	176	206	4.99E-06	36
ERR126028.66651654	EOG091H00VG	0.823	64	4	0	2	65	758	779	1.79E-07	40
ERR126028.13057410	EOG091H045Z	0.985	70	0	0	1	70	232	255	1.05E-11	52
ERR126028.46706377	EOG091H0061	0.776	-65	-14	0	81	15	760	782	3.82E-07	39
ERR126028.1703227	EOG091H048H	0.582	88	12	0	2	89	277	306	2.78E-06	37
ERR126028.36698289	EOG091H00PU	0.789	76	5	0	21	96	36	61	4.31E-09	45
ERR126028.78399323	EOG091H02N4	0.850	55	3	0	42	96	307	325	4.99E-06	36
ERR126028.54764908	EOG091H0081	0.512	82	13	0	9	90	155	182	6.27E-04	30
ERR126028.67845671	EOG091H0027	0.726	-89	-24	0	98	8	159	189	2.57E-10	48
ERR126028.83147437	EOG091H00N0	0.583	-89	-37	0	91	1	846	876	1.06E-06	38
ERR126028.83147437	EOG091H00DM	0.555	-89	-39	0	91	1	1019	1049	5.29E-06	36
ERR126028.57882529	EOG091H01X3	0.864	91	4	0	3	93	96	126	8.28E-14	58
ERR126028.22072500	EOG091H0092	0.776	-83	-18	0	85	1	331	359	1.57E-10	49
ERR126028.41009120	EOG091H008P	0.886	-89	-9	0	92	2	1120	1150	2.45E-14	60
ERR126028.11603611	EOG091H00C4	0.681	-62	-19	0	97	34	417	438	6.95E-05	33
ERR126028.129226	EOG091H01K7	0.748	-53	-13	0	98	44	78	96	1.83E-04	32
ERR126028.1040931	EOG091H00GZ	0.903	91	3	0	6	96	516	546	8.91E-15	61
ERR126028.78980243	EOG091H05BO	0.803	-92	-17	0	94	1	232	263	8.16E-13	55
ERR126028.83070443	EOG091H01N7	0.968	58	1	0	4	61	438	457	1.64E-08	43
ERR126028.17245754	EOG091H05XE	0.905	-95	-8	0	98	2	201	233	3.88E-16	65
ERR126028.24027192	EOG091H00YF	0.512	82	13	0	7	88	764	791	6.65E-04	30
ERR126028.74550412	EOG091H05WA	0.776	-89	-19	0	96	6	145	175	1.36E-11	52
ERR126028.33921928	EOG091H00OX	0.962	-47	-1	0	51	3	422	438	2.63E-06	37
ERR126028.1510824	EOG091H00I6	0.872	-77	-9	0	92	14	178	204	1.99E-11	51
ERR126028.1510824	EOG091H03I3	0.557	-92	-40	0	98	5	348	379	2.02E-06	37
ERR126028.91714323	EOG091H00E0	0.746	67	6	0	30	96	697	719	1.38E-06	38
ERR126028.26866603	EOG091H0759	0.776	82	6	0	11	92	127	154	6.68E-10	47
ERR126028.26866603	EOG091H07K5	0.770	79	6	0	5	83	104	130	3.31E-09	45
ERR126028.26866603	EOG091H05MH	0.659	82	9	0	11	92	270	297	2.94E-07	40
ERR126028.18331771	EOG091H01Z5	0.706	-77	-22	0	92	14	278	304	7.26E-08	41
ERR126028.60668804	EOG091H07RS	1.000	94	0	0	3	96	69	100	4.96E-20	76
ERR126028.60668804	EOG091H07Y2	0.600	94	12	0	3	96	65	96	1.46E-07	40
ERR126028.60668804	EOG091H07XH	0.600	94	12	0	3	96	65	96	1.46E-07	40
ERR126028.60668804	EOG091H07PS	0.622	88	11	0	3	90	73	102	2.77E-07	40
ERR126028.60668804	EOG091H080L	0.589	94	13	0	3	96	64	95	2.77E-07	40
ERR126028.60668804	EOG091H070B	0.498	85	14	0	3	87	64	92	6.27E-04	30
ERR126028.60668804	EOG091H07SM	0.455	94	17	0	3	96	62	93	8.66E-04	30
ERR126028.60668804	EOG091H07DI	0.492	85	14	0	3	87	62	90	8.66E-04	30
ERR126028.60668804	EOG091H0792	0.467	91	16	0	3	93	64	94	8.66E-04	30
ERR126028.79804916	EOG091H00PN	0.644	-89	-31	0	91	1	200	230	3.11E-08	42
ERR126028.2373	EOG091H00QS	0.642	-92	-32	0	95	2	720	751	1.19E-08	44
ERR126028.10372349	EOG091H03RO	0.713	64	6	0	2	65	192	213	1.92E-05	34
ERR126028.10372349	EOG091H0464	0.681	64	7	0	2	65	173	194	6.95E-05	33
ERR126028.63795154	EOG091H03VF	0.617	79	10	0	3	81	160	186	6.88E-06	36
ERR126028.88108100	EOG091H025R	0.632	-92	-33	0	94	1	84	115	2.26E-08	43
ERR126028.32565189	EOG091H03WJ	0.693	61	6	0	1	61	275	295	1.32E-04	32
ERR126028.43033028	EOG091H06O1	0.523	-95	-45	0	98	2	50	88	5.91E-08	42
ERR126028.43033028	EOG091H05H6	0.572	-83	-35	0	89	5	72	102	2.02E-06	37
ERR126028.43033028	EOG091H04Y6	0.581	-83	-34	0	89	5	58	86	7.30E-06	36
ERR126028.43033028	EOG091H03W9	0.425	-95	-54	0	98	2	90	124	9.19E-04	30
ERR126028.86755268	EOG091H079J	0.540	79	12	0	6	84	172	198	3.29E-04	31
ERR126028.71967275	EOG091H094E	0.932	-50	-2	0	97	46	106	123	1.46E-06	38
ERR126028.50834166	EOG091H00E0	0.894	-92	-9	0	96	3	919	950	3.42E-15	62
ERR126028.88041819	EOG091H0596	0.921	-47	-3	0	96	48	57	73	9.49E-06	35
ERR126028.29126502	EOG091H081J	0.758	-80	-19	0	86	5	98	125	1.75E-09	46
ERR126028.36593313	EOG091H072Q	0.553	-83	-37	0	92	8	111	140	1.39E-05	35
ERR126028.3877278	EOG091H0357	0.789	76	5	0	2	77	11	36	4.56E-09	45
ERR126028.89107274	EOG091H00DM	0.942	-89	-4	0	93	3	774	804	9.57E-16	64
ERR126028.89107274	EOG091H00N0	0.610	-89	-34	0	93	3	600	630	2.01E-07	40
ERR126028.37744762	EOG091H09UU	0.632	-92	-33	0	96	3	4	35	2.13E-08	43
ERR126028.13654809	EOG091H00K2	1.000	-92	0	0	96	3	1459	1490	3.33E-19	74
ERR126028.48364218	EOG091H01FI	0.599	88	12	0	2	89	767	796	1.06E-06	38
ERR126028.35600489	EOG091H00QE	0.707	94	9	0	4	97	420	451	2.57E-10	48
ERR126028.58314927	EOG091H0002	0.814	79	5	0	14	92	387	413	3.15E-10	48
ERR126028.5966802	EOG091H003N	0.709	-95	-27	0	98	2	409	441	7.13E-11	50
ERR126028.23290916	EOG091H00JS	0.927	-68	-4	0	96	27	293	316	1.28E-10	49
ERR126028.93447897	EOG091H012M	0.579	-77	-32	0	93	15	178	204	4.75E-05	33
ERR126028.93447897	EOG091H0526	0.534	-74	-34	0	93	18	99	127	9.05E-05	33
ERR126028.93447897	EOG091H0285	0.518	-74	-35	0	93	18	249	276	4.54E-04	31
ERR126028.64684051	EOG091H04XH	0.904	94	3	0	3	96	277	308	1.80E-15	63
ERR126028.54953889	EOG091H064T	0.759	88	7	0	10	97	32	61	1.35E-10	49
ERR126028.4552444	EOG091H01JA	0.590	97	13	0	2	98	199	231	1.12E-07	41
ERR126028.4552444	EOG091H01LE	0.520	94	15	0	2	95	211	242	1.92E-05	34
ERR126028.87443451	EOG091H004L	0.913	70	2	0	2	71	383	406	2.57E-10	48
ERR126028.88934030	EOG091H00L2	0.636	-77	-27	0	81	3	476	502	2.63E-06	37
ERR126028.57570100	EOG091H03VF	0.870	70	3	0	28	97	31	54	1.75E-09	46
ERR126028.52230068	EOG091H00OH	0.596	70	9	0	20	89	244	267	3.49E-04	31
ERR126028.82175957	EOG091H01UD	0.739	82	7	0	2	83	433	460	4.56E-09	45
ERR126028.82175957	EOG091H00PU	0.599	85	11	0	2	86	154	182	2.78E-06	37
ERR126028.82175957	EOG091H01GK	0.586	82	11	0	2	83	323	350	1.39E-05	35
ERR126028.58658198	EOG091H004U	0.751	61	5	0	2	62	641	661	1.24E-05	35
ERR126028.83392773	EOG091H002T	0.925	-59	-3	0	91	31	314	334	1.64E-08	43
ERR126028.76787467	EOG091H00T3	0.672	-77	-25	0	81	3	499	526	1.46E-07	40
ERR126028.82418586	EOG091H06Y7	0.968	76	1	0	3	78	99	124	7.71E-13	55
ERR126028.25129206	EOG091H06TA	0.671	58	6	0	41	98	201	220	9.19E-04	30
ERR126028.23276179	EOG091H00DM	0.873	52	2	0	45	96	708	725	9.49E-06	35
ERR126028.23276179	EOG091H00N0	0.603	67	9	0	30	96	528	550	6.27E-04	30
ERR126028.67027023	EOG091H0092	0.925	91	2	0	8	98	39	69	2.63E-15	63
ERR126028.75831747	EOG091H016I	1.000	94	0	0	1	94	424	455	6.20E-18	70
ERR126028.84422127	EOG091H08SZ	0.895	-74	-7	0	78	3	98	123	2.59E-11	51
ERR126028.42601204	EOG091H0A6R	0.604	-80	-31	0	84	3	9	36	4.99E-06	36
ERR126028.35475076	EOG091H03XL	0.550	-89	-40	0	92	2	309	339	7.30E-06	36
ERR126028.35475076	EOG091H03WO	0.510	-83	-40	0	92	8	312	340	3.49E-04	31
ERR126028.57281758	EOG091H05FG	0.862	-74	-9	0	93	18	128	153	1.28E-10	49
ERR126028.89336091	EOG091H02B8	0.931	-95	-6	0	98	2	279	311	7.89E-17	67
ERR126028.6929942	EOG091H003N	0.789	-74	-15	0	98	23	272	297	4.56E-09	45
ERR126028.6929942	EOG091H0029	0.703	-74	-21	0	98	23	233	258	2.94E-07	40
ERR126028.28273467	EOG091H00ZS	0.847	85	4	0	2	86	706	734	3.39E-12	53
ERR126028.5348359	EOG091H0026	0.528	-89	-41	0	97	7	78	108	2.64E-05	34
ERR126028.79758026	EOG091H074S	0.898	-68	-6	0	72	3	148	171	4.59E-10	48
ERR126028.83811371	EOG091H00B7	0.729	97	9	0	1	97	1014	1046	1.99E-11	51
ERR126028.22462459	EOG091H016T	0.551	-83	-37	0	89	5	305	333	3.65E-05	34
ERR126028.16165269	EOG091H0A6R	0.600	94	12	0	3	96	38	69	1.46E-07	40
ERR126028.45700055	EOG091H01UU	0.648	-65	-22	0	97	31	93	115	9.60E-05	33
ERR126028.80385309	EOG091H04YC	0.673	97	10	0	2	98	222	254	6.68E-10	47
ERR126028.8717510	EOG091H00K1	0.599	-83	-33	0	98	14	585	615	4.05E-07	39
ERR126028.53070600	EOG091H03S6	0.865	85	4	0	1	85	227	255	1.55E-12	55
ERR126028.88742996	EOG091H02RC	0.726	-68	-18	0	96	27	125	148	1.00E-06	38
ERR126028.640476	EOG091H0A7P	0.671	-56	-18	0	72	15	96	115	8.66E-04	30
ERR126028.94133408	EOG091H032X	1.000	91	0	0	3	93	337	367	5.84E-18	70
ERR126028.94133408	EOG091H01K8	0.505	91	15	0	3	93	741	771	9.05E-05	33
ERR126028.32057190	EOG091H0027	0.455	-95	-51	0	98	2	1863	1897	1.32E-04	32
ERR126028.12953337	EOG091H0025	0.850	-53	-7	0	63	9	591	609	4.99E-06	36
ERR126028.12953337	EOG091H01LE	0.682	-65	-20	0	75	9	510	533	6.88E-06	36
ERR126028.6275419	EOG091H00FN	0.798	-68	-13	0	91	22	378	401	4.29E-08	42
ERR126028.67018550	EOG091H02Z6	0.883	94	4	0	1	94	111	142	6.84E-15	61
ERR126028.14281569	EOG091H013B	0.921	97	3	0	1	97	413	445	1.49E-16	66
ERR126028.59575349	EOG091H03WJ	0.578	-89	-37	0	96	6	203	234	5.27E-07	39
ERR126028.36108647	EOG091H012J	0.802	-56	-10	0	95	38	2703	2722	7.30E-06	36
ERR126028.22472013	EOG091H0131	0.623	79	10	0	9	87	574	600	4.99E-06	36
ERR126028.51571633	EOG091H08IW	0.651	-95	-33	0	98	2	4	37	9.20E-10	47
ERR126028.92397984	EOG091H004P	0.680	-92	-29	0	98	5	242	273	1.27E-09	46
ERR126028.45780084	EOG091H02KT	0.677	91	10	0	7	97	282	312	4.56E-09	45
ERR126028.81721083	EOG091H015X	0.947	97	2	0	1	97	120	152	3.03E-17	68
ERR126028.88656572	EOG091H01A9	0.789	79	5	0	5	83	200	226	1.27E-09	46
ERR126028.79669547	EOG091H00K1	0.616	85	10	0	3	87	465	492	1.00E-06	38
ERR126028.21968525	EOG091H008P	0.547	79	12	0	3	81	874	900	2.38E-04	31
ERR126028.21686297	EOG091H00YH	0.847	-83	-12	0	97	13	77	105	4.03E-12	53
ERR126028.47854003	EOG091H06GW	0.617	-74	-28	0	77	2	95	120	1.70E-05	34
ERR126028.55824284	EOG091H000H	0.820	91	5	0	7	97	871	901	1.12E-12	55
ERR126028.91974630	EOG091H07OL	0.926	-92	-6	0	94	1	180	211	5.33E-16	64
ERR126028.54001695	EOG091H02I8	0.776	82	6	0	3	84	283	310	6.31E-10	47
ERR126028.93083225	EOG091H03FO	0.975	46	0	0	2	47	418	433	1.01E-05	35
ERR126028.18017183	EOG091H00L8	0.967	40	0	0	3	42	569	582	3.29E-04	31
ERR126028.51522331	EOG091H01BP	0.690	-74	-22	0	81	6	319	344	5.27E-07	39
ERR126028.42289391	EOG091H01T6	0.482	94	16	0	3	96	126	157	1.72E-04	32
ERR126028.42289391	EOG091H01UU	0.668	61	7	0	3	63	71	91	3.29E-04	31
ERR126028.17819460	EOG091H0074	0.481	88	17	0	9	96	258	290	9.05E-05	33
ERR126028.64054307	EOG091H0034	0.846	79	4	0	6	84	889	915	6.74E-11	50
ERR126028.14559541	EOG091H01PS	0.953	-86	-3	0	96	9	440	469	2.48E-15	63
ERR126028.38649401	EOG091H02IM	0.765	94	7	0	4	97	643	674	7.62E-12	53
ERR126028.19625982	EOG091H01ZP	0.739	94	8	0	3	96	299	330	3.56E-11	51
ERR126028.84692983	EOG091H027V	0.520	94	15	0	2	95	551	582	1.92E-05	34
ERR126028.71707180	EOG091H03LM	0.528	-86	-40	0	97	10	332	362	2.64E-05	34
ERR126028.71707180	EOG091H02XU	0.519	-86	-41	0	97	10	395	424	9.60E-05	33
ERR126028.88131250	EOG091H008P	0.671	-65	-21	0	75	9	1051	1073	3.44E-05	34
ERR126028.72549865	EOG091H01DL	0.723	-83	-22	0	98	14	34	62	3.31E-09	45
ERR126028.70163902	EOG091H01OQ	0.690	-80	-24	0	82	1	540	563	5.91E-08	42
ERR126028.83612482	EOG091H02XP	0.673	-71	-23	0	97	25	382	406	3.84E-06	36
ERR126028.77566148	EOG091H00O1	0.710	-89	-25	0	98	8	102	130	6.68E-10	47
ERR126028.50111914	EOG091H004P	0.659	-71	-24	0	75	3	481	505	6.88E-06	36
ERR126028.85255041	EOG091H04CB	0.788	-80	-16	0	94	13	162	189	3.53E-10	48
ERR126028.11482401	EOG091H00DA	0.670	76	8	0	23	98	647	672	1.46E-06	38
ERR126028.11614835	EOG091H03DA	0.585	97	13	0	1	97	136	168	1.55E-07	40
ERR126028.68040772	EOG091H01F1	0.563	-83	-36	0	86	2	646	674	1.92E-05	34
ERR126028.59567356	EOG091H013G	0.813	82	5	0	10	91	206	233	9.81E-11	49
ERR126028.74169584	EOG091H01WO	0.826	91	5	0	7	97	337	367	8.16E-13	55
ERR126028.33735646	EOG091H03WJ	0.836	76	4	0	22	97	296	321	4.86E-10	48
ERR126028.2345115	EOG091H00YH	0.677	-59	-18	0	74	14	445	465	2.53E-04	31
ERR126028.34445075	EOG091H03SV	0.971	-50	0	0	98	47	87	104	4.05E-07	39
ERR126028.22423687	EOG091H002E	0.770	82	6	0	16	97	244	271	9.20E-10	47
ERR126028.18323056	EOG091H03FE	0.594	94	13	0	3	96	186	217	2.01E-07	40
ERR126028.61951169	EOG091H02YK	0.714	73	7	0	25	97	383	407	5.59E-07	39
ERR126028.46670227	EOG091H01DL	0.812	70	4	0	28	97	73	96	2.26E-08	43
ERR126028.74975825	EOG091H07KS	0.839	-86	-13	0	97	10	38	67	1.55E-12	55
ERR126028.84098001	EOG091H01LE	0.584	94	13	0	2	95	192	223	4.05E-07	39
ERR126028.84098001	EOG091H01JA	0.569	94	14	0	2	95	179	211	4.05E-07	39
ERR126028.41353435	EOG091H00VZ	0.726	-59	-15	0	63	3	432	452	3.44E-05	34
ERR126028.28727784	EOG091H02X0	0.744	64	5	0	35	98	421	442	5.29E-06	36
ERR126028.5689152	EOG091H016F	0.616	94	12	0	3	96	572	603	5.58E-08	42
ERR126028.5689152	EOG091H0131	0.455	94	17	0	3	96	588	619	8.66E-04	30
ERR126028.81492414	EOG091H07O3	0.842	-74	-11	0	96	21	10	35	3.33E-10	48
ERR126028.41533406	EOG091H03ZU	0.677	61	6	0	3	63	73	93	2.38E-04	31
ERR126028.68848261	EOG091H01C0	0.712	94	9	0	3	96	31	62	1.76E-10	49
ERR126028.92304487	EOG091H03TW	0.610	67	9	0	19	85	379	401	4.82E-04	31
ERR126028.65782508	EOG091H00ZH	0.736	76	7	0	3	78	1550	1575	5.58E-08	42
ERR126028.74776367	EOG091H01PY	0.827	-86	-14	0	96	9	90	119	2.76E-12	54
ERR126028.41641654	EOG091H03YU	0.525	-89	-42	0	96	6	362	393	1.31E-05	35
ERR126028.68264937	EOG091H00RU	0.693	91	9	0	2	92	371	401	1.75E-09	46
ERR126028.68267185	EOG091H065N	0.845	94	5	0	4	97	123	154	6.36E-14	59
ERR126028.80327150	EOG091H02J2	0.616	85	10	0	14	98	122	149	1.06E-06	38
ERR126028.85908793	EOG091H02PD	0.565	-86	-37	0	98	11	88	117	7.30E-06	36
ERR126028.26463076	EOG091H01JA	0.628	-83	-30	0	93	9	198	226	5.27E-07	39
ERR126028.26463076	EOG091H01LE	0.580	-80	-33	0	84	3	208	235	1.81E-05	34
ERR126028.88664182	EOG091H01CG	0.760	-92	-21	0	96	3	319	350	9.91E-12	52
ERR126028.88664182	EOG091H01S2	0.732	-89	-23	0	96	6	242	272	1.76E-10	49
ERR126028.88664182	EOG091H01EK	0.604	-80	-31	0	87	6	255	282	4.99E-06	36
ERR126028.88664182	EOG091H01J0	0.533	-89	-41	0	96	6	250	280	1.81E-05	34
ERR126028.86649107	EOG091H03XL	0.703	-74	-21	0	93	18	266	291	2.77E-07	40
ERR126028.86649107	EOG091H03WO	0.571	-74	-31	0	93	18	266	291	1.72E-04	32
ERR126028.86649107	EOG091H03WD	0.516	-77	-37	0	96	18	272	300	2.38E-04	31
ERR126028.21571272	EOG091H02DK	0.805	-68	-12	0	96	27	139	162	2.94E-08	42
ERR126028.45547360	EOG091H0025	0.714	-95	-26	0	98	2	714	746	5.18E-11	50
ERR126028.89933847	EOG091H02S8	1.000	-74	0	0	81	6	120	145	4.37E-14	59
ERR126028.89933847	EOG091H03LM	0.666	-71	-23	0	78	6	110	134	4.99E-06	36
ERR126028.89933847	EOG091H03FE	0.490	-86	-43	0	93	6	110	137	4.54E-04	31
ERR126028.63923537	EOG091H03WJ	0.621	-89	-33	0	93	3	264	294	1.06E-07	41
ERR126028.63923537	EOG091H02X0	0.605	-86	-33	0	96	9	327	356	7.26E-07	38
ERR126028.34348037	EOG091H05KS	0.737	91	8	0	8	98	155	185	1.35E-10	49
ERR126028.20524156	EOG091H0092	1.000	-38	0	0	98	59	153	166	1.32E-04	32
ERR126028.17957847	EOG091H006B	0.714	73	7	0	2	74	1421	1445	5.59E-07	39
ERR126028.61601949	EOG091H03AV	0.719	97	9	0	2	98	187	219	3.77E-11	51
ERR126028.43608528	EOG091H0026	0.642	64	8	0	4	67	1513	1534	3.49E-04	31
ERR126028.68854892	EOG091H04AQ	0.551	76	11	0	2	77	88	113	4.82E-04	31
ERR126028.32363947	EOG091H08YO	0.569	73	10	0	18	90	1	25	4.54E-04	31
ERR126028.71168291	EOG091H0002	0.574	97	14	0	1	97	948	980	2.94E-07	40
ERR126028.17883528	EOG091H0026	0.724	97	8	0	1	97	663	691	2.74E-11	51
ERR126028.12889714	EOG091H0491	0.758	-83	-19	0	97	13	219	247	4.86E-10	48
ERR126028.49658963	EOG091H05CW	0.805	-86	-16	0	89	2	142	171	1.05E-11	52
ERR126028.16639995	EOG091H00EC	0.766	-95	-21	0	98	2	856	888	2.12E-12	54
ERR126028.51595519	EOG091H03WJ	0.624	76	9	0	2	77	269	294	1.39E-05	35
ERR126028.92597258	EOG091H004H	0.852	73	4	0	1	73	714	738	7.75E-10	47
ERR126028.67455900	EOG091H01RN	0.618	70	9	0	28	97	161	184	1.32E-04	32
ERR126028.93972454	EOG091H072Q	0.823	97	6	0	1	97	44	76	6.36E-14	59
ERR126028.33659427	EOG091H018I	0.525	82	13	0	10	91	77	104	3.49E-04	31
ERR126028.90275488	EOG091H036I	0.978	97	1	0	1	97	337	369	4.49E-18	70
ERR126028.90275488	EOG091H03AL	0.648	94	11	0	4	97	300	331	8.66E-09	44
ERR126028.90275488	EOG091H017O	0.618	70	9	0	1	70	394	417	1.32E-04	32
ERR126028.90275488	EOG091H0127	0.488	94	16	0	4	97	454	485	1.32E-04	32
ERR126028.57282607	EOG091H000H	0.729	64	6	0	30	93	3061	3082	9.49E-06	35
ERR126028.19539722	EOG091H041E	1.000	-95	0	0	97	1	143	175	8.39E-22	81
ERR126028.19539722	EOG091H045Z	0.776	-83	-18	0	97	13	150	178	1.86E-10	49
ERR126028.55100244	EOG091H027V	0.666	-62	-20	0	97	34	564	585	1.32E-04	32
ERR126028.55100244	EOG091H02TJ	0.658	-62	-21	0	97	34	409	430	1.83E-04	32
ERR126028.37269482	EOG091H07FF	0.968	94	1	0	1	94	121	152	4.19E-17	68
ERR126028.46764128	EOG091H01Z5	0.877	-83	-9	0	97	13	222	250	8.16E-13	55
ERR126028.84857427	EOG091H01F1	0.581	97	14	0	2	98	574	608	3.11E-08	42
ERR126028.45616168	EOG091H036I	0.648	-92	-32	0	97	4	229	260	8.66E-09	44
ERR126028.45616168	EOG091H017O	0.565	-86	-37	0	91	4	288	317	7.30E-06	36
ERR126028.45616168	EOG091H03AL	0.550	-89	-40	0	94	4	191	221	7.30E-06	36
ERR126028.9638521	EOG091H033H	0.595	-65	-26	0	95	29	306	328	9.19E-04	30
ERR126028.1703068	EOG091H013Z	0.703	76	7	0	19	94	211	236	2.94E-07	40
ERR126028.1703068	EOG091H019P	0.583	91	13	0	7	97	656	686	1.06E-06	38
ERR126028.1703068	EOG091H01UD	0.635	82	10	0	13	94	395	422	1.06E-06	38
ERR126028.1703068	EOG091H06RV	0.593	88	12	0	7	94	212	241	1.46E-06	38
ERR126028.1703068	EOG091H01RK	0.670	76	8	0	19	94	619	644	1.46E-06	38
ERR126028.1703068	EOG091H03VF	0.642	79	9	0	16	94	143	169	2.02E-06	37
ERR126028.1703068	EOG091H05EN	0.663	76	8	0	19	94	158	183	2.02E-06	37
ERR126028.1703068	EOG091H00RF	0.704	70	7	0	19	88	916	939	2.78E-06	37
ERR126028.1703068	EOG091H01KU	0.657	76	9	0	19	94	193	218	2.78E-06	37
ERR126028.1703068	EOG091H0499	0.673	73	8	0	19	91	127	151	3.84E-06	36
ERR126028.1703068	EOG091H02O4	0.716	67	6	0	28	94	183	205	5.29E-06	36
ERR126028.1703068	EOG091H00VZ	0.575	82	12	0	13	94	535	563	1.01E-05	35
ERR126028.1703068	EOG091H011J	0.751	61	5	0	34	94	584	604	1.39E-05	35
ERR126028.1703068	EOG091H028Y	0.624	76	9	0	19	94	193	218	1.39E-05	35
ERR126028.1703068	EOG091H00PU	0.580	82	11	0	13	94	116	143	1.92E-05	34
ERR126028.1703068	EOG091H04L1	0.610	76	10	0	19	94	382	407	2.64E-05	34
ERR126028.1703068	EOG091H007U	0.584	76	10	0	19	94	138	163	9.60E-05	33
ERR126028.1703068	EOG091H04OV	0.577	76	11	0	19	94	118	143	1.32E-04	32
ERR126028.1703068	EOG091H04HP	0.553	79	12	0	16	94	137	163	1.83E-04	32
ERR126028.1703068	EOG091H0002	0.569	73	10	0	19	91	6365	6389	4.82E-04	31
ERR126028.1703068	EOG091H01GT	0.618	64	8	0	31	94	364	385	9.19E-04	30
ERR126028.51962632	EOG091H02S8	0.934	70	2	0	3	72	272	295	9.27E-11	49
ERR126028.57529190	EOG091H025F	0.894	-41	-3	0	43	1	455	469	4.82E-04	31
ERR126028.48261987	EOG091H01PY	0.567	-80	-34	0	83	2	358	385	3.65E-05	34
ERR126028.65942615	EOG091H028Y	0.880	49	2	0	5	53	197	213	3.65E-05	34
ERR126028.84688296	EOG091H04FI	0.717	-83	-23	0	88	4	102	130	4.56E-09	45
ERR126028.84688296	EOG091H03DJ	0.668	-86	-28	0	88	1	99	128	2.26E-08	43
ERR126028.15095536	EOG091H01K7	0.454	-86	-47	0	89	2	139	175	3.65E-05	34
ERR126028.18151799	EOG091H00KL	0.666	-62	-20	0	64	1	761	782	1.32E-04	32
ERR126028.16902022	EOG091H02QD	0.704	97	9	0	1	97	199	231	9.81E-11	49
ERR126028.89325728	EOG091H01EY	0.926	-95	-6	0	98	2	443	475	1.09E-16	66
ERR126028.52402780	EOG091H064Q	0.621	91	11	0	3	93	292	322	1.06E-07	41
ERR126028.29155375	EOG091H02C1	0.591	-74	-30	0	95	20	67	92	6.95E-05	33
ERR126028.67593603	EOG091H00C4	0.518	82	13	0	5	86	195	222	4.82E-04	31
ERR126028.62152514	EOG091H025F	0.793	-59	-11	0	63	3	145	165	2.63E-06	37
ERR126028.86298052	EOG091H059F	0.539	85	12	0	3	87	130	157	6.55E-05	33
ERR126028.4860617	EOG091H00T7	0.668	79	9	0	3	81	209	235	5.27E-07	39
ERR126028.53902641	EOG091H013B	0.776	88	6	0	3	90	82	111	4.90E-11	50
ERR126028.51515752	EOG091H0029	0.721	-89	-24	0	98	8	440	470	3.53E-10	48
ERR126028.51515752	EOG091H003N	0.715	-89	-25	0	98	8	476	506	4.86E-10	48
ERR126028.10428953	EOG091H02KT	0.570	-86	-36	0	91	4	104	137	1.55E-07	40
ERR126028.13276526	EOG091H00L2	0.831	91	5	0	1	91	442	472	5.93E-13	56
ERR126028.77285085	EOG091H017O	0.874	82	3	0	9	90	374	401	3.80E-12	53
ERR126028.2493079	EOG091H01OP	0.831	-44	-7	0	49	4	546	561	6.65E-04	30
ERR126028.39869919	EOG091H0081	0.717	-83	-23	0	92	8	141	169	4.56E-09	45
ERR126028.49253604	EOG091H008P	0.696	94	9	0	3	96	598	629	4.59E-10	48
ERR126028.79983036	EOG091H06RV	0.717	-83	-23	0	98	14	225	253	4.56E-09	45
ERR126028.79983036	EOG091H03VF	0.696	-83	-25	0	98	14	153	182	4.56E-09	45
ERR126028.79983036	EOG091H04L1	0.693	-83	-25	0	98	14	391	419	1.64E-08	43
ERR126028.79983036	EOG091H01KU	0.687	-83	-25	0	98	14	202	230	2.26E-08	43
ERR126028.79983036	EOG091H03RO	0.750	-74	-18	0	98	23	190	215	3.11E-08	42
ERR126028.79983036	EOG091H028Y	0.664	-83	-27	0	98	14	202	230	8.15E-08	41
ERR126028.79983036	EOG091H013Z	0.652	-83	-28	0	98	14	220	248	1.55E-07	40
ERR126028.79983036	EOG091H011J	0.652	-83	-28	0	98	14	588	616	1.55E-07	40
ERR126028.79983036	EOG091H05EN	0.672	-80	-26	0	95	14	167	194	1.55E-07	40
ERR126028.79983036	EOG091H01GK	0.622	-83	-31	0	98	14	296	324	7.70E-07	38
ERR126028.79983036	EOG091H02O4	0.610	-83	-32	0	98	14	189	217	1.46E-06	38
ERR126028.79983036	EOG091H0464	0.673	-71	-23	0	98	26	172	196	3.84E-06	36
ERR126028.79983036	EOG091H0499	0.509	-83	-40	0	98	14	136	167	3.65E-05	34
ERR126028.79983036	EOG091H01RK	0.465	-83	-44	0	98	14	628	661	1.32E-04	32
ERR126028.79983036	EOG091H007U	0.494	-83	-42	0	98	14	147	177	1.83E-04	32
ERR126028.79983036	EOG091H04HP	0.496	-83	-41	0	98	14	147	176	3.49E-04	31
ERR126028.93841633	EOG091H03HT	0.999	-86	0	0	96	9	56	85	1.94E-16	66
ERR126028.47410721	EOG091H02O4	0.691	-92	-28	0	96	3	180	211	6.31E-10	47
ERR126028.47410721	EOG091H028Y	0.642	-92	-32	0	96	3	193	224	1.12E-08	44
ERR126028.47410721	EOG091H01GT	0.621	-92	-34	0	96	3	360	391	4.05E-08	42
ERR126028.47410721	EOG091H04L1	0.578	-92	-38	0	96	3	382	413	5.27E-07	39
ERR126028.47410721	EOG091H00VZ	0.668	-74	-24	0	78	3	537	563	5.27E-07	39
ERR126028.47410721	EOG091H04HP	0.683	-74	-23	0	78	3	138	163	7.26E-07	38
ERR126028.47410721	EOG091H06RV	0.616	-83	-31	0	87	3	216	244	1.00E-06	38
ERR126028.47410721	EOG091H01UD	0.568	-92	-39	0	96	3	397	428	1.00E-06	38
ERR126028.47410721	EOG091H0499	0.659	-71	-24	0	75	3	127	151	6.88E-06	36
ERR126028.47410721	EOG091H007U	0.565	-86	-37	0	90	3	138	167	6.88E-06	36
ERR126028.47410721	EOG091H011J	0.550	-89	-40	0	96	6	580	610	6.88E-06	36
ERR126028.47410721	EOG091H03VF	0.624	-74	-27	0	78	3	144	169	1.31E-05	35
ERR126028.47410721	EOG091H01KU	0.520	-92	-44	0	96	3	193	224	1.81E-05	34
ERR126028.47410721	EOG091H01GK	0.509	-92	-45	0	96	3	287	318	3.44E-05	34
ERR126028.47410721	EOG091H013Z	0.504	-92	-45	0	96	3	211	242	4.75E-05	33
ERR126028.47410721	EOG091H05EN	0.504	-92	-45	0	96	3	158	189	4.75E-05	33
ERR126028.47410721	EOG091H039M	0.504	-92	-45	0	96	3	223	254	4.75E-05	33
ERR126028.47410721	EOG091H00PU	0.488	-92	-47	0	96	3	118	149	1.25E-04	32
ERR126028.47410721	EOG091H03RO	0.748	-53	-13	0	96	42	191	209	1.72E-04	32
ERR126028.47410721	EOG091H0464	0.482	-89	-46	0	96	6	159	190	1.72E-04	32
ERR126028.47410721	EOG091H00RF	0.455	-89	-48	0	93	3	916	949	2.38E-04	31
ERR126028.47410721	EOG091H04OV	0.483	-89	-46	0	93	3	118	148	3.29E-04	31
ERR126028.47410721	EOG091H01RK	0.660	-59	-19	0	78	18	624	644	4.54E-04	31
ERR126028.1049410	EOG091H03WX	0.885	97	4	0	1	97	155	187	1.39E-15	63
ERR126028.55715754	EOG091H01BP	0.528	85	13	0	2	86	525	553	1.32E-04	32
ERR126028.43594612	EOG091H0021	0.715	82	8	0	10	91	2409	2436	1.64E-08	43
ERR126028.40460249	EOG091H006B	0.582	-68	-28	0	74	5	426	449	6.65E-04	30
ERR126028.263768	EOG091H02RC	0.868	55	2	0	44	98	82	100	2.78E-06	37
ERR126028.14224425	EOG091H016I	0.759	61	5	0	13	73	180	200	1.01E-05	35
ERR126028.72046390	EOG091H016T	0.677	76	8	0	2	77	339	364	1.06E-06	38
ERR126028.36720001	EOG091H045Z	0.559	97	14	0	1	97	147	179	7.70E-07	38
ERR126028.36720001	EOG091H041E	0.693	67	7	0	31	97	154	176	1.39E-05	35
ERR126028.62680574	EOG091H00Q9	0.639	-86	-30	0	96	9	345	374	1.06E-07	41
ERR126028.79602201	EOG091H01UU	0.763	-77	-17	0	81	3	159	185	4.31E-09	45
ERR126028.55386375	EOG091H03Z1	0.795	52	3	0	47	98	61	78	1.32E-04	32
ERR126028.86096066	EOG091H01EK	1.000	-35	0	0	96	60	276	288	1.72E-04	32
ERR126028.29123550	EOG091H028C	0.817	-59	-10	0	96	36	498	518	1.00E-06	38
ERR126028.9622642	EOG091H03CT	0.500	85	20	0	3	87	368	407	1.46E-07	40
ERR126028.66249567	EOG091H059E	0.486	97	16	0	2	98	19	50	6.95E-05	33
ERR126028.73920895	EOG091H09I7	0.878	-77	-9	0	97	19	32	58	1.44E-11	52
ERR126028.84761261	EOG091H0025	0.896	-86	-8	0	97	10	100	129	6.36E-14	59
ERR126028.37339465	EOG091H0285	0.528	79	12	0	4	82	108	134	6.65E-04	30
ERR126028.28759265	EOG091H047Z	0.641	82	10	0	6	87	75	102	7.26E-07	38
ERR126028.18554025	EOG091H07Y2	0.915	-74	-5	0	94	19	50	75	1.05E-11	52
ERR126028.18554025	EOG091H07XH	0.915	-74	-5	0	94	19	50	75	1.05E-11	52
ERR126028.18554025	EOG091H080L	0.829	-74	-12	0	94	19	49	74	6.68E-10	47
ERR126028.18554025	EOG091H07RS	0.553	-77	-34	0	97	19	54	80	1.83E-04	32
ERR126028.79495198	EOG091H0116	0.805	52	3	0	13	64	37	54	9.60E-05	33
ERR126028.33274752	EOG091H00ZH	0.752	85	7	0	11	95	1623	1651	6.68E-10	47
ERR126028.41379809	EOG091H0285	0.610	76	10	0	2	77	108	133	2.64E-05	34
ERR126028.83484078	EOG091H03LM	0.528	-95	-44	0	98	2	261	293	5.29E-06	36
ERR126028.22309158	EOG091H04OV	1.000	97	0	0	2	98	163	195	9.17E-19	72
ERR126028.13831093	EOG091H00O6	0.816	88	5	0	1	88	416	445	5.55E-12	53
ERR126028.92049521	EOG091H02XP	0.485	-86	-44	0	94	7	199	228	6.65E-04	30
ERR126028.35779267	EOG091H08QV	0.604	-83	-32	0	89	5	112	140	2.02E-06	37
ERR126028.80670328	EOG091H04EF	0.457	-92	-49	0	97	4	30	71	1.06E-06	38
ERR126028.62697748	EOG091H024K	0.817	97	6	0	1	97	391	423	8.77E-14	58
ERR126028.38619291	EOG091H034Q	0.581	-77	-32	0	98	20	41	69	7.30E-06	36
ERR126028.5961807	EOG091H025R	0.579	-95	-39	0	98	2	84	114	2.13E-07	40
ERR126028.5961807	EOG091H01PY	0.483	-89	-46	0	98	8	189	217	3.49E-04	31
ERR126028.67832537	EOG091H02VU	0.678	82	9	0	2	83	233	260	1.12E-07	41
ERR126028.74379348	EOG091H04PD	0.942	70	1	0	3	72	180	203	6.74E-11	50
ERR126028.72941791	EOG091H021P	0.902	-74	-6	0	78	3	267	292	1.88E-11	51
ERR126028.44565110	EOG091H03OC	0.536	-86	-39	0	91	4	110	139	3.65E-05	34
ERR126028.73355903	EOG091H03WJ	0.493	91	16	0	7	97	203	234	9.60E-05	33
ERR126028.10291361	EOG091H007U	0.637	-92	-33	0	96	3	896	927	1.55E-08	43
ERR126028.26906587	EOG091H02PP	1.000	-95	0	0	97	1	77	109	1.59E-21	80
ERR126028.26906587	EOG091H040D	0.510	-95	-46	0	97	1	81	116	1.46E-06	38
ERR126028.79417463	EOG091H01KU	0.808	79	5	0	1	79	515	541	4.86E-10	48
ERR126028.69699214	EOG091H03FW	0.960	82	1	0	1	82	341	368	4.62E-14	59
ERR126028.39040051	EOG091H01LE	0.572	-77	-32	0	97	19	184	210	6.95E-05	33
ERR126028.62544845	EOG091H003N	0.984	94	0	0	1	94	593	624	1.61E-17	69
ERR126028.73172922	EOG091H06GG	0.962	-71	-2	0	98	26	126	150	5.55E-12	53
ERR126028.69911051	EOG091H00KR	0.715	-56	-15	0	60	3	68	87	1.72E-04	32
ERR126028.69120774	EOG091H00VX	0.489	-83	-42	0	98	14	530	560	2.53E-04	31
ERR126028.31445168	EOG091H04HP	1.000	37	0	0	2	38	185	197	6.65E-04	30
ERR126028.48778934	EOG091H00SJ	0.653	94	11	0	1	94	417	448	6.29E-09	44
ERR126028.22686348	EOG091H0982	0.510	91	15	0	6	96	107	137	6.55E-05	33
ERR126028.45765795	EOG091H02X0	0.910	-92	-7	0	97	4	143	174	1.39E-15	63
ERR126028.39449357	EOG091H004U	0.942	94	2	0	5	98	439	470	2.05E-16	66
ERR126028.91322579	EOG091H057W	0.627	91	11	0	8	98	79	109	8.15E-08	41
ERR126028.3500527	EOG091H079Q	0.936	94	2	0	5	98	14	45	2.83E-16	65
ERR126028.83778901	EOG091H01Y3	0.807	97	6	0	2	98	507	539	1.65E-13	57
ERR126028.63857766	EOG091H00DB	0.564	97	14	0	1	97	32	64	5.59E-07	39
ERR126028.76115248	EOG091H03XL	0.575	85	12	0	14	98	242	270	1.01E-05	35
ERR126028.72092205	EOG091H03WJ	0.630	-74	-27	0	95	20	131	156	1.01E-05	35
ERR126028.72048861	EOG091H01B8	0.759	58	5	0	7	64	284	303	3.65E-05	34
ERR126028.27738599	EOG091H03LM	0.617	-77	-29	0	81	3	145	171	6.88E-06	36
ERR126028.63610348	EOG091H02B3	0.521	79	12	0	19	97	114	140	9.19E-04	30
ERR126028.9737145	EOG091H0037	0.833	97	5	0	1	97	1500	1532	3.36E-14	59
ERR126028.9737145	EOG091H002E	0.627	91	11	0	4	94	804	834	8.15E-08	41
ERR126028.38016044	EOG091H03RO	0.789	79	5	0	11	89	191	217	1.27E-09	46
ERR126028.38016044	EOG091H0464	0.702	82	8	0	8	89	171	198	3.11E-08	42
ERR126028.38016044	EOG091H03VF	0.589	91	13	0	2	92	154	185	2.94E-07	40
ERR126028.38016044	EOG091H04L1	0.594	91	12	0	2	92	392	422	5.59E-07	39
ERR126028.38016044	EOG091H06RV	0.641	82	10	0	11	92	229	256	7.70E-07	38
ERR126028.38016044	EOG091H01KU	0.604	85	11	0	11	95	206	234	2.02E-06	37
ERR126028.38016044	EOG091H013Z	0.561	91	13	0	2	92	221	251	3.84E-06	36
ERR126028.38016044	EOG091H028Y	0.575	85	12	0	2	86	203	231	1.01E-05	35
ERR126028.38016044	EOG091H011J	0.557	85	12	0	8	92	591	619	2.64E-05	34
ERR126028.38016044	EOG091H01GK	0.591	76	10	0	14	89	301	326	6.95E-05	33
ERR126028.38016044	EOG091H039M	0.577	76	11	0	14	89	237	262	1.32E-04	32
ERR126028.38016044	EOG091H02O4	0.543	82	12	0	11	92	193	220	1.32E-04	32
ERR126028.38016044	EOG091H04OV	0.477	85	16	0	8	92	130	161	2.53E-04	31
ERR126028.38016044	EOG091H007U	0.466	91	17	0	2	92	148	180	2.53E-04	31
ERR126028.38016044	EOG091H01UD	0.525	82	13	0	2	83	407	434	3.49E-04	31
ERR126028.38016044	EOG091H04HP	0.466	91	17	0	2	92	148	179	4.82E-04	31
ERR126028.38016044	EOG091H00RF	0.478	76	16	0	14	89	930	960	4.82E-04	31
ERR126028.72255275	EOG091H02XP	0.873	-86	-10	0	88	1	92	121	2.28E-13	57
ERR126028.32048575	EOG091H00I6	0.785	-56	-11	0	60	3	174	193	1.31E-05	35
ERR126028.32048575	EOG091H03I3	0.776	-47	-10	0	51	3	347	363	8.66E-04	30
ERR126028.34803597	EOG091H03B0	0.947	91	2	0	1	91	106	136	7.35E-16	64
ERR126028.35549440	EOG091H00NK	0.680	-77	-24	0	81	3	497	523	2.77E-07	40
ERR126028.93728612	EOG091H00KL	0.634	85	10	0	9	93	530	558	3.82E-07	39
ERR126028.27358901	EOG091H02N4	0.839	-62	-9	0	66	3	389	410	1.06E-07	41
ERR126028.9065270	EOG091H03WJ	0.509	94	15	0	3	96	255	286	3.44E-05	34
ERR126028.73865710	EOG091H03HK	0.709	-95	-27	0	98	2	127	159	7.13E-11	50
ERR126028.92322154	EOG091H02R1	0.776	-92	-20	0	98	5	263	294	4.03E-12	53
ERR126028.86533990	EOG091H03VF	0.652	85	10	0	6	90	157	185	1.46E-07	40
ERR126028.86533990	EOG091H02O4	0.513	88	14	0	3	90	192	220	1.25E-04	32
ERR126028.86533990	EOG091H01KU	0.494	91	15	0	6	96	206	235	1.72E-04	32
ERR126028.86533990	EOG091H06RV	0.522	85	13	0	6	90	229	256	1.72E-04	32
ERR126028.86533990	EOG091H04HP	0.516	85	14	0	6	90	151	179	2.38E-04	31
ERR126028.86533990	EOG091H00RF	0.467	79	16	0	9	87	930	960	8.66E-04	30
ERR126028.74008804	EOG091H00T3	0.669	-92	-30	0	96	3	705	736	2.27E-09	46
ERR126028.68844616	EOG091H0029	0.684	82	9	0	3	84	1186	1213	7.69E-08	41
ERR126028.40647186	EOG091H000H	0.759	-86	-20	0	88	1	1031	1060	1.35E-10	49
ERR126028.73143188	EOG091H01MS	0.754	-68	-16	0	81	12	229	252	2.77E-07	40
ERR126028.80752424	EOG091H07DI	0.547	79	12	0	1	79	78	104	2.53E-04	31
ERR126028.27746887	EOG091H006J	0.711	70	7	0	26	95	367	390	2.02E-06	37
ERR126028.55531156	EOG091H0026	0.707	-71	-20	0	97	25	377	401	7.70E-07	38
ERR126028.11581263	EOG091H00EC	0.907	-71	-6	0	97	25	731	755	7.13E-11	50
ERR126028.23401020	EOG091H04AQ	0.618	-62	-23	0	98	35	53	74	9.19E-04	30
ERR126028.51594290	EOG091H03FE	0.689	-56	-17	0	83	26	211	230	4.82E-04	31
ERR126028.22889560	EOG091H041E	0.729	97	9	0	2	98	82	114	1.99E-11	51
ERR126028.22889560	EOG091H045Z	0.653	94	11	0	5	98	85	116	6.29E-09	44
ERR126028.89142210	EOG091H01FI	0.728	-92	-24	0	96	3	799	830	6.74E-11	50
ERR126028.70555300	EOG091H01T6	0.460	85	17	0	14	98	611	643	3.49E-04	31
ERR126028.20494259	EOG091H054R	0.839	64	3	0	34	97	48	69	1.12E-07	41
ERR126028.39846701	EOG091H011U	0.574	97	14	0	1	97	244	276	2.94E-07	40
ERR126028.44869768	EOG091H01J9	0.741	-83	-21	0	91	7	363	391	1.27E-09	46
ERR126028.7938389	EOG091H055C	1.000	-86	0	0	95	8	83	112	7.89E-17	67
ERR126028.74121279	EOG091H00KI	0.653	94	11	0	3	96	547	578	5.94E-09	44
ERR126028.70941385	EOG091H04Y6	0.740	-95	-24	0	97	1	302	334	1.05E-11	52
ERR126028.49251506	EOG091H02D7	0.911	-65	-5	0	97	31	66	88	1.27E-09	46
ERR126028.17478993	EOG091H015X	0.872	-56	-6	0	97	40	119	138	5.59E-07	39
ERR126028.71834455	EOG091H01LE	0.583	73	10	0	6	78	191	215	2.38E-04	31
ERR126028.66539032	EOG091H00Q7	0.760	94	7	0	3	96	466	497	9.91E-12	52
ERR126028.86378276	EOG091H0026	0.702	-80	-23	0	98	17	1474	1501	3.11E-08	42
ERR126028.50567992	EOG091H0081	0.758	82	7	0	13	94	1281	1308	1.75E-09	46
ERR126028.85511617	EOG091H041E	0.721	-80	-22	0	98	17	80	107	1.19E-08	44
ERR126028.85511617	EOG091H045Z	0.760	-62	-14	0	98	35	88	109	2.78E-06	37
ERR126028.12751781	EOG091H01AG	0.754	-89	-21	0	93	3	43	73	4.90E-11	50
ERR126028.46857683	EOG091H03LV	0.767	-53	-12	0	56	2	428	446	9.60E-05	33
ERR126028.35455626	EOG091H05M3	0.741	58	5	0	21	78	194	213	6.55E-05	33
ERR126028.58650542	EOG091H006J	0.592	82	11	0	1	82	18	45	1.01E-05	35
ERR126028.61462131	EOG091H01UZ	0.634	-62	-22	0	67	4	222	243	4.27E-04	31
ERR126028.10522676	EOG091H00JN	0.579	-77	-32	0	94	16	309	335	5.04E-05	33
ERR126028.10522676	EOG091H0027	0.576	-71	-30	0	88	16	108	132	3.49E-04	31
ERR126028.10522676	EOG091H008P	0.498	-83	-41	0	88	4	420	448	6.65E-04	30
ERR126028.16566423	EOG091H07TO	0.899	94	3	0	2	95	99	130	2.63E-15	63
ERR126028.30379698	EOG091H0A9P	0.629	82	9	0	6	87	5	28	1.38E-06	38
ERR126028.84819969	EOG091H03QZ	0.559	88	13	0	3	90	132	161	9.49E-06	35
ERR126028.61529061	EOG091H03W9	0.846	-56	-8	0	59	2	75	94	1.46E-06	38
ERR126028.78979864	EOG091H018Y	0.707	73	7	0	21	93	269	293	7.26E-07	38
ERR126028.35083993	EOG091H0121	0.758	82	7	0	16	97	607	634	1.75E-09	46
ERR126028.79427822	EOG091H02X0	0.653	-80	-27	0	83	2	328	355	4.05E-07	39
ERR126028.79427822	EOG091H03WJ	0.587	-83	-34	0	86	2	267	295	5.29E-06	36
ERR126028.50409813	EOG091H003N	0.574	-80	-34	0	83	2	456	479	2.64E-05	34
ERR126028.85487855	EOG091H06RV	0.504	94	13	0	1	94	232	258	5.04E-05	33
ERR126028.91177227	EOG091H02KT	0.979	94	1	0	5	98	56	87	2.21E-17	68
ERR126028.39841590	EOG091H015X	0.732	91	8	0	1	91	356	386	1.86E-10	49
ERR126028.78157971	EOG091H0025	0.574	-68	-28	0	81	12	1511	1534	8.66E-04	30
ERR126028.68434981	EOG091H00N1	0.610	70	9	0	6	75	677	700	1.72E-04	32
ERR126028.68434981	EOG091H004B	0.555	61	11	0	9	69	65	89	8.66E-04	30
ERR126028.84787120	EOG091H0027	0.673	-95	-30	0	97	1	1628	1658	6.68E-10	47
ERR126028.39290059	EOG091H03TW	0.675	-92	-29	0	96	3	207	238	1.65E-09	46
ERR126028.24916585	EOG091H0999	0.575	-83	-35	0	86	2	78	106	1.01E-05	35
ERR126028.26664149	EOG091H03AL	0.605	-92	-36	0	95	2	155	186	1.12E-07	41
ERR126028.86024969	EOG091H00KL	0.847	85	4	0	2	86	758	786	4.03E-12	53
ERR126028.78979944	EOG091H01UD	0.784	64	5	0	25	88	396	417	1.06E-06	38
ERR126028.78979944	EOG091H05EN	0.641	67	8	0	25	91	157	179	1.32E-04	32
ERR126028.86757799	EOG091H00L2	0.445	97	18	0	1	97	656	688	9.19E-04	30
ERR126028.44090742	EOG091H041E	0.610	-80	-31	0	83	2	44	74	1.79E-07	40
ERR126028.56571243	EOG091H070G	0.649	79	11	0	16	94	270	300	2.26E-08	43
ERR126028.73229516	EOG091H01CW	0.989	64	0	0	1	64	315	336	2.57E-10	48
ERR126028.68357580	EOG091H0029	0.712	-92	-26	0	96	3	286	317	1.76E-10	49
ERR126028.25139346	EOG091H03Y3	0.848	97	5	0	1	97	121	153	1.29E-14	61
ERR126028.26555706	EOG091H01GT	0.708	-65	-18	0	96	30	468	490	6.88E-06	36
ERR126028.34235777	EOG091H007U	0.671	-59	-19	0	90	30	782	804	3.44E-05	34
ERR126028.13118612	EOG091H02QY	0.732	-56	-14	0	94	37	283	302	9.60E-05	33
ERR126028.72684780	EOG091H000H	0.621	-92	-34	0	96	3	3368	3399	4.05E-08	42
ERR126028.30179167	EOG091H00GC	0.965	43	0	0	54	96	155	169	6.55E-05	33
ERR126028.2417906	EOG091H00ZZ	0.846	-77	-11	0	92	14	295	321	7.13E-11	50
ERR126028.85962241	EOG091H01RK	0.628	82	11	0	1	82	669	698	2.13E-07	40
ERR126028.25802918	EOG091H05SN	0.712	-77	-21	0	82	4	32	58	5.91E-08	42
ERR126028.22855852	EOG091H02PP	1.000	91	0	0	2	92	80	110	1.26E-18	72
ERR126028.22855852	EOG091H040D	0.747	52	4	0	8	59	86	103	6.65E-04	30
ERR126028.65151634	EOG091H013Z	0.659	82	9	0	9	90	142	169	2.77E-07	40
ERR126028.22060730	EOG091H005M	0.517	-95	-45	0	97	1	948	980	1.01E-05	35
ERR126028.63510899	EOG091H01ZI	0.548	-95	-42	0	98	2	190	222	1.46E-06	38
ERR126028.21172280	EOG091H05IK	0.886	73	3	0	25	97	184	208	1.86E-10	49
ERR126028.14106972	EOG091H042A	0.628	85	11	0	12	96	239	268	2.01E-07	40
ERR126028.14106972	EOG091H03PU	0.677	76	8	0	21	96	308	333	1.00E-06	38
ERR126028.55158756	EOG091H0212	0.825	-80	-13	0	97	16	304	331	5.18E-11	50
ERR126028.33336337	EOG091H06SD	0.764	-80	-18	0	86	5	61	88	1.27E-09	46
ERR126028.19764277	EOG091H05E4	0.549	-80	-36	0	82	1	387	414	9.60E-05	33
ERR126028.72914454	EOG091H02XP	0.721	-62	-17	0	86	23	153	174	1.39E-05	35
ERR126028.5655396	EOG091H050D	0.732	58	5	0	5	62	52	71	8.02E-05	33
ERR126028.48227864	EOG091H008P	0.718	-68	-18	0	70	1	479	502	1.46E-06	38
ERR126028.72775956	EOG091H07OL	0.610	70	9	0	17	86	193	216	1.83E-04	32
ERR126028.4350748	EOG091H0029	0.890	49	2	0	44	92	152	168	2.64E-05	34
ERR126028.26727680	EOG091H02FR	0.534	79	12	0	1	79	233	259	4.82E-04	31
ERR126028.10021810	EOG091H0090	0.842	-59	-8	0	63	3	971	991	3.82E-07	39
ERR126028.38259187	EOG091H016F	0.477	94	16	0	3	96	102	133	2.38E-04	31
ERR126028.62378278	EOG091H01LE	0.813	-53	-9	0	93	39	510	528	1.81E-05	34
ERR126028.85278638	EOG091H05CW	0.962	-95	-3	0	97	1	188	220	1.17E-17	69
ERR126028.87199036	EOG091H0026	0.642	-92	-32	0	95	2	1080	1111	1.19E-08	44
ERR126028.33744430	EOG091H02XP	0.658	64	7	0	4	67	153	174	1.83E-04	32
ERR126028.4061201	EOG091H0034	0.738	79	7	0	19	97	2305	2331	1.64E-08	43
ERR126028.28426433	EOG091H048H	0.865	-83	-10	0	87	3	263	291	1.46E-12	55
ERR126028.81690088	EOG091H019P	0.565	88	13	0	9	96	659	688	6.88E-06	36
ERR126028.81690088	EOG091H01RK	0.604	79	10	0	6	84	617	643	1.31E-05	35
ERR126028.81690088	EOG091H05EN	0.645	73	9	0	12	84	158	182	1.31E-05	35
ERR126028.81690088	EOG091H0499	0.638	73	9	0	12	84	127	151	1.81E-05	34
ERR126028.81690088	EOG091H013Z	0.631	73	9	0	12	84	211	235	2.49E-05	34
ERR126028.81690088	EOG091H04OV	0.591	79	11	0	12	90	118	144	2.49E-05	34
ERR126028.81690088	EOG091H02O4	0.567	82	12	0	3	84	177	204	3.44E-05	34
ERR126028.81690088	EOG091H03VF	0.567	82	12	0	3	84	141	168	3.44E-05	34
ERR126028.81690088	EOG091H01UD	0.579	79	11	0	12	90	397	423	4.75E-05	33
ERR126028.81690088	EOG091H01KU	0.555	82	12	0	3	84	190	217	6.55E-05	33
ERR126028.81690088	EOG091H06RV	0.597	73	10	0	12	84	216	240	1.25E-04	32
ERR126028.81690088	EOG091H04HP	0.543	82	12	0	3	84	135	162	1.25E-04	32
ERR126028.81690088	EOG091H00VZ	0.571	73	11	0	12	84	537	562	1.72E-04	32
ERR126028.81690088	EOG091H00RF	0.596	70	9	0	12	81	916	939	3.29E-04	31
ERR126028.81690088	EOG091H028Y	0.525	82	13	0	3	84	190	217	3.29E-04	31
ERR126028.81690088	EOG091H0002	0.518	82	13	0	3	84	6362	6389	4.54E-04	31
ERR126028.81690088	EOG091H011J	0.634	64	8	0	21	84	582	603	4.54E-04	31
ERR126028.81690088	EOG091H007U	0.505	82	13	0	3	84	135	162	8.66E-04	30
ERR126028.67703744	EOG091H01Z5	0.781	-95	-20	0	97	1	217	249	8.16E-13	55
ERR126028.27459507	EOG091H0285	0.826	91	5	0	4	94	323	353	8.16E-13	55
ERR126028.20949980	EOG091H09U2	0.809	-74	-13	0	93	18	47	72	1.65E-09	46
ERR126028.42911769	EOG091H014S	0.787	94	7	0	1	94	242	273	2.12E-12	54
ERR126028.86871565	EOG091H0027	0.449	97	20	0	2	98	1169	1205	5.04E-05	33
ERR126028.25129204	EOG091H06TA	0.975	76	1	0	23	98	195	220	5.93E-13	56
ERR126028.65517657	EOG091H00MA	0.701	-92	-27	0	96	3	393	424	3.33E-10	48
ERR126028.71144730	EOG091H0061	0.632	-89	-32	0	93	3	130	160	5.58E-08	42
ERR126028.53539860	EOG091H00N0	0.958	-92	-3	0	96	3	647	678	7.46E-17	67
ERR126028.53539860	EOG091H00DM	0.626	-92	-34	0	96	3	821	852	2.94E-08	42
ERR126028.71637849	EOG091H01V8	0.766	97	7	0	1	97	244	276	2.12E-12	54
ERR126028.4181855	EOG091H0037	0.730	-86	-22	0	90	3	1158	1187	6.31E-10	47
ERR126028.25326809	EOG091H02XP	0.632	-68	-24	0	72	3	339	362	5.81E-05	33
ERR126028.85098598	EOG091H03WS	0.740	70	6	0	2	71	348	371	5.59E-07	39
ERR126028.29258650	EOG091H04Q2	0.512	82	13	0	13	94	276	303	6.65E-04	30
ERR126028.2373960	EOG091H01F7	0.604	-77	-30	0	97	19	108	135	5.29E-06	36
ERR126028.69876645	EOG091H027V	0.658	85	10	0	14	98	368	396	1.12E-07	41
ERR126028.69876645	EOG091H021P	0.513	88	14	0	11	98	429	458	1.32E-04	32
ERR126028.59958510	EOG091H01JA	0.477	94	16	0	4	97	163	194	2.53E-04	31
ERR126028.5326945	EOG091H02ZH	0.898	70	2	0	2	71	261	284	4.86E-10	48
ERR126028.91463384	EOG091H0002	0.479	-86	-44	0	89	2	5929	5958	9.19E-04	30
ERR126028.41997793	EOG091H0029	0.859	55	3	0	3	57	956	974	3.62E-06	36
ERR126028.32404732	EOG091H00DB	0.789	79	5	0	2	80	472	498	1.27E-09	46
ERR126028.39803066	EOG091H05H6	0.864	-95	-12	0	98	2	75	107	4.96E-15	62
ERR126028.39803066	EOG091H06O1	0.520	-83	-39	0	86	2	54	85	1.92E-05	34
ERR126028.82407784	EOG091H05LD	0.802	76	5	0	1	76	4	29	2.40E-09	46
ERR126028.34073963	EOG091H0178	0.685	61	6	0	3	63	514	534	1.72E-04	32
ERR126028.26869224	EOG091H00R6	0.650	64	7	0	33	96	70	91	2.38E-04	31
ERR126028.69262526	EOG091H0306	0.520	88	16	0	6	93	326	359	3.62E-06	36
ERR126028.43760569	EOG091H01CG	0.603	-65	-25	0	97	31	259	281	6.65E-04	30
ERR126028.87932921	EOG091H003N	0.707	88	8	0	11	98	272	301	2.40E-09	46
ERR126028.87932921	EOG091H0029	0.710	76	7	0	11	86	233	258	2.13E-07	40
ERR126028.84160354	EOG091H00ME	0.712	94	9	0	3	96	530	561	1.76E-10	49
ERR126028.67012156	EOG091H00I6	0.963	70	1	0	2	71	370	393	2.74E-11	51
ERR126028.50334685	EOG091H0526	0.788	-83	-17	0	85	1	347	375	8.27E-11	49
ERR126028.31926411	EOG091H004L	0.598	82	11	0	16	97	426	453	7.30E-06	36
ERR126028.67052672	EOG091H00EN	1.000	-44	0	0	46	1	1239	1254	1.46E-06	38
ERR126028.51595172	EOG091H080L	0.528	91	14	0	5	95	146	176	2.64E-05	34
ERR126028.65423149	EOG091H05YE	0.793	91	6	0	2	92	164	194	5.55E-12	53
ERR126028.11614837	EOG091H03DA	0.815	-50	-8	0	98	47	161	178	6.95E-05	33
ERR126028.55538526	EOG091H02XP	0.750	76	6	0	2	77	112	137	3.11E-08	42
ERR126028.13761388	EOG091H01OQ	0.766	-95	-21	0	97	1	224	256	2.12E-12	54
ERR126028.18254520	EOG091H00L2	0.623	79	10	0	1	79	190	216	5.29E-06	36
ERR126028.30447711	EOG091H025R	0.599	-74	-29	0	98	23	147	175	2.78E-06	37
ERR126028.88427984	EOG091H00N0	0.786	52	4	0	36	87	234	251	1.72E-04	32
ERR126028.74587039	EOG091H007C	0.838	-47	-7	0	78	30	280	296	1.25E-04	32
ERR126028.70251366	EOG091H002E	0.685	88	9	0	10	97	1604	1633	8.66E-09	44
ERR126028.80552096	EOG091H00VG	0.749	-92	-22	0	96	3	155	186	1.88E-11	51
ERR126028.88755632	EOG091H01MN	0.667	-95	-31	0	98	2	167	198	9.20E-10	47
ERR126028.54238704	EOG091H0002	0.706	-56	-16	0	95	38	6482	6501	2.53E-04	31
ERR126028.20749042	EOG091H006B	0.755	-92	-22	0	96	3	1176	1207	1.36E-11	52
ERR126028.10939955	EOG091H00XH	0.865	79	4	0	19	97	605	631	2.74E-11	51
ERR126028.26531930	EOG091H01DR	0.570	-95	-40	0	98	2	354	387	1.55E-07	40
ERR126028.69447298	EOG091H01DL	0.936	-89	-5	0	93	3	80	110	1.31E-15	63
ERR126028.6547187	EOG091H04U8	0.691	94	10	0	3	96	180	211	6.31E-10	47
ERR126028.87296011	EOG091H04P2	0.786	97	7	0	2	98	108	140	5.93E-13	56
ERR126028.87296011	EOG091H04RZ	0.644	61	7	0	8	68	127	147	9.19E-04	30
ERR126028.87296011	EOG091H01EN	0.467	85	16	0	2	86	206	236	9.19E-04	30
ERR126028.82138314	EOG091H04X6	0.952	94	1	0	5	98	182	213	1.09E-16	66
ERR126028.8364138	EOG091H01Y3	0.894	-41	-3	0	46	4	299	313	4.27E-04	31
ERR126028.80669889	EOG091H01MN	0.631	-71	-26	0	93	21	179	202	2.49E-05	34
ERR126028.81637456	EOG091H01IT	0.826	61	3	0	3	63	299	319	7.26E-07	38
ERR126028.17531676	EOG091H01L2	0.869	49	2	0	1	49	359	375	5.04E-05	33
ERR126028.18123848	EOG091H00ZH	0.908	61	2	0	36	96	1729	1749	2.94E-08	42
ERR126028.7286407	EOG091H025R	0.596	61	9	0	38	98	147	170	3.49E-04	31
ERR126028.61424236	EOG091H07XY	0.801	79	5	0	19	97	79	105	6.68E-10	47
ERR126028.84317412	EOG091H00AU	0.729	97	9	0	1	97	1081	1113	1.99E-11	51
ERR126028.51358613	EOG091H03Q1	0.975	-89	-1	0	91	1	116	146	1.49E-16	66
ERR126028.51360753	EOG091H09YV	0.704	97	9	0	1	97	90	122	9.81E-11	49
ERR126028.4177124	EOG091H004U	0.555	-89	-39	0	95	5	1556	1584	5.29E-06	36
ERR126028.82841975	EOG091H03IE	0.639	-86	-30	0	90	3	369	398	1.06E-07	41
ERR126028.76236235	EOG091H039M	0.724	58	5	0	4	61	362	381	1.32E-04	32
ERR126028.76236235	EOG091H01GK	0.618	67	8	0	1	67	410	432	3.49E-04	31
ERR126028.53682507	EOG091H05I8	0.900	-83	-7	0	96	12	7	35	2.15E-13	57
ERR126028.63872513	EOG091H02TJ	0.584	-74	-30	0	78	3	126	151	9.05E-05	33
ERR126028.38330366	EOG091H006B	0.667	-95	-31	0	98	2	765	797	9.20E-10	47
ERR126028.16494539	EOG091H04WQ	0.625	67	8	0	17	83	253	273	2.53E-04	31
ERR126028.52869514	EOG091H04MR	0.623	-80	-30	0	88	7	383	410	1.80E-06	37
ERR126028.56428335	EOG091H06U3	0.757	-77	-18	0	98	20	135	161	6.29E-09	44
ERR126028.93799615	EOG091H03FW	0.798	91	6	0	7	97	43	73	4.03E-12	53
ERR126028.93799615	EOG091H00NH	0.528	79	11	0	19	97	21	44	6.65E-04	30
ERR126028.7256234	EOG091H0016	0.709	82	8	0	15	96	1307	1334	2.13E-08	43
ERR126028.74860444	EOG091H0107	0.824	94	5	0	2	95	112	143	2.28E-13	57
ERR126028.47463728	EOG091H040D	0.975	-59	0	0	61	1	132	152	2.14E-09	46
ERR126028.55002833	EOG091H013Z	0.543	82	12	0	1	82	160	187	1.32E-04	32
ERR126028.55002833	EOG091H00C4	0.610	70	9	0	1	70	362	385	1.83E-04	32
ERR126028.77205335	EOG091H004B	0.807	49	3	0	22	70	1197	1213	3.49E-04	31
ERR126028.75020052	EOG091H0387	0.853	91	4	0	2	92	312	342	1.65E-13	57
ERR126028.2296819	EOG091H01CG	0.768	61	5	0	5	65	609	629	7.30E-06	36
ERR126028.4912610	EOG091H051E	0.767	-56	-12	0	59	2	70	89	2.64E-05	34
ERR126028.75212053	EOG091H01RN	0.771	94	7	0	3	96	34	65	5.24E-12	53
ERR126028.49946084	EOG091H00EY	0.854	-95	-13	0	97	1	724	756	9.40E-15	61
ERR126028.93162785	EOG091H06P4	0.851	94	5	0	3	96	19	50	4.37E-14	59
ERR126028.89605566	EOG091H016I	0.883	94	4	0	5	98	290	321	6.84E-15	61
ERR126028.69158871	EOG091H0016	0.697	-68	-20	0	77	8	2584	2607	3.84E-06	36
ERR126028.23773343	EOG091H04YN	0.678	82	9	0	2	83	282	309	1.12E-07	41
ERR126028.39492154	EOG091H01F1	0.808	-92	-17	0	94	1	246	277	5.93E-13	56
ERR126028.63773590	EOG091H0021	0.797	73	5	0	4	76	638	662	1.19E-08	44
ERR126028.3472020	EOG091H01MU	0.707	88	8	0	1	88	250	279	2.40E-09	46
ERR126028.83138242	EOG091H0002	0.840	79	4	0	3	81	6391	6417	9.27E-11	49
ERR126028.36419613	EOG091H0081	0.574	70	9	0	18	87	1032	1054	8.66E-04	30
ERR126028.51772289	EOG091H004L	0.479	88	15	0	7	94	1343	1372	9.19E-04	30
ERR126028.7009987	EOG091H0074	0.735	-59	-15	0	86	26	621	641	2.64E-05	34
ERR126028.26373018	EOG091H00NH	0.867	-92	-11	0	97	4	211	242	1.78E-14	60
ERR126028.32210357	EOG091H02DD	0.785	58	4	0	39	96	279	298	1.31E-05	35
ERR126028.77225335	EOG091H01VQ	0.760	-95	-22	0	97	1	35	67	2.92E-12	54
ERR126028.67660170	EOG091H02XU	0.765	-92	-21	0	98	5	395	426	7.62E-12	53
ERR126028.67660170	EOG091H03LM	0.583	-89	-37	0	95	5	333	363	1.06E-06	38
ERR126028.57501126	EOG091H00JS	0.584	-92	-38	0	98	5	66	97	4.05E-07	39
ERR126028.80910546	EOG091H03WJ	0.798	91	6	0	6	96	296	326	3.80E-12	53
ERR126028.80910546	EOG091H02X0	0.586	70	11	0	27	96	372	399	1.31E-05	35
ERR126028.71952871	EOG091H013B	0.908	61	2	0	1	61	105	125	3.11E-08	42
ERR126028.25119074	EOG091H064T	0.501	97	15	0	2	98	119	150	2.64E-05	34
ERR126028.80224190	EOG091H01ZI	0.795	-77	-15	0	89	11	218	244	9.20E-10	47
ERR126028.69993744	EOG091H03JP	1.000	64	0	0	33	96	264	285	2.59E-11	51
ERR126028.27637562	EOG091H02XP	0.562	73	11	0	2	74	338	362	6.65E-04	30
ERR126028.44231095	EOG091H04PD	0.760	-92	-21	0	97	4	96	127	1.05E-11	52
ERR126028.12216300	EOG091H09IG	0.642	94	11	0	3	96	1	32	1.12E-08	44
ERR126028.41488339	EOG091H0002	0.648	94	11	0	3	96	3882	3913	8.17E-09	44
ERR126028.52918111	EOG091H02XP	0.672	-80	-26	0	82	1	113	140	1.55E-07	40
ERR126028.8748707	EOG091H01ZX	0.763	-74	-17	0	94	19	73	98	1.64E-08	43
ERR126028.2528608	EOG091H0029	0.905	-95	-8	0	98	2	193	225	3.88E-16	65
ERR126028.2528608	EOG091H003N	0.712	-92	-26	0	95	2	232	263	1.86E-10	49
ERR126028.46506434	EOG091H00YA	0.842	76	4	0	3	78	490	515	3.33E-10	48
ERR126028.72396870	EOG091H01Z5	0.753	67	5	0	10	76	411	433	1.06E-06	38
ERR126028.31925439	EOG091H00SK	0.553	-95	-42	0	98	2	513	545	1.06E-06	38
ERR126028.83293609	EOG091H0021	0.733	-68	-17	0	71	2	1068	1091	7.70E-07	38
ERR126028.14815348	EOG091H0002	0.990	-92	0	0	97	4	3745	3776	1.17E-17	69
ERR126028.20887516	EOG091H020A	0.983	-47	0	0	98	50	443	459	1.46E-06	38
ERR126028.39995043	EOG091H01FI	0.658	94	11	0	3	96	807	838	4.31E-09	45
ERR126028.92903570	EOG091H07IQ	0.961	-50	-1	0	97	46	55	72	5.59E-07	39
ERR126028.48832932	EOG091H01CG	0.644	-74	-26	0	95	20	480	505	5.29E-06	36
ERR126028.48832932	EOG091H01J0	0.598	-77	-30	0	86	8	410	436	1.92E-05	34
ERR126028.48832932	EOG091H01EK	0.834	-50	-7	0	86	35	424	441	3.65E-05	34
ERR126028.48832932	EOG091H01S2	0.766	-50	-11	0	71	20	401	418	3.49E-04	31
ERR126028.22330471	EOG091H01CQ	0.875	-44	-5	0	96	51	462	477	1.72E-04	32
ERR126028.46238941	EOG091H01YN	0.679	88	9	0	9	96	477	506	1.12E-08	44
ERR126028.94298745	EOG091H02SL	0.655	79	9	0	9	87	350	376	1.00E-06	38
ERR126028.77219633	EOG091H018Y	0.817	85	5	0	14	98	173	201	1.99E-11	51
ERR126028.35380419	EOG091H0212	0.715	82	8	0	15	96	66	93	1.55E-08	43
ERR126028.35380419	EOG091H01YN	0.659	82	9	0	15	96	68	95	2.77E-07	40
ERR126028.35380419	EOG091H02B8	0.721	73	7	0	24	96	60	84	3.82E-07	39
ERR126028.35380419	EOG091H01XS	0.623	79	10	0	18	96	59	85	4.99E-06	36
ERR126028.91355609	EOG091H01F1	0.702	82	8	0	1	82	551	578	3.11E-08	42
ERR126028.66803591	EOG091H07C6	0.799	-65	-12	0	97	31	132	154	1.55E-07	40
ERR126028.66803591	EOG091H04P2	0.510	-83	-40	0	88	4	252	280	3.49E-04	31
ERR126028.51944720	EOG091H04L1	0.783	-71	-15	0	96	24	427	451	2.13E-08	43
ERR126028.51944720	EOG091H011J	0.776	-62	-13	0	87	24	626	647	1.38E-06	38
ERR126028.51944720	EOG091H0499	0.650	-62	-21	0	96	33	179	200	2.38E-04	31
ERR126028.51944720	EOG091H01GT	0.582	-68	-28	0	96	27	409	432	6.27E-04	30
ERR126028.40028427	EOG091H09G2	0.525	-80	-37	0	85	4	170	199	6.95E-05	33
ERR126028.26179166	EOG091H00WM	0.953	91	1	0	8	98	404	434	5.33E-16	64
ERR126028.36899140	EOG091H041E	0.514	-86	-41	0	96	9	235	266	2.49E-05	34
ERR126028.74008813	EOG091H0016	0.760	94	7	0	3	96	1844	1875	9.91E-12	52
ERR126028.37390035	EOG091H00C4	0.525	-92	-43	0	98	5	410	441	1.39E-05	35
ERR126028.37390035	EOG091H00YA	0.472	-83	-43	0	92	8	217	248	3.49E-04	31
ERR126028.37390035	EOG091H011J	0.652	-59	-20	0	92	32	583	603	6.65E-04	30
ERR126028.26136991	EOG091H01WD	0.618	67	8	0	11	77	503	525	3.49E-04	31
ERR126028.5956924	EOG091H00I6	0.815	52	3	0	2	53	586	603	6.95E-05	33
ERR126028.9280322	EOG091H007U	0.610	73	9	0	3	75	928	952	6.55E-05	33
ERR126028.50934282	EOG091H01LC	0.650	88	10	0	10	97	427	456	5.91E-08	42
ERR126028.4095718	EOG091H004U	0.539	85	13	0	2	86	776	804	6.95E-05	33
ERR126028.81830834	EOG091H0002	0.632	-89	-32	0	95	5	231	262	2.26E-08	43
ERR126028.33300924	EOG091H03ZG	0.776	-71	-15	0	92	20	157	181	2.78E-08	42
ERR126028.58681508	EOG091H05NI	0.776	88	6	0	10	97	151	180	5.18E-11	50
ERR126028.57559823	EOG091H0034	0.573	94	13	0	5	98	1473	1504	7.70E-07	38
ERR126028.34701299	EOG091H00O6	0.660	91	10	0	3	93	853	883	1.12E-08	44
ERR126028.13965418	EOG091H01CG	0.983	-71	0	0	74	2	468	492	2.12E-12	54
ERR126028.72572122	EOG091H01YG	0.833	-86	-14	0	96	9	607	636	2.01E-12	54
ERR126028.71180156	EOG091H01MG	0.833	88	5	0	11	98	579	608	2.12E-12	54
ERR126028.73441069	EOG091H01RK	0.942	64	1	0	2	65	179	200	1.75E-09	46
ERR126028.75959379	EOG091H00SU	0.723	94	9	0	2	95	119	150	9.81E-11	49
ERR126028.85307147	EOG091H00R6	0.594	94	13	0	2	95	423	454	2.13E-07	40
ERR126028.67988036	EOG091H00I6	0.797	73	5	0	1	73	233	257	1.19E-08	44
ERR126028.6805380	EOG091H01VQ	0.700	61	7	0	34	94	395	419	1.06E-06	38
ERR126028.39396325	EOG091H023L	0.719	-86	-23	0	90	3	279	308	1.20E-09	46
ERR126028.24583734	EOG091H01R8	0.856	-92	-12	0	97	4	253	284	3.36E-14	59
ERR126028.3013627	EOG091H002I	0.947	94	2	0	5	98	1975	2006	1.49E-16	66
ERR126028.21690966	EOG091H00VB	0.989	-41	0	0	46	4	334	348	3.65E-05	34
ERR126028.23268895	EOG091H02P6	0.654	-68	-23	0	74	5	131	154	2.64E-05	34
ERR126028.88366642	EOG091H070S	0.975	46	0	0	1	46	94	109	1.01E-05	35
ERR126028.48701528	EOG091H006J	0.584	76	10	0	11	86	190	214	9.60E-05	33
ERR126028.43024822	EOG091H004P	0.671	55	6	0	4	58	945	964	9.19E-04	30
ERR126028.88087599	EOG091H01PY	0.792	64	4	0	16	79	257	278	7.70E-07	38
ERR126028.88087599	EOG091H025R	0.598	82	11	0	16	97	152	179	7.30E-06	36
ERR126028.3106473	EOG091H007U	0.873	88	4	0	5	92	112	141	2.28E-13	57
ERR126028.41056350	EOG091H03HT	0.986	-89	0	0	95	5	57	87	7.89E-17	67
ERR126028.39291292	EOG091H00OX	0.595	-65	-26	0	82	16	928	949	9.19E-04	30
ERR126028.83716578	EOG091H00U7	0.618	-62	-23	0	98	35	370	391	9.19E-04	30
ERR126028.67784466	EOG091H04CB	0.809	76	5	0	3	78	214	239	1.47E-09	46
ERR126028.74251305	EOG091H03OM	0.760	97	8	0	1	97	97	129	2.92E-12	54
ERR126028.59243259	EOG091H01FZ	0.730	76	7	0	2	77	226	251	8.15E-08	41
ERR126028.58173419	EOG091H0ACD	0.771	97	7	0	2	98	10	42	1.55E-12	55
ERR126028.94480074	EOG091H006B	0.874	67	3	0	31	97	76	98	6.29E-09	44
ERR126028.16829750	EOG091H01KU	1.000	67	0	0	30	96	335	357	7.21E-12	53
ERR126028.27749672	EOG091H036I	0.850	88	4	0	2	89	370	399	8.16E-13	55
ERR126028.90213954	EOG091H03S6	0.658	-83	-28	0	96	12	343	371	1.06E-07	41
ERR126028.12182451	EOG091H08LX	0.843	82	4	0	4	85	92	119	1.99E-11	51
ERR126028.7859742	EOG091H032X	1.000	91	0	0	1	91	251	281	2.72E-17	68
ERR126028.7859742	EOG091H01K8	0.543	82	12	0	1	82	653	680	1.18E-04	32
ERR126028.26895879	EOG091H013V	0.726	70	6	0	29	98	334	357	1.06E-06	38
ERR126028.25810618	EOG091H03WX	0.928	73	2	0	3	75	199	223	2.59E-11	51
ERR126028.20405453	EOG091H03FB	0.680	94	10	0	2	95	106	137	1.27E-09	46
ERR126028.86125139	EOG091H00K1	0.561	-89	-39	0	97	7	441	471	3.84E-06	36
ERR126028.82828490	EOG091H01LE	0.648	-65	-22	0	72	6	342	364	9.05E-05	33
ERR126028.64606438	EOG091H03HT	1.000	43	0	0	5	47	73	87	7.30E-06	36
ERR126028.24916607	EOG091H00I6	0.919	88	2	0	8	95	420	449	1.78E-14	60
ERR126028.37835403	EOG091H058F	0.472	-92	-48	0	98	5	234	262	3.49E-04	31
ERR126028.29793972	EOG091H0016	0.864	-44	-5	0	97	52	2320	2335	2.53E-04	31
ERR126028.49873965	EOG091H03WJ	0.741	-56	-14	0	96	39	131	150	6.55E-05	33
ERR126028.70829017	EOG091H006P	0.466	-86	-45	0	90	3	341	372	4.54E-04	31
ERR126028.46754901	EOG091H024K	0.621	97	12	0	2	98	162	194	1.64E-08	43
ERR126028.87508923	EOG091H00EN	0.930	43	1	0	56	98	394	408	1.83E-04	32
ERR126028.74131538	EOG091H01YG	0.681	85	9	0	3	87	467	495	2.94E-08	42
ERR126028.49562050	EOG091H004B	0.476	-89	-46	0	92	2	15	47	1.32E-04	32
ERR126028.77319358	EOG091H0002	0.984	-92	0	0	97	4	3469	3500	1.61E-17	69
ERR126028.25230250	EOG091H01OS	0.947	97	2	0	2	98	233	265	3.03E-17	68
ERR126028.52664156	EOG091H08NA	0.668	88	9	0	10	97	85	113	2.26E-08	43
ERR126028.64352173	EOG091H00JS	0.911	-65	-5	0	98	32	336	358	1.27E-09	46
ERR126028.14187972	EOG091H05UG	0.822	-53	-9	0	77	23	14	32	1.39E-05	35
ERR126028.6408379	EOG091H00JN	0.635	-80	-29	0	90	9	836	863	1.00E-06	38
ERR126028.6408379	EOG091H00YA	0.528	-89	-41	0	93	3	280	310	2.49E-05	34
ERR126028.6408379	EOG091H01GK	0.603	-68	-26	0	93	24	345	368	2.38E-04	31
ERR126028.70483274	EOG091H002E	0.748	-71	-17	0	87	15	907	931	1.06E-07	41
ERR126028.70483274	EOG091H0037	0.582	-68	-28	0	87	18	752	775	6.27E-04	30
ERR126028.55299206	EOG091H01R8	0.681	64	7	0	5	68	530	551	6.95E-05	33
ERR126028.23664405	EOG091H01BU	0.742	-86	-21	0	96	9	330	359	3.33E-10	48
ERR126028.23637031	EOG091H00OX	0.729	94	9	0	2	95	109	141	1.99E-11	51
ERR126028.1941248	EOG091H03WS	1.000	52	0	0	46	97	43	60	8.15E-08	41
ERR126028.36275849	EOG091H05TP	0.880	-95	-11	0	98	2	26	58	1.91E-15	63
ERR126028.65713203	EOG091H01JA	0.642	94	11	0	2	95	204	235	1.19E-08	44
ERR126028.65713203	EOG091H01LE	0.630	79	10	0	2	80	216	242	3.84E-06	36
ERR126028.92023557	EOG091H01OS	0.817	43	3	0	56	98	383	399	2.53E-04	31
ERR126028.48832950	EOG091H0034	0.784	64	5	0	3	66	2357	2378	1.00E-06	38
ERR126028.25533307	EOG091H00I6	0.930	-86	-5	0	93	6	782	811	8.91E-15	61
ERR126028.25533328	EOG091H01OS	0.598	79	10	0	20	98	410	436	1.92E-05	34
ERR126028.42305674	EOG091H04MS	0.770	-89	-20	0	98	8	112	142	1.99E-11	51
ERR126028.52485439	EOG091H050X	0.696	-92	-27	0	95	2	75	106	4.86E-10	48
ERR126028.82436283	EOG091H0021	0.716	-74	-20	0	96	21	930	955	1.46E-07	40
ERR126028.16403685	EOG091H00EN	0.436	94	21	0	4	97	1390	1427	6.95E-05	33
ERR126028.39575779	EOG091H03WJ	0.953	46	1	0	3	48	320	335	1.81E-05	34
ERR126028.39575779	EOG091H02X0	0.864	46	2	0	3	48	393	408	2.38E-04	31
ERR126028.1752312	EOG091H01WD	0.547	67	12	0	2	68	620	646	2.53E-04	31
ERR126028.85547629	EOG091H01S2	0.450	91	18	0	2	92	6	38	6.65E-04	30
ERR126028.6064893	EOG091H0131	0.925	91	2	0	3	93	155	185	2.48E-15	63
ERR126028.41245743	EOG091H03W7	0.776	-47	-10	0	75	27	96	112	8.66E-04	30
ERR126028.21237803	EOG091H02HW	0.735	73	6	0	26	98	205	229	2.13E-07	40
ERR126028.9091386	EOG091H025I	0.801	-77	-15	0	81	3	233	259	6.31E-10	47
ERR126028.35201060	EOG091H00GZ	0.822	55	3	0	1	55	404	422	1.39E-05	35
ERR126028.86649117	EOG091H0242	0.661	79	9	0	19	97	189	215	7.70E-07	38
ERR126028.87899762	EOG091H03OC	0.622	88	11	0	11	98	327	356	2.94E-07	40
ERR126028.65996333	EOG091H03S6	0.711	70	7	0	29	98	199	222	2.02E-06	37
ERR126028.81676868	EOG091H018G	0.776	88	6	0	7	94	223	252	5.18E-11	50
ERR126028.88131245	EOG091H0002	0.877	94	4	0	3	96	6601	6632	8.91E-15	61
ERR126028.35136822	EOG091H04L1	0.752	-62	-15	0	97	34	371	392	3.84E-06	36
ERR126028.35136822	EOG091H01GT	0.671	-56	-18	0	97	40	351	370	9.19E-04	30
ERR126028.55705929	EOG091H09EO	0.851	67	3	0	31	97	201	223	1.64E-08	43
ERR126028.38057691	EOG091H059F	0.657	76	9	0	8	83	281	306	2.78E-06	37
ERR126028.38488029	EOG091H012M	0.696	88	9	0	2	89	125	154	4.56E-09	45
ERR126028.73001606	EOG091H01Z5	0.542	-86	-39	0	96	9	167	196	2.49E-05	34
ERR126028.73001611	EOG091H01K3	0.828	-56	-9	0	59	2	509	528	2.78E-06	37
ERR126028.21151310	EOG091H0116	0.877	-83	-9	0	97	13	375	403	8.16E-13	55
ERR126028.68309213	EOG091H01CK	0.797	-47	-9	0	55	7	95	111	4.82E-04	31
ERR126028.17542256	EOG091H01JA	0.568	94	13	0	5	98	204	235	1.06E-06	38
ERR126028.80745863	EOG091H026T	0.936	94	2	0	5	98	360	391	2.83E-16	65
ERR126028.63102530	EOG091H01N7	0.930	-86	-5	0	88	1	304	333	9.40E-15	61
ERR126028.62181733	EOG091H08LX	0.656	67	8	0	30	96	27	49	6.55E-05	33
ERR126028.24578790	EOG091H01YD	1.000	-59	0	0	96	36	510	530	6.31E-10	47
ERR126028.28616812	EOG091H0027	0.522	85	13	0	3	87	571	599	1.72E-04	32
ERR126028.85602535	EOG091H004B	0.537	-77	-35	0	92	14	1409	1436	1.83E-04	32
ERR126028.71393150	EOG091H0236	0.693	-77	-23	0	82	4	33	59	1.55E-07	40
ERR126028.17405900	EOG091H028T	0.942	-80	-4	0	84	3	336	363	1.14E-13	58
ERR126028.64242054	EOG091H04VY	0.920	-89	-6	0	97	7	25	55	3.61E-15	62
ERR126028.66960493	EOG091H00L2	0.723	76	7	0	22	97	469	494	1.12E-07	41
ERR126028.31751898	EOG091H03WJ	0.942	-71	-3	0	73	1	132	156	1.44E-11	52
ERR126028.31751898	EOG091H04QD	0.698	-56	-16	0	58	1	94	113	3.49E-04	31
ERR126028.25412256	EOG091H00EC	0.936	94	2	0	3	96	350	381	2.67E-16	65
ERR126028.25373299	EOG091H002E	0.831	-89	-14	0	92	2	1860	1890	5.93E-13	56
ERR126028.48515732	EOG091H02X0	0.646	-68	-23	0	72	3	399	421	3.44E-05	34
ERR126028.39867265	EOG091H02N4	0.640	-83	-29	0	94	10	42	70	2.94E-07	40
ERR126028.48208879	EOG091H03XL	0.627	-89	-33	0	96	6	317	347	7.69E-08	41
ERR126028.48208879	EOG091H03WO	0.541	-92	-42	0	96	3	317	348	4.99E-06	36
ERR126028.92967734	EOG091H0034	0.589	70	9	0	28	97	1869	1892	4.82E-04	31
ERR126028.41597183	EOG091H03FE	0.653	94	11	0	1	94	173	204	6.29E-09	44
ERR126028.41597183	EOG091H03LM	0.610	94	12	0	1	94	173	204	8.15E-08	41
ERR126028.37886441	EOG091H02PE	0.770	91	7	0	6	96	54	84	1.88E-11	51
ERR126028.101219	EOG091H01ZI	0.755	-71	-17	0	76	4	179	203	8.15E-08	41
ERR126028.10364267	EOG091H028Y	0.594	94	11	0	3	96	285	311	2.01E-07	40
ERR126028.10364267	EOG091H01GT	0.594	94	11	0	3	96	417	443	2.01E-07	40
ERR126028.10364267	EOG091H04L1	0.504	94	13	0	3	96	436	462	4.75E-05	33
ERR126028.10364267	EOG091H00PU	0.505	82	12	0	6	87	176	201	8.66E-04	30
ERR126028.21452435	EOG091H027V	0.597	-71	-28	0	87	15	271	295	1.25E-04	32
ERR126028.21452435	EOG091H021P	0.547	-68	-30	0	96	27	345	371	2.38E-04	31
ERR126028.13299914	EOG091H0ACD	0.617	82	10	0	9	90	91	118	2.33E-06	37
ERR126028.85075157	EOG091H00DM	0.864	97	4	0	1	97	1049	1081	4.96E-15	62
ERR126028.28420849	EOG091H0684	0.926	-92	-6	0	94	1	96	127	5.33E-16	64
ERR126028.88115778	EOG091H03W7	0.988	97	0	0	1	97	345	377	2.38E-18	71
ERR126028.2842629	EOG091H003X	0.664	82	9	0	1	82	950	978	8.15E-08	41
ERR126028.54094101	EOG091H03CT	0.794	85	6	0	8	92	286	314	7.13E-11	50
ERR126028.72655414	EOG091H00N1	0.771	97	7	0	1	97	272	304	1.55E-12	55
ERR126028.19652828	EOG091H0596	0.752	-62	-15	0	67	4	88	109	3.84E-06	36
ERR126028.67955202	EOG091H004P	0.534	-77	-35	0	94	16	702	726	4.82E-04	31
ERR126028.27667635	EOG091H01C0	0.652	85	10	0	2	86	128	156	1.55E-07	40
ERR126028.43670693	EOG091H07DW	0.980	40	0	0	47	86	35	48	2.53E-04	31
ERR126028.93204107	EOG091H01UD	0.864	-44	-5	0	46	1	402	417	2.53E-04	31
ERR126028.85535746	EOG091H00T3	0.866	67	3	0	11	77	389	411	8.66E-09	44
ERR126028.90251540	EOG091H02W1	0.621	-95	-35	0	97	1	290	322	1.64E-08	43
ERR126028.76115245	EOG091H01HW	0.817	97	6	0	2	98	379	411	8.77E-14	58
ERR126028.80445985	EOG091H017K	0.588	88	12	0	10	97	155	184	2.02E-06	37
ERR126028.4874695	EOG091H004U	0.735	85	7	0	13	97	434	462	1.75E-09	46
ERR126028.57107002	EOG091H00ME	0.593	-83	-33	0	89	5	266	294	3.41E-06	36
ERR126028.53801473	EOG091H01JA	0.723	67	6	0	22	88	246	268	3.84E-06	36
ERR126028.53801473	EOG091H01LE	0.513	88	14	0	4	91	251	280	1.32E-04	32
ERR126028.71716612	EOG091H05RZ	0.686	-65	-20	0	86	20	303	325	1.92E-05	34
ERR126028.35357334	EOG091H004B	0.555	-89	-39	0	97	7	163	193	5.29E-06	36
ERR126028.35357334	EOG091H000H	0.472	-89	-47	0	97	7	3932	3962	6.65E-04	30
ERR126028.22981964	EOG091H02AB	0.663	-65	-21	0	69	3	226	248	4.75E-05	33
ERR126028.83497714	EOG091H00EC	0.802	97	6	0	1	97	923	955	2.28E-13	57
ERR126028.39307482	EOG091H01EN	0.974	-89	-1	0	98	8	478	509	3.03E-17	68
ERR126028.75948311	EOG091H00TG	0.567	97	15	0	1	97	692	726	8.15E-08	41
ERR126028.83245609	EOG091H036I	0.702	-86	-25	0	88	1	237	266	3.31E-09	45
ERR126028.46253406	EOG091H0ATF	0.749	-92	-22	0	95	2	14	45	1.99E-11	51
ERR126028.2065892	EOG091H050X	0.552	94	14	0	3	96	210	241	2.63E-06	37
ERR126028.64540212	EOG091H012M	0.817	-83	-14	0	98	14	791	819	1.99E-11	51
ERR126028.72964228	EOG091H01EK	1.000	-65	0	0	69	3	470	492	5.24E-12	53
ERR126028.72964228	EOG091H01J0	0.603	-65	-25	0	69	3	466	488	6.27E-04	30
ERR126028.58796190	EOG091H0002	0.664	-83	-27	0	96	12	4623	4651	7.69E-08	41
ERR126028.83181694	EOG091H0526	0.553	88	13	0	4	91	176	205	1.39E-05	35
ERR126028.83181694	EOG091H03TW	0.522	82	13	0	16	97	376	404	1.83E-04	32
ERR126028.83181694	EOG091H00M0	0.510	82	14	0	1	82	146	174	3.49E-04	31
ERR126028.37585975	EOG091H004H	0.808	-92	-17	0	97	4	159	190	5.93E-13	56
ERR126028.30305543	EOG091H01N7	1.000	-92	0	0	95	2	405	436	1.47E-20	78
ERR126028.25259898	EOG091H0440	0.595	-65	-26	0	88	22	393	415	9.19E-04	30
ERR126028.52645732	EOG091H0069	0.797	97	6	0	2	98	623	655	3.14E-13	57
ERR126028.10926424	EOG091H00C4	0.605	-86	-33	0	96	9	469	498	7.26E-07	38
ERR126028.10926424	EOG091H00YA	0.553	-86	-38	0	96	9	282	311	1.31E-05	35
ERR126028.10926424	EOG091H00JN	0.548	-86	-38	0	96	9	836	865	1.81E-05	34
ERR126028.67451533	EOG091H016T	0.843	97	5	0	1	97	507	539	1.78E-14	60
ERR126028.39504903	EOG091H01SI	0.862	88	4	0	2	89	604	633	4.31E-13	56
ERR126028.13364647	EOG091H001E	0.626	-92	-34	0	96	3	1475	1506	2.94E-08	42
ERR126028.21209716	EOG091H01ZI	0.755	94	8	0	3	96	146	177	1.36E-11	52
ERR126028.69876647	EOG091H027V	0.658	85	10	0	14	98	368	396	1.12E-07	41
ERR126028.69876647	EOG091H021P	0.513	88	14	0	11	98	429	458	1.32E-04	32
ERR126028.7446923	EOG091H02B8	0.914	91	3	0	2	92	444	474	4.96E-15	62
ERR126028.68877187	EOG091H00IO	0.745	82	7	0	7	88	994	1021	3.31E-09	45
ERR126028.49878061	EOG091H028Y	0.536	-86	-39	0	96	9	290	319	3.44E-05	34
ERR126028.49878061	EOG091H019P	0.566	-77	-33	0	87	9	736	762	9.05E-05	33
ERR126028.35663133	EOG091H0021	0.942	82	2	0	9	90	226	253	1.14E-13	58
ERR126028.65975553	EOG091H055B	0.505	88	15	0	3	90	534	564	9.05E-05	33
ERR126028.3541915	EOG091H008P	0.539	-80	-36	0	92	11	1156	1184	6.95E-05	33
ERR126028.78919693	EOG091H01CK	0.702	-86	-25	0	90	3	507	536	3.13E-09	45
ERR126028.50552989	EOG091H05L2	0.512	-95	-46	0	97	1	218	250	1.39E-05	35
ERR126028.12281315	EOG091H020A	0.925	-89	-6	0	97	7	148	178	2.63E-15	63
ERR126028.72092211	EOG091H01DE	0.834	52	3	0	1	52	204	221	3.05E-05	34
ERR126028.60154733	EOG091H02XU	0.623	-77	-28	0	95	17	99	125	5.29E-06	36
ERR126028.75582097	EOG091H02C1	0.610	97	12	0	2	98	298	330	3.11E-08	42
ERR126028.50477956	EOG091H04CZ	0.931	-95	-6	0	98	2	97	129	7.89E-17	67
ERR126028.56823586	EOG091H00TG	0.750	97	8	0	1	97	870	902	5.55E-12	53
ERR126028.57056286	EOG091H03UR	0.787	94	7	0	1	94	155	186	2.12E-12	54
ERR126028.47597675	EOG091H07E3	0.704	-68	-19	0	97	28	37	60	2.78E-06	37
ERR126028.90015778	EOG091H02ZH	0.874	-95	-11	0	98	2	295	327	2.63E-15	63
ERR126028.75466162	EOG091H01CI	0.782	-89	-19	0	98	8	199	229	1.05E-11	52
ERR126028.85392446	EOG091H00ZZ	1.000	-44	0	0	97	52	321	336	7.70E-07	38
ERR126028.558126	EOG091H04OV	0.650	-86	-29	0	90	3	134	163	5.58E-08	42
ERR126028.82211862	EOG091H05LD	0.812	-68	-12	0	96	27	40	63	2.13E-08	43
ERR126028.69717312	EOG091H03WJ	0.644	61	7	0	6	66	153	173	8.66E-04	30
ERR126028.18036433	EOG091H01Z5	0.561	91	13	0	5	95	215	244	3.84E-06	36
ERR126028.24583742	EOG091H020A	0.963	94	1	0	2	95	454	485	5.74E-17	67
ERR126028.91590688	EOG091H07TO	0.883	94	4	0	3	96	31	62	6.45E-15	61
ERR126028.62483914	EOG091H03DJ	0.599	91	12	0	8	98	91	121	4.05E-07	39
ERR126028.62483914	EOG091H04FI	0.813	55	3	0	41	95	104	122	1.92E-05	34
ERR126028.54411928	EOG091H02ZH	0.802	-74	-14	0	86	11	297	322	2.40E-09	46
ERR126028.33673187	EOG091H064Q	0.805	88	6	0	3	90	204	233	9.91E-12	52
ERR126028.35090892	EOG091H0286	0.534	79	12	0	3	81	265	291	4.54E-04	31
ERR126028.84218468	EOG091H0029	0.744	-77	-19	0	80	2	1143	1169	1.19E-08	44
ERR126028.41087826	EOG091H02XP	0.505	-80	-39	0	95	14	199	226	9.19E-04	30
ERR126028.38490538	EOG091H02JU	0.869	-95	-12	0	98	2	218	250	3.61E-15	62
ERR126028.24249020	EOG091H01OC	0.637	94	11	0	3	96	287	318	1.55E-08	43
ERR126028.81473004	EOG091H00SK	0.814	67	4	0	31	97	639	661	8.15E-08	41
ERR126028.89317960	EOG091H00QH	0.675	-68	-21	0	87	18	859	882	9.49E-06	35
ERR126028.70292892	EOG091H01OS	0.577	-89	-37	0	92	2	235	265	1.46E-06	38
ERR126028.11766199	EOG091H013Z	0.679	73	8	0	4	76	212	236	2.78E-06	37
ERR126028.11766199	EOG091H01UD	0.630	79	10	0	4	82	398	424	3.84E-06	36
ERR126028.11766199	EOG091H02O4	0.652	73	8	0	4	76	181	205	1.01E-05	35
ERR126028.11766199	EOG091H00RF	0.585	79	11	0	4	82	917	943	3.65E-05	34
ERR126028.11766199	EOG091H05EN	0.617	73	9	0	4	76	159	183	5.04E-05	33
ERR126028.11766199	EOG091H0499	0.639	70	8	0	4	73	128	151	5.04E-05	33
ERR126028.11766199	EOG091H04OV	0.559	79	11	0	4	82	119	145	1.32E-04	32
ERR126028.11766199	EOG091H06RV	0.590	73	10	0	4	76	217	241	1.83E-04	32
ERR126028.11766199	EOG091H011J	0.583	73	10	0	4	76	580	604	2.53E-04	31
ERR126028.11766199	EOG091H019P	0.596	70	9	0	4	73	661	684	3.49E-04	31
ERR126028.11766199	EOG091H007U	0.569	73	10	0	4	76	139	163	4.82E-04	31
ERR126028.11766199	EOG091H01KU	0.562	73	11	0	4	76	194	218	6.65E-04	30
ERR126028.11766199	EOG091H03RO	0.528	76	12	0	1	76	177	203	6.65E-04	30
ERR126028.35327614	EOG091H00HN	0.827	-86	-14	0	90	3	328	357	2.76E-12	54
ERR126028.74490251	EOG091H0027	0.820	-89	-15	0	98	8	2170	2200	1.12E-12	55
ERR126028.74490251	EOG091H0162	0.808	-62	-11	0	80	17	399	420	4.05E-07	39
ERR126028.55010294	EOG091H055R	0.906	-68	-5	0	97	28	39	62	3.53E-10	48
ERR126028.17743228	EOG091H00WC	0.567	-77	-33	0	92	14	635	662	3.65E-05	34
ERR126028.28511235	EOG091H00JS	0.521	-77	-36	0	97	19	43	68	9.19E-04	30
ERR126028.15601980	EOG091H01JM	0.693	-77	-23	0	82	4	158	184	1.55E-07	40
ERR126028.23256769	EOG091H01RK	0.673	-71	-23	0	74	2	887	911	3.41E-06	36
ERR126028.46100542	EOG091H0016	0.610	64	9	0	12	75	495	517	4.54E-04	31
ERR126028.15327027	EOG091H02O4	0.760	-92	-21	0	96	3	302	333	9.91E-12	52
ERR126028.85764659	EOG091H02XP	0.505	-80	-39	0	88	7	199	226	9.19E-04	30
ERR126028.84234318	EOG091H02MQ	0.605	-92	-36	0	96	3	279	311	4.05E-08	42
ERR126028.16314391	EOG091H02QB	0.899	-92	-8	0	96	3	47	78	2.48E-15	63
ERR126028.40107769	EOG091H00KL	0.884	-77	-8	0	79	1	761	787	1.05E-11	52
ERR126028.40107773	EOG091H01FB	0.916	97	3	0	2	98	576	608	2.05E-16	66
ERR126028.63653039	EOG091H08CO	0.593	88	12	0	1	88	81	110	1.46E-06	38
ERR126028.30364809	EOG091H02SL	1.000	-89	0	0	91	1	233	263	2.21E-17	68
ERR126028.29843787	EOG091H01IX	0.964	-86	-2	0	88	1	65	94	1.39E-15	63
ERR126028.85368719	EOG091H0362	0.579	-77	-32	0	95	17	510	536	5.04E-05	33
ERR126028.24980642	EOG091H01FI	0.478	-83	-43	0	94	10	170	200	4.82E-04	31
ERR126028.10972852	EOG091H06NT	0.769	-74	-16	0	79	4	57	82	1.19E-08	44
ERR126028.55024892	EOG091H01MN	0.684	82	8	0	1	82	179	205	8.15E-08	41
ERR126028.26294267	EOG091H00QS	0.715	82	8	0	9	90	553	580	1.55E-08	43
ERR126028.26294267	EOG091H01DX	0.533	91	14	0	3	93	442	472	1.81E-05	34
ERR126028.76686538	EOG091H03QZ	0.698	97	10	0	1	97	377	409	1.35E-10	49
ERR126028.88358966	EOG091H02X0	0.588	-86	-35	0	89	2	327	356	2.02E-06	37
ERR126028.88358966	EOG091H03WJ	0.581	-83	-34	0	86	2	266	294	7.30E-06	36
ERR126028.81721086	EOG091H06P4	1.000	70	0	0	3	72	93	116	1.46E-12	55
ERR126028.58157683	EOG091H01R8	0.559	97	14	0	1	97	39	71	7.70E-07	38
ERR126028.47485574	EOG091H0AJN	0.623	82	10	0	4	85	47	74	2.02E-06	37
ERR126028.13613235	EOG091H07ZC	0.886	82	3	0	10	91	15	42	2.12E-12	54
ERR126028.64366048	EOG091H01JA	0.656	-65	-22	0	91	25	386	408	6.95E-05	33
ERR126028.64366048	EOG091H01LE	0.595	-62	-25	0	88	25	381	403	9.19E-04	30
ERR126028.48192758	EOG091H04M5	0.677	-74	-23	0	94	19	277	302	1.06E-06	38
ERR126028.12126193	EOG091H0002	0.739	94	8	0	3	96	429	460	3.56E-11	51
ERR126028.38708807	EOG091H00QS	0.822	55	3	0	42	96	259	277	1.31E-05	35
ERR126028.39670408	EOG091H0212	0.846	-56	-8	0	60	3	239	258	1.38E-06	38
ERR126028.68106520	EOG091H03XL	0.696	-86	-25	0	97	10	168	197	4.56E-09	45
ERR126028.68106520	EOG091H03WD	0.572	-89	-38	0	97	7	173	203	2.02E-06	37
ERR126028.68106520	EOG091H03WO	0.572	-89	-38	0	97	7	167	197	2.02E-06	37
ERR126028.84657750	EOG091H0107	0.598	-80	-32	0	96	15	453	480	6.88E-06	36
ERR126028.26074190	EOG091H01UU	0.631	97	12	0	1	97	148	180	8.66E-09	44
ERR126028.59842744	EOG091H0029	0.566	91	13	0	2	92	110	139	2.78E-06	37
ERR126028.59842744	EOG091H003N	0.397	91	23	0	2	92	117	155	6.65E-04	30
ERR126028.27320074	EOG091H019D	0.733	-80	-21	0	84	3	607	634	5.94E-09	44
ERR126028.35898137	EOG091H0025	0.723	94	9	0	4	97	1671	1702	9.81E-11	49
ERR126028.50159329	EOG091H0002	0.885	97	4	0	1	97	3073	3105	1.39E-15	63
ERR126028.13124510	EOG091H01GT	0.875	-44	-5	0	93	48	410	425	1.72E-04	32
ERR126028.13124510	EOG091H0499	0.797	-47	-9	0	93	45	177	193	4.54E-04	31
ERR126028.38155828	EOG091H0242	0.862	70	3	0	19	88	173	196	2.02E-09	46
ERR126028.44459608	EOG091H00WM	0.739	94	8	0	4	97	590	621	3.77E-11	51
ERR126028.31972698	EOG091H0029	0.723	-92	-25	0	96	3	1075	1106	9.27E-11	49
ERR126028.42075272	EOG091H00E0	0.856	94	4	0	3	96	760	791	3.18E-14	59
ERR126028.6619365	EOG091H003N	0.638	-89	-32	0	96	6	651	681	4.05E-08	42
ERR126028.6619365	EOG091H0029	0.583	-89	-37	0	96	6	600	630	1.00E-06	38
ERR126028.80245369	EOG091H003N	0.822	-53	-9	0	65	11	461	479	1.16E-05	35
ERR126028.1939028	EOG091H01UU	0.701	-59	-17	0	85	25	241	261	9.60E-05	33
ERR126028.81784973	EOG091H039O	0.507	-95	-46	0	97	1	327	359	1.92E-05	34
ERR126028.284818	EOG091H05NI	0.936	94	2	0	3	96	238	269	2.67E-16	65
ERR126028.76051114	EOG091H016F	0.605	-89	-35	0	91	1	342	372	2.94E-07	40
ERR126028.48024513	EOG091H027V	0.920	-92	-6	0	98	5	363	394	7.35E-16	64
ERR126028.48024513	EOG091H021P	0.621	-92	-34	0	98	5	425	456	4.29E-08	42
ERR126028.36289862	EOG091H01SR	0.704	70	7	0	2	71	189	212	2.78E-06	37
ERR126028.3939993	EOG091H000H	0.515	-95	-46	0	98	2	3661	3694	5.29E-06	36
ERR126028.58702209	EOG091H00JN	0.617	73	9	0	18	90	905	929	4.75E-05	33
ERR126028.58702209	EOG091H00C4	0.545	76	13	0	18	93	538	566	4.75E-05	33
ERR126028.34510793	EOG091H00RU	0.641	-65	-23	0	98	32	752	773	1.32E-04	32
ERR126028.72160343	EOG091H02B8	0.948	-83	-3	0	97	13	273	301	1.78E-14	60
ERR126028.82408744	EOG091H03A1	0.741	-83	-21	0	93	9	183	211	1.20E-09	46
ERR126028.86349374	EOG091H01CK	0.776	-62	-13	0	64	1	515	536	1.46E-06	38
ERR126028.27796624	EOG091H03JP	0.525	-83	-39	0	97	13	252	281	6.95E-05	33
ERR126028.89882885	EOG091H002T	0.817	-71	-12	0	74	2	1537	1561	4.56E-09	45
ERR126028.43555001	EOG091H02FR	0.787	-86	-18	0	89	2	135	164	2.74E-11	51
ERR126028.70770498	EOG091H026S	0.978	97	1	0	1	97	235	267	4.49E-18	70
ERR126028.57795354	EOG091H01Z5	0.715	58	5	0	41	98	382	401	1.83E-04	32
ERR126028.88438191	EOG091H08UA	0.891	70	3	0	26	95	43	66	6.68E-10	47
ERR126028.48772680	EOG091H006J	0.686	-65	-20	0	69	3	876	898	1.81E-05	34
ERR126028.43350979	EOG091H07DW	0.504	-92	-45	0	97	4	85	115	5.04E-05	33
ERR126028.11358136	EOG091H01LE	0.596	-68	-27	0	91	22	259	282	3.49E-04	31
ERR126028.34669443	EOG091H03Y3	0.661	-68	-22	0	71	2	156	179	1.92E-05	34
ERR126028.34669447	EOG091H02XP	0.531	-80	-37	0	94	13	235	262	2.53E-04	31
ERR126028.35672436	EOG091H04P2	0.776	52	4	0	45	96	42	59	2.38E-04	31
ERR126028.5594737	EOG091H09M5	0.960	82	1	0	14	95	1	28	4.62E-14	59
ERR126028.93672685	EOG091H00L2	0.486	-95	-48	0	98	2	670	702	6.95E-05	33
ERR126028.79997629	EOG091H0027	0.500	-89	-44	0	92	2	1890	1920	1.32E-04	32
ERR126028.79997629	EOG091H0162	0.498	-83	-41	0	86	2	406	434	6.65E-04	30
ERR126028.10635956	EOG091H01OS	0.566	-77	-33	0	95	17	306	332	9.60E-05	33
ERR126028.54151083	EOG091H06OZ	0.790	-71	-14	0	96	24	381	405	1.55E-08	43
ERR126028.48615652	EOG091H027V	1.000	94	0	0	3	96	553	584	5.84E-18	70
ERR126028.48615652	EOG091H01UZ	0.621	91	11	0	3	93	383	413	1.06E-07	41
ERR126028.26930722	EOG091H008P	0.668	-77	-25	0	98	20	1110	1136	5.59E-07	39
ERR126028.70627818	EOG091H02XP	0.659	-95	-32	0	98	2	103	137	1.86E-10	49
ERR126028.51017283	EOG091H02J5	0.820	91	5	0	2	92	23	53	1.12E-12	55
ERR126028.5180407	EOG091H00KL	0.697	64	6	0	7	70	319	340	3.65E-05	34
ERR126028.23484546	EOG091H00OG	0.799	-86	-16	0	91	4	894	923	1.44E-11	52
ERR126028.49224153	EOG091H06WU	0.947	94	2	0	2	95	170	201	1.49E-16	66
ERR126028.70655547	EOG091H01ZP	0.735	-59	-15	0	61	1	358	378	2.64E-05	34
ERR126028.30924398	EOG091H03WJ	0.617	73	9	0	5	77	108	132	5.04E-05	33
ERR126028.67371436	EOG091H02HW	0.991	-89	0	0	95	5	178	208	5.74E-17	67
ERR126028.67371436	EOG091H03FW	0.518	-80	-38	0	98	17	103	130	4.82E-04	31
ERR126028.62076185	EOG091H01Z5	0.642	64	8	0	33	96	113	134	3.29E-04	31
ERR126028.11482439	EOG091H03JG	0.792	94	6	0	5	98	176	207	1.55E-12	55
ERR126028.52643462	EOG091H02GV	0.827	88	5	0	3	90	412	441	2.76E-12	54
ERR126028.87413414	EOG091H044T	0.657	-95	-32	0	98	2	251	283	1.75E-09	46
ERR126028.21037862	EOG091H00NH	0.911	97	3	0	1	97	693	725	2.83E-16	65
ERR126028.21037862	EOG091H00GI	0.573	94	13	0	4	97	791	822	7.70E-07	38
ERR126028.81053513	EOG091H0526	0.900	-95	-9	0	97	1	264	296	5.33E-16	64
ERR126028.43768899	EOG091H0021	0.759	-59	-13	0	97	37	77	97	1.01E-05	35
ERR126028.24199040	EOG091H01V3	0.696	88	9	0	9	96	560	588	4.31E-09	45
ERR126028.85134424	EOG091H01MS	0.476	97	17	0	1	97	254	286	1.32E-04	32
ERR126028.2039789	EOG091H00PU	0.680	58	6	0	3	60	16	35	6.27E-04	30
ERR126028.27462258	EOG091H003N	0.641	-95	-33	0	97	1	578	610	4.56E-09	45
ERR126028.75717692	EOG091H03S3	0.896	-53	-5	0	92	38	235	253	1.06E-06	38
ERR126028.82880488	EOG091H02W1	0.886	82	3	0	15	96	173	200	2.01E-12	54
ERR126028.45005600	EOG091H01MN	0.687	-83	-25	0	97	13	460	488	2.26E-08	43
ERR126028.22746725	EOG091H05NI	0.852	-71	-10	0	97	25	151	175	9.20E-10	47
ERR126028.71279646	EOG091H0433	1.000	46	0	0	3	48	13	28	1.90E-06	37
ERR126028.89933845	EOG091H02S8	1.000	91	0	0	3	93	89	119	1.64E-18	72
ERR126028.66761166	EOG091H0061	0.877	-92	-10	0	97	4	570	601	9.40E-15	61
ERR126028.79371002	EOG091H01O1	0.555	82	12	0	15	96	438	465	6.55E-05	33
ERR126028.2219	EOG091H01YM	0.652	61	7	0	21	81	274	294	6.27E-04	30
ERR126028.90363979	EOG091H0074	0.837	-56	-8	0	97	40	1125	1144	2.02E-06	37
ERR126028.1309610	EOG091H085R	0.528	97	15	0	1	97	77	109	5.29E-06	36
ERR126028.80224196	EOG091H01F1	0.739	82	7	0	15	96	560	587	4.31E-09	45
ERR126028.56115162	EOG091H01A9	0.903	79	3	0	3	81	362	388	3.80E-12	53
ERR126028.31798491	EOG091H03ZJ	0.821	79	5	0	1	79	197	223	2.29E-10	48
ERR126028.23533759	EOG091H024T	0.839	64	3	0	3	66	494	515	1.06E-07	41
ERR126028.11123245	EOG091H00WJ	0.618	-68	-25	0	84	15	707	730	1.25E-04	32
ERR126028.30358807	EOG091H03WJ	0.721	73	7	0	17	89	108	132	4.05E-07	39
ERR126028.93442024	EOG091H00MA	0.671	91	10	0	7	97	602	632	6.29E-09	44
ERR126028.84354718	EOG091H00OH	0.828	97	6	0	1	97	616	648	4.62E-14	59
ERR126028.70681698	EOG091H025R	0.645	-86	-30	0	89	2	86	115	7.26E-08	41
ERR126028.63085109	EOG091H070B	0.597	-71	-28	0	84	12	64	88	1.25E-04	32
ERR126028.63085109	EOG091H07DI	0.590	-71	-29	0	84	12	62	86	1.72E-04	32
ERR126028.63085109	EOG091H0792	0.555	-71	-31	0	84	12	64	88	8.66E-04	30
ERR126028.84185761	EOG091H05IK	0.733	-92	-24	0	96	3	37	68	4.90E-11	50
ERR126028.82408841	EOG091H0002	0.845	94	5	0	2	95	5496	5527	6.36E-14	59
ERR126028.87729596	EOG091H03DA	0.583	91	12	0	1	91	29	57	1.06E-06	38
ERR126028.26019558	EOG091H0002	0.626	-95	-35	0	97	1	3673	3705	1.19E-08	44
ERR126028.9329933	EOG091H039M	0.813	55	3	0	2	56	507	525	1.92E-05	34
ERR126028.75763491	EOG091H071R	0.817	-83	-14	0	93	9	137	165	1.88E-11	51
ERR126028.68844399	EOG091H01MN	0.879	64	3	0	34	97	307	328	2.26E-08	43
ERR126028.73411414	EOG091H00L2	0.638	73	9	0	1	73	246	270	1.92E-05	34
ERR126028.78940554	EOG091H05H6	0.783	73	5	0	1	73	52	76	1.90E-08	43
ERR126028.46739720	EOG091H056U	0.902	88	3	0	11	98	194	223	4.62E-14	59
ERR126028.7971773	EOG091H00JC	0.768	64	5	0	35	98	176	197	2.02E-06	37
ERR126028.25623959	EOG091H02G0	0.618	64	8	0	19	82	106	127	9.19E-04	30
ERR126028.89524306	EOG091H02GQ	0.812	-68	-12	0	97	28	155	178	2.26E-08	43
ERR126028.5115813	EOG091H02XP	0.769	73	6	0	13	85	386	410	4.29E-08	42
ERR126028.19579489	EOG091H03XH	0.528	-77	-36	0	81	3	356	382	6.27E-04	30
ERR126028.27394425	EOG091H00YF	0.660	-59	-19	0	62	2	59	79	4.82E-04	31
ERR126028.62527599	EOG091H01LE	0.593	-86	-34	0	94	7	182	211	1.46E-06	38
ERR126028.28891980	EOG091H07ZC	0.797	97	6	0	2	98	105	137	3.14E-13	57
ERR126028.80513169	EOG091H00O1	0.907	-56	-4	0	58	1	312	331	1.55E-07	40
ERR126028.43647996	EOG091H00VG	0.717	-92	-25	0	98	5	168	199	1.35E-10	49
ERR126028.59203081	EOG091H03GI	0.737	88	8	0	10	97	63	93	1.35E-10	49
ERR126028.27072743	EOG091H01YD	1.000	94	0	0	3	96	91	122	4.25E-18	70
ERR126028.17380800	EOG091H024D	0.797	97	6	0	2	98	114	146	3.14E-13	57
ERR126028.23575546	EOG091H01UU	0.838	73	4	0	24	96	142	166	1.65E-09	46
ERR126028.4637530	EOG091H07RS	0.834	61	3	0	3	63	24	44	5.27E-07	39
ERR126028.35658519	EOG091H07GQ	0.662	97	11	0	2	98	95	127	1.27E-09	46
ERR126028.29195579	EOG091H04YN	0.760	-95	-22	0	98	2	226	258	2.92E-12	54
ERR126028.5854280	EOG091H01SR	0.776	94	7	0	5	98	173	204	4.03E-12	53
ERR126028.61552458	EOG091H027V	0.565	-83	-36	0	89	5	428	457	7.30E-06	36
ERR126028.32005288	EOG091H02N4	0.641	67	8	0	31	97	92	114	1.32E-04	32
ERR126028.61555356	EOG091H003N	0.833	-95	-15	0	97	1	528	560	3.36E-14	59
ERR126028.61555356	EOG091H0029	0.594	-89	-36	0	97	7	494	524	5.59E-07	39
ERR126028.92856501	EOG091H024K	0.514	94	14	0	1	94	463	492	2.64E-05	34
ERR126028.87858915	EOG091H05VK	0.743	-59	-14	0	97	37	126	146	1.92E-05	34
ERR126028.53365090	EOG091H01LE	0.630	79	10	0	9	87	331	357	3.62E-06	36
ERR126028.53365090	EOG091H01JA	0.555	82	12	0	12	93	320	347	6.55E-05	33
ERR126028.90476680	EOG091H0338	0.820	58	3	0	1	58	148	167	3.84E-06	36
ERR126028.57282237	EOG091H03IS	0.647	79	10	0	1	79	328	355	5.59E-07	39
ERR126028.18815378	EOG091H07TA	0.942	-38	-1	0	45	6	114	127	6.27E-04	30
ERR126028.16833878	EOG091H02JZ	0.792	94	6	0	2	95	7	38	1.55E-12	55
ERR126028.88727845	EOG091H00ZS	0.976	58	0	0	41	98	67	86	1.19E-08	44
ERR126028.83268497	EOG091H03L0	0.942	67	1	0	13	79	269	291	3.53E-10	48
ERR126028.24543325	EOG091H00QE	0.826	-59	-9	0	62	2	657	677	7.70E-07	38
ERR126028.80219915	EOG091H01ZI	0.547	79	12	0	3	81	154	180	2.11E-04	31
ERR126028.64492318	EOG091H020A	0.958	94	1	0	3	96	64	95	7.46E-17	67
ERR126028.23357024	EOG091H00DM	0.616	94	12	0	3	96	249	280	5.58E-08	42
ERR126028.30008434	EOG091H0A8G	0.739	55	5	0	41	95	47	65	2.53E-04	31
ERR126028.11216905	EOG091H01GP	0.900	49	2	0	1	49	388	404	1.92E-05	34
ERR126028.69749115	EOG091H01DE	0.478	-89	-46	0	98	8	287	314	4.82E-04	31
ERR126028.68692045	EOG091H00DB	0.579	-95	-39	0	97	1	125	157	2.13E-07	40
ERR126028.35809595	EOG091H03T8	0.751	79	6	0	12	90	15	41	8.17E-09	44
ERR126028.83716582	EOG091H00NM	0.743	76	6	0	3	78	301	326	4.05E-08	42
ERR126028.5900541	EOG091H0596	0.881	67	3	0	30	96	109	131	4.31E-09	45
ERR126028.9659955	EOG091H01JA	0.597	73	10	0	26	98	169	193	1.32E-04	32
ERR126028.593955	EOG091H0021	0.687	79	8	0	17	95	2024	2050	2.13E-07	40
ERR126028.92473728	EOG091H01K3	0.746	-65	-16	0	80	14	271	293	1.46E-06	38
ERR126028.4081809	EOG091H016I	0.565	88	13	0	1	88	167	196	7.30E-06	36
ERR126028.4081809	EOG091H014S	0.512	94	16	0	1	94	170	202	1.39E-05	35
ERR126028.38332854	EOG091H002E	0.895	-95	-9	0	98	2	1666	1698	7.35E-16	64
ERR126028.38332854	EOG091H0037	0.586	-80	-33	0	83	2	1522	1549	1.39E-05	35
ERR126028.40168983	EOG091H00NH	0.744	79	7	0	2	80	582	608	1.19E-08	44
ERR126028.71506499	EOG091H00NL	0.618	-62	-23	0	69	6	808	829	8.66E-04	30
ERR126028.31968298	EOG091H08YO	0.528	-83	-39	0	97	13	50	78	1.32E-04	32
ERR126028.46978648	EOG091H04T9	0.700	73	7	0	3	75	12	36	1.00E-06	38
ERR126028.420263	EOG091H03TP	0.708	-65	-18	0	91	25	150	172	7.30E-06	36
ERR126028.26439234	EOG091H03WJ	0.679	88	9	0	11	98	303	332	1.19E-08	44
ERR126028.33298701	EOG091H05LD	0.762	70	6	0	1	70	115	139	5.91E-08	42
ERR126028.45663991	EOG091H02X0	0.622	88	11	0	9	96	327	356	2.77E-07	40
ERR126028.45663991	EOG091H03WJ	0.594	91	12	0	3	93	264	294	5.27E-07	39
ERR126028.86093586	EOG091H01N6	0.932	55	1	0	1	55	507	525	2.94E-07	40
ERR126028.68846002	EOG091H01JA	0.617	76	10	0	19	94	378	403	1.92E-05	34
ERR126028.36715091	EOG091H09S6	0.664	94	10	0	1	94	22	53	3.31E-09	45
ERR126028.63559133	EOG091H03IE	0.673	-86	-27	0	93	6	368	396	1.55E-08	43
ERR126028.66708559	EOG091H025Q	0.895	97	3	0	1	97	140	172	7.35E-16	64
ERR126028.76739448	EOG091H05ZX	0.718	-59	-16	0	62	2	64	84	4.22E-05	33
ERR126028.49875695	EOG091H015X	0.641	67	8	0	3	69	635	657	1.25E-04	32
ERR126028.49832893	EOG091H0027	0.650	64	7	0	6	69	261	282	2.38E-04	31
ERR126028.34408954	EOG091H013Z	0.653	-80	-27	0	84	3	215	242	3.82E-07	39
ERR126028.34408954	EOG091H06RV	0.586	-80	-33	0	84	3	220	247	1.31E-05	35
ERR126028.34408954	EOG091H00RF	0.638	-71	-25	0	75	3	920	944	1.81E-05	34
ERR126028.34408954	EOG091H01GK	0.504	-86	-42	0	90	3	291	322	4.75E-05	33
ERR126028.34408954	EOG091H01UD	0.590	-71	-29	0	75	3	401	425	1.72E-04	32
ERR126028.34408954	EOG091H02O4	0.583	-71	-29	0	75	3	184	208	2.38E-04	31
ERR126028.34408954	EOG091H039M	0.472	-86	-45	0	90	3	227	258	3.29E-04	31
ERR126028.34408954	EOG091H0499	0.544	-71	-32	0	75	3	131	156	6.27E-04	30
ERR126028.34408954	EOG091H00PU	0.461	-86	-46	0	90	3	122	153	6.27E-04	30
ERR126028.69067142	EOG091H07DH	0.990	-50	0	0	53	2	80	97	2.13E-07	40
ERR126028.9553157	EOG091H02Z6	0.885	-95	-10	0	98	2	337	369	1.39E-15	63
ERR126028.33659760	EOG091H0002	0.751	79	6	0	2	80	33	59	8.66E-09	44
ERR126028.83746473	EOG091H01K8	0.644	-59	-20	0	63	3	480	500	8.66E-04	30
ERR126028.88980126	EOG091H08HY	0.663	-65	-21	0	71	5	81	103	5.04E-05	33
ERR126028.54238704	EOG091H0002	1.000	37	0	0	59	95	6467	6479	9.60E-05	33
ERR126028.54784300	EOG091H00ZZ	0.544	73	11	0	12	84	600	625	6.27E-04	30
ERR126028.23432994	EOG091H00OH	0.680	79	8	0	5	83	820	846	2.94E-07	40
ERR126028.844452	EOG091H03LM	0.884	79	3	0	1	79	143	169	1.05E-11	52
ERR126028.844452	EOG091H03FE	0.741	85	7	0	1	85	143	171	1.27E-09	46
ERR126028.844452	EOG091H02S8	0.450	79	19	0	1	79	153	187	1.83E-04	32
ERR126028.93389253	EOG091H00DB	0.616	88	11	0	3	90	842	871	3.82E-07	39
ERR126028.37267023	EOG091H02D7	1.000	-56	0	0	96	39	382	401	4.31E-09	45
ERR126028.8866281	EOG091H004P	0.672	82	9	0	3	84	473	500	1.46E-07	40
ERR126028.78396396	EOG091H01LE	0.650	-86	-29	0	90	3	330	359	5.58E-08	42
ERR126028.78396396	EOG091H01JA	0.530	-86	-40	0	90	3	318	347	4.75E-05	33
ERR126028.78396396	EOG091H004B	0.737	-50	-12	0	96	45	1196	1213	8.66E-04	30
ERR126028.32474309	EOG091H03J4	0.535	-92	-42	0	95	2	168	203	2.94E-07	40
ERR126028.33704663	EOG091H08CO	0.834	61	3	0	37	97	120	140	5.59E-07	39
ERR126028.60704564	EOG091H00LY	0.747	97	9	0	1	97	227	261	5.93E-13	56
ERR126028.86851825	EOG091H004H	0.616	-95	-36	0	97	1	518	550	2.26E-08	43
ERR126028.21538780	EOG091H0002	0.814	-65	-11	0	98	32	3855	3877	8.15E-08	41
ERR126028.75892838	EOG091H00OX	0.973	49	0	0	47	95	106	122	2.02E-06	37
ERR126028.82236374	EOG091H04OV	0.505	82	13	0	2	83	116	143	8.16E-04	30
ERR126028.81367699	EOG091H068W	0.809	91	6	0	2	92	115	145	2.12E-12	54
ERR126028.16574687	EOG091H02X0	0.577	-89	-37	0	92	2	330	360	1.46E-06	38
ERR126028.16574687	EOG091H03WJ	0.585	-77	-31	0	80	2	269	295	3.65E-05	34
ERR126028.80986054	EOG091H06XM	0.758	82	7	0	10	91	150	177	1.75E-09	46
ERR126028.72513400	EOG091H00AU	0.658	85	10	0	3	87	102	130	1.06E-07	41
ERR126028.72513401	EOG091H00AU	0.896	-53	-5	0	76	22	132	150	1.06E-06	38
ERR126028.52316105	EOG091H00C4	0.598	-80	-32	0	94	13	194	221	7.30E-06	36
ERR126028.67343388	EOG091H00IO	0.816	76	5	0	1	76	677	702	1.27E-09	46
ERR126028.18205098	EOG091H00N0	0.837	82	4	0	3	84	445	472	2.59E-11	51
ERR126028.42422788	EOG091H00KI	0.567	82	12	0	3	84	704	731	3.44E-05	34
ERR126028.33135916	EOG091H08HS	0.766	52	4	0	35	86	47	64	3.49E-04	31
ERR126028.90777801	EOG091H06VU	0.836	-74	-11	0	76	1	80	105	4.86E-10	48
ERR126028.37725345	EOG091H02P6	0.598	-77	-30	0	81	3	321	347	1.81E-05	34
ERR126028.29345109	EOG091H00E0	0.824	94	5	0	3	96	763	794	2.15E-13	57
ERR126028.80756711	EOG091H00K1	0.862	-74	-9	0	76	1	338	363	1.35E-10	49
ERR126028.47935908	EOG091H06OZ	0.477	94	16	0	3	96	104	135	2.38E-04	31
ERR126028.26568942	EOG091H00OX	0.918	85	2	0	12	96	43	71	8.28E-14	58
ERR126028.25360450	EOG091H033A	0.907	-86	-7	0	98	11	308	337	3.36E-14	59
ERR126028.83730330	EOG091H07RS	0.942	43	1	0	33	75	171	185	1.25E-04	32
ERR126028.68756760	EOG091H03WJ	0.827	-77	-12	0	81	3	105	131	1.76E-10	49
ERR126028.70129280	EOG091H03WJ	0.591	76	10	0	10	85	201	226	6.95E-05	33
ERR126028.68698677	EOG091H01JA	0.726	70	6	0	27	96	202	225	1.00E-06	38
ERR126028.68698677	EOG091H01LE	0.675	70	7	0	21	90	212	235	9.49E-06	35
ERR126028.65809086	EOG091H00SJ	0.673	97	10	0	2	98	86	118	6.68E-10	47
ERR126028.48899252	EOG091H07XV	0.997	64	0	0	4	67	195	216	1.86E-10	49
ERR126028.48584230	EOG091H041T	0.953	-44	-1	0	96	51	53	68	1.81E-05	34
ERR126028.48584230	EOG091H04Y6	0.890	-47	-4	0	96	48	31	47	2.49E-05	34
ERR126028.48584230	EOG091H05H6	0.794	-53	-10	0	90	36	38	56	3.44E-05	34
ERR126028.48584230	EOG091H06O1	0.882	-41	-4	0	90	48	22	36	6.27E-04	30
ERR126028.19900811	EOG091H02X0	0.693	-59	-17	0	61	1	335	355	1.32E-04	32
ERR126028.76685658	EOG091H03FW	1.000	43	0	0	2	44	109	123	1.01E-05	35
ERR126028.69574461	EOG091H01TP	0.690	88	9	0	3	90	160	189	5.94E-09	44
ERR126028.66006512	EOG091H04Q2	0.810	-86	-16	0	96	9	175	204	7.21E-12	53
ERR126028.66006512	EOG091H02K1	0.610	-71	-27	0	96	24	189	213	6.55E-05	33
ERR126028.5803068	EOG091H0A6R	0.753	67	5	0	3	69	35	57	1.00E-06	38
ERR126028.34771736	EOG091H02MQ	0.950	-59	-2	0	97	37	51	71	6.29E-09	44
ERR126028.41686241	EOG091H02H7	0.714	-71	-20	0	74	2	977	1001	5.59E-07	39
ERR126028.20439442	EOG091H0387	0.964	67	1	0	2	68	212	234	1.35E-10	49
ERR126028.84053761	EOG091H036I	0.861	94	4	0	3	96	62	93	2.31E-14	60
ERR126028.59457696	EOG091H01Y3	0.740	-95	-24	0	98	2	247	279	1.05E-11	52
ERR126028.84709499	EOG091H01F1	0.848	-95	-14	0	98	2	179	211	1.29E-14	61
ERR126028.62663437	EOG091H0002	0.729	-95	-25	0	98	2	4450	4482	1.99E-11	51
ERR126028.15281830	EOG091H04RG	0.450	94	18	0	2	95	106	138	6.65E-04	30
ERR126028.27350863	EOG091H03WJ	0.696	94	9	0	2	95	293	324	4.86E-10	48
ERR126028.87782993	EOG091H00L2	0.926	-92	-6	0	96	3	175	206	5.04E-16	64
ERR126028.67278979	EOG091H008Z	0.605	-86	-33	0	90	3	299	328	7.26E-07	38
ERR126028.34258272	EOG091H000H	0.517	-95	-45	0	97	1	2486	2517	1.01E-05	35
ERR126028.50020450	EOG091H0792	0.947	-95	-4	0	98	2	94	126	3.03E-17	68
ERR126028.20489686	EOG091H03S6	0.797	97	6	0	1	97	134	166	3.14E-13	57
ERR126028.50529306	EOG091H01L1	0.776	-92	-20	0	94	1	81	112	4.03E-12	53
ERR126028.43292722	EOG091H01CW	0.970	-86	-2	0	88	1	585	614	8.52E-16	64
ERR126028.43292725	EOG091H008P	0.975	76	1	0	21	96	842	867	5.60E-13	56
ERR126028.22584919	EOG091H076I	0.942	-47	-2	0	96	48	105	121	4.99E-06	36
ERR126028.4350739	EOG091H00IO	0.641	82	10	0	17	98	838	865	7.70E-07	38
ERR126028.58412941	EOG091H02XP	0.741	-56	-14	0	97	40	92	111	6.95E-05	33
ERR126028.86705776	EOG091H03UP	0.962	49	1	0	1	49	83	99	2.78E-06	37
ERR126028.20524166	EOG091H00VX	0.621	91	11	0	2	92	427	457	1.12E-07	41
ERR126028.33704650	EOG091H014S	0.898	70	2	0	2	71	95	118	4.86E-10	48
ERR126028.77190985	EOG091H02XP	0.797	-92	-18	0	94	1	101	132	1.12E-12	55
ERR126028.33199390	EOG091H01LE	0.795	52	3	0	21	72	266	283	1.25E-04	32
ERR126028.9630564	EOG091H025R	0.555	-89	-39	0	93	3	454	484	4.99E-06	36
ERR126028.41342625	EOG091H00KR	0.747	70	6	0	2	71	399	422	4.05E-07	39
ERR126028.80008254	EOG091H012M	0.805	52	3	0	2	53	41	58	9.60E-05	33
ERR126028.22589717	EOG091H070G	0.838	49	3	0	47	95	91	107	1.32E-04	32
ERR126028.92058161	EOG091H00IO	0.678	-95	-30	0	97	1	776	808	4.86E-10	48
ERR126028.67825920	EOG091H02UF	0.644	61	7	0	36	96	115	135	8.66E-04	30
ERR126028.70032459	EOG091H04Q2	0.726	91	8	0	3	93	345	375	2.42E-10	48
ERR126028.29362363	EOG091H045J	1.000	97	0	0	1	97	260	292	9.17E-19	72
ERR126028.56525996	EOG091H01Z5	0.610	-95	-36	0	97	1	128	160	3.11E-08	42
ERR126028.79743352	EOG091H085R	0.847	-62	-9	0	98	35	109	130	8.15E-08	41
ERR126028.90124203	EOG091H03WJ	0.729	-62	-16	0	98	35	131	152	1.01E-05	35
ERR126028.85259672	EOG091H02FZ	0.820	46	3	0	44	89	192	207	9.19E-04	30
ERR126028.55317821	EOG091H008P	0.579	-77	-32	0	98	20	1049	1075	5.04E-05	33
ERR126028.39816060	EOG091H00K1	0.805	88	6	0	4	91	374	403	1.05E-11	52
ERR126028.6778031	EOG091H00E0	1.000	-59	0	0	62	2	859	879	2.30E-11	51
ERR126028.38436132	EOG091H00EC	1.000	-65	0	0	68	2	827	849	1.99E-11	51
ERR126028.1497833	EOG091H021O	1.000	40	0	0	2	41	170	183	7.30E-06	36
ERR126028.66691713	EOG091H02C1	0.917	-80	-6	0	97	16	115	142	4.31E-13	56
ERR126028.36016945	EOG091H0026	0.786	-95	-20	0	97	1	658	690	5.93E-13	56
ERR126028.58356411	EOG091H004L	0.810	-86	-16	0	96	9	116	145	7.21E-12	53
ERR126028.29284577	EOG091H01RN	0.664	-92	-30	0	97	4	429	460	3.31E-09	45
ERR126028.36848683	EOG091H0027	0.990	94	0	0	3	96	1892	1923	1.10E-17	69
ERR126028.36848683	EOG091H0162	0.498	85	14	0	3	87	408	436	6.27E-04	30
ERR126028.61035740	EOG091H00ZS	0.821	79	5	0	20	98	258	284	2.57E-10	48
ERR126028.51593979	EOG091H02GU	0.801	-77	-15	0	97	19	474	500	6.68E-10	47
ERR126028.48397626	EOG091H00O6	0.710	-74	-21	0	96	21	312	335	2.01E-07	40
ERR126028.75774259	EOG091H02VU	0.610	82	11	0	3	84	226	253	3.62E-06	36
ERR126028.39575782	EOG091H007C	0.638	91	11	0	3	93	106	136	4.05E-08	42
ERR126028.51665091	EOG091H02AZ	0.724	-56	-15	0	58	1	164	183	1.32E-04	32
ERR126028.67944231	EOG091H007C	0.576	88	12	0	8	95	107	136	3.84E-06	36
ERR126028.73436059	EOG091H0315	0.644	76	9	0	22	97	253	278	5.29E-06	36
ERR126028.67039902	EOG091H00ZE	0.641	67	8	0	23	89	763	785	1.32E-04	32
ERR126028.67747190	EOG091H00KL	0.807	-95	-18	0	98	2	62	94	1.65E-13	57
ERR126028.11878593	EOG091H01OS	0.610	-65	-25	0	96	30	447	469	4.54E-04	31
ERR126028.13544961	EOG091H06O1	0.776	-83	-18	0	98	14	203	231	1.86E-10	49
ERR126028.36313379	EOG091H02FR	0.801	-77	-15	0	87	9	244	270	6.31E-10	47
ERR126028.32595709	EOG091H025R	0.677	-59	-18	0	63	3	95	115	2.38E-04	31
ERR126028.64460076	EOG091H03RO	0.776	94	7	0	4	97	298	329	4.03E-12	53
ERR126028.10011047	EOG091H0027	0.466	94	17	0	3	96	810	841	4.54E-04	31
ERR126028.35730504	EOG091H0034	0.770	82	6	0	3	84	1492	1519	8.69E-10	47
ERR126028.69165622	EOG091H0026	0.786	-47	-9	0	92	44	29	45	6.65E-04	30
ERR126028.65141442	EOG091H00NK	0.847	-62	-9	0	66	3	1120	1141	7.69E-08	41
ERR126028.69224533	EOG091H00FN	0.776	-53	-11	0	90	36	844	862	6.55E-05	33
ERR126028.68975462	EOG091H0061	0.718	-68	-18	0	87	18	244	267	1.38E-06	38
ERR126028.84850455	EOG091H048H	0.595	-95	-38	0	98	2	114	146	8.15E-08	41
ERR126028.84714132	EOG091H01K3	0.729	85	8	0	13	97	147	175	2.40E-09	46
ERR126028.38905533	EOG091H008P	0.567	-80	-34	0	88	7	885	912	3.65E-05	34
ERR126028.5815086	EOG091H007C	0.574	82	12	0	12	93	107	134	2.49E-05	34
ERR126028.79205961	EOG091H01EU	0.931	97	2	0	1	97	518	550	7.89E-17	67
ERR126028.3641073	EOG091H01N6	0.920	46	1	0	2	47	510	525	5.04E-05	33
ERR126028.68745709	EOG091H036I	0.974	-92	-1	0	95	2	299	330	3.03E-17	68
ERR126028.68745709	EOG091H03AL	0.758	-83	-19	0	95	11	264	292	4.86E-10	48
ERR126028.1195465	EOG091H024D	0.850	-86	-12	0	98	11	111	140	8.16E-13	55
ERR126028.59195027	EOG091H05II	0.472	91	16	0	7	97	298	328	6.65E-04	30
ERR126028.60484526	EOG091H01UU	0.626	-92	-34	0	96	3	107	138	2.94E-08	42
ERR126028.48186258	EOG091H04AQ	0.622	85	11	0	7	91	83	111	7.70E-07	38
ERR126028.40192244	EOG091H0037	0.698	58	6	0	39	96	1451	1470	3.29E-04	31
ERR126028.92564961	EOG091H03WS	0.776	-53	-11	0	96	42	374	392	6.55E-05	33
ERR126028.60712797	EOG091H097R	0.652	61	7	0	2	62	49	69	6.65E-04	30
ERR126028.53392832	EOG091H01Q0	0.671	-56	-18	0	64	7	226	245	9.19E-04	30
ERR126028.32606564	EOG091H03I3	0.542	88	13	0	4	91	343	372	2.64E-05	34
ERR126028.64889031	EOG091H00AU	0.634	85	10	0	8	92	799	827	4.05E-07	39
ERR126028.1912469	EOG091H033A	0.833	-86	-14	0	89	2	322	351	1.90E-12	54
ERR126028.88959606	EOG091H01H5	0.795	-50	-9	0	57	6	274	291	1.25E-04	32
