32678081
13629819
61464474
51784847
52245135
21337701
20387588
60901303
11678077
40635342
86083100
2893696
41144023
58835130
19002883
89936977
62270119
24888932
89566997
43022961
18054980
44940824
45885987
3562500
8259320
77388882
64387981
93895919
93778217
81017467
32573513
15770017
25396368
94587741
71028131
92991495
88001805
71800396
61059551
50517416
47045937
29673955
72038579
1607761
50500522
61791323
6286461
6043310
70398592
66698088
68395114
20606797
22574688
9642196
34924834
50959027
84849350
14780855
58377590
85390201
86472173
91282675
15917214
76848291
82253981
33838818
53252827
71196926
5537528
82650617
89085570
16498773
25679029
15686968
36263248
62555134
28042394
36268724
81752808
65168483
27040453
56111516
38039279
37280608
25073224
708126
19045800
37955926
75360477
34562372
22729562
40229414
92245059
48150391
48088701
11200274
41091488
19291842
88297324
42396927
11333304
23455320
68280013
44411016
92937530
44517779
50306909
35763748
36255398
20051525
5691101
2816493
31321053
64634329
66357503
73483324
57960869
72407851
16998561
11250459
69147466
14602743
57830245
88491030
16289504
75280065
29614513
84707593
51880263
76635221
77983947
85325693
27708380
59922043
54439894
66004030
58244396
81609703
63765334
65589685
82059006
13307092
82584900
6807182
16236699
47641298
51944892
82252134
8151970
35728558
19914132
47379526
38740878
82306607
40529547
50039758
50285470
24845521
76214878
47009486
54364228
13303445
62540760
30531083
32652364
73800006
72397173
16398669
56573003
5061901
59173494
50438352
40709282
26980216
17372503
45656208
61313925
73466802
15923684
65964265
23612177
21056918
63535208
28301856
5591785
83250243
5598286
59766624
80048056
36119501
58085026
89595027
61454932
15700849
36646111
50311424
79007167
80209297
3016654
31701791
91993203
86500273
65876124
42033140
31341528
38606033
38573360
31405747
37721287
55292793
32337197
73385223
71988348
85782686
54773781
91002383
41190833
69219720
1346883
16147419
58111726
64954591
7478738
18871624
