1013524
78091532
41196909
85113938
50134665
25575270
43343518
43514441
4137871
52446459
56877523
89577650
72269550
41040060
22184626
64042746
26508112
53773126
28111838
80316813
41146421
33984972
91942960
81152917
64960068
21035122
54978755
44212971
63916539
77954568
25231003
19639556
48825384
37791072
60081564
19627597
38231434
51334563
29160061
80310226
64284236
48850649
37112500
87565587
84221830
21102146
61928893
77837856
35591177
69027197
20673733
51453703
57684103
3047244
57761685
34063514
92011574
6804844
6734100
47690106
53766976
45353762
14731731
56650752
38270154
50280680
48968939
66200609
19092004
50926001
38398950
90040669
25414704
35946053
36314029
73224432
58692125
88145102
58963718
866977
19647878
67525174
13537639
59227574
24537693
4004445
40913263
17834499
31858119
73583835
77195449
91891932
24038305
29632054
56418856
74353128
64047859
3320820
13710313
18971293
30414545
25492713
81779578
289343
28153445
37308856
55642323
53756875
236683
54157707
466853
39787625
46125234
17558446
81700427
12824539
6464559
56788077
40800403
3345822
25824122
92081116
35002352
79466723
17564166
61578483
65907871
53188412
29636830
45152385
85413265
16998758
76239019
38638783
11033510
56026864
70778149
41664837
67361405
11242023
45154175
18104366
81501030
11502838
24632689
26767315
31485294
28411034
5764731
7501847
34199485
21530042
18358931
68232152
1740010
67679469
42130202
47746823
19714425
52045900
41251650
61260093
76122698
84660621
7138575
71040631
90124683
76059490
60265022
45488438
77732953
16256544
71483640
42076641
75479216
80598143
3606239
44873903
86097742
46365387
11740321
72615275
34091396
72627088
64753723
9109504
2721545
27396189
71444673
42620319
73993722
68511196
41568311
92864271
72092558
45391356
68996535
36528815
68175301
43957335
33093185
7762970
1296696
526220
33620443
19221571
19522006
48389218
38464225
11265465
24058006
34987659
14745950
2053859
13580201
29135199
38083906
35643648
82264478
28852331
