52944541
7474081
70838105
58687851
16534775
44667363
16944774
17429328
61548837
41128577
41342949
75252964
69695531
35296433
3456242
41846561
8692801
76000257
51172316
18543052
21569388
2878433
20632623
5752639
57743437
6054611
46150795
3359340
13034211
34159772
88709512
55971877
31882434
2464099
21902211
34501365
48151292
50727977
78354181
66989709
68349707
41003160
24812657
23444232
29081003
13458615
56825744
22302356
17401606
70316516
74809668
50909564
90320507
68656825
82355703
25308754
11798169
27359872
77196102
55420085
47133287
30974024
16768252
74347655
59664903
48983392
89444167
19451872
534554
17494031
52691882
46971139
64709939
68186057
55757951
19310378
90342923
19051495
25188078
92828454
79526075
43767667
66662601
87646197
27995078
71358710
66735722
8782966
15991873
36847112
50607162
9314399
72315106
40012363
80402201
39786449
64049967
26216593
15664543
93893360
83858689
36423383
81779199
61753512
54890139
2377695
55058756
44619216
74017065
46597089
57707307
75931594
13961930
15306441
47930174
81297899
36704555
88273457
90099569
49354605
2825244
61729289
17198012
41003586
89218884
4398912
53515967
16419547
8900091
5602379
70211524
85865208
45520986
55377707
83942550
40683160
50512090
60418267
43676069
78055803
72057171
49071533
41339694
57389945
62986418
63001463
40806536
70674501
58151756
26524062
94277105
81869299
94298240
18988247
6093013
14775348
77126372
33105548
2597304
58564162
83122844
77706819
68325544
58099583
54842863
38733169
73137728
78755157
17641991
58275501
7345191
23105413
42010606
48391806
40729248
5736016
78969118
45230102
49985665
80615772
12493778
68770561
21595447
25290702
32850719
84889402
40030682
81861947
637781
17114221
44186282
12312819
21002957
229423
82924250
31066747
23009614
16700085
45272676
11344179
38505250
34703661
11047760
65075340
58546716
92281413
33813593
24463186
28407373
88565760
50737401
30849054
94356185
27018615
83105858
65645645
19719947
59667933
19505350
20501215
47657966
38957867
64413246
81549317
24429788
75923629
35421424
36844255
30141026
34541711
77435309
83716297
7352561
26317813
12130778
42908957
48708853
52738730
11263075
60079786
3807571
50897003
31223381
70761843
1773183
1386841
33986001
77295305
92751858
30550531
11815407
83174724
91186384
56857344
83885783
84214965
37407378
77794638
68349706
10709250
64611592
59999423
73727673
7271673
24235324
42902337
18610215
66493080
2315802
48993261
27251151
3115463
35707506
31957449
25288674
21613802
64457332
25416372
94148342
15439809
94091261
75855937
3388716
23651510
86308692
90298894
83363582
26138312
65966537
70328399
9662367
11334384
68030955
48968298
24339839
90021337
88740519
3989396
87702815
77324205
55501201
8270817
57796353
2828745
60385926
18600340
27645358
40719988
83730987
36233894
63319231
51894426
