92906654
68299497
91710187
47289349
90426123
13948232
37353347
53712829
2056010
17464137
42910745
28154240
51631470
85823870
6045166
77281665
57177163
1836207
12223128
66974247
1984334
32201575
52627525
61806141
9913574
37683640
73787206
69356475
51931376
20959571
67965418
65794342
59483353
56513465
8159336
33288175
79937626
70218821
41897353
22974515
70300180
56347872
86169654
88599999
150057
76531983
89164412
30128593
10901905
77841502
32417987
59421844
24108023
16464044
86702739
23787625
18361200
33954532
32930077
29932713
74763750
56902904
88598119
37190006
66346755
78580068
31532645
61331216
1490709
78658553
2437727
57037267
22557916
77348892
86825406
92492491
73585742
42251118
36132432
72433658
67716373
74886146
75918191
60335973
89280169
90393950
51986321
30955947
11826602
57124386
92849125
43276022
15579118
26082929
43747019
19922885
73309469
5190171
61226960
54879170
91292285
4610845
37504760
40030489
57273526
31789303
39030262
21150712
16880554
19633032
30567956
7674017
26497344
31726589
49227285
480591
32533836
34442767
51865435
37128370
70054361
10324247
84997608
20318183
47791508
59905860
17701715
30869075
49494195
27636175
77972382
25161640
10265331
43385500
67419879
62698846
55501557
22629509
74483562
14710637
77626868
7661507
37981941
31807295
5698571
84543465
63885541
53898501
78903353
54153724
68330750
8702337
19051170
93576857
14978389
6716851
31963192
47709543
26765178
83049756
5538674
88974496
72676872
66273124
2218238
84145720
75793332
63222213
32620273
31356680
12279292
69930450
63928270
1205695
86952873
39402675
37878868
76113603
10887234
88149355
57499229
32256932
54687597
89507268
9995441
71964825
69641261
76790763
519328
4671692
41330610
80014907
18508186
63282636
17207259
30273987
42149497
3261115
10935686
32491047
80756381
88988020
55370822
71391265
44437254
7945094
47630950
81884923
19452308
48674512
8030536
17632055
76052274
36705790
16953832
53106815
43899191
18125248
19104969
56033070
87873579
91116991
59266714
21169010
61281810
32880479
49751623
39627509
15817159
2398485
13718454
848258
28022229
25131902
43001768
48149769
65002856
22811674
73563703
42456667
5093217
54718264
45423016
80187773
25791847
87712381
47487815
78378088
76721772
82993505
43828112
11071194
77585266
84890219
15817156
19266596
93914059
35899516
57688987
32845993
69496336
85091996
75223954
44480593
1304129
515814
11153183
64741950
10411538
51752709
4112944
85081746
35979806
50832701
25947181
91628837
4295453
2768046
92111291
35138490
57567139
37870972
54066123
76992549
67316934
89303247
62427838
16815617
91991589
44218524
20897482
83536343
61420820
59026017
38263363
47115779
50020262
91465058
92051273
90274936
23831046
4618729
91820002
84256575
44581249
19903574
75050352
8643797
13585617
53761646
79682832
88119751
42481045
49957889
56511946
62154462
61164547
88750761
82592317
70153772
165710
32060579
43421751
59109932
74053394
9737276
25507934
13752670
84624147
9150173
4807733
58112942
48118992
64056958
17031979
27844618
4190008
88936555
92700706
2632895
72765253
89400363
2675631
91272896
33921612
39737847
74699900
2399619
25210600
64164067
56423982
76428183
87930066
40353620
48729198
91817919
62369772
23161585
82967699
86563012
69465567
36458493
79056915
53926465
88049164
60402713
51737323
54695148
16055325
72978606
2223072
68284235
12160842
94110674
73445439
9763685
51674522
15385439
32883698
91330894
17412735
26656215
22019810
58216803
24047034
75244220
41859053
91411675
86540886
52983007
83691944
83691947
19698725
63778801
25435176
1778903
51566285
26820044
63198690
94345770
55752603
80671858
9263441
16493061
2932967
46668070
84866359
36412166
75444940
84121305
46814410
50500591
27055988
3416406
16757800
37344615
94271242
38045461
65239309
85977922
65452715
14853754
40880683
69180813
60993826
69114405
11732338
71121569
38070767
71309454
40124587
33458725
23049067
30173763
4029162
36356281
60898384
62797985
68171942
26656213
64315770
