27746247
62669508
56933433
27519776
45001084
58650496
70644304
29366044
2235922
84664890
75250282
6324361
53741831
29042693
23296842
89594818
73049596
53027838
26568874
62228044
17569819
62786835
59184849
36784719
61843963
49382081
53037219
25272224
17329551
14515072
11973851
48778939
15088922
19639427
71741659
43033329
50985448
43462816
30293649
20313427
58735919
29323433
45808774
66503379
58633423
17160423
38494311
55674076
20235000
18791494
2338630
16802393
8459868
44862428
60603489
13053209
56786260
69326952
79955004
75044092
63962768
78539106
90903326
36489980
49920534
72896036
37336739
56107382
38787789
67262708
41225517
5346445
54364733
91059983
34063069
14317755
3631327
57219013
50830047
10506234
880159
26738450
64935576
88917164
8276237
43163985
61483311
83005394
17979125
73728032
38488495
79104533
63129435
47736236
66639414
5528012
73120222
79740399
9190127
24484239
90976284
9465050
12907867
41316294
29231209
30964215
86707656
56034997
34890229
79526800
57868870
76500163
24686977
80540328
75698761
1551290
35295683
32684158
73797717
83791270
19589194
44189144
11662930
92182388
45766367
71196618
42744457
27730667
69770963
48637597
8030406
9724186
49318351
66025507
22294609
91539193
82268423
30644240
40816702
40833061
57404068
39354709
83792651
26268450
88184270
13731073
3619825
13086379
31572404
67432595
7540500
88023976
43469159
92489729
61672416
3825328
89145569
71113542
24080160
83031641
49804500
70560053
57423605
13476377
92249884
41176121
35291297
23122644
51835157
27764216
66436755
59540689
34315449
7537249
71320708
29854653
40684670
84509350
26294602
90291572
62858369
67191725
88388731
4614726
2790005
53741828
41622470
57515328
31630753
87952760
19058223
20016568
90111014
88065331
76552636
86995292
34350622
29027534
51038766
9045420
61811712
28611292
37219706
33772602
89279005
88527716
14498385
25731411
32151192
40380783
12520842
12269389
4606485
67438132
44840767
30625616
66863365
83174532
87944353
79653847
73119923
63452339
23171045
51403638
78361135
14322708
3768662
9066813
46327505
39321895
18442614
49429358
90612555
25047050
66349076
10053761
21776190
79035898
79116711
21019411
49249977
67858962
55923666
85768099
20336900
54968259
83920833
66131835
8735078
46323104
58396209
51902047
50449780
53867277
55982298
36298075
16253226
23053389
85858140
67426112
39711357
14582724
88687465
18947335
43135415
79132524
7099222
83812130
34912076
7878957
31577948
67282748
91300935
83691906
89309742
81499350
58156092
82963935
49967789
77977459
49458051
32342964
59628292
48744548
14503047
41321493
36083613
38215477
5946429
75184354
34503268
72435945
89155900
83252274
60751535
17796376
18714993
28642375
83324274
32396300
31005284
51481446
72626087
12510197
23040564
79196405
71543081
84785189
31188931
5027416
64885078
52995832
88853977
67058660
66950069
23054634
77010804
71225657
7548617
44209130
9561855
40180411
17291365
69733337
31063527
64346482
83854068
9406615
27927936
12208326
81420786
68475825
84224142
76178513
27956985
36002230
5307825
65922723
21803505
57006417
20607905
91988813
40612768
8862514
38735055
41397419
89367859
63835338
16863960
57849978
79105162
66234621
59699367
8392234
41280505
51791667
17938639
28801540
69760143
2012541
52687468
27904866
62200974
4805939
18492874
64880362
72472308
9618031
15908255
59228006
36597880
42708772
71232244
51669895
86461919
12850093
84085661
24168317
59728952
60060567
84787212
13710651
76712869
620616
85488815
38433982
60338716
56007675
39667648
36963242
21592684
67918170
4887565
81288847
63725236
25445668
91173598
16423441
50901276
53786178
48894672
92992117
64678688
33096004
61852155
47032773
11816903
23832527
3649330
69462264
32891478
71570908
80729299
47352167
25635648
30588691
17625573
30058027
43423659
7608318
60401395
28203080
22283733
66466871
4912072
39970859
58513932
30531188
18658833
5212751
82445574
