60055600
31646521
74910540
12418661
35029248
85491985
61755219
91585614
76795401
40581012
6332409
60904993
34342086
10202461
34955917
28697037
75087736
28484314
6845760
40846994
46461510
41631984
64507396
82917341
10039765
37329648
3798227
64963102
5977818
2910106
213519
59388697
92892365
68174659
8960934
73844801
85348984
6878299
18979966
7345530
43881096
34100160
38101580
65343002
89907625
51087540
30372112
80166441
88937114
10591849
8344472
9068225
19912371
51430612
34165557
11011014
48352575
69193523
86730318
93260740
6658029
18975983
63457786
42265348
10850640
3065037
16386596
46424892
85449409
49659343
43957247
84748367
90774932
70042614
53253630
44063077
18940084
92339320
61059902
40127678
88682799
86333237
71586184
55085691
35161654
10520308
17075538
74871202
37382918
29469076
4460640
93900218
19668925
31855401
83882296
87497775
11995239
23442231
77869999
37301002
61034794
20135564
45108769
64458322
17528941
91112497
43840309
54954766
65541871
4217124
80360597
6527691
33714317
40552402
47293026
15763766
91164013
57039479
71729430
85731735
78185164
10232221
25155897
37564601
62246468
28285449
55737862
73999000
14880049
32538159
12919050
37440846
7596768
51700470
18671678
9600647
52306389
64159306
17872060
64204514
88539806
6560807
23486840
81907610
65166935
12935876
55819894
63470041
88793433
83126008
29081168
22662574
56631706
63157316
56758828
30575814
32229222
92938674
19834845
59683070
54929344
38515070
67267144
10235564
9681925
72826497
67384733
94449454
52132380
57538684
26953728
60826633
19584503
2761788
82861426
11760450
83657780
80853055
75227673
50343270
89645315
77039772
86634457
42313655
5084503
79080961
30939484
12573122
79934277
32155416
21260747
21730891
3622145
62743175
28612889
34651028
11092474
424141
62008739
9456695
9997297
34835055
70381408
37568934
71143555
70211833
43483666
53792473
60890831
34138449
1149034
60037362
28127540
28251846
69653128
61899225
70624716
93051489
68445728
61421673
80766560
72304312
43550209
30287456
22803566
1015568
78815939
46833396
19909909
20969230
12744147
49003381
75824724
56114914
87857381
11617263
48799591
48592488
668991
63130308
60672872
45610087
69551951
5738574
21737620
72189634
15222646
53622980
44326120
20202228
46842788
76504471
42355248
76244243
28582697
61231948
23820686
82447308
88519529
72047324
9312109
47018984
32744151
45866896
56897677
60875240
455916
63581830
88659148
45736372
36424665
18983695
62361543
37478224
35039979
58018305
47893393
47021007
61853897
31468296
6970417
2307851
7990034
33018180
35007916
44321231
13655441
89336584
73096617
37677631
2823763
48641201
43817750
85279123
44313933
16095435
64265416
69185696
27498076
86323045
31086071
4942349
56986336
79073191
26445388
10456424
52731452
26940432
5265868
50335926
11549511
7269069
39137902
14180921
74789168
76759374
21377798
91117645
65252394
75283889
37024702
84431388
86831548
42112381
22354901
15337006
29891169
32216744
38715315
4200435
25155659
23236533
76457381
27787081
67026650
31537552
69754615
2771019
90292844
71830266
62685131
74293686
19689986
