9377157
60269415
67898453
58616760
88499025
12733292
23020023
56988167
71950597
80777627
7504159
22855243
45302969
38130221
85682509
46999634
38857571
33204483
70633120
12590281
87167076
35028447
16400282
61326946
32501890
7769532
664598
8910304
59967733
68171623
73812215
20883797
15518817
86453097
31585549
74354530
88495538
85838331
18531206
47223645
10034254
12073114
85139064
22656581
27803647
71847432
7982374
78060330
54574614
46631854
73217457
73139595
42423317
40869961
33189724
2929047
44889170
10499622
42667754
83972427
66714441
12824077
47296492
92244080
13547200
81280127
86627526
88696631
13399127
24642830
65782379
46737948
610284
82305525
23678638
47461714
59755560
25135322
57854060
74824719
67612097
11116839
86028913
84198587
48889538
58898367
31326773
88845653
24123235
83743502
20715439
19697481
72315965
46740949
11414920
40800260
45257155
38329074
19939184
35579983
51998064
91430552
52127279
83974776
79695194
19581013
46860166
11528470
7431660
58974549
74659210
75068045
162975
36476889
25420953
39617702
65627507
90645236
2994197
53372784
38808596
47921072
55911496
30033896
17306365
36510700
34573701
74325397
7282528
6008580
27598674
62929757
14277542
52400581
59105051
84936101
73473827
87266749
14506120
80555024
86088918
69922042
82927172
15969407
89677835
46768011
4973092
63530014
55183800
72440724
44805409
71809194
70625045
40774632
77176732
4084301
21034009
30153094
45374270
33134664
67415274
38106375
5564359
68954636
34587548
39029092
87926792
73533121
76525070
39149233
28288294
753822
17318613
92579988
84631159
26945698
78145652
80494801
13708033
34772767
46076763
41626736
74511143
92000862
47193490
28967805
42730585
3664036
35697006
78673267
9858661
71309757
29661870
29923623
65428049
63847598
92933653
32234881
74916422
42636391
52970828
18520605
53538507
19396841
43851950
42721349
76043107
51034559
12189631
40470701
42969650
52587844
84221128
21478140
68077185
62698249
10236965
58514301
54367777
73578369
53974578
82154729
87555240
70208887
92011726
44720152
45992216
7061766
49660040
89522648
10777521
41805061
83736444
22073139
9488870
44295506
52048485
52054284
42313175
24815367
38713818
73901357
10825482
2907969
75498300
63188428
66191068
51107974
28903881
23232175
44202935
32458057
84897581
69674414
16067632
77723837
62396845
7513408
42580760
21138481
58039487
33969695
78322047
30144039
80711872
63514300
52575593
14796558
28628143
70120181
30906639
1776801
66933036
64385932
69692948
11730795
61136832
90588635
65090877
52363947
55325847
3360343
78151764
63020563
58506138
69526872
52056703
38791192
39134431
13490638
46638667
67234401
82154120
80003330
75357093
69094265
26279114
13368549
52863115
20989105
6941024
80972166
22564495
90158083
90443414
16074439
60080031
56409731
83624354
40618713
8918294
24018249
53191764
27594205
7761608
65817174
17997530
69206967
12822023
61706431
10017701
31615923
39564558
32450611
72548716
39672531
24901106
67073317
34111511
67328842
68959752
37504987
51279563
23858319
37056312
23804820
26077076
63142691
87099239
39036883
68508594
46522077
88964747
69330319
62867828
68698234
29209225
2042339
67271108
84466819
86275292
49716148
46080607
33453731
48014702
84972415
11392968
14730365
61236283
4861298
52939773
21127
54134925
25689069
22336334
4682897
