33626847
83401347
6691697
31782271
57936529
81772094
17262427
61392538
88797809
72908730
25952773
34246550
9584715
52859724
79964009
4585008
74215459
13570697
57371916
54590659
27365211
31055345
76604756
15769063
29503720
55197346
30024957
90022978
8583092
55146934
43548123
40659448
72478119
50373101
14613237
24896599
61809149
68216091
14912428
56028854
17881642
44264183
1051832
1866808
45761873
54338121
89840975
20321659
69408689
56090436
506252
84101845
29347177
12025803
68108299
51064726
69737824
1925429
7040172
74540519
13824977
21394563
73431310
46437279
10802370
33131640
35131301
23298366
70045849
33612927
45289075
90923957
55532782
58982277
87005313
67778666
93849031
11729435
29906333
40669665
70697946
77935801
57612520
83460972
169050
847733
46812417
71834658
91989282
20013530
71939167
90086287
2365427
38385871
34776379
8776300
84535104
77651795
12987198
32596513
36881528
87777205
25898918
55656621
27282489
69222482
78498145
49798552
81362429
10831988
9832243
85873202
75666057
71866853
7181675
7426555
145427
38009498
8809763
38067641
76742139
81219659
74041796
13863361
42456521
76998101
18161243
87341534
5471915
65845207
82621013
79037950
35135749
13954729
88467051
12569289
49316432
65208659
70731314
67101199
67347152
94586070
71274239
36220298
77333577
82387019
92632052
91294970
93638367
10037728
62977547
37205526
65317401
13379059
11344062
47388486
78808784
7194964
