87515526
18902216
54519515
67419064
90332663
76445781
71702491
31293690
39866007
29864333
91987260
56779747
82541003
88352875
86396254
6846288
36193695
4336924
89105479
60464903
9793934
6028857
67553293
47544430
92878359
21365932
17284908
44836607
15625855
64911449
50774546
63039335
71480400
79490031
58405315
6861045
40643195
90151999
34632950
23253454
42487622
32180865
7278421
24093656
18027307
75570349
31552904
47109636
26044935
82018520
54280401
27064274
50432821
48943311
41902696
21706296
1712615
9696980
87897460
33897486
77116023
63692191
14674904
90091718
61484472
23017289
11442360
72454825
4894345
30962757
20058015
43760292
48829451
57833953
70732694
8786917
39677258
9681727
222498
51834535
19931236
87246026
52287765
27920838
20380086
70217597
48147416
41051450
84981893
17208624
36568751
1309142
47600456
8157326
59546443
30390449
89594828
54795041
62931457
72262832
9000759
2700645
43128033
69938184
26986299
38289124
8884778
46382400
8968549
83405812
89383527
37712680
68679737
89805924
63678725
93663247
59999873
87781561
22894864
85913574
45492844
12637806
15056410
92998490
40812883
15633862
27933832
55758022
26693875
86447429
14306426
27442741
12926471
53946827
71651883
13916530
16455885
23742093
1836856
40495821
40643185
80864646
3190110
65242321
15598682
30083561
51468335
29308229
72971261
50781029
70484820
80725828
73124563
78121726
31396818
35527537
18704018
52710398
22916981
35256467
71330991
53105280
46853358
46853360
86917964
47392571
24617356
90330815
5540145
12997068
62955192
52028103
64531945
17757539
13409223
22274036
64493531
74797332
79698960
8264661
4769671
40720771
30775061
1032817
42000544
73192053
8090820
81592776
69891083
55092058
57846101
69136848
60531983
2830899
27278088
7081055
54397045
72530091
43122404
46833028
35842877
17413594
57072169
76969275
29933646
9098386
55933710
35554903
2981490
39881133
67972802
89387547
30494297
87708188
49319215
