28549290
45007842
21358417
90048853
54016917
83685132
13154124
80187609
82984225
83245692
53640984
56308149
20463242
32606155
27378256
34299223
74763301
13246178
54337857
45234687
16125257
18728367
92779103
10840238
6225799
51080043
45443542
50256162
24614546
67154206
12926493
20707414
40432579
84767185
40987044
46701498
2079390
6654771
29279488
11606530
46452026
84081237
10242189
43635575
31833408
28995556
10199988
43084796
65987539
6548121
93009948
83996174
32178845
3499161
88408941
62377330
90167501
42410994
76558447
89399061
21107312
91841357
60805718
48712044
18495646
18744733
6763576
15499393
4911911
7891712
28266898
43671192
50510705
7504231
77667495
13012066
40881351
56719456
35912791
11645543
42140798
38134522
28691383
22920543
55228463
70995037
88767710
47811133
47314939
79659293
79677345
47390953
66689048
57039371
54472875
43424860
54984272
10728393
56915006
57833204
858750
8944081
66151895
59699798
82243577
26554867
52190568
68597920
4826095
31622465
9004602
8319889
30679249
79591453
77076447
2673197
36832385
90590361
23110211
76271741
51069392
26428643
24425551
44787658
20077524
92921718
56184859
57126726
67515579
80781264
38427806
70305226
9564916
83570194
75111171
19252680
74348184
19708928
84498527
5115418
34015635
24763291
25379971
45452331
32030687
21201251
25674128
49605716
71409603
14592032
64517787
67497138
6335865
8099811
8099509
26735808
69797998
69328118
91989154
50594754
78588106
14276635
86483731
89352909
49505395
64860665
1183881
34622839
84151127
29075958
56285180
6541369
83234038
7047203
69766396
91729913
60892776
80490682
86912497
32609765
53201433
33597454
79123865
76588508
4764645
49662120
18813972
10031667
62783150
17668461
33686357
37596225
60384112
9524918
13631833
73585524
51797053
3725909
72908660
5185658
35822204
38350908
2012174
55261255
43726458
80457216
25224328
20034857
70938037
85667923
4617378
78810671
24392490
19749238
15158876
10905596
47773935
6881054
22652960
24279572
47396077
20976714
52542444
33531317
74519945
48031818
65823870
60517284
75863727
63252290
7980899
63655399
74652487
12391031
84154372
71194359
31200650
82633757
64498254
48376534
68200466
13638918
9450214
44258136
51235198
11858005
31663516
42313879
61602204
21685524
76352156
59438036
6222540
8104816
47657140
84501588
70153067
41355536
67345404
63886193
46110791
47547355
45202870
46719954
5958429
73403636
49989825
49011983
36382515
23480236
43238807
28710575
81270992
42151886
17389854
59463002
13891886
48891481
73581133
45896817
85391518
14287610
36486408
14928415
