11024239
74403398
62236318
81865883
8723786
16932376
4635498
88954771
21070900
62072708
89220952
23146632
89274035
77900955
2496889
79329881
62806924
54266884
66713471
58663153
78538904
70815179
85979699
12721460
33807248
1892293
7561161
40475023
31281524
35714695
59350544
14780319
56709886
77894591
19538278
40362374
76813481
40618046
31914357
59633705
24437672
78578208
72392552
57501916
35310129
73070017
57965424
47149158
5226174
26476902
88150402
21995633
32530894
24634292
38824560
49129773
2013393
17886451
91892603
88117993
62179511
55830277
7904641
77998734
1166077
80611630
7680286
92760636
37067577
86379053
57111527
12591252
