1395891
12877064
65617455
42838930
61429568
53885227
51642499
25020219
70008927
8602635
89929555
35392431
88007255
82700216
8463114
45370562
81938911
53197538
59213545
55319209
46238241
60912797
66432889
18202628
9606741
16222140
36355589
71844824
36722791
47507979
90261281
14895070
18451645
35399980
57466231
32038557
57459770
87950904
91418357
54024863
72970535
46032946
36798339
86842502
39628271
81737279
53783064
2725398
3401830
13069457
5213284
51371894
61584488
8657485
54979418
20810275
45480132
21081603
59260379
87471101
48897782
30439113
88682833
10355461
48669642
400501
85720120
92058478
60780245
69092645
51439527
38098717
13598458
6193054
11166374
16580842
34612591
3611363
83394355
81081740
4115755
68834276
81538091
6315168
77288797
7571184
3816134
8687403
57343270
54070548
26199216
66859231
31644307
69374743
76888437
46796227
90578633
14947456
29459036
22468859
16482361
243567
8581773
31784064
87077769
82917122
5956453
22392499
13943587
42531900
87637927
51674098
59953654
6304844
40985760
65963607
26879010
56709200
51058192
30366909
25270476
36190658
94258800
91437991
21344402
45275559
84983839
1973869
50227106
69460678
53659106
85481084
30617232
46922065
14700931
89630797
70727325
48357383
61175515
4658790
69092962
42625589
5934520
20420440
28471837
14371567
40873211
87430092
17397658
75343953
28388433
85401305
38694665
58375866
34825497
49102835
19903410
83265298
66805576
10535223
38674584
63952494
11544456
11108382
36457932
73411830
44845548
65262715
80444989
82479834
