76138732
86750705
86251420
78821628
93322174
27297687
56547410
27172410
3518071
13353784
6861989
89884186
669021
61471558
2212627
41757555
55723166
78824282
10890960
37533796
75425320
53967312
85421280
62534652
29680330
13908064
31558935
51425743
15481267
39201669
363059
8448351
33097106
45126255
70680288
71248588
19980794
19038090
71072675
50854082
38337497
61891961
22312895
88163224
83156813
73789913
57461625
87814034
20602181
32702607
12468286
1128643
12784620
16424440
4424982
46495120
60138739
1817390
19897619
6373519
14131726
74098957
60297465
61274045
64131477
71304367
37506800
76704552
138367
40630113
84487787
15055180
28397708
20719829
93033569
38810434
69424528
54738923
11899395
46744796
4936728
38530529
90228073
34848315
86672914
27568728
31015097
44261246
34102365
86182353
56746557
21177516
27344879
56025079
14262500
76271745
67703199
4621475
48053960
81185685
85465421
8335704
66906154
88722011
33461883
91121542
48083655
47637043
43704041
32562376
86146815
12445078
79444745
5682596
26829336
42425620
41165767
80702076
44075550
10234643
86421439
53552514
94111644
20069009
9990310
24377578
38372573
23229299
67948136
71690456
33156537
68437057
36120669
26062096
34698687
38609436
51632661
69660543
55279689
31642966
61778039
3852399
53816186
36148247
61733757
59688033
31162542
27882693
92565447
12243509
43074503
15739274
4574471
19836199
94471109
44510272
40793135
35419244
14699394
76575946
3881599
77174980
10193897
64473660
80893957
78679210
22984643
76272679
90637893
70990816
56405761
76986452
5794212
60037717
21756398
68539151
76136937
33104899
43536803
10984744
53329645
25344892
29713523
37733081
41751305
80007410
60806078
79624941
56943526
93137536
72325466
69802713
991214
44343147
85634416
88920001
79492959
15612633
13719040
41416039
1846223
44491519
93822214
73291155
23998277
55038176
61310026
33262011
32144316
35315204
90078009
19021879
50245864
90156179
18144083
75853857
75853859
35954498
60505764
34789366
77261798
42835377
86768136
34944112
40471967
33224758
64196085
46702989
2817910
71957505
49899013
86715733
28936953
72102286
64339443
69470906
7956689
6902925
78989504
10018886
13936279
28827445
53864510
43362892
89072132
82065747
8245892
25046980
14349114
15827002
22740775
92132729
24643642
35170091
63290143
75611216
10112703
8846302
63358141
53777578
42842952
83448776
85795441
69546390
62693517
80431182
6574671
20323948
37479587
37300827
6661721
71760392
79052444
52262357
51073073
72479353
33345115
845130
94161113
73956473
70904611
45274253
63893619
27216084
69086383
42060635
71659618
83715693
15155456
57721465
27225934
27125907
64654225
92287334
52807585
57304756
88053396
54744500
90880927
90191707
26581557
80349196
47762255
72614894
77898228
82554193
73784023
3397197
37966087
75583909
