37522150
82356833
11977493
26817466
38453355
31200954
15613478
19137775
65278687
84289681
16943716
26926991
33766237
37678127
6144445
90421836
89128370
73846906
22830
10938307
60193222
60349172
55293783
54726533
17474860
8542268
9554544
67080221
86695135
73601943
77816706
14794567
81145713
54669994
38199968
4462268
78770000
21072168
64233689
24721722
65957692
4673208
46677194
4969049
61432520
17093359
84077554
27641701
31460249
89040010
7290803
63492431
11207961
68485642
35094547
22546057
61259025
60780244
18673176
49699419
22917927
40971250
22480017
57326513
43564231
28319623
92229054
10105847
71421476
61283178
10420815
42480528
81732623
6619119
33424444
85033573
88814165
86632162
697908
697910
70138092
