29951273
87465848
60582990
11004935
92119215
41797383
15613744
66988631
61301589
32439701
9951502
31018489
69144020
74200906
69252673
14166166
9329343
47586212
93138757
13262119
20795167
58462482
26096168
91810780
57454603
90580543
31977421
13121626
80013885
68246385
56398379
3939660
87562631
42294673
71936427
64697881
59403810
35495180
93619910
85757950
83021153
90174020
29051976
32754095
22440836
62857172
13817990
78480698
85300910
93782099
55572659
51706203
70257231
2399611
85037766
9487105
7245324
35311515
43093342
42406017
37390910
22489152
21703369
3273321
88477754
63456727
40163731
33142636
10766660
60275388
25982734
25158333
12584538
61331478
82024534
3049421
89966329
51113251
83264142
57691451
36790666
82360010
41974218
580500
33925629
26601141
43391543
83297096
34778418
4137098
66046471
81827664
27572742
8654301
47836867
175456
63139986
59911083
8925047
84282124
24644523
78788042
33108260
36098017
43399014
55064299
66025985
55274369
87185561
19200740
90685783
83620157
25929691
66636840
94547142
52021842
20716034
34314027
18128917
18268919
26931046
90616542
70224788
2759198
73433667
845376
52855802
12113504
52532616
6972948
16885485
5011389
2848745
42042842
6448393
29469340
29791675
56053212
58545498
92481256
15333267
30602201
26275578
81697991
29530199
48579479
35020452
5686305
90225910
84380332
85020426
62929468
32093242
35272977
3697678
43373427
42761510
36175969
66196866
27599077
90113837
68509770
7261597
76029302
64639278
75769888
81922380
67023691
80384381
58783845
49744545
56372881
19869719
31876603
87113370
45079078
7458551
9503555
4650644
80943686
69592063
88959199
25360165
9237582
80789030
33584931
42629113
39062074
18148582
63397534
91679601
48846386
35325523
63679640
81638562
93727535
39232803
37112107
70558644
32556935
69844102
52774867
7411515
36782379
7123518
86070934
47290304
60000188
68579865
22730917
58367217
25410646
62853989
44885277
16826944
60273444
5053473
53380266
79044969
31862401
62090942
39586399
25298210
58122674
36006226
11868958
90971940
60210155
62492634
37274419
31420286
85985260
92056670
43346881
41575146
79549680
12335115
31936628
40672768
23835538
7563677
45013451
78959265
89700276
78046229
87287348
58399512
1636168
53641585
