59917905
39208909
4773885
86823830
92698078
22898481
85684283
1284188
62887809
67041453
3841680
69885858
26954811
80774067
62113332
25816662
13633823
44970530
89465128
44627378
15382529
26038977
80983575
14839917
19869458
84898979
31837297
70307621
70139501
54884648
20706289
5093338
36614394
47696826
86949898
6769528
49923017
8040173
40116413
77573754
4003216
44463247
18756338
37919080
44997350
8609998
31092196
8708038
25723069
80241910
75899749
37850739
75926609
38684812
23524495
44511757
68361116
20439142
47303238
9330844
40451216
22663812
32065234
80967901
5163374
63322438
80262312
31654899
81340644
53944787
23590303
18620083
20967631
77916516
1589687
65816755
22363386
69800644
71653325
58707286
23123874
17677394
45840896
77114476
77114478
43866502
92158248
42128018
92872383
51503213
80467715
6140574
27450403
83035005
15078650
54794405
46244722
81462098
29531512
57528243
74537257
977919
6263701
50022007
93072986
56841828
13967713
62663779
7270072
22411121
22949501
2013836
2000155
37544219
77222052
21861579
72691283
77762008
24137997
47895612
71510865
77475353
41061797
60727671
72822010
72377464
87005775
22289164
64136840
65719130
15837545
75575405
17994327
84032084
26559647
12255890
50515626
15276710
34680370
86490941
53025372
41527029
54455869
2404026
37274554
1314019
70017081
58981771
74092128
40186817
86136631
82905014
22573125
78919463
21194861
64449840
78955444
2146412
8902616
5065276
31350542
22210188
358519
88047424
42408753
2468620
34068604
61925391
69999320
30624932
18372324
76103029
36671350
80991588
47628038
3452944
26699266
65254452
62581294
87721380
57100924
17407741
35865755
49095688
68783444
12125353
9830573
1537765
47254751
72150034
37896947
35806925
12473096
47108288
86042424
90402516
14497541
64850464
4856752
61487145
50680293
81433533
1293396
8326323
13799516
88120436
93081248
25773235
57330600
18774271
52995741
17740423
18895381
72775838
79996839
4186654
72970558
73558475
1600614
54971719
59022306
62786906
44203552
58120264
55233011
94263288
1503161
61997121
