82987062
57287365
73111
37234127
91502980
35331279
45821784
7920629
15344159
56639804
37586713
26764612
34027693
22439857
88035211
35540722
90818518
57902030
74143560
68637136
59238134
1674586
72052216
85350473
73212390
15902860
85151454
3468473
18213189
18213193
4006181
75206338
14383894
87228607
59274851
3326982
2764445
91053071
3463436
15383202
7775039
26346261
71109662
85662113
72050439
76494151
24786407
64893012
39987187
26567589
49091161
29885574
41051533
63620341
9555173
93322282
1922386
6809571
49744225
76752727
75696448
23199132
25700326
64814218
6965037
7754584
37099127
25766513
14260050
28815705
18998064
73033029
40970842
29980562
42631433
13576237
27264460
8646649
87727496
18124645
81743642
80715563
14281930
26816195
70344473
49840085
22895560
19211575
68077508
47073615
52147899
86285009
530188
91871524
4292185
91122052
74866701
37684936
43744880
33278763
78797150
26034547
34316436
82158555
73671602
56544594
31138547
47848599
51598469
75042657
15253864
92327159
78085739
27614914
9021296
9051285
17357996
31503311
23195611
4120946
26186636
41324690
86620361
59223538
53708429
39665107
75037642
94084994
84967966
4464669
93631063
36446338
83870276
2218089
84858539
29139592
93905989
89609126
42778612
86919654
13540975
26279273
30131712
67725938
92825841
78218499
58236969
92825320
60436311
55686304
88554368
67167620
85479056
68791400
90449012
88544781
67045928
81648813
78052198
4220631
27601163
7289789
62418962
74023864
64762999
41199313
89697708
91831327
47194694
65210369
3565152
5222563
18345875
84985420
2475659
67874659
56637046
41668023
39401290
43831984
34274130
4753121
66643239
68876532
71834628
64515369
33906588
59219556
42604217
