75088446
6119004
89930398
20419345
9639252
32369284
54475946
62443780
19446404
59066039
37362559
85992132
50655897
64027437
31769165
63544114
89054374
58147410
42767175
84517625
81246109
27495809
88596825
39258205
88776893
73067234
15031587
18473315
16972771
91616797
10583447
25703765
46146393
80390085
55413991
91051840
55400867
22899107
31010738
34395825
56066783
88219710
75445221
4947823
84114881
39577152
4023720
61482107
16003142
19807552
43451672
35796179
21549486
46532060
55670368
39676375
90621657
80758596
7339998
69722126
88172175
20050210
73089648
4170545
19030207
37277842
17050365
63634348
23809274
77624635
60901109
31695798
49572910
39161463
47810956
47805083
74737639
41369173
54041315
77314070
74355167
37329569
71417253
20472517
48031103
72980455
41294660
187541
31510835
65402128
38187574
50138355
18688619
3279387
9213007
66165477
81986204
60686558
2759723
31672071
45157806
54340477
407407
28115248
84176155
84176158
6193067
26026742
4456038
68629705
48416954
23998196
56994412
79841209
72554609
92530663
92653567
65351410
4556035
24810114
13193659
48363480
90029646
24747279
51789688
84143028
62691151
16860612
23727639
89253814
82188616
74249927
45089295
3307108
18017115
77920292
71405640
71654393
22832922
46625291
83340691
3667364
16587510
25048801
16268712
87782560
88042884
8873251
35134946
21991610
53718797
63529690
39331345
81467726
89332416
29354904
48571296
76290857
46215691
20633854
780222
4614207
92599170
58112108
11043076
61740961
72743146
73651027
38050097
8132613
58919460
62006260
55590887
76456146
68279509
92047914
66994648
52193583
65096264
31484993
89781908
34610838
18391971
12769351
8660733
40204763
61494564
848418
35768710
72560821
56163389
39329056
33081632
14583581
72608939
28447674
5995291
60078940
68894821
85130573
64428225
66750281
48157292
61573654
62112870
11316682
59704435
27004064
16118853
