77397870
20165118
55939011
655962
36876300
72701595
27339890
74089907
46099415
16844623
39783894
49520862
16807867
55755752
45250934
93702800
34228437
61414957
67872636
63781720
66331876
19547577
6928864
4438185
69872248
57199826
19849124
62518367
84426523
20555763
67460879
26360627
62905210
62086241
40573284
45268039
21973318
59117597
93540866
66028915
73769957
78813879
6342309
93788431
78204434
24283766
34742918
773185
12334811
51990848
40387057
41038610
42405213
4424532
358379
55227665
46387536
68450856
54716849
77193165
94167528
2428093
67141507
67828751
9322468
64248263
26646739
34929939
82738166
58290847
90663580
93695674
40580266
37351426
47556806
60745586
79678811
50036043
39125514
2397144
68213979
51012743
79546337
81509793
82175999
30202584
84848492
81759019
19242579
29261919
6889245
32495702
78770073
62900508
60079729
32112642
5712209
28373170
3690789
3513653
2772536
73032323
45415017
69694589
30608862
54276236
59792556
44613030
5284412
3316895
87524762
90496472
54473242
54761067
50822005
45544492
51530586
61128274
40932417
21123276
93725974
1219966
34058003
35022776
93550627
92541789
39530295
12510452
92780203
61470977
46207386
60375215
41882520
45765950
74243669
4243596
30005818
43347436
11734145
21096009
52043573
15628516
75371250
9326362
12329638
42184074
80208679
45429275
55243012
79085544
30132031
19463985
