35053388
31566803
61314271
61387960
50887595
40506161
72788149
84552278
79757863
1439707
25958209
59023935
12829763
45836159
84936754
30184129
47095356
17508092
37943433
24588131
45004242
4691011
58226590
70881400
29335375
60544427
81691422
46162683
90339565
50079451
32525199
32711019
90611017
48306803
12262803
89548254
52344929
22984810
13462200
91580605
35047982
8591382
8285905
61706372
71816133
39113919
34604734
85871084
82464913
17492954
57829024
46061060
82473568
15959745
31412066
62024164
74231857
87943307
68783064
73893710
50963793
22989623
67989800
94054837
13921673
23423874
221108
84059757
88206697
34050419
5643205
19244465
17108741
33281634
31980204
82638212
14961741
6414352
61905077
10401112
91498312
82484506
47454472
80700396
74497444
58869884
60223458
13020744
12044743
32375219
10475171
20655545
1335716
6926297
70353628
18023154
9581613
63603151
26321365
27499577
58180937
68106495
1100757
60336815
29482728
6534170
81994254
91558283
45807048
39991499
32081043
68567010
84094291
5004967
55461126
2351347
5465867
46942497
34537853
35422764
2041180
51353438
12306074
88632547
87427661
10793294
69848935
42189847
17014366
92295059
53581869
93684484
24641482
16838150
17017723
75130434
4861515
77228834
56514087
31189042
21944868
76292207
68986596
73942420
41601865
90294760
30025544
43528573
47566779
87621591
64809136
9721465
42227055
49685660
91549085
60421790
84821676
197629
9055407
53415532
89179530
92398424
34813594
82054412
33764591
79970400
44221393
53467837
50674836
64830345
28929725
15737159
29374960
23635603
74285929
16008445
26247726
91517299
59953278
79322968
10600143
78617634
21298537
55166849
57202522
31945258
32865819
