63046802
78903439
68569150
6383642
17259383
23978660
83465416
73700115
32251761
23135546
35741278
18860557
18386309
8375269
90891256
23437298
13090588
28988412
47084592
14392052
53152638
47674912
74849704
70926280
91743845
76146735
49976072
78258987
43180841
66190527
30815584
17142281
61439494
37364729
65793910
55341145
76763896
75852584
26516530
776871
71177430
3662109
6287400
25717716
41668626
53431969
26565874
29213265
49758155
8747498
41284088
82791128
71430874
9773391
69334632
71531593
13134847
67130370
47837671
25000781
57840640
56719536
41261545
32501425
42012188
51673212
20933976
63387567
37037811
35350875
75529464
42965167
58677423
86600672
19347841
3368289
45298580
26348271
83556721
4963763
30887248
9033498
47524145
18646620
44786965
4998323
69657062
61296217
76650411
16206940
72734771
6392274
54357343
79343777
57884950
85561645
51348328
90438327
1316481
17518740
55341570
85982165
76637663
39877905
28170926
10435855
94411671
33650572
156652
55018732
7090730
19001599
83990015
35169643
64700433
14193311
81316314
3784409
24235847
649815
91207071
90301559
65453017
40012003
236544
19489650
66620690
20656504
52990192
34837754
83522183
10796229
43741140
9287738
20911137
48016918
20751903
17824282
81704549
33242930
20981051
19541032
56073794
73534025
61442438
23628517
19606947
64377030
94212968
49166814
70019788
65645440
28536243
25822284
54842215
92522861
80338348
57197072
81746941
24110019
91198866
40494913
31283017
67350898
80726696
85474566
9168557
83957188
77548304
75616256
43950361
23761507
84356917
71124514
35690761
30010394
92949994
71630834
90492132
42937443
55343902
49410597
51716765
36070161
3682951
83918915
33217461
5339676
83423116
63392548
77534237
64002792
63315440
20583872
20358548
51130452
70507473
58651886
86607596
24737467
16352446
53454142
13628375
91811767
1863352
94107798
51378022
83031793
32856788
33968046
2306332
93325184
2640178
30157698
48245902
72396037
68068568
86997050
25650689
93162894
56048965
15741755
40886555
8353994
92383287
72134171
71478076
33316038
56554420
22582703
728460
26507156
63441475
9299467
10446123
42454895
71445623
18852374
76427048
89982725
7870130
24836474
42131014
39383625
