20225598
45482760
7021064
81763320
73703099
90080162
91836707
67442644
15371455
3703749
36677725
64140636
14448835
1511996
35729333
60769815
34228661
58362741
41577933
4460379
44494757
69911433
71802800
34691705
9500100
90829940
79864376
83576081
53436859
49197865
55997664
93379789
8278681
45959208
26402170
64357677
10876185
94115831
36343219
2275457
16983455
55949275
38100126
40147389
58662862
87939523
11812415
24289431
70029304
58986852
17983851
65596587
84330801
92863737
31640935
39859766
43382323
53930887
71132598
86520938
11485217
4895880
74844528
10798756
11052899
63462238
59016179
35497278
51530995
43775189
19363088
73281420
7436479
46771344
87944167
50007264
66970493
46590142
47249557
59374343
77615852
76666487
31458774
13375912
53079945
67037161
69971435
87169654
32741923
32347573
50545967
3426881
85058756
29360918
93783898
59449622
2100292
63912466
66280918
1814936
20829360
85196298
75152366
75153087
24706216
89274643
511960
21322619
36427715
82184053
56932929
81519520
55892530
57983826
18703618
62824524
81535000
58998176
61015899
13867508
75629667
85934233
57215888
57415481
74211473
383191
69927085
67212035
38894813
62668827
44928054
61466433
61614381
31912531
17783943
74187452
71612297
33811734
36251963
28945934
49217772
18654858
74665765
12957476
24946213
76062742
65694896
53928204
18568957
65973264
65202608
44968376
28573569
7060654
12495438
68170271
75890839
65692820
5821394
48116662
34733963
52528825
33529893
23803515
91777947
48419074
62717006
73881721
44279637
53070959
86038490
27024017
73704826
33302435
78312070
85967360
52256876
72919415
12821614
16805238
39399042
22903515
93051180
54207528
1637639
90737440
35033834
7433469
75722666
38363277
93817788
90526362
85642508
77054529
11826905
82847326
22035350
77613525
61128725
17419391
7403758
90462640
57713820
68319979
73312575
57161663
40677712
81385748
17285472
43944959
32252996
4015728
31221910
90947493
49236521
3651452
46353080
17454857
81238524
56344264
12672580
17303985
42711145
16006804
67809173
62197535
56284889
93554434
6251519
12654748
67024080
29088341
79502437
16666907
32007617
81774669
70511216
15583813
24286392
26049781
82544033
52039786
86345416
86975515
39719380
36211381
41745926
29977122
89897770
88660565
87928862
61713461
52013047
1178073
23338144
7309148
47360894
76509131
3123016
55420211
48915339
9478340
36376637
83698978
7872812
80627004
76865418
57216181
48635518
93729919
12044433
52492227
33624427
81166305
74439465
70280425
89031088
18283948
60835984
894270
61711114
35461418
51128656
6171421
70320045
94365049
40217928
50198706
37623875
14037717
28003736
84355735
68546355
81494513
17288957
16103368
17761562
47917132
22578923
85674868
92881485
12910870
44761003
7655289
62573547
28203395
11161230
25015670
57650394
6968371
27337329
61452800
30271574
87572317
49998138
80211451
80818760
3419935
31851222
51261522
18564162
22236403
78141343
1082177
19131687
9327118
53043276
3348867
56085328
28997861
83344603
80152624
30659290
33027456
72962201
45364334
54323514
36966939
5925797
86254596
93483135
13032693
63079860
65040163
42306288
57550359
28406813
86504766
64022055
36183761
70062268
6863825
15660280
3957171
15531819
76849060
80274158
33473283
81295215
18375593
36059006
50147667
32011615
13762581
88740389
73624184
87792282
65418113
53716528
83065646
68410977
10333516
449847
71481908
55067319
60379771
62765824
62390879
43078165
73297463
28745969
79505454
77970356
92627228
26250871
85143967
75527968
38686951
5845281
76569813
51843431
77848536
82674723
4061654
59337642
75941826
33220265
27283377
33841006
51457769
44963049
76576592
68418732
62045097
87247841
27677065
70558389
29377196
61479285
59580249
36061062
30157992
91784173
80514196
38281709
61821783
37635717
43580830
26730711
5198520
15684722
73177427
52992232
26754476
52018355
6247658
31318019
52212288
7449402
11610071
79316013
4886829
16015549
79235470
87371777
71167093
69596741
19530942
4115848
75529753
78667229
20629150
33171028
14171106
12392961
22345293
61494615
63183010
36619323
21918458
89935484
93804441
33626226
76476777
10227869
55552164
18473480
2239353
30155227
28544035
78159519
79267124
73067607
89735046
150603
150604
6189072
9880211
1608104
88984058
63207720
51418176
14171060
83750638
67501237
60315270
87436559
82795051
62554638
15225020
89785798
33371639
78401718
56457699
61226527
2100525
89445894
88683878
45943360
82215481
17372448
22711887
55224195
91741959
65658783
59296803
56157813
34882838
45609858
63176776
76131226
87754026
44971880
74853284
22951972
3321247
85605304
73629230
41625855
76444252
17065815
71905595
24463094
36828421
47544117
7502649
74260892
57524009
15459109
75242236
75836675
21914423
51339478
84478728
89441684
64678602
48323217
33684483
72180705
61364719
80673907
64389045
34348686
83289876
13270764
47056674
91719775
48138579
83114120
37559309
86205739
23380412
14515860
43584973
1693224
43240941
82122240
16183030
80429963
72234266
40800275
78317887
44541363
70499413
51404579
11208736
43676797
2285418
36457961
58528053
75076096
77017582
72675324
72365106
1911774
15009980
24131069
13530699
75637042
92971475
30402881
75016485
34412589
85171758
84078261
6467454
13315510
44397554
68099560
84504932
12208224
39925863
89710887
56793632
28507695
82727160
47411315
61649553
36375523
85433776
36910991
71787307
34793450
27797506
18469399
75367005
55386652
80749876
1070350
1070352
46757328
62678694
56576229
6177824
15226201
38743901
63758680
69393949
86349227
74042385
88024444
16354450
40050366
6371766
11566369
19437170
52649925
27775228
25930450
88592342
66365571
33546420
47527353
58101940
6026590
49511596
61805623
72040362
43598414
81537524
52143129
93888205
68481170
89330516
64021189
87986448
28594674
47287982
57319139
2886958
33563610
54858702
8440650
22189083
79129905
93499849
28507921
71131025
44725024
26601825
14620957
57926032
68850057
44225614
38674731
40819870
5393110
72125595
9522544
91047690
27785959
89049115
94551508
39853766
15174248
15563230
32529859
21838152
88217193
70855544
33853000
4544047
23473134
15477460
76926440
8232199
50622974
15846210
45969027
5966988
80752413
93024695
5845279
61792816
1394207
16972829
9126214
65046120
52031646
57277392
68226428
9398664
11808923
14641122
38600635
54058326
28279835
49412858
14243614
71443269
84235083
37105757
89942024
41135413
67291073
92090213
35999003
75270857
9650211
61359345
71292989
6154327
17642752
65698450
2132740
14717729
86671127
70387703
13859241
49792365
87581482
14360907
47671724
24645769
45347712
51832820
48854116
16065370
23803744
40535554
65136799
49880174
49880177
50589735
59808669
12427754
67272002
82823227
13410184
11086964
65662602
21680982
14154659
40151252
42150567
46439364
37664152
12187498
43771437
38993057
83728873
23126997
72355299
39773071
30316723
62575255
21832276
44062982
14112417
12596109
53753081
5369268
20897775
48843868
62674222
73870527
61190303
87930197
86988098
89439235
31148070
71882933
33874231
38875287
74140810
18435081
91059141
85845441
57905959
90098919
19238881
83958834
54166171
49489032
26138273
9944365
52187059
3291729
24893860
69684180
59975875
87226261
50694814
33567658
33085537
57396877
45073642
65851142
37577375
7495168
51732845
77237936
82811320
58255261
82131005
36293311
483029
59652747
62861766
74786844
42565154
69232868
42938007
66775509
31385859
80236601
85886879
40291490
44487234
5374424
88637655
32113826
86305568
72096546
64488001
79726558
16610068
3273832
94103584
14728659
79750820
94317540
5162689
52226683
54435204
17386091
89788479
65719564
60147058
86802539
84078257
84432027
71762927
12759618
16055888
87402320
7019639
26516543
51103548
88992073
25992899
49676357
15342100
59155931
40505843
83495670
58201965
14801440
51219062
66154175
27513949
48257009
16512983
77917442
75116127
4211653
75723980
61426699
21037904
93090040
74550829
40010343
79379409
80917772
24038109
8463200
15548568
15687851
9061206
28011190
38867888
38488106
75244913
51457774
59006290
51973295
17330153
42262410
43828741
27451753
47250207
17395672
337340
79858564
24677010
38995596
70003141
55203103
541418
1444767
29305944
56067298
11313341
25292306
64580250
48885571
59188212
43047256
73537490
89196891
3253463
18526122
16876772
55659428
85261319
68557430
46556272
77502733
13293591
79708885
83964772
16386194
13138225
53649124
60488718
81662254
25882742
44866927
2797774
39784774
69633311
4821592
26542417
84182085
35030058
76301932
63662266
34615575
88823658
32896658
67339172
16970916
64737114
93675158
92870271
66574022
11382846
32006636
12456269
71753982
44821771
69131458
56221387
12932761
33423621
10080028
48192542
64890297
75436532
70440503
87561840
19660931
64565926
12459885
3420409
17196842
32449596
63167947
67104428
49600621
16851563
25170693
50734304
70998423
27003261
65169353
28289109
93725259
82602344
88561616
83244673
69881722
68534424
21597376
38877372
80189551
35633648
31766404
4787334
9590074
57048127
30284389
29785832
14144900
8461336
37306458
74169375
30137434
43021062
9849949
24917966
25094783
61625431
44084449
26665376
89918482
39271820
8588644
17453357
29477177
30308196
92858262
2287889
36147309
42257156
17121381
64356926
54653120
63185220
66972023
75197903
73984681
41185696
44779913
58588792
63835535
49206756
2490770
75200621
53596234
65908038
4956624
5953280
40867823
12791902
75367598
3568256
56439022
46802991
72303134
31494069
15158989
74154489
68510920
6208014
60577994
90161203
59032645
83264990
94439960
20419125
24328436
41273249
31288460
18254382
70705850
26660248
42205
71158290
25751307
77385392
2246641
87814679
28044357
9971004
50813208
13586113
29589180
37868671
70349901
68832224
89245367
40862753
34303286
73596514
55461759
44033728
34663485
85873195
61697087
92698999
10594268
17703919
42334022
20590123
24055632
19481869
22765906
88773450
3147245
6000766
19259342
72058285
58703303
59083774
14429973
33039995
56840
21377047
43279094
42248007
24559701
72446402
66012719
64537814
7542364
44671683
72577095
51839174
23063476
79256835
41143012
58954235
37487170
40268808
8345589
83715793
89871555
68574754
19174723
87506926
1747551
84310851
91381805
7918623
5838311
51256064
40921931
11684624
16873980
56121788
22468441
24599274
5771810
61495548
27097751
8300452
8237847
62714288
20204852
83800894
18215115
18140610
54228050
39857471
92683388
43693988
3847688
47169100
83734834
3721611
72688313
63104798
84482759
13942580
28645590
88284474
31810369
11533255
32826262
75647596
6000589
11584658
48863958
84578125
61348288
89271407
56131912
33721543
52883837
27259707
66329252
63943548
17636602
83108702
13413401
18505824
59306806
33431946
34130995
15734971
58933926
64156751
10426727
80699370
36708150
46577984
67566093
27414996
67890144
84858
67389116
15214916
851180
12100301
14418681
59512957
994459
53944603
20704774
18506393
19788192
46337113
94456724
55885172
76294354
23520750
88665419
65712611
24723027
61503433
65403315
25110530
46696989
21098745
70326140
74359639
42495464
71035310
26239001
45095030
35692771
78886652
91230162
9117088
21675713
84739876
86458658
56387629
35542615
81608378
79615786
77958697
30001209
28307692
36438166
33386088
61598008
32747732
76930775
30141945
41229345
24324621
11520786
91230986
83252307
85460187
21872420
57438766
20765940
55652223
27274749
61366803
27975558
93481461
80516988
56346906
19716935
93791610
69103168
11286633
26058419
74382663
1199843
15026643
37238164
75661347
31238597
85766393
18972651
92327264
20622895
36521903
50638600
2497737
60892773
50329579
55897919
15640029
34626799
18142297
28410798
71929165
39931990
63522325
42018260
71611646
15368293
61076327
25371236
90506182
26387306
41909545
75161703
50115238
44666624
71578382
38603191
39765265
9125956
44782540
76209000
88933454
42927644
46151630
60633509
93100424
69700079
86345291
46342649
13994813
2784740
35057405
37333077
80040014
53649890
13878918
7806729
79300665
30436651
11748244
11914299
66646283
39947681
41777613
52516976
93946949
82035992
374234
58271220
13613630
55959065
27409984
38984260
22132838
2519422
17931432
64668494
16740838
83683523
58829470
29902778
58765221
30116918
80083295
35511546
41897652
71026462
43286561
14611895
49296762
72043937
23602391
601495
78771585
3588910
7657177
81430579
28598391
64414371
56711417
22237787
8667978
88923260
80138102
81503836
43325007
18125596
90994630
13478468
60972823
66544955
41784646
93665344
16437946
18168667
80707235
39062773
79555489
71746437
8455343
60320525
45490067
23444716
14002122
87240936
53550221
65827114
81674450
63487809
51644839
59364636
49354322
6264927
91724529
58997270
17477325
4768174
75950523
68854423
28492732
59714759
55360373
35710121
50383530
15091385
42034429
10616175
68132717
34666405
12976815
19136929
66360835
61654426
61892607
26573576
57144877
5464519
32600775
92341666
2985639
49344531
74808681
67269598
79286856
48253014
20431382
12983188
86501599
22749275
13358972
94283347
68865239
36727067
28409874
77951588
51172684
58171802
16362015
14800402
27144655
56866516
5829009
24691017
88855913
44978343
86850868
11561338
41384759
43470820
31478710
93936329
71285915
64306831
3448113
34401990
74961257
31317250
43322918
80573222
42747456
8612200
775432
26567982
23757713
91992583
2716997
41948379
15987775
92411364
47264519
55588563
67595606
5483548
31091399
20129954
93184606
4527453
60878228
93436957
54470757
39560107
63030545
36861907
68111514
93220993
25074666
25469267
27966943
22084170
58237483
72813203
26690675
1740654
47287002
32675746
7589918
40725773
1539437
4658938
75659522
84659405
42913322
91048060
82678666
73321305
51093670
34888666
50019026
3145417
38743665
64898089
35342283
46108092
74661831
57787527
81670947
53514220
24834883
93680644
75879120
29823584
64296406
1004936
24436548
45767394
56928746
4892274
57525487
23766892
1959120
89056068
25057447
82165434
87703790
87135507
56780530
69435027
32390494
91713329
38291897
65850820
18639833
22192647
83371306
5956131
50434421
5758895
13654823
61564791
89095850
25646205
22711901
53443611
73754266
56756515
9812710
40580237
19918344
18773751
31187287
2539179
7392389
82205972
40305237
61056240
1361566
65742988
163881
77104264
75112301
21561288
92788535
53569490
90774898
94110138
84204266
27142409
61106087
68335235
65695109
86087031
44548806
59023034
89513989
43959311
37799842
84481790
32369365
24281142
72498289
37769890
44286786
34344716
87932482
37311491
74042383
33592441
21315652
28908324
49364293
69702750
10668293
72706073
86622846
93619935
64975442
35013676
45204050
23923409
74700933
50796585
62285727
90381324
5933763
48114013
31454649
25673798
8633242
14297783
3843469
93234652
93493941
31846520
42092701
75053304
56602776
2363042
24531360
71629855
38922245
59415262
12457472
56234408
27577635
39170390
14250346
27755500
58040326
54282986
53505592
47918200
2757795
92721324
56331050
41341817
19093406
4192718
53812691
15121305
22959461
38222312
69611360
15556331
2554631
26144944
83979854
13207230
79771080
18751762
59158690
32629710
55408813
55920321
35796853
4770327
6981343
92268303
39825166
3002922
7294264
70630329
69655912
39488769
58495267
79252395
75849921
6462703
84745188
75588425
55786811
45793173
26344173
48597660
45716318
2473091
28588829
16621195
59992364
92550496
58699106
6131568
70009075
32509978
14401367
40715932
6673453
32247599
18311875
36870394
84258936
25240194
1654824
2478473
94020272
48507197
77871163
93257146
21670412
53274560
46164197
25632383
10447776
49968117
19115184
3456495
65041305
29561253
50158037
51938672
11492628
21062738
68522382
22618186
48356541
93631956
33421417
46337804
12278515
15645454
9424672
23498197
93758150
70509030
22022922
93144183
1567245
7724257
32062170
20815073
33313251
72154865
56104322
54706799
8177072
64545307
84940203
3282655
5025349
17119530
87877003
77568047
11283628
25766598
42819678
47121393
713126
40078870
47825044
55345910
53711102
92896667
43709263
85635425
38751438
24422635
85935390
80680480
67626978
68172288
55375368
81721105
16480566
30394094
6134902
30634242
26903897
10838308
55881179
59535215
82250014
59487461
809526
36816809
4415826
82793193
26176010
24656309
63252503
32953641
35030331
60007757
36400816
40392428
11505388
78882841
25238392
85974048
6649023
28297574
52009976
69435202
92938124
1251709
71249205
56689871
25007957
68812441
46961709
11355084
8553190
79566644
32384233
18024847
63107587
15718281
12651061
36250755
84311575
45904220
89689191
47516854
57766065
46679783
66799787
93850888
80130577
27831458
9372181
65615445
39387070
68487236
42793548
34631538
58872781
27033678
5090719
85775849
52481055
58193796
30265453
18986096
86908612
6229116
93800370
19543521
88664963
16112721
87352245
25680256
93286088
87280553
19914780
7020320
24271528
17007002
56255045
92070150
37564290
3781310
42495038
70522917
72716283
43795529
21992467
66670271
19312442
31973768
18841884
91244771
76372907
7154436
91007830
42531674
43056219
77364364
21776636
32926152
11522015
21465033
70630896
26300362
70831448
13255143
30528454
2036872
14679370
62759333
65001302
90218209
43236842
87722624
27003283
46757304
94371762
56400089
74906138
10779546
50571190
40920319
29356834
13611166
74616596
82326691
12768197
42132196
91020638
92060447
16387078
35111015
14161181
86199736
47103927
89338141
18501480
61239479
77978079
49762319
93189797
47811827
92183864
60265971
62821137
52919012
53566291
94488422
54360376
91044161
87281575
16786004
11208596
52423796
43448039
77716676
88130311
81809886
9033784
38067199
16752914
62415656
69363060
10947774
59505163
55932605
55647135
56460682
9214953
92486271
73741072
5478532
46761310
57601559
39457606
28180642
67747383
48344769
23465276
18463596
91174481
87080701
28330950
45996094
33204770
80006648
73987054
40783816
43045701
83719523
87310176
93168129
30498892
60067219
14503150
48902648
30455185
52035619
24059428
87520372
39725120
54054388
39700327
47299735
60752818
47214660
81056610
71721911
24383893
51581355
50235085
1647326
32604548
13094167
5447661
87182933
18678241
53844076
57355291
67787728
36454520
75773698
76765597
34510663
58338483
84693800
94109057
42527083
50336784
71482818
60857491
66848579
19634600
45813814
24724003
54070823
16146674
28945489
85426935
50319575
6411121
71185973
27827302
4915182
20918620
46615548
58014057
75114846
11902667
17135718
69911817
88050219
46407774
52230384
36540816
34106635
53444955
31676442
798395
6115277
80415942
7542106
16916899
19083417
63380214
33237371
26583904
2867542
71147192
41600018
45506396
51542367
92680072
6576726
53021168
12338682
9299588
85205970
37782683
48354724
74326879
24722670
39291184
25810955
30730400
80530607
57670031
93181852
37422169
18308198
18112340
77340014
20318642
52473684
69609151
73074073
61740707
145923
78024141
59881194
61006859
62391311
90692082
66055993
53572614
38831949
44135672
4519832
19250179
19633801
19106002
28624110
67869043
6065535
63787461
56205796
37658027
63678601
85361058
82204050
66470626
82995555
71928567
42514069
66634383
11518911
5080374
11984883
38573377
92261298
66126011
62747804
10746236
32333165
17838029
5581493
84093360
3047430
15856395
65372238
5330829
34862281
32715690
91284646
40764473
47232393
58015752
32156135
85591468
77674766
11484486
38266967
36577137
43601662
52078333
13583030
46123530
71686536
14522564
3254874
83971912
58094287
8358740
67709326
29305034
80894037
37002301
33898412
54346467
43366477
38577560
15421829
25825868
84832609
55587978
91544291
22709407
72526102
86131980
7288267
86570519
7063569
63179346
5532562
53241236
81534283
27348378
83213224
31914381
63691123
34723850
20491971
68536504
33479199
28423912
60351046
60474291
72595482
17967545
87169213
42423990
66224099
26760626
72891821
66733582
54331671
47023196
40310384
26424987
1837954
35068140
20543730
32235465
86968198
52200849
80771994
17748160
628067
39756153
26311359
29405352
67155300
75861660
77883956
5565433
41359953
63194356
24426688
26328303
56067297
27615348
69661106
29889494
93129236
12980719
88609910
3251953
39837118
19923583
69597257
39725932
14279809
75209652
8677505
64817100
51233013
73362471
76514555
33452625
32591354
80894170
70961473
67986933
50889528
75174256
79956324
11626510
24181540
26623178
92734074
68855137
87294872
51823937
31275202
23729445
92251567
34595765
59081091
77694246
17106672
25926650
58439646
80292252
35951887
60155998
44476551
81091832
246982
29209451
38799577
32752027
10277213
38073663
11141173
23869741
46858919
212591
89901678
56774452
11875448
29722373
83426038
4266045
64894863
9890362
69253494
57612770
5240823
52386149
86957684
37596040
62569099
91353814
28410251
50841282
35413273
90501253
93495514
654137
66401044
92031611
92223840
86318672
5029196
88709599
63278398
60102880
72615473
38544270
41782853
41800466
28368596
8340207
49769668
5334717
10954670
14870927
6717394
28820901
54015838
23996840
62056267
62056270
74128085
21301459
22304261
63921179
44593745
70027337
61125966
88375532
68859804
11645332
6687790
33944784
4557141
6356594
77685727
25372451
24732126
7799287
9831088
11930695
86464173
2356225
80025694
39731575
3589869
52092964
80172221
5199515
22027498
45744822
52347509
90492371
72431796
26867689
10226388
49560731
53006801
86941212
7973851
93559174
88313614
35851076
81785972
63683377
56580665
46692425
91891203
20202334
11563616
14156541
44648058
73810427
20598185
93960936
57320346
73692188
79823747
16033137
37216199
47584656
88816652
47956229
92704631
65477034
62891587
76342182
25915473
38315494
44078055
53419926
43264338
78349230
22769845
33654539
37145534
47074712
81313054
31502187
79310793
40549121
54195664
81642891
25970843
90016414
91994930
1709981
88300952
71852866
36356748
69689174
52106424
90329298
4589977
14646446
24157544
20096298
72916764
38280802
18346355
60504284
25109016
61066957
26025581
76889342
1898382
6738971
86879866
75284090
1700812
81786505
40368968
62392476
59129740
94315280
44955111
94204945
51927382
31882528
24502533
67659962
63272338
84888983
21397147
20896677
46720624
25231381
54471948
60424964
84711820
61099037
38271767
11710113
69232386
81200765
4239482
75606512
57386705
36338365
10127759
61641017
50952635
