57374064
51393682
40843302
21725891
75151641
15813822
67705291
18912002
6407944
13314681
14648222
18752003
34249461
9740848
7149816
28724992
36461611
27814418
24995716
90080574
57863871
17702253
37299967
19640855
80031145
82037625
24112401
65832560
34393009
63892877
37601186
52230044
34954966
82127183
92489961
91669826
88755294
28127971
63527037
94070059
33241492
71115115
90445620
20935431
77202281
1997524
92605234
16428786
31878520
81268544
52433575
51990402
62370387
41956082
29334809
59695364
21815840
30545676
65012652
14482924
8238241
55952024
22562212
5509097
30012364
56862920
45005745
86138784
18297386
23082471
88592349
87732774
79217807
47361086
81551235
61601783
20410351
21268808
94643381
49565654
74268905
10437296
21215646
69370634
7731930
67765602
15719306
4365925
34334845
40946951
11994926
55618803
22275809
47906057
19869014
26975370
53789636
29730227
79938646
80523144
8039472
42460910
31464455
85147134
72062474
22017858
85152843
26980020
3867827
83690330
70795791
48877244
65706095
65557277
27239698
12833976
46819908
35526295
5260823
20265281
611302
58872093
28682977
16149294
3821677
91433010
31153050
47695869
52823173
68480656
78761061
91700554
41263518
25617741
72599553
3837552
77777173
46177215
12312076
86507752
56352298
10224684
51903548
4550284
43981298
21327486
92983279
11483127
77553939
8562580
18936878
22693947
49025118
68881485
75842783
86815157
86014391
51953383
63408647
41091826
79614196
38452545
24111405
76936242
15682931
3879756
46946863
35326569
33932739
77261142
70749227
38773510
46681694
76631504
55258845
59696369
11457019
14715838
87015595
41260359
6292365
86713491
42053975
38965531
77694018
84391672
76786107
49914733
77769056
23128209
8283149
86738636
14577615
61522760
51034618
56505766
39785088
35326242
24845447
11650309
6913034
49236779
15836340
73069566
70619933
227254
66928192
1474719
2485029
46823458
31788617
12219085
61746656
60198480
35980595
29717475
16369010
70634407
83992614
5525804
78658379
89792888
23567722
89196388
69763847
5015616
56597477
36960435
14988945
40261511
21665951
17242078
94430025
21264946
65465642
34346386
41221935
73994269
4366237
22225008
90610429
7258856
34811252
10517888
28906064
24135101
47733692
19613252
32974334
43830890
3561584
77171693
78061501
26139220
55227846
47689489
36872986
57688659
59673487
63782996
26569143
75790701
27873195
82713669
56390220
50550417
4663603
63736411
4316793
40278980
13238675
28257849
79884175
71867528
72721087
46406821
15480691
33128012
87740190
80490818
