81588882
44877545
70852840
32804951
46805830
47970122
2246836
10424519
46235841
52176340
46685159
48065334
53993584
11932436
93333793
78542553
6899641
68101347
76216600
76174504
17393437
9284734
90887968
64970113
65357587
67519433
90546565
27810886
43325299
9787502
77027535
74468855
54742054
59748462
50919667
33415331
611713
17848667
55590652
55566471
80556446
14860573
21047278
93645437
80265097
53761546
71393678
29259562
56341507
16713641
75616874
52441700
93771087
56758490
77238630
81994052
42476678
78835166
34191767
47767686
14574314
3544067
93503555
70616249
40469339
93438676
8516821
48764764
27714755
46110152
61761812
80739603
86503886
63240056
4280334
7937993
4359353
64762792
52351482
41885168
37569318
89180050
7741576
65753648
73076685
45586976
18009531
9718353
85077153
36145650
62434994
58371573
70044340
86488548
56194496
25145726
37694831
12918562
12415235
28527516
84209338
82516695
8787424
49399684
68422294
32777641
14377748
69646375
78255461
9123925
37977108
25876779
31859694
75157243
59499867
13117033
26831300
62983290
81770662
88238527
36422252
7002084
74197564
60931263
73615532
88962662
63239499
33296201
27754994
23303698
60562013
10777072
21497579
72887911
30231191
2976290
18838947
90173166
67849068
32882662
65401518
21992366
70836975
12477175
57377942
84153408
25255554
33188565
23356652
68426927
38355652
88482510
48048446
22238986
66559965
42750712
35142878
53847708
3945729
20928171
40020624
35405343
12355955
90799770
24683704
5901401
18714215
92258918
12409483
544568
74620398
329802
12722659
55605139
19277908
88295322
77739428
5625245
83803330
61340405
68138054
44291209
61217994
69310394
74059406
61225294
10783862
79036508
78162339
63867979
90637700
34931595
82249815
66588629
50624842
57668647
34828353
74087725
18245736
3607392
58851129
67135455
79446208
76688869
6195553
70333125
78004654
4569690
87199990
44700837
16379194
64930090
69283387
14439310
28665361
27796979
6712164
86540469
47333026
61313880
20772420
19808799
82561150
58159597
43534265
27695727
33529220
25974575
13293114
61039891
48139215
12715222
12986672
25573320
86519415
22137967
16321807
78201591
16485485
26106744
69954099
93983412
27731071
75185158
70223690
79199780
1953514
17293891
90136282
28372695
44740301
49462783
40634655
41566847
22521313
43683114
74156930
76362292
85751525
42103462
48409253
5486974
15061844
60181705
21727937
48293240
28227520
2114135
68759672
25032651
40710014
37184910
32102199
12316067
41180806
63999547
57546342
31207081
88734944
36327164
56169336
33628324
42027782
83125487
965445
82829695
31488001
70079942
50940315
7615917
14907365
58189802
86518073
9244886
5248985
69630861
34224648
74334683
34925210
72962062
67965813
72322385
45864330
1968850
21462290
61158595
18363118
39238728
39223743
65742391
18215077
18363530
81129157
81270162
27550395
92858278
54365702
67695256
65792285
35587793
31972376
53001664
13175313
38281105
89516829
6096927
59749882
36912836
52520326
63531733
55189955
35951628
13292801
5946797
26205067
37605997
36456197
88841704
74521373
5131629
67354330
16606321
43338353
91583765
68512526
87255288
12190829
1960651
62031182
45451478
60923563
1540796
59407032
62527373
58323747
39616314
15036219
44549730
25338543
38415378
54765723
62128581
81875200
78867926
61165452
35570250
9459642
3078252
18235438
62825909
51932335
47283289
18896028
34288528
18712719
2033217
72185900
30950380
65999412
61227327
32000243
14203707
87076885
79035292
91904066
37099498
8674231
70832962
91881477
39209352
88285975
45561615
27367138
80270310
93526373
88186382
84984228
72648820
59542034
68149066
34791638
74910423
9356955
88164960
80207595
59784340
70558025
37208650
18745141
73600797
11732351
18775949
26653379
56000634
448287
78691541
51831093
78992727
51095210
14884894
76498127
68612071
65305346
28615442
93493549
47977472
14433411
61468604
89512551
79196210
39269471
94518714
6291250
64350622
29532540
18397210
93137495
18863624
75426127
72877315
47626588
9105376
9763799
83370295
87345005
78032751
60727096
29981968
12118147
79689906
86984229
13581980
80230810
17039702
55470687
56894720
9544334
23248968
21630289
14600085
7729097
4173548
66795097
19277575
50486558
86797014
21785218
49811540
76050842
25081761
70158512
69956675
22992165
8609084
31002164
48205045
2289388
57440924
41758811
53436748
15263838
18285228
83470023
32710063
59091061
69134273
30837192
70818767
92605481
12076111
44814493
53066861
24673388
68594722
13928330
72737768
20590448
5170143
60765289
86616820
92798763
83068153
31897928
34811848
53904020
81135454
25175795
62740529
77159260
85732441
53091007
61558370
60478413
77190499
20240407
40774066
49304863
44069367
26461693
57500833
74999578
58421689
15031020
305608
5105381
84961007
10681682
42352705
79708233
49621049
71542415
18600801
15480742
