26817331
71776257
45987018
66640280
25199500
58136188
108962
55361672
12416395
47731008
61941675
38059385
5661291
22818303
39975764
30337310
7494167
41242023
57017604
47899293
68710180
22058246
13837351
34722055
31696567
48405472
86675414
84080269
48364052
58511687
15308350
85042858
51830799
86297533
36449988
36571635
67327418
61189955
48957921
20735721
70213733
2597745
52734715
8878815
41575346
89448701
16950622
20941013
73253089
67747218
61552311
43347279
83421902
16464386
55589531
65281345
21121553
91611514
52366454
59382126
83595345
75977467
88954920
17361608
64047485
37833658
20592519
83475038
43967916
39483259
56721488
73315933
43436099
87631611
81048441
28833455
21910255
81569976
82469564
33792894
28383282
63971507
12568592
70406482
75288556
91035256
27929301
4773640
7126763
65518657
88189785
93383693
27226818
41393448
38702078
61597309
16854151
68027226
54151386
67129036
15296859
76741867
717012
66276024
11189626
64118606
16003214
14882791
59234699
46833136
89294076
12372125
75046117
23018987
69494856
6303542
25235181
49354565
91289785
74798379
65043674
41055869
70211366
22863613
33900935
73087792
54579022
93058342
15811980
1330427
91734317
78716837
50021827
82108696
10807544
74115664
20098015
34949628
34531332
81833637
44988225
23765787
22340577
34968955
18328430
83430223
87108929
25935217
30403441
5735432
3109624
4490582
15221132
7109860
64278683
82254839
2893599
43034912
61102714
89456416
59896251
83057495
6241927
75900649
13297274
46690415
38591982
36444501
12309834
76399105
14315334
22652585
47454372
48114347
32837035
81718038
53665722
36907301
37269549
21070977
23937316
12175087
61536197
72813176
50287141
20188666
16868465
94188923
14064317
63963296
54013813
60672883
44258056
57467098
42255088
27770958
75595540
70427195
33629761
12433799
86709735
2894074
47624556
74025795
79435946
28943073
10506164
37970986
5282621
86960844
18418833
37129448
22618593
71478247
94533347
21129453
92107357
1128561
15781042
49829989
92627866
69986862
10115528
63282316
80261581
84338256
43804056
24860415
7642472
44610122
92066899
17252828
82620106
22833722
63901740
13281223
79257939
21699933
34956763
83219507
75043233
64352651
94428713
71475277
41946034
23195774
53664379
90180904
2289176
88651958
47064065
8559762
77729112
51330935
46635776
25916039
66038552
49724414
16319275
92477182
83201070
10884018
66311059
7248698
62124755
33659778
7680828
14351225
54265365
40993685
93583202
92260365
41416859
30462239
29848008
11794616
82886306
75365334
23474212
7497327
38770710
45163000
84584629
44145288
19319680
52788776
10525200
21971634
7060122
2099695
904577
86407852
2835792
89349626
5578562
63131149
49388594
17841540
92435323
45692383
35476466
8531118
91455565
36269024
54678010
74284605
8536248
56007035
65274055
79801925
54829743
8525988
78705355
43282589
92697363
23270501
34572698
69577127
90311113
11397476
80391687
61865298
16638247
