33120414
15754906
19241863
67979059
81915707
35352390
57064075
6723438
49002615
47374368
55638947
1620455
6244228
90841502
63653346
51134148
30027424
72114238
52971719
70046029
84051061
38215329
13992768
94313066
67623151
69218995
84869937
40266027
91325798
7359334
69572643
92777309
63246380
87730751
21857385
54342485
32794123
42405843
76973885
52576341
91219294
36915614
70893378
21647488
83789467
14010019
17925227
31254171
973795
73129661
53833125
82540024
13474773
46798756
14068946
23730956
45879991
91539528
92863597
38075686
29625321
39789153
21380739
16558958
78352346
37836211
18000924
19719770
23315317
16887367
46427603
86699889
88837599
86960172
69001453
39952366
18023024
2465932
56432275
12016877
60638346
30812065
28001174
72677952
91045969
53936632
1358256
16900321
87843506
90402987
42786385
3956574
12261251
83693336
3028952
55086766
5260905
93179543
14789852
6768462
38676162
33640040
10409517
65496341
11972062
25524731
12250994
63983970
93173212
7546054
61840266
13105649
26188680
30709037
87327719
4566498
87968278
67004087
21221569
88449787
24784958
85239830
10336531
85465088
2067919
68402425
86544736
56275030
42643539
38198672
90546073
35839357
64286469
62204724
31209769
45093475
56327204
67966977
39927269
38705764
9009594
263615
71768271
63784366
31003981
21833025
41964919
6966263
39387577
53148479
62192095
61548210
