20022485
46382853
90741657
43897211
25780682
91235701
11476960
58077132
74501749
43459321
39265522
29942084
90196257
37122752
18918373
81094238
19542772
14317131
65563407
7325666
71262628
56660302
33797790
26689999
61875186
83369336
32734685
43427266
10395092
15220416
19132505
58776067
77568860
71904953
57307998
15804272
11016862
16835888
44283286
45892976
66171525
89928455
73207768
79024166
63069547
58181759
69583133
42059729
21952363
27738210
37216014
18993437
49693771
29805561
9602686
1503850
14835880
23988416
72982534
17678595
72027897
29202272
15069625
60180859
47843207
55197728
72324442
56347357
40240524
21263967
17104380
88595007
46832348
63852909
59545331
74540988
