72047301
54005924
47339829
25544427
94537323
11652059
20737023
28005290
18897926
64779966
55130186
30139450
61893259
63693097
51174986
53684877
39938236
91125534
66113609
28978759
93971246
1021767
28606850
63069639
4941223
81526206
31369896
74122731
18185686
62934504
22523836
80076672
41614979
54374709
59930539
44079219
64591145
9774167
73082039
63250061
88942294
43855930
7806546
34955671
57536284
63581404
20758393
12824319
53831083
74358474
82948590
12211545
81613257
77403435
6491540
48635982
19326024
69870602
29631542
25945838
44319511
61942670
88271334
56010123
43424190
29092524
63291735
11317567
57683750
93517485
70664717
16820572
10622598
56847447
30494472
75794781
35165586
55712179
88011567
92652491
29126321
65028632
26784218
35324883
84621522
45597386
7103306
23383865
33037363
57654659
26809323
34201753
75559448
13178855
89776158
8682379
9083744
16069500
36618030
56445050
58414199
58401836
45390051
5407554
79355705
85855017
93034676
34655542
49227690
5725258
63496761
49223342
69521535
55545215
32969125
28058327
27492938
15610087
68040536
21127496
65442725
43120310
50888767
74605885
37454302
82620165
66240785
2054784
67776889
87203660
43662811
42256437
367133
93884936
26117356
78516814
32507437
36171171
3121306
25716191
15639156
80645736
1980094
92608842
28373595
41840264
8605837
25825864
74844828
9588483
25091427
70888595
88911578
38985890
88619594
39967276
43938848
90775804
93652304
1987615
78605915
76484066
66344185
7789026
17483714
42822326
63121941
46015411
47710419
66295833
73806648
59089800
23490798
70436902
64966861
14436964
35714915
80016871
67682064
60658362
70840275
83223746
23227952
40410704
3488855
3669108
4950861
53112682
7044412
60310124
27827711
55974332
34391625
56531099
63522407
11383988
71626757
85630014
47957258
51216185
70720277
51573344
64723557
64530784
2722470
56925676
36847885
34090005
85194617
23714485
68347044
23265934
37121153
90615966
47049178
93189681
94187675
20929653
402731
56307602
48883682
21715575
58952573
52492071
30800888
93259787
19321363
88106377
31865343
25402126
24875797
40460060
92132396
69893593
15143815
26549269
37053376
33777893
36829417
47113587
82674547
49699014
4487932
80482779
92000139
62437989
17349083
78884236
62097037
34470944
58725358
33796073
39268048
35111034
4385974
51202211
89430311
55310619
87752300
41105331
5678678
34864307
11716224
43513659
9586209
45696751
79150777
7136816
20107500
6822023
12369177
64236292
55428014
78417423
12843709
36149505
42249403
94116823
69312720
54537397
77016796
1369272
25711685
10023135
47740005
62173002
4697226
82095821
94252301
60631151
74209413
37235462
43196935
23270217
15910732
79244092
10603051
48600158
57975168
71033326
88113661
42537658
11715520
3113473
89284063
69076410
75141236
65121874
41024864
16954570
9157408
17789466
53023366
27200963
62360096
51410210
86169116
54620055
65279322
59451801
3428423
23186493
38084788
71397156
45031379
70658838
91390465
80469113
11402759
84264757
58881601
54582848
33461408
24508600
83123188
17139312
57330179
79040963
69858723
14487630
27083553
60079334
60731998
74727465
5068874
44239648
31737310
85624226
44537103
44583992
36904132
36671342
85632066
37266234
34278016
10057387
61021943
53735020
34843983
3514271
37580230
4428610
81505235
8764896
77431112
72963754
64922918
78215103
86831968
93414330
8139228
27231763
75495341
65440753
35816501
51277022
10567221
86672889
26586215
54863384
88917849
82190714
53493899
24791061
21085894
52000621
81146530
43983439
10871685
57955546
88346544
32142933
84246665
75718249
77468745
42869061
33537205
23327915
74430189
46967806
27529731
29092944
8042843
51512470
56181393
30307976
13996398
34631017
92277454
36658312
89900896
61345231
16029320
29702552
14513203
4346176
70133658
73020701
87397214
31964971
76957042
90599259
60437180
75501830
50980277
26111298
39314109
87492525
57068852
87965630
56770734
72132572
89294133
74684302
67675194
79498759
93574739
19350450
51254948
15448632
23184996
22887360
82246766
74692964
7753493
77208859
24389696
27847779
27478335
53075003
47978779
73416061
3674083
39538645
59284201
25662363
26285693
48579408
37191686
57840288
20719606
22444627
83617413
82762481
4031996
42175953
12177520
59111228
57680225
54856937
58746704
62954851
44107491
79536862
45852477
19217165
35709919
9630503
64094167
74288855
50731414
28500689
80527693
76406243
12556338
22768388
35994317
30905866
31334575
82585674
36839013
64519226
63138899
2183632
21942787
50461227
82501213
58344552
76410375
22921638
57232822
4743633
58136717
88938319
23171999
75581554
49266783
79410193
69323549
90045828
252499
93987709
67879294
65069504
47632152
39879677
8540904
23007738
79377827
53222661
67339191
35907562
6838981
5016668
20626171
90506978
84453842
37983656
6222469
40052607
94280520
27454221
89041001
68033194
61174249
92238244
92539051
69166254
64709923
68079308
5861814
20260489
57231111
28960601
22663877
47529866
42356796
36009792
46959089
9562586
81444415
82601076
51861336
2129625
37166546
6099852
81296591
55016207
81448620
54148624
68261928
19029054
834995
19968212
45677887
25036590
54111567
45586472
49639230
60939130
15426191
47433161
21415153
10508571
19321799
56634809
1989386
9614986
29354452
35511554
10310547
37848306
26317315
5470914
19586051
88994956
17765127
78945394
12799760
7295032
63487526
89743423
2380825
24945534
91662812
76175221
39862976
36387059
4375069
87961805
81156564
75043071
76799106
33493886
30889148
55152226
66845054
82754830
89968582
49210923
9690884
38903171
6988881
49362912
5568590
70983044
91793499
78910460
20882830
19646952
47551072
72656062
31950289
1561617
81068136
33444263
84914824
8161635
42795820
1306876
47271812
64441968
51274923
43818354
34861327
6376794
2035938
39701938
14737016
75034170
2610703
42026897
57455816
77478409
15945053
46598144
25165157
8581880
14475206
87587210
41753579
56369606
34459708
8822971
34518059
84649109
43236107
17338315
22094113
52032066
52408872
19544278
68735296
67154777
84678163
34022588
62051384
14925226
30362223
46596217
66894567
85556478
70310434
55649592
23980579
19721176
25243371
23941955
91143791
63852837
81131520
83357228
56424600
45441585
58066947
88669478
51639688
17498519
5915473
21015922
1627667
94057968
67535076
42778992
29369583
48526247
27401916
75203995
91379515
61895477
84056006
77922746
84631339
86527058
68456772
35324885
25483526
59717976
50907471
90382141
66783528
20174490
87564332
590892
35768218
82280452
77960098
29678126
82532902
84987116
30890717
5404354
91792051
61676151
37155272
42338972
61264414
47331227
41701467
56580637
40912621
60941133
65079223
8607350
4859453
33251837
56729069
60207627
28737322
53568522
56275543
91381360
1889476
7099446
41621890
89657097
37237799
82572928
436909
41498282
4776764
23221720
35240538
50960883
30654791
36307117
67285111
88969782
40421973
24579913
64489987
73640346
78371420
47923999
25733906
62356726
77832374
86895805
49997628
5261274
16706101
15406431
83808563
2666212
11300248
9049676
13602485
48782385
82164806
5185406
50834791
42243194
89238838
32527946
65765057
63200971
42337389
73612475
2862634
32093246
65890595
55552011
83701101
44644599
90955410
9471025
64120693
80403973
90689948
43343010
66918318
63266018
32472641
79383984
57255428
18695550
30265637
89919342
67104749
93963089
91627098
91703637
63312582
50668417
33497575
26700891
15422064
14235524
80235325
24642797
65256162
27975170
40154862
81413471
55638073
92991874
20738109
41953065
34308609
22754114
92301051
80470201
36186848
32830953
91827227
66405303
36446149
29095168
19803700
74246578
6707448
75397591
19476318
323389
11665212
78025350
23528012
40394373
78104497
20823354
47939962
40064676
22517068
45732158
90966827
6229706
29172067
35482594
30457443
91111647
38327789
25208540
74285054
40714424
72895244
75147249
14800905
65406335
2767977
70205739
32647500
45973562
31341842
93857398
18903294
78584263
12544977
49188736
93126940
39061591
16868974
44421485
52133427
26696899
59831858
93557829
5959071
70967644
35895903
54757611
74461685
35763421
57658651
66528662
1435927
10146177
59691205
52388961
12900233
24051168
46241121
3675248
8076591
8488360
27030750
40889023
3731204
42765600
79550133
52685455
14467202
23204110
69575769
88983976
88983978
74962833
51759206
42479883
81449067
52242968
62972954
50799010
78621350
58401930
94383833
4372395
62152772
47056779
76132647
54104822
54592165
58364993
11516398
23510375
23227480
5974317
41677624
23604571
90493694
53308050
59521983
73748081
86371630
23195980
64233465
6092402
13875782
81391795
17234942
26417482
57235221
22604507
17592841
10049222
51065877
2839273
41937956
40859298
81996187
5989571
27251558
46431679
33597447
66965100
87939039
81049709
57761800
11398068
65272697
3399047
22100083
17668716
75654898
61582376
8191949
7653123
2346305
85259375
91969197
92226522
25504243
4075615
41583758
18499726
86485662
54140451
4179222
82180530
40460405
82970012
421455
53567304
43122488
76128419
65126111
61938499
38856440
27544810
40821937
10555342
86948978
64598932
13017786
31146908
87147805
78783466
57823061
24560288
55218598
70620231
44861587
83034791
500370
9981147
41561857
18566375
18223016
31808605
39775010
11371840
3763828
26594426
1432166
50067650
6397865
84481598
58960378
54584457
62039394
81065970
52108101
44187302
11532281
43089051
84276232
81628563
1056775
91238847
71828238
1556706
18544735
75583441
60998367
82351026
26373525
85682846
88361003
61245006
45120395
53454564
30636088
91189349
73340469
91261801
21810558
72094771
19559107
27394761
12935247
56868993
20179707
39195264
3399044
28245473
27943619
71453464
45155068
43918805
62492002
82027907
50854276
54715567
76586670
4794077
37216249
63620316
70474320
76261715
94638788
58666664
31790267
36911573
66372446
90310534
45749622
64360762
41044407
74869570
32033300
54501760
876351
734856
60652556
67268081
78614867
82900816
67307594
85068644
74636651
86153069
28631967
7406137
16431942
48669321
3202490
93053030
53161136
49626219
17415692
51408003
39582257
61924265
89887596
75510250
82602254
15707000
66081242
38623983
76551303
67908606
7281758
78554206
7686596
29894776
34416474
56776218
66797709
49457009
60131671
31013973
25077987
20856533
2442930
53848216
3784488
54111181
74436941
26532136
1202727
10235927
5747490
92373788
14943600
25946119
24336722
11288986
41508767
88198394
25676187
81873153
92226026
38447993
36877587
84284345
40744552
60013155
15402505
54232930
22161376
92718454
35620869
4731089
78584860
70370424
35685282
19682581
24600074
27119064
5800319
18300811
71491612
58380166
17776599
1625905
49752259
55841978
