81986899
9966556
35122306
92539906
12499757
35824980
88241891
24114169
80157929
26332451
13116674
90351431
80113978
1723628
21007560
54271429
88331008
83341537
82554046
40985014
82418011
94104934
11216787
32760529
69884076
16578640
84191364
81485210
12343147
20269368
50836725
50460512
18070477
72558739
18390319
51275049
36300448
93719132
82330868
7927175
81781155
30280275
32040652
68074456
51233836
52582677
85300271
40602604
60469928
89162153
36968343
90541914
65853200
52466766
37776726
93385400
21101403
54997571
75898253
24930963
17600638
86762530
71509147
89130832
15704790
75825221
36422800
89548476
72938208
58597475
92048921
5459878
73194614
42198430
70148206
33232649
34587895
28884157
88039520
61612740
47650456
45474700
24250812
16880702
93501109
36004118
27197963
81677995
777063
40408629
43300328
45523911
1412645
30241702
52216663
93228268
69856153
16274987
69295030
66744138
18439598
61323491
19973955
41451566
68422760
62996297
56636837
69444179
85500938
50546734
48887316
69022782
20644351
61893020
4313190
1684986
9119576
22570010
29614638
66331303
9869988
58354264
14428264
71382670
543880
30784083
13298139
46183240
5671356
76313609
87123524
23276651
82654761
51194819
78399310
63545428
69749330
45577499
52602923
23795730
74449841
73581301
72575371
71975445
61391404
61875954
79047723
81506450
61553775
27758515
8509362
84524307
25155432
16825424
80768731
40804756
37174253
22292664
80466915
41952316
75306373
81730291
77445601
11754514
132469
72136929
18696447
53090449
63148527
32851706
3178744
29016349
92960833
76825197
60918809
58464061
11501434
9463787
91654789
66165538
25455832
71183362
48497394
56864668
28694633
25555799
36479318
75780420
52470315
15931387
8601807
22995082
75169433
1722439
13647841
23911143
29328186
37394428
4334976
53832971
78985901
22761946
11985113
87376340
90182611
80046041
29443902
28454144
26060800
76401932
45074378
40122554
60378220
23756467
35726821
40731978
12433162
32129593
91193765
2468547
16547903
88637774
66962711
6473611
60521250
70999909
92053914
82068359
49872907
18800743
29221315
68683250
28304247
27067977
75162113
27807066
54449121
6596296
605365
36220619
92051685
61124677
49387386
23440940
91212252
72136735
69007670
75441564
50689871
66128971
505225
74477295
32767788
92653482
30634172
86280368
19720744
94530018
19197609
81582017
28901899
5678459
40010585
1060259
19010235
22351526
12876221
8227932
42116708
50515950
38969180
19523293
87999599
38000825
59574798
42799409
36321900
34785477
72334898
4009693
18323752
28519463
50765793
89445628
69832567
78279736
5537896
18819451
86124278
77522512
7053638
68811330
984471
25008117
41834993
21167438
5718669
38751642
87182536
21493616
26597064
34563407
626134
27934415
70260547
28582586
57235747
71052992
90808230
79608637
35575357
23495904
6320590
90611204
4446312
46164183
8853514
68774551
68801056
4252875
26025290
74729348
23180449
22333035
28480784
9382077
14868589
23851140
31081268
87468805
70382035
73135125
37903828
38298159
20189721
77610743
39884262
60268977
42664091
69475479
64976838
90851222
69699974
54024995
89540225
72160310
22373330
45450488
57134591
93953666
90246650
42755968
60285461
29797037
39429632
43494203
