49023711
38505865
86961503
68816381
848962
39585854
12379712
8388924
20566260
81598138
82840449
31797791
65892556
33825144
71507257
48656016
66059281
3496429
25965750
84970651
16275172
33869471
91701200
36144548
12556225
10571732
14660041
54398608
33349079
79687406
81498132
10134797
91417080
77804859
33289932
34149093
56617808
22616342
38685610
3151391
84947952
3215479
72962312
32464440
77290899
89896687
25955945
53720511
50406754
43462647
54626976
34781845
2143172
28697953
10560341
34721654
43781507
52845314
87437265
69737935
39213129
42669148
21719755
54794335
33356521
900386
41148439
46075235
92924024
21950227
88891845
65173450
7577442
28702521
30156373
44177094
68848971
27309197
67904542
63562259
10083656
67821862
88580549
47575936
65467705
74455466
