21236879
60120494
74166518
54426260
66766386
92350144
48049110
45119314
12742710
52351206
57767111
5832421
59240163
85127668
38796197
71451405
29524096
58473765
15705771
3481928
16788445
83554516
2621728
52192878
92060107
72318844
70247810
18577897
71112247
37757700
1548660
50303039
81498313
75395644
78056042
66084296
20246488
55129084
60263069
31143115
7801478
19305937
39263838
74501531
82818795
11474895
94372739
33905525
8321813
86465003
81356851
84482435
61047455
37381694
22566721
59158977
13309656
58790144
21218024
10480941
70258366
54228713
62647410
29153976
44883822
52918824
26150246
29248984
6305585
25188085
51296000
52687364
76968472
49965836
25238385
71068324
208099
45021524
10008301
8193050
46373664
87936534
54759705
44570031
14792890
94036167
88641997
16282916
87531026
56121839
92144406
6728715
13841725
33136294
4943277
76131247
38536865
27754520
3552024
90509800
58522978
6616922
75236376
86078945
77683316
60215339
38353832
7783566
1845450
89366145
73842268
76235190
15778132
64677901
49044981
93103317
85906844
23625097
4839075
23584077
63086013
38161655
24407413
27293759
32821131
2027030
34429817
22689890
88659957
63622493
56333289
35196165
61041545
19973956
40555719
4822278
65818660
92567856
21830546
18482981
18766020
22144272
24213554
25043140
93565831
23834353
94658466
52108690
5491321
66605096
47818588
8473924
28100190
42258181
69908909
65404698
35146100
78754132
76977198
36688764
82486615
16044304
64678252
16451193
73193203
65149063
36912259
35059096
56982475
82608137
54570623
70593751
70158102
71508314
38439581
87674926
36312553
44766407
61197447
65643411
94130240
87066274
13197334
83622003
33636268
46746041
36210266
44185961
2011827
87922506
24874348
59489423
88488232
49279763
88797979
5128444
59034437
32667140
62004531
42789433
85705059
51452396
45274321
28261207
23550809
624748
72688188
79696046
51792575
32003347
47353047
47649155
65720476
40410267
51129306
16629299
78210667
57480264
31996610
6930299
90874635
15221473
86537206
56606442
41098772
51947286
12224718
3894462
6044584
85144263
52025360
12501200
87471645
32544235
41257860
16356524
35726224
58520331
17674893
59516702
5655281
84072062
41044978
60825533
20980150
38973474
79100242
82644001
43593724
85557515
86647388
75314464
37226931
48562249
57990277
93139926
63313829
7061758
1699926
52201422
11155779
54771631
68949477
9527795
88094243
9362825
30484814
73841305
2839938
36399666
92451306
90940143
55277455
65388761
20315924
70236844
70236849
13268381
90913904
34784905
47322354
79559943
35002648
92830075
85444624
62715584
66645956
57648504
87271860
70625966
12612833
93426593
25602001
77033129
85971616
65577419
66559575
86056456
4489448
92371007
51285161
62318507
42463589
9015426
8193646
47173331
59240338
35386007
94455464
70406356
61260480
54973049
72829629
26095023
16145357
19294197
80443618
7327991
12211978
33091475
29450812
11061139
3731028
86416008
41115620
85364288
72664955
39556675
12883566
13278020
57008855
91646734
28059471
77362428
46913945
16912101
24635488
92502265
5417529
78491275
59093967
76676380
93309669
38610037
69149934
23796418
34365127
73235511
65790159
36995471
16189436
51290594
73487213
4891392
25422199
19269450
50426326
45357480
63368515
61236761
71302825
5094796
23873453
1573146
93614540
87000094
58760997
83425581
24086933
1864551
82873959
28415250
2470874
7318321
85670
71180062
60498107
11389841
79878649
51283004
53517979
24908593
57533930
87012542
17500726
9445101
48067821
80029234
16272049
83307582
7443999
80569576
2177876
35909275
12564283
90433249
4591847
2469854
62903625
74269790
71878856
40957102
50849681
3401431
49734674
88217735
3772998
29429190
19833278
73352140
41058044
44132572
66886643
47555927
7835270
21219491
63467039
49986154
47155865
41611950
48016526
9206943
4275691
10578338
3559752
46613078
47070860
12855290
8239675
58264115
61141364
65811767
50709625
23226050
71779443
16100477
65197483
65667726
81067124
26170833
59079494
49734677
49746099
45854875
30050524
17699217
48060175
45020805
53870020
44517445
29224747
17872729
39545781
29304286
73950044
63090247
48279356
94311945
39208773
89482354
41270940
33899452
949044
61670888
65163504
59011163
17533534
90516726
36692838
52081875
31485740
13431832
63889720
8766459
8070013
86885547
65651333
65673738
32885653
23136248
49157525
6625299
17486987
67129142
67994567
7208216
68675919
46613080
91300591
32272296
6821202
67193565
55036501
5627644
43045361
75436565
85056090
40815303
35321994
26288861
17959012
75225182
994326
90448650
45470875
77050327
16824510
10515658
47515543
44081143
52587886
19899864
39972889
39333419
35737654
51779669
23577227
72434992
74536964
30213129
53238321
27972406
91959312
21939628
83639736
43045333
50284207
84215154
25391945
54696624
80042064
5747294
68510621
20051556
58581181
90961292
