45329455
14598085
9705600
28805117
34253578
35171620
22653362
25014308
83904973
85069493
79938119
71144720
60929397
35669932
3425771
87969819
25790756
16444356
55971987
6527770
34971450
9486167
90211936
55299545
34960249
87582428
54166983
61696486
13336099
22029909
71287082
18587977
92453856
70589153
57902946
73228954
38485166
76398515
10332165
87054273
7566102
88822936
47584208
71861932
11854618
5312321
86567005
69882460
27339394
78053538
54664228
81461918
87879456
85523300
16243647
53352381
38035774
60692054
41881669
4819835
9369488
51491164
5396245
7913893
54690061
61364680
66070213
20587679
51326120
74018740
29810806
22267124
50779315
26471751
90481316
45862839
90647851
23044900
54328693
9151678
5400428
638819
55855824
41167753
39103710
69801533
39920458
63477278
56983653
10344741
61116622
89720146
36988486
18686628
20546659
34674908
25603525
58819651
71971637
28940919
50720575
19364973
86626768
84389791
54192305
75139811
17166510
60080244
11808093
74544601
25750841
46373524
15834360
65739189
58309579
7950600
23484815
350270
9267510
36807410
31608107
41768790
21620252
38617512
79969227
86287486
60021359
79677711
1479544
5763050
8808688
66832835
24362698
3429092
39982402
91453057
53279170
14899812
50500599
25585819
79213192
37855834
82753694
70463249
48600801
58513881
83422185
59547931
85252562
32956289
55164864
61033229
67091115
58377755
40924652
51244862
2502864
56522782
33724400
84481570
13918234
32163079
71017736
85370200
4442053
63942279
22782859
48017882
79204496
5328748
22155485
44453300
18409775
49305913
17459267
28364746
26474808
69754692
3067190
82316993
70528319
23756559
27855811
74512775
54458645
36888463
16559410
74175663
58187318
18042799
17132363
91702372
72676417
15825019
69661297
45190555
69249543
24763395
63415340
76673279
81194783
78359420
19260466
81321558
54577698
64215130
52820664
87843641
65772900
31039552
14167272
3400074
29848847
17569795
92063927
81335515
6584665
92213500
37203935
58817448
23649151
17964441
40315545
78730090
10984943
5093773
9578935
20710253
64771602
17086293
52091432
63044782
13899585
42698281
89791334
40293919
50037281
9026788
88168556
91088485
85493934
1447262
72055869
80546992
57411633
60450295
89972583
36427827
5966811
60457340
35297266
85316316
86689985
63902547
38617509
