68188890
54832955
42993659
8182739
82833841
93193019
59748144
29585741
17283842
73731586
10132596
24841064
49013937
65666854
64845766
60256471
416285
30469657
82507405
2365150
20191468
19900870
9350160
15521325
59133989
32923964
7586537
55645859
19608649
51016045
59747989
78419374
60963581
44954102
16475978
72499884
66748589
7706864
87600398
16178528
92595683
58546132
69698981
82851199
49127060
26988995
81657930
37997381
23681175
88786314
40641824
94179282
44598104
4551730
1256339
53061507
13733747
72923217
70956173
38392761
17931588
14015983
29259834
86602045
92445966
10371281
91074249
48908765
61947887
58258477
33052318
22888683
25335626
48258567
78361746
12582164
31658758
85838685
2377752
10375314
27762693
44883181
39550843
27586531
52706817
81923075
36544217
11192580
23197677
3661247
9288522
29061636
24624218
62503725
47323975
24376215
52164419
4086717
82496120
55008182
43149597
47015292
80967
32668153
20962225
77626158
33556374
18415070
7088884
19941160
26630508
33233543
93253831
70641576
7930652
18891935
83297890
56369649
30996354
2915551
41224843
53111929
78980275
26855588
10194047
87656034
57110042
1621617
40559242
80923043
12080504
84370188
59408653
8425272
19820935
16127516
13089144
10333509
55980775
9887244
29565718
41996902
28101031
75436878
36227566
50733879
21020893
3220724
42015699
28472664
731253
92906897
18747318
85997827
46307938
60648134
84494007
17957554
33995720
83892864
32018682
12605164
34861641
33803249
45742207
19430689
55376731
42502186
49848455
28613239
21060204
34232745
35916971
58308603
47293136
25356332
65704339
60554370
82715211
88634848
7250813
49577901
68050621
85369569
80136247
78835800
21825431
71205322
38245722
44517737
60475620
14782430
35226953
71488353
64544548
36036538
61390320
62110592
23450855
59177293
43061649
93585217
26407873
84098371
1619362
59842339
71867066
80660510
62856306
2077012
70713531
57752895
42517001
6768995
36316171
53895819
12526454
82505006
4224877
46949357
13492739
31825074
79859401
26399371
1877943
38075268
87695867
77602399
70472057
82973439
71768057
748407
36646528
11221513
52511186
20537050
35198253
37811208
48824210
69374663
93101852
56712188
35417285
52592447
9761343
40154184
7897456
92940960
7130706
14280562
33855279
41377732
46526603
49450674
34659182
33094424
15607703
9763522
52490539
12275259
25859775
57620894
50868257
53602865
43383299
81787732
45348264
80802942
32659042
8475735
40261861
25491877
20937953
87867126
