65309963
92887874
35839691
58206294
26534015
61774237
15755069
26223103
21367567
57490583
85690919
61194748
90696025
32264792
41027990
19154429
78999167
89033928
70503162
63747275
55548262
6117490
55468622
39007307
82809489
2582255
10838886
67368254
79604681
91780477
36485635
26415296
85774278
58922126
55674073
58960437
43953378
5106410
86465218
25130973
43721596
6007389
90140985
47197229
72076391
33857482
85986322
26052742
90213027
22708755
80180061
33039214
59887741
17380254
61292011
47198129
78700065
22880855
45766171
75309523
27776252
11545670
20345198
35038960
82436400
20849165
59890280
5427848
31121359
66944929
3807124
11653706
89315590
39897838
57574110
78108826
48882842
6188906
5384322
51008078
44911710
78490044
4338259
12604252
5033858
29805723
11481995
43912200
57304267
77891256
65872657
42101434
69892988
74720497
75030183
38476471
38745110
31791983
18495959
91711677
2302744
15669453
15951457
22791591
80219623
92317935
29748877
85918781
18750250
55851762
64419177
84202922
987520
65220307
1013750
40204521
57638373
46318999
54731779
80242565
21433498
50223252
24272099
3305244
8739404
86812285
32733739
23738799
9233852
9233854
15144467
74019362
28872214
79561500
73400509
66412222
73162285
57380332
44002300
51849365
61941722
4305976
33838471
16855152
18996910
54753179
48153853
74412116
80157716
5472830
83277602
63645856
72387602
54402163
91340707
78618269
1556708
24510741
66950770
28152096
70058333
25716522
45159665
65111266
59285937
29012430
46052436
7106119
68198760
6494559
76579896
54776124
36110714
50295329
30223975
63129216
40096933
57343784
32964512
37506273
17519201
54847608
91291023
29149580
36135759
25077977
8720018
15327193
668398
21362260
72283262
85260190
69107576
62602996
34000617
31688681
20604886
8731999
21499521
91448858
25449600
62233470
2335946
69987956
44506543
10265885
55430792
56446124
56869713
41643688
44612567
15753585
53012174
66840968
80112705
88234794
6290273
723251
24194433
48748275
633938
68455062
43583615
71623879
32253896
67524392
62891122
41414428
68757
47142869
17939489
41420575
30555106
15017171
50566168
93053902
90654000
78959997
70876211
9533877
59818677
13616449
92900117
50082772
85000080
10685479
82888098
17579191
17893396
31070783
20674377
20436533
15699116
40734100
76551369
75838624
38725021
65855851
24167548
48057850
8033332
48608388
42908342
26724705
23101929
41803564
37034119
8780339
33643846
1307414
12683824
90634802
66238336
87817116
21603786
50622678
27514403
76826887
29401196
24459532
73188933
3528156
63507255
66504114
75080824
29200658
84655847
49985819
5727175
90553681
14201021
24704847
80739245
42335439
51319236
20874003
21955796
77048136
43643386
67193746
10159343
85283283
25270815
6496442
3854522
8095228
89080010
67526373
60051431
34673736
27799888
88072031
31866681
35865695
16361496
90851063
77629259
11595431
28900887
39278673
36470949
68158050
54676414
31741763
38740887
42812225
60756590
23281069
35298013
88533588
42904336
70524332
32979923
64482220
86859342
45818333
88893127
51168941
9521662
22061222
28203385
56921087
10228410
63102628
4203907
69159284
81743505
7075864
10558864
46373104
51312638
81595732
60078777
91898867
33200848
48429035
26193280
55699053
25895820
79529351
16525304
87450186
32437728
26414204
54005007
53437636
91366427
76492902
24072794
30899230
4029729
12781765
51722256
78862219
55746018
72066898
41698699
29225874
38382102
36129820
650525
70655809
34206045
90533218
33936481
28300174
63205589
35554894
89975797
74001737
15601785
12067056
8808940
30102019
44825650
49875289
18200350
91296138
27747668
92141455
61471302
88947485
38924300
74346493
81828316
69685373
25179325
22916464
59827091
30822546
44109547
4133191
49616977
44881300
67315565
83977544
38031284
10824209
34512519
58215111
13320800
46032220
49368141
23967577
42781719
49041122
4806869
1851813
37543147
36376685
10077171
80811603
63198950
29979690
51649410
16123837
84496372
47539290
68956154
17103353
14691178
9912501
90716001
3988748
81459460
83730199
87298861
9291062
84113168
21009638
29304054
5200305
44619214
38006130
87692943
82910375
89471543
59944285
17662131
78151787
53798360
55412436
73773328
76352030
49771701
33561223
63239134
30714995
67671712
25440398
11962802
14334930
3705237
87023169
54089908
89320953
15442180
58623789
88089231
37909697
41743373
28797351
75606594
28338664
76696538
11465781
13459578
3244822
36670452
48199931
58208875
41550542
53574749
84076759
91454723
1368330
81326507
9919513
7547640
73831905
30968876
1723831
57218058
65395235
72636062
60118406
73364090
68881074
13152868
12041236
69981801
20835955
53061605
61681292
78978314
67414602
16689334
22005331
47450724
6003244
23855994
43887961
38193238
55803180
7312872
84427700
67064456
52018676
