34126599
46625076
10114603
7691344
44376570
68918908
81136404
66995394
90503522
44948571
28083964
55480715
63729107
91065171
91556375
49640211
68462285
31484354
89497733
77405219
49291787
7476360
13097527
27435014
55162651
48295934
63582587
81163425
11433473
91837102
4993156
54643613
10162946
74028559
36718262
8310607
30700627
53312710
49083783
998003
17722042
73540855
8742801
79965679
49448985
42043722
52753843
73664062
63453624
76283476
63614339
15857719
34919621
65198097
67320394
80744482
64629728
25561571
30629941
25387815
