75271078
24010278
15359603
91486505
10004615
73458137
63151767
79745940
4003135
62192428
67316123
63601643
69651561
30076974
388167
86586318
49529741
33841013
76091822
24520617
28934362
22046125
80084146
43789123
10828533
61737748
35273967
23494494
60548771
32567672
84121026
35287742
17828683
31316225
92067977
78574216
58431427
85904939
15692215
60203260
58030697
19588176
17356242
39941147
41966920
14051774
36757493
30367571
17634713
91735003
12492518
52372251
55406193
10647740
27069663
42142070
15952496
38390483
60688018
49035346
58045142
55555280
87570244
90896874
38750365
64250824
12422922
25251684
6482395
36888180
68055074
69372857
78669683
43348409
69569366
44574743
27102898
13433460
86220894
30637302
84141349
46665226
13687880
15242144
49512414
9840378
72481398
85750195
47891453
63038096
75983728
40813260
