2472363
16287107
11804740
29818002
6902824
51832033
93153128
35759688
59130864
39103131
2334354
66458233
70910145
32197693
74422325
66853289
67868245
37207379
46080594
42267671
1431883
20744628
30237568
73229812
75069116
31983796
24611545
44160347
56481972
57952726
53135102
94331467
38320431
78986328
81968908
8185781
35526905
350252
10088689
70856997
9454658
63352198
83532189
11348084
1930553
63902822
53255633
37828625
16443312
52478489
63855062
79393387
85271302
72735134
75664101
44077326
44656213
84203082
12065910
45722168
62066569
30721486
79215799
33742609
68826845
75389137
7956488
94537826
92217162
43188459
29309655
20175284
18010284
19382313
24787964
50335082
79842813
66192081
64724359
86181833
90368669
25225687
24374812
65134236
77474099
32292858
9421525
85562152
15667172
55837317
41726310
90976309
70934531
56560824
14648129
84940632
88045728
87086957
55009744
85302484
85822845
63929303
77156256
40551681
62941244
31610327
62231348
33160362
76309553
62209740
12927632
53796238
36148860
8873291
39559201
80466049
83306869
45492251
13077311
55549894
79890428
16803890
13015384
17511677
11636542
6082288
76483850
14914701
51636370
52831410
48519037
94123503
42983282
287754
73842646
25345265
18431231
47088125
22654273
18496557
5893136
12007250
69805104
63100789
6509641
10964151
89682708
6316934
43748431
53639132
63301947
6554399
20240268
74448464
58409394
39924020
5192116
66767871
36493351
78804906
19161658
74182875
7206929
33079811
17066818
52453680
58594198
50459183
2786220
84472042
368075
50592483
31153771
46670179
88279393
66339219
27896114
30900865
79504146
74713243
67843505
7002064
33401198
11232670
46201989
4735777
70493268
10715998
44491872
57499807
56401195
57994625
24714295
15440987
47853110
20175109
41118296
81059062
3892629
89872249
55938552
59387019
72440454
44342196
22961541
55736356
37468895
17863796
67505502
34393129
7736805
35768761
48921337
38111259
55980719
52681816
74990496
44773207
79789597
77011729
88011280
39981837
12929496
17590589
12762822
75855385
70682151
80716130
72250888
93924798
88785519
19729541
37587310
57842160
60555893
57890609
89085918
40847255
80054592
41659932
21942070
61129648
30280413
62544077
48528107
12840360
85665450
18739477
12258127
17425316
75514621
31038340
42749282
72423709
51762806
92262153
432514
19125242
39502163
52996084
27967807
22028979
1876389
1030207
49139143
76956200
41464616
14300214
11950785
84702567
14645526
14940434
37317305
52967003
75834420
69448870
6861440
90169968
37800884
13569623
9709389
81096304
50401828
49074811
27116095
20604818
81599521
65510010
36733260
65275429
89836432
83745339
79479753
49070454
43968936
61148
48975537
85279350
64312068
5904214
46265628
4239360
17656677
24831075
33938863
13200486
1587291
12268192
31261791
12387212
71449180
18644581
870878
92552188
58067510
70204725
51104879
38349441
40532917
74999729
55780997
12050743
84675076
91760179
44889703
28301103
41172293
32331446
7694554
8081072
43301826
62821942
34912365
48043455
24144191
1787249
70521889
37033364
13277773
57244042
70067128
4195156
86516457
82497744
26694768
72723645
84865798
51170732
6029524
32011001
89100164
38273675
70571013
66738356
85493969
93132913
59054296
89840257
38461570
24683931
30854819
15804511
54689595
54161560
54152781
70804813
31783575
10532041
51664684
14865422
13646266
82518386
28022628
30706152
43737644
30179572
30532158
85681502
48727531
41277964
36162050
69434158
9071288
1010268
67980562
16958511
18668912
50905448
19239075
34749650
60440997
42121163
1725278
86488336
48755971
32287637
46447825
15707243
90233806
50109080
26653631
38146208
68878845
76670087
37946408
53393962
64608963
91997454
75659561
10431221
19072885
60010963
38574987
89253502
42360211
5320916
24841684
33320125
64152143
38225371
2806038
7590352
92212581
87874148
92045079
49285329
32021041
56237107
81250573
45557654
11609762
20990825
72846269
22986873
70489755
24085203
30979983
14466919
73363948
46444900
36187898
29087653
81352841
49703565
68941868
32177809
88229174
91451882
10825088
36070944
14582957
10465352
27631710
83685768
984529
1557546
21834322
54368666
79454099
39732613
67084927
20261354
21916957
20409090
2319364
65316984
8880070
80392503
61799999
5259585
87077919
77453680
47048129
8288161
9953075
76298558
81248998
60031476
49565373
84324818
61376544
61545033
54298084
58139772
92044139
36669222
38991252
9432376
29046927
45961049
5306782
35661982
38070915
62767104
16797257
28912197
28910243
11167339
16174806
50556933
54700312
70713553
34157654
69648325
75364315
74467170
32653740
10346982
19734044
53477202
91551356
9266410
36977002
59256880
65198447
6172993
9892356
25836142
28696561
53308359
17501399
71691808
20130086
92021288
89074066
82588671
32353042
30237390
28329325
32569465
43579630
88470355
51870941
10388005
29627481
43280834
64781622
49258306
285645
58106111
77612134
55485891
65734037
50551689
19030083
91792539
2112455
67494027
77489140
34966974
8351136
38368125
2292705
19401820
58663814
35799779
67759182
18766298
8718778
49645088
59066898
78737493
57573209
11321933
7093241
22191092
59590851
63825969
59866848
43960363
70150830
42432188
63666796
60724349
92081627
4064940
72249239
49984411
79071127
79829833
32283419
56147339
65746572
73095351
44952372
82182704
82009762
75707921
21082639
77871533
60443799
81505000
36183762
86505110
61668170
16751658
69403233
44676128
42500047
61218627
28227784
6058755
41741228
36306653
8660824
52567873
3024407
57553515
81405661
55236499
42075662
2276611
60712250
61632836
11785473
7493052
94090552
17746251
70343714
14047456
1341501
28731404
23083652
92826812
89597764
37559024
88840810
27839189
6631257
88787879
24291538
61517115
54360750
54124798
80087373
69860526
53325170
80918135
72583648
8324019
71905073
60539871
61755226
65923698
59845954
48134711
68623777
20649230
38743389
50101774
54034502
77242656
12316596
65051106
18917028
70138009
26853396
49430680
47120450
76056422
51083857
12803914
74648537
52835490
17289390
13638217
698956
32798682
12660397
19929207
10580811
80065849
82232994
4134625
23398360
34547731
51615401
35546488
77812264
51827199
58187832
57578221
52428855
90539737
30073088
18538651
54324665
34218438
67408163
13894192
60667563
29265986
38782291
43480133
23562297
49273591
13694262
92060091
22041714
63281496
58141635
54009135
55464770
68742645
74664182
57448906
70590610
87925437
71229562
43725011
8505716
497565
68273808
37479414
46139745
48068307
80654211
641313
66290525
12615435
30591251
32981903
43499007
69205152
626440
82046950
59307947
5569868
87502401
49828903
37941685
2641095
8337439
13874988
55660446
87094725
5228706
94429695
14904118
16707351
41103090
22752143
76456531
43774979
76957425
51444684
14546876
78381330
18382322
54568985
84429932
42617249
94372955
34356939
58867941
71988830
1193941
23713665
67518441
62875390
32496818
91201165
27660607
94126707
89194516
67362252
74176560
39599840
66136299
56721366
46338433
77659976
6660074
8849363
40497707
56300455
28876978
35482817
3338918
41501039
12778855
31835821
3841108
11835958
6796515
63959899
81648111
63396060
75749421
14779603
57432381
3552645
17476801
11866624
77087278
39107384
91428761
20975005
27362001
8382274
85918273
18171515
38971323
24337463
80199659
42096581
35909689
83572759
90314492
75473801
45617630
11875203
54543656
83081539
19152074
89085597
31911655
72271621
74215058
81985360
51792663
36378080
45219556
38258510
9369231
43206094
61738346
70005971
59279739
56147336
50474073
8865231
80004059
51533072
31860510
4692937
23080285
4899423
44383345
71397900
68492287
61726202
29450489
77696225
92817015
58813979
51019327
690989
15091352
65984149
36778943
5431593
68748273
42160550
24546682
796561
43344408
81061268
87605264
56936226
40709647
44402196
48712078
87452301
84942738
46703592
83782349
94510439
29057949
87685228
14842708
5041899
66557120
63837581
7858550
47455766
75805180
213272
74047584
85857371
49634666
6978999
13982602
46273887
18837973
82117466
24429359
33566052
2318010
91815670
84021821
91003004
62551587
52588684
74929961
87890936
23427284
8087166
83208541
21453230
53444230
20228500
36187894
77227701
48919724
68557142
73934542
19698163
94597592
44433038
86830683
91112925
49591587
10242821
19170338
87970546
56458097
88853781
5211315
65316276
14862799
13732609
16580283
15419612
32622330
52311460
46311204
41158955
22824399
53662478
44796065
33404912
36967001
66551879
63674248
6211568
84686080
57787345
38463050
8206109
86288299
31026111
61603120
88827536
1899585
84175189
91735361
12769781
63924398
88142992
16368308
58057562
51765944
69883025
36429155
47603364
31831896
53092528
77573812
42274843
51047412
65058958
39615980
36260304
36616045
8005833
50805442
46145911
58832384
45253330
68468391
87146647
63376603
17890204
49898607
69775976
10944400
19768889
48075937
89131612
73530940
7499800
2312767
53665333
77409158
40748739
69795988
46382416
31610558
80871534
22412153
88663562
79847782
84034587
64530213
83549207
32192828
87695590
25578109
6816779
5159038
46352889
72876443
7071497
12994007
9655844
4379044
38735578
6562723
71576113
24335926
61952719
4687875
74125721
82805909
53000007
80527250
88647025
30624633
66282308
49105675
12224947
24547125
82119258
40142525
13255223
37977036
25599379
51740535
48303382
44429798
82865602
34882421
24918845
2063882
41235334
16418392
57910290
11118699
7565235
20778697
80199328
81338779
40819299
23343185
88597663
70373911
56088114
9730534
93357516
7738897
64639170
71694881
25504252
14471208
26690417
52023286
31343470
27410315
76974303
15087870
79404342
52626706
55574111
39849366
94624833
5473916
57314120
67903773
13685441
48048961
84997729
14901768
15430257
1413339
13508512
31804138
81306675
4898474
76430334
55540128
55333040
47784629
13552367
56823793
85180453
1513664
73540377
50671569
8313833
65041205
10548599
93128840
14446023
36530079
36713455
52823619
5519685
510783
87991969
17052688
37225213
2922959
82163158
57403201
75101188
58851885
82559401
49172367
794177
65323430
65856634
20607239
35149131
32151022
2986497
22422240
76449110
2064837
42526912
27973877
13288246
46086582
61282926
11386734
35599938
78599836
77236930
49999044
26372898
26585260
89461736
3269085
39080424
69976031
7961917
62900853
70738092
82258469
23430199
40865086
4664195
93082658
45601309
94444134
69950188
60569971
30055593
33508095
1243657
2956756
38052864
80932662
48123272
42694440
32819637
36435875
52075832
90938533
43629213
52492940
44867430
84135784
61131007
59210522
58926184
32771747
85810905
65588103
55092117
55832808
74391526
75044078
57546281
58149016
93012718
87944403
54426769
84414749
56286060
88680697
71429579
587752
55501525
92572615
43976121
42085066
63857541
71701395
70439621
16691269
11891090
18618168
72986706
12949054
3043479
86165995
18906899
48046105
58657316
9260875
68493908
8252500
69609030
1796826
86624620
16651720
613937
34451342
12649069
75179628
41614246
80702165
64907177
46095670
21929852
43903252
89333800
46296728
18064323
34670839
14372284
32415687
85071043
40819996
92854195
78478448
60189712
39189414
67998330
60131571
50565022
40715914
68611012
90777768
57304445
25812201
17118810
9099181
12994122
91186565
1419421
12095868
75130297
36225009
