81596208
30339325
80485970
14415733
67045042
4877743
49571863
25212944
64575696
4008191
7454686
65065397
79173403
15165871
21248244
89953379
12805105
14253281
69105634
68901303
39622717
51737129
67226085
23150340
46053677
74244523
17271237
68408929
28956459
18370330
83666206
66313877
54244322
73335916
46228834
33202708
90001205
46819197
87843719
44926054
14410543
71006435
7708804
21680605
21680609
15424135
35175097
9238555
45553895
59298984
6505400
75261434
92682928
63297672
66006657
25834067
34057953
69771654
24510073
92123302
44911841
78521469
27020110
56279533
46038455
47105610
41694931
71488312
3183366
2326668
15752156
87157791
51638274
76077651
13138648
61657943
81208096
4260417
49927823
13493604
56330786
81465135
81170605
46317384
29143118
26713288
2436928
18959300
74870905
89846159
1823336
83428509
7059607
8129381
66638710
67120706
15082997
34221509
53978651
9422176
44682452
5039097
17628755
17152576
46485246
7504184
6507023
23118849
67042090
9831581
47039434
49807647
65580472
50915323
41717737
54677055
11724387
63908430
45331706
7761052
54157225
7116861
13194027
90254375
51943696
54561442
93029214
50238315
14416794
81250223
9042498
56526402
9391896
90241308
34878926
13624139
41997535
77182121
77262864
75955093
64343687
78269005
30237707
48124235
75970029
57865387
23967025
82639109
44755862
71657769
59839664
4684508
14087696
34382023
30753080
29209517
542663
53510435
13631153
89657131
49971466
38845290
5176255
66592633
21035096
55363460
66845647
41960926
86189023
58038612
24276572
45334662
17627692
23279393
56744900
62417059
27428466
20931359
53216872
21087186
10655741
68575692
12168987
15409714
86010847
90321457
37430625
77403467
21066025
37908072
48419685
92576377
42532998
92491866
72904602
83446285
23838378
43250666
44742518
60354621
4073065
2983702
50533533
2049777
1160423
88789480
52105100
10689772
5464555
89133063
83531517
73434498
20361979
1185016
50688299
87333297
53483287
76169834
18988081
17333393
36197296
51047410
36983105
54809627
13119970
85406583
56520235
53192453
45458621
13615121
88206668
75808118
53131061
48168057
47765523
25776463
53393357
90831
1537161
59511454
75815852
76116522
675497
83022012
64062962
4059417
56425418
5197666
81964310
55488004
62009779
35574439
92751526
38444012
3705575
6273563
90312839
65991588
73654016
69530756
45696913
39693489
39530585
14548138
15843312
87703493
34958127
42571058
26313317
70059330
91901615
17930476
50981960
32287739
77430260
23384675
14364228
87186689
84388097
21403496
348779
33886687
42747090
18509433
15270263
52727318
83430623
73031781
22795082
85725433
20650551
82365547
5233446
72838344
4377748
40673812
62783438
75217962
92297533
46057191
19000808
76355029
82947394
1726195
202720
48098477
75825097
35103567
9219654
