55252211
8979436
16193624
38380401
54334299
42886004
15158704
14649047
86406475
60582375
8657560
33209633
43017284
46653966
32133831
85416990
85555986
11243877
11055352
91053976
70480944
40284121
44649182
5517089
17820165
17779029
26370544
14369413
35092845
3691504
56926901
38986945
49603222
59965955
18298680
62462507
13271724
47114300
13943334
27507770
60678626
19234069
39148238
62930595
30155799
73990797
79682235
84874787
43379825
13259135
83269285
28434434
65671223
69548750
57494244
18072177
53240804
87973134
77664663
85821397
91441359
85792951
13223385
79632182
70067207
40432709
50200187
66885906
30623919
29960754
23936310
91816920
61496715
55253979
58276784
84410994
2316378
37014344
7361258
69421214
1763592
36579636
52691960
88687159
60984788
84268285
59450122
23719294
19690624
34249804
46666893
67748929
78785170
31668506
46650363
82246857
74629823
35006021
18697985
78430075
72913282
47380876
69796173
27662140
62045024
79576337
60032286
36391159
63465543
48886956
83578190
26172894
83020256
87803146
47385869
17397113
57254967
51431356
67778294
66617410
41957909
