8960774
29960764
34193291
31885042
83001304
56369391
3135861
23348009
10604417
74395935
37201574
55198488
15580533
78526044
67924019
37770581
8619378
46391307
48240798
58627279
76323336
25483901
9570809
9570811
54764497
2480903
56825812
73459326
30675117
12923247
32111314
3436565
87938241
76161706
364000
25189656
27554526
171585
80758177
48288997
34550908
40911941
82829315
4434903
7207313
52711265
42911328
74351861
41251485
30881249
43751501
56212510
68946985
33935088
75497328
42940429
54985982
72717750
47986238
36046301
30056383
23982627
17303031
33823961
19336979
86515577
19719695
61266523
40019870
29781169
87530171
61371037
88668315
27870666
17612316
4162099
13941306
12272658
509832
39716424
1521153
21662535
79846362
1016004
44284870
36722104
53386882
36205406
84447719
77161142
7088063
2758219
17173573
2358202
13303995
20851583
40198058
40409218
61732693
74479590
86625261
71012418
51856033
89753733
4061988
24110258
76653166
78676122
21690524
38665347
15638928
61042629
17485126
81210890
45709558
49921370
90146989
38690919
41565391
76741418
70742659
43051501
69960429
30101923
74425411
71745309
91207726
24183584
20746984
14493244
13841560
37990684
15185435
50282593
10856121
57776630
13814405
40943043
60578946
67848685
24924278
88833944
65297363
29652550
56338563
60847028
72866988
21229346
74393035
58364488
53471025
49140320
69667324
77248816
41993572
90102967
86433140
68084811
71324043
39415727
37207027
43576483
93973985
54548905
40898471
23829750
84038456
72527421
41940696
58233051
47749748
54969675
27913848
44843197
86419817
11516468
75481852
27890432
90660711
14116876
74310155
72222293
83732636
71172965
17509010
75022036
4987780
21555033
56041030
79263301
48084663
41804943
48236812
36509839
8309106
9006033
38836163
31208150
55438965
54982145
7665258
9776135
28182391
68077093
84326340
25345848
54001498
17089798
1016033
82136101
74994535
63368592
27439517
24758562
13272844
21418462
75911398
87983749
91189112
91189114
53858951
87305886
55491317
38379583
53826866
10964239
56271963
49583196
73571922
67351744
74944105
76619566
21069852
42852000
