24076759
52533766
80864561
92409566
88016740
83346217
85621501
40351084
30995461
58296359
37639324
48093911
90103751
2881412
42303077
66362495
1017788
46723849
63959859
47792429
53820850
51781511
1919611
5083438
15575930
13131405
37638160
69339086
17051177
72754323
78161558
16264365
25224923
11623035
12730820
79112301
14484205
69497063
34741299
46851582
8403588
42497724
28925327
80146509
77475791
47749756
77183489
54219414
44287930
15398155
85560003
85636982
51960363
11992545
55141133
25356258
47407340
1014269
69731125
76080451
17946908
31794194
8944985
60596667
57537421
49642027
20923811
91120041
4829251
55150151
87243194
76539514
18819914
50012099
31162554
89229957
68095456
25917965
6224633
91518575
50694379
6908741
88318917
10995294
40851137
39490489
90154727
24208378
32150776
66420641
16917872
28676064
20971936
14148194
19769109
22123320
70964303
32630044
91929675
56752468
36306587
25834426
9731207
25082050
74541496
44886023
31911395
14999696
91806215
11838351
81899028
33427726
37039721
4321323
78308436
87027145
65564306
36254992
80630333
2303727
61729066
16950707
56773642
32021161
5703757
70343019
7659778
24635524
90529122
6355965
38104103
91711049
85390790
88005331
81560293
65536561
74313424
21834210
79662787
49472894
57496226
39464070
37396549
80446741
87775263
4986593
82819386
44442829
63849212
39732709
86422674
78040017
28805243
53637544
58613506
40851551
81155921
85429701
65472586
72284703
92833048
9789401
44743519
52323452
65044666
56230141
27616109
85934835
26420587
27490589
89649038
20799674
60792205
36569180
63183744
21920800
7114054
84858621
83216940
44240423
76523343
82039415
7850080
56487037
33472692
87699327
58620210
22069716
92191783
88119118
864272
12780821
5843555
32788653
54558414
86389374
44670019
16746324
61210475
68987401
57955528
32150465
54000120
30538022
53936176
75489441
70520505
13087954
81536683
48575610
69851297
17080333
23057711
62149116
32211695
32211696
64973689
89977831
66833731
89345082
62948212
10349942
21147957
74808428
14682381
8775572
24572406
18857738
16211327
8830801
79705061
25185919
28674362
21844994
35308076
33637692
88651759
68495951
17641528
44614330
58389443
68111218
12617662
32618040
89653587
10518651
38782906
6214420
57181806
92757400
41492123
77269072
19860172
55471077
22393362
39045080
26591020
18281087
85233435
64325811
16363742
77217580
33876777
17845921
83500760
69298563
44528494
81094619
84426139
11787740
61244802
54099922
51572735
44556803
12398774
45147263
31337786
56553512
11087410
29924460
15799715
81560
57144868
15928586
76485610
80134778
11303722
31331273
51002024
36961844
32522232
76503632
20110017
20927641
60608790
940314
88130772
33419708
25111990
67898969
50272345
38595249
69471049
193559
16865952
40855
34083705
59684631
62054931
27500040
79430069
72847580
5574416
23330016
71596215
93090624
12625689
80152646
35154112
23590484
63975815
30413092
15042743
78907262
69215556
25218501
31363530
6021206
36222769
86283167
14774005
42017373
56943511
20385089
9061422
70498734
4426040
3116539
80815880
25087641
86249632
60487506
83948394
22469310
18103926
71582824
25032006
21825425
65815567
52572237
49958563
68944056
88647246
89178623
51289963
73816622
4095518
42415093
68230662
25199901
87706129
5671418
45301366
77312134
22074796
79361673
68400730
32922907
69640023
18512665
72651745
64516035
37902149
61249320
77117999
92730770
67579756
16274557
7976639
9374044
76388482
1430167
74885172
20286680
31191629
44674121
28048652
66074372
48482133
79402429
69410027
41197560
23148626
42094094
77520177
54488308
80528499
62450922
43350647
89444267
54644188
29385622
26743847
62487863
4183644
52338514
86328067
61858270
52433670
56176959
14781189
5926818
20155169
19396282
75410229
23998775
71789185
84579593
63366844
11826971
11630455
73502747
92207134
49738214
79322216
4918765
38854360
29241301
39183132
28625614
37706348
817825
77606576
19973896
49884299
69647947
1378358
69444384
35226288
7468036
82195060
14475560
40275159
40237645
43961590
27667954
20152992
73649030
74323216
16196753
62578082
72526601
11409395
85038350
10653967
50866470
70233874
25042566
50811357
82753008
701434
39430436
14468918
90795824
69962336
32797308
26660526
46262068
57852348
34019053
61205287
35559699
82152728
64369384
90838122
77386779
54010755
2611278
61737048
81820398
32627707
57831091
57960460
84639726
83499672
45912140
91334652
24591373
39952052
553144
31336841
25091394
29965876
71113239
25002981
3079334
51663720
74290015
88613200
36841853
82688778
27655678
24312510
15685595
40175904
27539318
85930372
62531028
20594457
31080617
83547128
80343802
47699591
39584480
82462030
54230000
21909493
13362016
10396602
65375074
57919191
62715948
30777118
41375813
41450948
59852227
12498559
50593995
57445681
5012807
55695513
90202388
15387723
2463546
85266664
13923059
60085845
58532985
32309219
78366771
17288315
86569888
83975829
78303677
52181886
26060391
47858764
52723155
