30073190
40332236
38406746
20164270
9280537
53425791
31387206
91321735
85781696
62782420
46362534
12117291
47521688
82994322
42861883
18221257
20825866
23974296
9838719
7307339
89372724
60615659
28376314
4177345
35542515
72536645
2408445
54300501
66095558
4839665
81973235
29869416
92043529
25786959
41186158
39988156
57888276
11720248
29630481
3509088
25379786
21765541
56175422
34623349
57912140
58029436
8343724
3843596
67402570
19146640
70172203
92292158
7535151
93456231
61447176
72655803
85258930
51559308
36303025
51147335
27669891
65498116
6623535
50577753
28315168
31795307
35443181
69088094
15896650
56478229
29331190
92241655
85669939
21407971
6706588
54733149
9082110
17972013
23927690
87084747
17076685
56035938
3039123
25130282
58280783
66153497
76483353
93265948
23071028
23042989
70729532
93079769
92353358
9210989
24660574
55142925
25099067
50647634
84768737
4696593
81794661
17345373
88937666
39003442
8763540
14608458
17766734
87698470
83704831
24411518
55081314
82885828
12019868
