17959612
14685371
86154898
27635380
9856576
19272672
60649383
5519378
59791281
19365995
1486565
55593292
69531624
40297239
51661456
71038151
81508904
49400476
48447752
40628426
79837079
5586453
58141739
41355719
62894486
28827471
54985629
72871585
13216642
76475720
16202572
94460671
50492243
45059882
93314647
29195397
4307871
37071757
81660510
58355484
20085523
21514248
64610299
84930203
83739687
35173028
20008575
53007371
56022663
17678396
11114244
47605879
54951351
6136431
56330743
26941222
50107222
10595920
29998466
21525154
74112110
87808776
79931293
29572643
80085695
15496126
53959695
12855806
31910517
21955723
13495946
11346075
57512995
28606478
54876913
19327040
21288369
87178619
18030707
36651988
31461642
61743014
66569373
70724018
43928284
1050566
30015917
87453818
50682031
42315142
80813243
8349704
26740823
35779808
68619573
11828685
69839022
18609239
77732594
65441120
24104355
13549434
11976778
10665619
84859839
23468074
65282759
80961841
55879670
7644127
19921345
85531525
6692438
83995161
78525726
28423489
15677962
56807708
53382592
90861046
58885907
28433993
72999084
25408758
86171554
26436395
57664465
88179054
91717790
65010589
66119973
20851660
26556639
39423664
10476350
81091631
19779395
46540107
66295599
19269895
91311708
60566684
87011049
69834866
68390436
23374003
67124641
92960697
40193140
88577393
9947660
40174242
42385959
36308556
79222752
93315732
32195111
64626840
88819690
93644893
53413142
41128436
92698750
46840510
3477863
13306652
18001423
82272057
18231291
7822856
67247143
65920881
56340024
79465279
80464691
20397550
21095023
70827344
57665874
42677408
82042083
48943277
32476595
40837002
59561699
76521067
39587178
79997700
91427521
81934034
60756204
23535031
60506810
44536225
74484893
55897863
3309364
67075112
48135320
53658075
20358445
20853809
74948160
52188254
88403833
58465779
29907550
9119323
22613373
83750513
1554796
28294616
21100132
39365468
48352564
17725219
8809501
32030306
84649345
12587631
84908347
15684898
65583916
90528530
61461869
81031236
19413227
58683566
69119214
37736174
88834673
86985954
56832159
44038710
84656159
37542093
57627405
85459599
54055677
76583701
88481856
88481893
86280377
70398216
54601883
37225942
42667975
29602167
64230287
31313359
51106284
23110256
53267427
84359912
8672518
81644118
42612463
60286362
86787650
90874809
43342786
12803930
51119025
23126386
18609237
16760585
67791209
10056114
8723588
9943733
42045243
89683261
10865291
57872947
32632631
21845456
