87824494
87824496
11099340
37717736
7782818
65579107
56618362
67737392
22983200
53148109
36451786
3101342
69904392
42139050
33293754
70704958
48846133
22250782
54642958
48262799
55590380
56147957
48438353
89735658
39279058
80625787
29489622
90698680
6465648
56335968
79064381
16681344
64804453
45012207
67275226
74817094
7414228
82987844
57792618
45432057
21897359
40145186
84077691
84880960
49346627
36578267
5102843
77709490
82200347
29639939
93051911
62372117
57049202
83750846
60870703
72159914
33184006
43087000
43429527
19890717
59139217
20475149
68575039
90453997
64762881
58915644
68474
10874500
79481047
81717639
25776652
68406239
40219294
59855403
44355473
50074117
88687810
6805355
51765293
5499354
85586338
61533273
50840109
85154571
88471482
43948245
69306950
40833541
1519105
91735346
42940034
23008482
43613434
88900265
44421954
61926151
40814908
49044203
86883274
50276437
57736099
72869415
3944181
94289716
65053917
45614202
22299751
25976856
65246001
61799193
81581806
79023958
49667261
24034377
7492134
71763714
90097161
81945709
57933405
51143359
73278840
46519976
10100642
42444458
50926495
94552844
1611078
89945311
69107911
88544515
65881331
20196376
18231078
60762068
78917433
64099837
76123910
77313800
73439508
65611868
27357880
47389819
69903210
92053195
75082029
3098800
19711081
86104027
77285668
325184
94269158
7538913
20948482
50490098
13175189
35120731
34307783
91827177
30917762
