60120494
22706782
17703681
47266817
37127240
81498313
49057231
47588920
14368235
45508171
31862067
47555888
29850714
38430185
49965836
8192893
12267871
7782372
21878832
14792890
46578227
59645918
74919973
23213222
60215339
84949696
58440929
67617754
82539165
58159911
89813542
63086013
31818897
86415936
31390323
22335372
61739387
23834353
28623570
5605135
71453086
13273140
6743733
46958668
42914762
56283489
17016730
41887333
6044584
73128073
83237606
73654661
17305485
48602800
85557515
73841305
20467022
83149770
37469946
20658975
93625286
25171550
94336449
443772
22039405
36706644
78491275
85438227
37878408
82583990
66351517
39284330
43381769
59362675
87896867
92226418
43537756
45285606
8295003
46641109
49746099
53498242
10539174
13431832
81412423
7026162
44640720
3487480
3664209
82942243
66894568
46395944
44163694
23440497
4142832
