4532825
52173350
53567029
47822391
52797696
90780985
78222490
41008772
81447980
62770348
72461658
62334102
50701021
34702383
47213894
6411127
35880471
25433767
14955479
65408727
89629882
294796
12775254
63242272
46969355
51769641
16165714
70771786
85000674
11131302
27627686
9112594
41271803
90075582
33941369
13168805
28535667
25600189
15253945
79872659
88859743
72330584
20796870
67540069
38917894
75185306
58699269
22576999
42905392
73617384
2165820
68785853
62372209
82354444
28201180
47354188
75226984
43981512
4647426
36792444
23824085
40121293
50020641
3688836
47262792
9874169
35116950
46148704
41937259
42520657
42048873
51005634
90541376
42326455
18215716
37801770
19417021
67902877
44884046
14281758
25446931
5971143
84091021
71018129
45799425
73410936
21615681
11311716
77396251
51308408
57270303
10288544
59028003
48606935
94114595
12889647
17289354
84029573
35945098
85632774
13619387
71497027
76674554
7842848
68004107
82454509
26227723
49056961
70242705
81710714
20666710
9716124
13685469
11459634
20732554
32570229
22941669
64588254
52657751
13790594
25144850
37151387
83801691
74856648
60574388
48981603
70366033
48637702
92224880
76560422
57022871
2635995
31848389
47434196
8261793
2624530
62952413
89924730
82178391
5248413
76499019
65328597
83998786
19722224
11657720
42365491
64473680
56024076
65793077
38305426
56912572
26024909
35985817
79089489
9839827
84901101
31669870
55441871
36954847
51960032
72345405
15603886
2859794
12269040
43328223
9898477
78326061
13308554
