78046017
61440349
74923378
12691872
90427955
73195713
36924090
41089664
43528612
60946577
13454280
75437147
78420694
7087266
91451419
2806433
22115663
47998071
85782987
16571804
34076102
88039563
12760969
744991
39785387
28725599
23564245
7028132
92672758
48619224
34097755
6956005
91748103
20098391
1376609
28621658
85067925
52030197
25580640
28930597
46764978
58458079
74576354
12494132
53796119
47840364
79300986
27259262
39106145
33378405
817752
80906923
26848257
92359176
83533664
73905472
62555636
7400333
33588977
54670524
32902201
26905000
61005607
30606780
46210585
78105640
89706632
10311563
10432487
36569357
74197551
11505758
86887805
21645631
77628202
35908771
47982518
1457813
52131645
63629630
36836044
34989959
15132129
6479525
67578695
37729758
54057387
3853201
45663750
48756726
91310077
57926100
22929819
3902477
48714695
3740092
86898194
11362991
77304229
37586588
64288745
58283797
57417586
24761083
39218776
7400328
58360207
78877290
22193449
8653440
19273275
73722982
56305015
37635940
88822669
20988843
37157531
46107226
27047344
39090004
85080495
42495653
51498092
76648267
13927051
28997727
66546176
66583938
38903419
85134910
34486852
17007394
23128980
3795125
5372912
38417949
32912849
35221192
64138657
32330867
60850853
84878311
19140150
76200305
51059289
81163896
81759128
2325911
82144074
74108935
13883954
20016968
9308602
49843358
26713345
81959425
6447683
43343436
67381517
14836533
84381152
89202961
18408896
16892925
33877027
75787780
68005453
79808064
60120266
78879030
42800580
54011390
19840386
61145181
23266050
70848470
48276853
38703724
68191961
67241242
8716550
55430321
57551084
37595028
19201995
10158832
15652691
27815254
66997230
15287724
50339193
90584211
63878658
89735509
10492344
51968621
44790325
87191952
475265
54221993
17791541
19982194
13504796
46615032
32338733
10514305
14822769
6992454
62403048
5854033
27146769
60568994
70088953
43701978
7786410
46896730
81100253
79491072
81796183
21428486
82368691
11469823
28978406
62757175
7818555
18350932
62015239
82574304
72205864
80984794
20686752
17485581
44029453
67443247
86648928
23082335
15606436
59971296
58015306
43249501
6300774
31435710
5861124
47330693
