26723261
52202211
22233879
66031148
60797623
64627497
83533953
83761230
7419589
12130805
75790321
87667906
67879983
11960892
67410921
28478875
28179892
56769885
91690448
28378888
40683345
50408637
73139950
17707227
86629554
55725064
57728847
30931548
7037532
92373460
56932569
50984667
65887860
13966923
76422548
43251891
33315461
64264559
56963706
44014402
984367
87470569
22675065
28849592
1031345
51455008
30856168
61743941
51761470
8172940
9582712
62537654
46978376
36175181
47724713
69730360
20322835
47195649
43174824
81530384
40786096
1314031
91097500
8813444
41138061
54160931
20082185
82464855
4894816
30949181
6483490
81152372
61508386
81412192
42401
48354018
78440624
12048170
18599859
91021481
9366059
63124525
18669451
45685204
67745381
79593304
55330022
57739963
76312969
63088844
28770114
45917760
14895722
7725371
68301029
2550165
64079446
41473521
83013277
47459823
11053719
15033143
51854387
59661438
50758484
27533986
63811088
69116019
88002017
48631102
48631103
65116532
58230274
68430094
49456511
44116827
29155915
2927226
23347276
38989485
4210011
71135163
89494432
59283213
36048417
63775943
9891978
14803912
66201763
47824824
22650938
89868538
61269256
68902450
39531620
26169452
6244748
7428591
34772270
44578042
45617652
57570390
62260412
11495591
57995706
54650017
82245272
68623617
87299189
8122839
75198367
13377663
5711884
51094381
84196344
87046042
83990631
87847067
49500715
45514269
58191361
35978149
57240012
74032668
56345359
51759660
77081932
51241658
19408343
40290806
