47407333
60827675
39649034
35544062
80387536
21627515
32203308
50230352
25465163
75352518
9152286
79357846
64796489
23438619
49229468
72465430
22455327
85700936
85395438
72277600
24911206
72193042
46603869
65773865
15838145
24407315
53054797
41278554
32468496
44019362
37379893
32462319
30850767
75575154
26416023
28570741
50590576
72588997
78243692
40440033
76785540
41655960
24929638
40646795
70063647
23420025
28110165
64725792
55293667
1415653
44862792
61053372
7126021
44503147
27423672
47271687
85559279
28789419
72656678
68650605
76091275
25549478
27866856
29387989
70840551
85791802
53264116
53651109
1147256
45512425
80288975
28048187
48298100
38951031
67671991
9554197
4681571
19394126
92476770
50063452
36995923
64981669
69755867
32584511
76556101
15414425
28329221
86292645
63915541
12906528
58002452
42587162
77693132
81722162
78535265
56007996
53466572
55580556
30842921
82694297
61496993
69485258
29426300
58182451
71286579
45292914
2372907
45902876
13453190
68919701
48769045
7827828
66925745
65775879
73154200
77127807
53420616
20688049
28092906
32590561
46533661
53092766
28490058
42742556
30466402
35908658
68805471
17340820
24561507
16010540
23375860
61207581
35469092
39450098
82395607
43514321
40134253
8815215
18352266
63033306
68738034
86398523
68066634
6090588
70619717
59805522
40109618
3956805
92485763
45317586
82651191
25655672
80391538
48652241
18901700
541172
42481886
43666682
69849473
64830037
78957605
73591930
67156809
48677715
73109840
3488963
80080733
76506581
13362963
16872947
23318028
68559251
74555974
30159286
25533526
48802965
29003256
54097106
54097108
72262802
18566616
55207493
5813924
52596220
16941970
89862551
10431496
42622099
89230303
84406722
89853006
56662967
61671041
29023515
35984132
13327776
6352732
15832849
53965591
21432617
15396697
39513144
88469956
48097564
3953946
18386724
65934384
24926751
7442156
16334159
92358808
9026743
41021413
16712593
91572991
18995722
40641294
230378
46135103
84172195
