39725029
73749978
22096536
7678832
1189513
25138583
61079278
23140903
42881984
17517320
11044452
71527577
60332711
17470956
33742422
26941045
13801692
84116647
1682319
25731171
46398508
46014014
92806376
8322747
86428968
50709736
94668077
76294251
4586441
47586849
63079898
48370164
86320911
65605641
85743233
56114413
26521523
62744243
13194402
37617401
7788873
5114779
66955739
62809038
3443574
26421818
568840
74122283
62545299
24051345
56496816
65261048
89570965
16631872
12511559
90764166
66328015
83951454
47696122
17087228
57592605
72432546
25406760
57129102
59675429
64044566
67823065
32411350
37257000
73698966
51623068
44693256
19201025
6431862
79874398
88471036
83461416
80453771
37134290
65601774
19479993
90121076
53181382
12108157
36530949
13829351
5038413
38551376
956244
79657839
5746389
39961303
89133901
40179975
83997442
79735979
60358212
14315371
78882861
65608756
70566712
24706378
1080348
85283464
49947937
89079397
92588777
25548253
37425392
25643537
84813207
27247801
26794067
407461
47219894
21069768
20536251
11149328
58698938
93457989
72705941
25457013
5799169
68686456
66465790
13721638
82896519
51614123
25977334
83638308
33650338
81701470
44768128
39942396
53490085
66336619
72937407
42639504
39295152
20020941
58986231
42206540
42124065
40040983
34284336
74230390
2287941
11529866
7762788
69844721
25263701
76774794
92611307
24951425
45042946
50084385
93713656
86496916
29407154
17415379
83803463
33364174
80742560
29406928
34463337
77177918
39567192
44937940
70456192
28703283
58016712
43536022
85792048
35681131
17594104
53068454
93856732
52265412
88591362
86110869
36019888
38951025
35200609
84099851
30223556
59413459
40055642
34335277
5848878
59714995
7796089
45041235
60199685
56718592
