8073646
81654303
67758050
78399611
18825837
58255954
46996444
19239477
71638847
22399764
62855531
63687990
53051820
91133969
43499962
41653101
31634397
62446598
34346052
29772835
65933433
22787860
31358390
45667080
74436892
55119221
78149585
90407868
2984943
88083095
36643976
6091522
6864956
26025045
75714148
37528735
87631310
30315076
35679890
90207344
91623119
59864515
64844129
26771741
2707947
12641595
32351129
60551506
42192181
86649946
57328339
89296926
60241484
32241600
47198800
5575623
59399947
27704629
15529699
88958383
82122767
2129715
87372540
49023718
76507041
24852492
3820543
40343798
50559753
61046707
16487462
63343099
24685618
26299636
83158074
89215546
16353712
76194413
1762240
4027508
90803852
63023379
7054674
24172306
60519851
76966742
38870072
4302319
70533018
41418070
37974589
78081820
70935210
69511625
90259353
25559850
14957127
51656689
92768744
67870955
76396916
1069784
70173385
48265151
5592384
61424436
88167750
67321796
55901195
75205149
59462890
36025014
68897367
31360714
35811089
23773650
85283046
56669829
5576989
61772559
70277078
28988711
37844282
92817042
2413305
23555975
19018870
35781606
69866365
47267827
21669481
33002585
84960083
15866530
41368625
86915624
85671233
50828677
87924314
73543575
57020148
70678214
22880516
53383921
30087599
92121777
85413778
90160921
36591923
53731020
76592195
74081319
44669274
12600630
87098396
29796159
93046553
26891177
60914841
17749196
160023
70456915
77178252
50915631
40322340
78796095
77442352
50064339
14122114
72235281
37786078
21743376
40496898
20046654
45996440
65504561
82215950
48708119
71788654
30586247
4474321
20250011
71512925
32321739
59449982
14352704
20890240
57270657
3976700
89566614
31966483
63680026
84125474
66794613
17615846
73839578
29928633
77975873
13525845
3387529
92389714
13515725
69908577
79919128
22751983
50351793
52160250
14993264
9298388
58972693
28370174
55238892
88173161
67060798
26688871
62775860
48187611
32238651
33734772
63987483
91241408
89314499
78231768
7974594
34701517
21421235
79328912
7304713
24856135
34518209
20774166
39230081
74643925
55101300
41477650
73038096
76235366
16224998
36273977
15182299
41269064
10710605
50547302
35620018
85807337
64807962
25050131
81092569
26906149
7131945
83444332
38116372
3701463
86178405
13460858
69591264
61258927
57518367
48163423
81321077
9868005
145572
42295997
87734513
74235545
3021268
11793158
34890619
27989572
77377048
9702889
59136334
47389823
32616034
73202683
75135949
2985943
40840609
87102862
27605278
65597051
77597504
12588637
48052913
44222296
18112673
86763558
75535110
89329533
9095011
90889498
88794576
89790818
49634880
42798812
55477177
85732736
8697824
81075620
33079484
71422595
60491521
31495315
82647846
1779506
68451758
18325772
50237313
91631442
35426901
61698846
2034481
36612477
50404954
17543886
23403355
30890923
18203214
28032357
61273728
35601072
47698300
42102848
73406458
63324064
89904186
4406297
25906848
50101435
12531048
26207278
87784595
86491345
28338154
24995148
63383857
85526241
92367962
13181907
25387979
31721908
3457948
77866188
14095067
32586143
29398335
1765211
6346749
29107131
46034928
22300118
18068208
46415492
44100026
89858439
63655660
65193079
47349207
32630760
60559436
49139209
37982057
85799140
42039146
35527127
11116364
29331083
82967893
72532836
73320047
75853022
2784460
23407519
36455586
15509679
31634605
45411619
64290152
