46746373
21984642
22477415
77032363
79245814
75881284
24376210
49730392
56915582
47201074
38252071
25309945
54339066
24086496
11746121
89279235
55280249
39039704
32577546
69450152
52248075
22165974
86656862
39370080
69009249
82872994
54790675
14039512
86743978
40142200
28780881
77616892
66725982
19228426
82633467
1054927
87690932
43780088
16972644
25317031
52398549
8504139
62134718
14943986
65260698
40949509
15759740
50983801
66356411
7751290
32609276
67339576
85906536
54873189
93093252
23197674
47300339
61747905
35344929
21121228
24658133
42809649
85644038
13117857
41876403
30582410
27762185
53713179
69622650
34051396
12255430
53854318
33556200
4894868
87200351
23818021
3550031
48652308
85025280
38044941
7704739
76647801
15789044
3513602
66457736
67401374
49881925
42840027
22866164
55227382
91713593
63274316
91498187
59187448
85579894
10477794
65851617
37049334
23451954
89493615
48089847
11885192
