47800769
82695059
18360622
78414868
61369347
40654553
6827811
74881407
82199625
65279567
31429394
64704363
48040001
4234194
36185155
65439185
1817745
25532578
68262979
46591835
6012647
91313608
20913999
77942186
84276151
35818587
73843714
58990293
72061499
21012367
57988124
17366454
30777097
5299196
46013320
42996716
37870577
58958385
1223979
18830604
38807650
53158586
86994134
793396
54515445
20795229
65043973
68400431
92485547
50339995
14245318
1454022
69541558
67879995
26396376
63277981
32777869
15538111
42256561
62805135
63010547
53113908
52772669
34816425
42918322
48820254
62348256
30096792
81416675
7473048
13093420
61568474
14613707
50673228
85839079
39450836
51527791
16829135
42113016
19521438
25988876
67125629
91013770
82978503
37168490
18358466
7415452
52117488
40889203
27986902
16719881
63351201
4318886
33629601
29391212
61463972
91621683
79793503
94297698
42203857
1129179
91340203
14849396
49920760
70469930
27424371
54968521
48153749
57532053
22278401
6139553
29422567
2449070
18550485
77896350
63465173
82586386
80795563
2733755
11724849
56797346
93334537
88948688
62660904
64388789
62346869
40188916
11200380
19722151
19097314
78314011
58580605
59525740
75125996
32722342
36930486
11155635
70846400
78464542
8644207
93867831
5686151
46958254
78119287
48757178
90048885
65939337
27950125
63466693
75336726
42717715
14251302
23858410
3716936
40972475
49479712
60498543
16326650
54892988
85248035
88419676
42113020
39133219
77086959
5531585
13440332
48148309
73974563
77482659
17280919
24270777
31553383
82981054
35775406
87770957
39766212
29757044
29635893
2419720
18608824
37531300
47031557
3975629
25077968
28290921
31985403
94496019
35070409
38235247
18650048
40552642
72889532
55019228
91536957
82592810
64206067
66644217
92062082
33218428
73384938
54545597
82486916
21467219
30186012
486388
63241695
7460277
35153154
36594161
1938606
49538535
61926116
85740989
79513562
73177470
80083358
29071158
28186607
1141215
73687637
21022350
11846170
88007969
9089829
43687216
14659062
27047407
47342348
62453093
37712770
60971497
91773627
52094630
34564773
47978711
27613913
10790648
85769974
74268216
56241147
83924657
71898247
47725608
51192544
33401634
56712044
36047661
55825209
44535602
74084729
1710871
8991957
12471074
56154389
81013760
62090300
80516734
44805768
91381021
84605803
88533754
82031054
25100411
1378374
58146673
68848026
87652118
67721341
93841607
3313472
85714663
15112432
61847145
30226574
12261912
