87329878
33249095
66739695
53268912
38850358
10138699
79086894
90423010
45081399
51503619
62261194
39254179
70896518
32105115
76545365
5241186
67649894
13468759
2142499
69439963
24378086
25072365
63411844
44943961
4352430
2357182
61767673
2906787
76098890
43134769
10812281
57082094
3010828
92472460
85944815
14873344
26449577
3538038
18992582
74460534
2582436
40766279
37628023
64343044
13712190
74607761
80949141
36096839
67686672
55010302
69263159
17296428
54637240
37449220
88658667
43213390
16246226
23352306
90651824
85864616
38090399
78176751
18067951
88483823
17605638
25321744
17931516
4992973
9444517
62209415
22183567
25071266
8687494
12298118
92884004
31618357
71187161
58226043
89812443
77370335
92821726
36804289
20521728
19505023
30931101
87228797
31090825
36920123
60506168
5201260
44352828
90103593
3881942
25023228
10525966
53283228
85372821
82578114
85390039
4632962
65964384
72563224
86279896
86811238
45789364
6227107
69865064
56616397
68565912
20036494
