38927477
78753839
79395989
66347331
1253046
17488067
45943762
67063724
9450432
50375857
89365530
9073035
17719287
40999349
17938591
76493103
67543377
82885827
35735849
62251600
16111004
26436761
53985936
48626076
75414715
45721826
66475032
25019907
6205632
80844933
31364206
36128270
37729239
930028
88981241
64387312
50633825
76497446
72695720
80921227
45222707
46870493
40848610
40494211
12562757
83669791
44735072
11426074
42050924
61265600
35977022
27975895
83934917
33703241
48087861
30394934
76493344
46913462
53270915
66235176
40153427
7310012
87370829
41708169
17705903
14996999
36210795
72746997
28870532
63073629
19212255
72819420
32397307
70983551
67041341
92839218
16422554
26673358
