82530452
18500215
44051282
92999864
88829165
52973162
43891793
71261763
68409472
65300944
4912548
7887235
23540682
25191259
8603725
15132232
54691725
24979053
11421977
64733011
17214168
31148906
34301414
67132109
40106813
71381626
11470596
76685438
60413925
11346994
68806821
71779278
62526479
41267980
12385087
80294187
4481506
37281024
74802581
4844964
79026457
53713634
84047302
53884865
11010343
93083174
16717418
19747058
78401607
45927397
78813920
17745494
22064362
29932079
9242574
12722185
62586213
51387038
15264516
10359893
87385175
61982027
63521422
65119129
7223218
86056080
45831872
26560176
59012990
18836520
29722839
6174231
72069759
31264003
88454907
3033635
80945620
19273660
10592796
88609043
29139623
76270866
90411629
9605226
92131025
90099476
82380079
33709551
8998045
38195287
8369287
26209954
42325925
11629052
38710052
90676748
56782661
76376647
38097107
86946023
24740174
10032868
1473475
73070382
84922658
70293409
27065623
82974416
32819055
