7523987
76409813
71837955
29222307
33871657
77101224
16108159
62190242
91861157
503761
74746916
90665859
3246427
15190811
35908799
13698371
61009386
39125715
76133613
32495975
2843035
42342685
90715619
77915590
85249916
80376885
69018855
4941350
16799276
13488522
3510862
85739350
32564835
11939563
7211432
70990973
67683881
80974274
12676490
22994211
30368549
45651868
60709597
20756432
76874580
4032993
76074730
5792413
84032582
38853352
56309380
47499057
6622807
8904766
92026108
79935690
40987065
44130146
59304028
89927652
15610026
19561718
8429101
19811446
34872795
81770537
72170209
83839230
86089165
626613
67688701
52673784
62377663
74769910
72285717
62373468
53441008
44613858
42764345
18530369
89522044
14844547
65095172
67319634
58486697
75169140
62811836
54863501
40877803
28343288
82447334
89810900
56013532
613329
393314
18841004
9454157
52911413
45584667
87407629
19814978
3080242
63594265
45508955
34933988
58663262
63916975
74597412
10092416
12271205
16872127
40217054
59375072
9650072
58060380
260391
38206305
58277962
91794191
53675324
14578611
43660670
30069736
87515717
67646685
91046165
9663979
16783211
69029418
77486917
20142321
47533817
50531418
1425390
6367167
76660995
54336266
85613157
18138432
1814399
30747198
22369258
78159075
27011765
5008986
8676128
13439806
32304885
16959565
10313845
25863267
38992959
38715169
34826773
50856851
32823777
7002751
28700310
9862132
79348881
63650025
10915533
64021207
18424774
39277000
37660901
40033074
59170991
61870910
50094821
82161343
26435743
82156351
4220027
55786798
14919931
77155345
66320771
78420882
91691311
18006205
29825980
83418950
43889232
74020162
28955126
47379376
55750743
31017869
46675418
57366239
60623419
89814862
23024259
45956025
34010885
50752207
65809872
24537308
27110565
22661132
23703315
34542189
50387213
47815847
69237935
28283973
40620818
43843083
40163186
891881
51228946
43665012
57040582
73786131
91535843
50103874
88231332
35591425
75952228
10070753
13282069
83926426
60558448
75659717
70348137
51171602
83778878
14858385
84298068
77105112
79739657
69066885
88061562
13438853
762245
48209886
67047862
5402814
90349653
30873343
29973985
72532897
65187501
9032157
68356039
192985
89340114
66982085
86694633
22099172
28888224
42964842
27308649
61591257
84900328
90283130
32893553
16123010
84408274
3133071
3133073
48333033
59468089
77564089
17621412
84720856
31665226
12961623
65510331
18811969
9431163
28084058
43150318
1678218
54037418
24911998
19626828
37596841
73413390
67618815
43696497
40554719
64270083
42233683
1767254
9326808
74398544
36880841
80777222
89935087
71854185
68507109
59781623
1042693
87491580
48307096
70870168
20484613
38490510
80550861
39231024
21896064
90862683
91656083
40476307
56286799
90938659
43966950
90103629
57854489
43813225
29670747
60937829
23240206
4660011
87079684
59006163
41669654
69126576
46734202
37386595
16620138
39886511
79717100
24739182
37731182
50986520
6538038
34638519
31996082
3804434
41159753
12300686
29473536
18833382
82014938
40705557
50785071
4557100
25793373
15317700
92812530
78352550
83807026
41269277
52714652
58344245
31047022
23177013
71556144
18607476
85973129
12821799
27402498
73031712
78357055
10407090
78377138
82926451
47769235
84216879
40238978
1153590
39477526
83556840
63833080
18987405
63618486
