1324014
21820929
55177283
35288172
8362316
64372795
52248649
48917269
34205281
38531741
87836158
83937901
18977116
93029111
81697530
19283856
81112857
9669859
22040927
81450170
39190142
74850343
82299666
11206887
57493818
62561541
56338210
60271031
2835906
79536363
7069929
47960378
80624479
1070009
94637948
26319846
62164463
84254343
7712839
76432280
74875842
81921404
41874779
17353615
16558173
37080668
51940202
15887429
37367155
20280029
74041708
74576643
34342285
65693892
30703275
49679039
72812300
89165407
20710078
26356220
23038350
88705843
57355326
40331606
62299603
93477347
88620944
14167912
85635129
92447812
44338104
54863417
21287781
66511521
90901155
92351420
29585864
54886936
7193088
79608087
9833296
5506749
82988147
90137219
70026
57240950
35779778
59968719
13794785
60054070
42798626
87682585
65279902
67000866
71169225
80365793
22969659
58841778
93689273
22107210
42781172
56915467
89491730
48099877
19983695
29001975
88436030
64457164
77524523
47330107
62471117
11478070
65227867
27170692
40429106
31055224
25084226
63426044
22392015
31577016
57515561
19752933
73100245
13560117
56434374
80680060
90112688
13445298
48928765
41670101
12566938
60247465
19494175
75381846
73645736
87857673
22063586
47002285
1159876
50071179
80744755
93228816
28141398
73149390
58536180
84515183
87033223
14259276
66687067
14999187
73102544
12275321
11209581
29756782
94259072
13926390
82535267
7203155
19280713
12215385
91407506
20346558
85671953
16304468
53819702
38781198
64436735
20726792
80227652
154693
73816770
29241764
70164439
8560628
58926987
87161281
33240906
72579327
63542491
20862116
78596058
57903752
41519272
31916826
42649592
76671330
23030371
34365149
26238758
91496256
82574923
22568331
12216101
75678494
24654698
75186289
18372041
89177413
3921864
71068063
52314787
15114571
50353933
68908826
27875664
3306298
51009341
16261723
11462377
10392052
62158036
38983704
42820174
88193314
26400100
18953407
91881499
22355626
14945492
48562264
55096890
29137630
16349097
20998983
32149781
39752813
32991290
13802517
37262977
41106632
63692517
4599189
