49503984
20264139
84776057
60451726
60863505
6679399
78376703
47030621
45807383
25048575
27713087
84989242
65068304
10833010
68515796
35052430
87161258
28701952
60162077
7344349
52495963
8365896
42175909
14645505
85486323
11720114
5280409
81104165
39073901
69628506
90583271
85410731
70473968
23154125
70330702
959683
42272929
71207412
33103375
76866339
22666827
9189481
41557212
67321817
24959037
504870
76255026
24724927
85544561
87387590
33686250
86500161
77897861
75118254
38295069
60178986
17057453
26256791
67679171
9430146
91963741
31499384
60699067
79615458
81476145
27020981
49009927
91867187
13883749
12788898
26781423
82565086
29499366
13252799
23181995
89774743
39798674
27302964
10562260
78792936
55100279
35468243
35673880
5168540
8082527
74580903
8892156
12300768
89565509
18360027
33438362
88640631
37324174
80389092
70130984
69284164
47944922
15970491
80357799
32279827
13160394
59931082
47503237
37124591
82833255
54573396
39068573
65674879
73250831
53792428
12522537
91283310
13889264
60064306
8575295
71341841
89121816
67615275
31258285
21487596
93016902
44955192
35272753
64086438
36504430
90594530
67273273
57357269
66850478
950615
89739259
85280144
44833473
62047825
1052728
29046028
52776201
15050340
46132997
65964332
56716285
9259319
65051610
36609319
33110906
80094907
55290003
80397172
47969289
8850227
81750619
6679634
91371497
64223860
88602457
31792697
6052333
68349910
69645616
88103101
49518174
6280279
4432548
62440810
22192934
71784428
37214322
76333433
44307818
81360324
77261488
12408553
78406806
69511733
4962306
12441285
37807357
36479279
61091928
86301354
73857094
21329858
71965668
6731088
83513849
4788502
76803178
73312511
40092288
85305037
1537519
59960379
57061678
46203758
41042986
23562609
56583261
1240526
18952893
40164959
603336
17670453
50289689
82821125
17009807
85809953
20033332
17048950
44616547
14331110
63188785
47337872
78580290
10798033
68375025
31890434
80117537
65437534
24081314
77523188
66715641
55003286
69017575
12577265
43392741
3335601
18542893
41634131
15296935
43688544
80388312
72532074
61260261
44575907
43086812
45757902
50540208
67366556
47375955
19562825
37972950
1388888
7707849
84714905
42256932
40558928
52970050
82420845
11987042
82847047
59192541
28340292
85034357
44308331
35060142
42764746
73745467
32851020
61222957
88873219
84311566
44269370
24421434
63519627
11019471
58118549
3979619
81929999
88874193
83679911
17020206
61491544
54297453
4626574
18701264
16313368
77306326
86303750
35854559
7289861
20818723
74508947
16063417
40983367
54095457
53291060
70375829
86546563
92638654
33832752
59819137
62849145
1040030
3209501
45642167
130170
15230273
46704378
5986907
10532870
59256769
18011586
31948900
31142923
91470241
12155143
37734459
35863688
72553749
38522360
10536567
59177179
45481409
17274376
72294360
3560761
86933400
83739296
61770825
15386215
31341792
53054766
58399892
75856968
52203353
84567356
67166924
25067627
10555725
89925842
48316779
65756299
13152610
50129794
36154675
18497104
90708602
48154834
92840327
16144622
48459649
91335453
25044156
31068752
35126080
72498085
42525607
27243657
50277875
50234315
42862482
38237090
26075416
39150254
76773497
27086029
46826967
91234849
86184180
47588454
90711456
90383592
839264
29361485
41198006
25221714
974737
79941486
63954227
87477627
62519553
54102009
19844751
42522153
16251624
27974297
14231751
65994533
22715954
73733564
82339818
26969223
76677987
19535631
17360092
87170230
19059190
13878765
14746197
66371505
71207500
91371492
8299520
12697841
76696190
75518948
69665192
36661878
29503080
77740216
28169823
755800
60705250
41891327
63801550
32001470
75013432
788073
57156588
83496884
91658356
57479546
26324717
70299298
92614616
44990407
37535509
229646
16318493
45017575
88220763
26264081
42151881
41659353
27430504
33321398
74699572
43012868
50739062
49701251
8453567
68643544
31851105
29027130
62644715
19201014
55699463
88911393
32932694
73238766
58803709
52988462
73370675
33291235
6278264
22275715
92872560
42064605
19396585
77134450
72092203
52523477
