64984058
45185535
17635767
67922615
89284296
65169737
29812992
72031558
44770845
9355866
60084319
90166046
679452
90204185
84325794
75404963
11946024
9200160
55977518
41767656
62004884
54632460
16116537
52008707
51319704
22961124
789015
11189555
30907456
90351232
73204466
38662023
67937521
431421
25574614
53723340
71305617
42433249
10867769
64806782
81646678
83543460
80592966
59124804
73581809
37883000
2099752
8091268
75648226
86240023
69439138
24371679
80136335
83710489
74814096
55139215
70843617
71301461
63084410
10006052
10588008
63868719
75374282
14849428
85013573
64790578
88158157
35455396
21089664
75541203
65815750
30532331
4469221
61522554
87598446
73753323
14477914
13464230
86296690
50437349
24847570
63302584
92564721
49609591
87500296
2537746
73732843
61994509
583033
74833929
64445333
66414539
3862262
1368049
17817707
45150946
46222522
47452533
73261339
45469333
59174717
57665402
60907290
51973544
82068364
59223434
56331617
61696420
27737651
43407423
58525556
89147664
65931292
42623517
56607804
16655061
48660135
10894718
42862437
35700733
31411291
27859607
78536970
64892766
85520278
7463012
41183532
86794563
52998164
78805406
6367851
56590669
86164322
35406870
37392360
86572542
13914646
68898146
20114077
68416331
78542514
47212729
67521958
52513131
63886698
32481097
69145985
12674039
56524257
70794114
11798299
59815855
63803579
77500961
12345406
70929335
69568447
27263533
84985501
51579224
