70891072
80296006
65228711
38907420
51897895
44341980
10219831
66767071
10537641
79399941
30896577
7044302
70001689
38858628
93021242
37560347
86399237
258860
57814088
41754102
68864925
57935850
24228300
34856274
81030683
22583093
67423528
56515818
43797222
19796149
69593823
68004807
90520963
63786680
38644092
13692451
88639141
29660350
90301654
29375311
45193494
52327637
22723977
45702074
35318796
27203296
6175011
37402590
78143618
29242292
42594505
26490694
78125724
79418883
32307254
42069859
19967963
75400814
75155203
21491166
4080760
2214455
3085199
45409458
12091882
25308146
10669207
63680260
910163
57934048
53769269
38696554
83766203
84275850
60836945
58457748
21085161
72486574
14692268
27942044
27546255
50471991
92877103
53312455
8032978
62162910
5807846
23895179
26034733
34227158
29716377
31421090
11153516
15358561
87819050
14198756
34300438
88886583
86779848
31389379
72754725
17686890
87591642
600858
40728892
7505786
18076178
17498592
44431293
32141358
26563652
26857462
49898540
3454773
22401186
57711128
9930077
57223216
10585839
39459263
36345150
33646031
31721198
64575281
21974122
30591732
84935910
28329840
62801125
61406631
9895224
72210190
83359640
42762113
41087193
50716774
66851152
78082059
23135999
25398788
52200706
63107654
45377403
22256919
10132903
37369746
67602663
16126816
18979432
84462306
46940891
37269726
51074356
28076625
5446382
71087708
65783601
55421526
88590337
40505243
85592244
20647092
53573499
11366284
8841031
39179045
41178711
67199711
58112460
19702857
22202541
65135175
61787522
28630086
15386460
49067091
4592112
4906038
50398384
85081903
89485625
54385134
67872786
10795196
46507140
51070510
58605151
49969600
70764154
70310621
52833677
19315110
19789154
45991745
11789816
51685437
17245045
7797518
30695470
87085142
39448027
31764349
13119997
20731960
32378263
64552140
20225673
20721010
29645324
74870741
52530217
45603048
54068157
14706628
4301866
33770994
87719393
51150901
56493991
60508171
36725679
25505148
38540500
81136182
4273277
36532356
3979428
13040273
74630139
92955600
86467062
85102032
2898707
71604447
30501035
2015452
56534978
46654487
49393959
59419967
30026030
81765592
46654485
22335691
15399888
50632649
85376791
43479066
3815669
31591676
10971979
30314878
32899745
10694538
16595996
73479670
2928002
22941665
24988807
13637278
52803381
26310871
52839903
61478805
61978642
7303959
1408601
26447804
90676695
5986295
70285037
2540641
753124
20827826
42843141
89734830
57744839
83645424
23458847
56517735
71412479
16726230
34786784
29808337
25129459
41435314
18178941
5973401
8604520
15056992
7665738
76760148
62649606
30897946
12645633
52050240
73535299
70939746
501047
60645047
30887226
42604591
88858931
85396345
