60791688
73567050
43291669
3394847
1509600
31037448
5357050
67409305
4031367
87282021
8420324
68730281
51060302
63023603
51636791
77909820
46641507
66530813
19074940
75320463
3311524
12393730
11571696
33977906
55217983
47902493
29815567
58614007
82100922
78962761
9993521
86961951
84571411
87698198
18100307
66768748
39377740
75636490
21699476
7321222
91121628
56272155
82072975
21834595
62041176
22986313
37237924
82592085
74478471
90801703
44579838
94403035
34464156
41990300
54484638
22013083
73129155
16321538
18184956
50904254
47712977
17133256
84420723
4603314
9372272
76734462
10504217
40701035
64284861
73388508
16872992
91735094
55963816
5106690
31540816
26861719
4327848
1158393
28076993
76154244
91145212
77949431
90829757
66560367
20079043
81258557
10377484
6784519
40934224
16552341
60025348
10189718
22943689
31783817
55499256
62147057
58866385
46067988
2714462
12775640
63851928
35183961
9393014
19508086
35094742
47703357
20872529
57694632
73645943
16014706
443515
57809421
57470931
2419723
26254602
69094608
31666415
51021649
8750780
69758606
18347137
37077952
41500535
24235193
66148327
65807716
89823217
60212726
54173940
29512305
50712071
16552363
89389828
67016234
74025258
12684871
48920663
50074828
21425929
3300265
38019954
46895173
17188317
35246576
46770343
28768236
9978139
91788259
39682381
57165931
34977351
6986027
20682213
22637288
34799665
28661767
14108344
59127688
9192389
13248865
82964036
46010231
50099208
48181232
29542660
735900
32916841
70866961
65326145
93444809
76739410
5396169
28107992
31900473
59695749
25708458
4968512
12373337
40924935
27182788
27342751
30179788
24578710
94372579
36903133
45828480
72167818
21575525
105555
49497132
57468839
3419227
85639045
7029896
64104163
76304975
44193294
38631485
4835503
49421719
44327751
74084139
15632300
85520227
10625152
55468159
17024738
72886500
33095323
58172566
30402855
2919048
46879633
66891249
89865603
74899504
64868416
65055357
77231674
54017491
42343443
93576739
77995810
18915009
32111311
71156480
34783855
82457919
38736359
81384558
40069353
65772395
2487665
6918524
68906322
26180451
90193909
