29438664
59785920
47306921
91549324
42989471
70667459
62972187
6860054
46256356
36874646
55411605
74838774
29343601
30635380
77344069
57377439
21620063
62350113
68253335
7183241
55075797
36870301
28825031
47418926
66911479
65484623
45876647
20117177
44852387
14402483
79912678
5140084
42337641
72502659
39828199
20010756
32353156
90950307
21022946
10128088
74424101
35121741
40663623
41572389
7633401
32789531
8825356
25335331
13199216
6328804
51170188
87915032
12127717
86614784
23524482
75630154
64761137
278645
10204915
60830705
32297727
27958752
11840658
44471490
64438169
44673490
28606577
79708775
65793852
3946391
71831661
41230400
83766731
71279255
37778633
84426134
42497166
8822865
81034267
49794653
60994137
8943537
79062796
82689844
65654453
91635175
42622269
12323323
43353168
257174
17142994
66419917
16922889
82342094
50110339
11759479
9980094
60962380
24287266
86051471
4653381
34911266
38759255
55378026
4281267
23392812
64608015
36658098
13147034
62136966
788380
78056374
42751311
77589456
80462786
15769398
46629190
21524718
88382635
11854358
54220315
10896656
7231748
25907380
29361829
70439203
23974742
8855250
81278916
1206257
75893649
69011404
22371025
17487559
35695971
49651810
87037264
14933095
51829556
5007724
25091840
29590845
9367574
28169956
43264967
16298758
8373872
73108618
14095911
46909776
18689403
78010782
31731119
75862007
81579607
77047353
40512163
77232980
47237365
33158799
90984787
31484282
32121576
35767145
94175840
32425807
66320609
79765315
75622673
775035
41132806
70807391
68366866
13289706
49711779
70880463
4971016
29493117
59046059
71419847
58179261
36793153
33638668
41614996
25060729
35899919
47939248
41197118
59331839
7727326
84866491
23887661
3322353
8207141
55150007
49821702
72204087
67050040
57157589
27914047
28390945
68832252
30147903
75604982
37721573
24111193
63418744
35984829
3493894
28788841
18913094
55381312
38576917
46700649
69564897
30416124
53726138
43607355
88515800
86129230
40639896
86238435
25790766
195116
73638765
92519031
17358555
37799133
49490575
5265099
5506283
49618324
13619095
87245415
30694844
57254364
78294678
59400887
75806149
14915464
79058712
78593610
81135629
44855003
32111509
6291587
78777193
33746051
17368245
17218268
2118615
78161566
53018548
71284854
74728951
7812451
60643616
76447789
69842330
35039404
47258043
47657406
64072864
89784714
63000656
24594536
35232538
10783359
48555501
60344454
90480891
16979090
7242485
87023608
20957011
91956825
55355394
16250459
49917224
32181385
58839985
32006649
53445404
71119699
44200473
70609396
71640645
28612532
70546585
79246842
15808464
19288432
71571098
32876965
10707427
4027413
20780154
90724422
52467732
36507579
73761942
57231379
4974256
57582957
16206184
36686245
61641231
41088226
76080746
66766968
80216300
91891009
66955262
53886221
19090253
48539525
91856306
47003794
76646399
29375443
37486128
86805312
22268382
20470608
5338055
32823367
43069932
48978780
31986091
13820155
33151327
90556389
63387912
5521277
58713527
2729369
48742157
56319818
91021732
13271573
85360422
79309652
13939598
6764520
52993685
76909412
67306869
5058338
74325469
22671038
43307640
81607335
9728624
35527092
50732904
78535296
69534660
77729278
26178969
21188974
80026415
5783838
61249629
61372367
32717495
80369110
19531116
88528312
81465840
84627469
24177887
25565365
4867927
7029353
9511409
7207020
81274475
25376365
50257081
71330084
42206111
53913767
83504173
77451470
74325320
79463521
45399144
33487996
44855245
43907476
91675470
80686016
53288461
3463273
3463274
80916
42370797
24223200
31341185
43866810
83738250
45239311
12065622
10876889
2973006
59490578
83453802
74098436
34384525
12419914
67611597
7385916
73036184
22474405
40676530
36872969
34704059
73123048
81456189
40736641
25655718
1670270
9364244
57822165
9135163
4234729
89308009
22696765
76648625
7047804
17440842
32839665
23493100
61365068
27324718
22675631
18643165
47672767
