4564408
1432266
71634007
43791867
17661149
83467970
58289338
71704563
59078384
57568580
52968560
88546146
43998125
38678732
47725030
34172504
44910001
51578089
89846339
17960662
43843008
761871
88076385
87031067
67385852
913671
89308094
78654308
16813780
5591796
59993489
58601048
61595514
28280057
47470536
32923467
36883096
86002977
43286104
73059194
1442469
65791087
49356304
70272961
9026052
60011206
41972196
58472824
1903134
37656965
70919486
38980807
76784993
47747211
23120823
5616009
23364684
87312458
83930701
25653685
34459396
30752548
64326528
30317432
79069512
21218893
76529239
70112787
42208480
14607998
34563773
14167769
40852148
67121088
32985147
441789
10804577
10723082
42543847
89802701
56885725
40035984
89045833
25073209
79113241
12134504
24280964
1290452
7193518
92081477
80970213
62442088
72235651
88195905
11134365
81034117
86681365
39626562
34566050
58419274
41044484
33956619
26130444
39776872
31912107
72553125
34414864
30611070
25568376
3921254
84159270
88415499
65764620
71743085
85923369
65060516
33146219
12755829
66240628
62840515
70114052
52270563
77529496
82518558
86147227
22837533
21233577
92779719
35025973
23609761
74872608
37939842
75471579
47619852
28715796
49996181
64027011
91017265
39091360
4529251
76585758
44893346
1277956
38366393
89714506
33962987
8440823
90731906
65745693
76150682
30668814
49374850
4586942
75228730
83399019
80727952
19042203
86099262
63387982
21566937
44988390
87583982
45147422
3745265
76601651
33008488
38974387
58560497
56739614
51771997
39786699
28603162
33279653
73507599
9976794
57176513
65306969
27995785
72646345
59656309
44676867
92939975
49193639
73461895
65991548
78713842
64235985
9952938
6273589
14772316
29551580
27031527
35947641
17946133
16248502
18254680
2769815
59812587
83936578
12759464
21020208
66088517
74818441
52185712
50532983
18414632
70501149
35826050
48351690
21658128
37113804
29735377
1238935
80499921
53468974
29322170
8769307
495454
5648615
24482225
56279596
12481019
67004594
13315473
2267463
40403988
1708228
91942953
7771045
1851037
82744703
40731640
1292033
10906552
86296610
19163846
25444858
63473082
42288702
18624859
42456138
437064
12107603
37799858
67286179
9908451
52762930
58133305
769000
6433529
48862675
9882273
38798119
62078271
65099619
40875128
58401193
26540693
60696400
49805784
7733029
45372265
57665499
48131130
34310740
19572842
38390028
23356226
61391265
23370630
45938519
29613073
30497203
61963562
24544855
37486051
4415781
77959432
45558466
