68167798
44310035
48716986
58576396
12557115
78574357
34100324
7716100
41194466
78336063
26983043
58303973
83003614
58109831
54259738
57138476
14214133
86850288
44749606
42740727
29590471
38622992
21070724
48780719
63597448
94371062
57851848
73169329
40874015
56601447
82187247
6827818
88787996
21959204
20308929
26214649
80569312
3105345
31154138
23051453
79922167
53567342
877714
24140537
89160094
71825551
81983915
87423717
71802447
81156204
52436724
47609480
52982674
90369657
64250667
10967852
17707303
66911137
65934446
81670715
13764894
91969837
87327965
23212664
5369996
712298
76539644
14943606
26873239
57522679
30223307
26248674
79501580
46225457
67921036
5168081
17823472
19241627
38635137
19283553
13577524
89655941
44468273
87675528
814557
20909224
59297789
151262
43354741
75732599
83397659
90558854
91659414
14114367
26158262
77931154
44347337
9389238
15455982
45910469
66585804
79099500
48525532
47426870
26481632
40522318
21847705
55581130
58128400
7066535
83206581
37152429
41769920
15095629
22326110
43304466
75969859
87230660
33097654
20240638
41121965
42224490
47092859
81732058
27112995
2711217
2131665
17307323
7945086
23267068
35921348
68459362
36626289
21239639
21730510
13390478
26120086
69502455
39375307
58585281
87255934
28325181
59502785
43482922
43740866
23764042
49208120
77324588
66538376
17268607
31563407
42479532
39460965
76360609
70775878
72600312
56583440
87970190
77657568
69255628
80603147
54361958
73088628
4689164
7524129
14809427
15223624
80120706
40293152
41629255
4478084
20711909
78328648
37254149
54685657
77432608
28502975
75781609
38080867
40791918
1455506
68508774
71216073
9259445
74622720
69501881
563919
44500801
57755707
21564316
85751655
16550951
80084092
45538192
38073930
48270158
74011361
82619846
34587191
70907309
64264941
75857808
33715343
64462371
8835167
18312123
25575842
27081153
46469239
37072870
75227148
9861678
21378052
46168945
37303649
52234800
68589533
33519329
5024543
33379986
238458
41099365
27618589
35923543
76596786
31067637
44422725
82071007
23719343
16218083
7811268
55439430
63177614
66986307
17262584
86734026
3950061
7880222
23337668
66444683
4070323
59059229
2687839
29280977
17061022
69000167
69977184
57930356
42383266
83989611
