94452212
36071670
46791593
48559989
77363513
34377741
90568391
79339817
29483896
1793732
94008187
40842806
35798127
72660176
80074024
14844667
14479266
62605244
35996646
88210067
21368854
60086015
33685120
69086525
71285379
49303666
83914439
63945187
74099125
33820729
65555997
22983100
33121812
80722412
7425477
70447042
23211615
85042264
75531485
5432408
16700136
52754999
44938093
28138801
12496168
14740375
88015510
7404873
17374640
62096887
83545297
66097178
1956414
50462318
54898957
34525675
94003147
24083005
35928901
42396242
18724429
70305661
92446865
70563829
32202862
26867982
21482772
7895909
38646221
2732065
26977496
67628140
72426114
19548996
30500491
60931375
40462359
63348925
78028397
22415590
25636115
93233649
51061295
38121278
22465779
87741031
86501632
63436351
71147471
77788785
17587155
73433536
22254602
47523567
17967993
80962243
20679818
15530074
70554724
8398480
41067129
21268559
2252482
34283412
64625662
83426107
25735734
15548056
67895375
11781591
25816140
49019333
6212854
43952
24207591
46269165
40994831
185558
94519256
74180977
2269857
26609956
46869174
57074212
70583865
7007161
19498760
81524325
44591535
63462350
88303179
11592558
13778006
66170817
66260664
94123776
2585676
44288925
64626178
58333781
33091465
24351806
54293625
5836566
82714549
22044469
43468765
58582264
16705460
75985629
15577620
15898941
91970985
7746749
15900124
10927100
47939698
27133353
32337346
83123438
27142621
78364728
4295353
898984
