46797603
71892079
44086304
55984625
21298118
56331623
25892814
2964046
24665420
21883371
25649720
84258262
18855996
79363764
51084268
89715249
54782765
82452702
49616933
18111841
23448194
40424554
40466695
47079293
22371634
88557194
44319609
61709183
91370423
79467768
54076956
33867533
33291467
52968921
30565309
85205850
70625534
40314219
67661782
91085082
71340825
56848239
6049493
20600833
44827477
62801369
14631530
19319325
24696713
75149937
87256144
63550378
38947956
28684562
32686785
42018679
50494727
33314014
40691235
27318684
61733116
6699483
75572726
72082486
67035888
68430300
44404780
79172657
63028725
71862840
88241739
28999940
9722028
65102167
7040622
81044601
5049410
84915975
49247856
87115931
215661
62241581
64413028
52844756
57189091
51518748
63943575
2006632
15030289
46851384
2009688
3250923
62799953
84458663
15890958
41806026
47417802
92158623
64434856
63452008
83629003
3119112
27498344
41434840
28666472
75855926
24914437
59509727
1304396
31462035
8422441
13927757
19133016
83170088
6706563
14577204
65418444
60264403
86888073
64433646
8785434
62326800
23780698
39611425
85384986
89223457
83472015
44812418
41516223
50068350
55376359
26093418
47843536
84706377
20324989
16420115
54168434
91816125
83720808
16670306
31930342
2463676
59151374
69143337
49613068
49141508
11712263
92960915
12047811
36741966
55968259
35802009
27459907
15708728
21464640
13377564
60264674
73518465
81338484
9264380
4470906
64067378
17955795
43627226
85094892
81816574
66348437
86899477
71556882
34271994
81707559
44015927
62252301
43161744
3321172
50579597
63155415
11723247
49557724
54119273
78610692
74828679
48799610
54036351
45818882
90005798
60011211
77249030
42205950
75539603
34746169
60027647
87205218
38044939
32184258
19012286
66149704
51328573
65358678
2171161
6575733
45022082
36447025
10190335
91697871
42758511
31773958
65766008
34016950
20095748
24408721
58992622
81292878
63714474
34093361
30391904
3170984
90521180
30779788
17469957
44846548
5737360
28742261
10924539
72631223
87375332
64489726
53033663
54365990
22172246
46219021
76083321
25764839
4836179
13483947
48150147
85298720
8251699
58604339
84189468
86428819
1309780
45857597
48119988
57610836
74687780
20000813
11642643
23372885
13706466
27385146
73884088
73897333
65827298
73897331
18718682
40142209
41861192
50407497
31796716
10551555
17702019
58997126
6570143
47660167
4336143
19647399
39126186
33056131
45984818
25383506
39273770
67936730
10088187
5735484
15016016
33807482
61413794
43674021
19817820
23627671
7800159
81078705
84262338
63379468
9658186
29863782
6630642
64188633
35734153
71543254
44353656
620785
15561049
61201822
13568404
67357861
78824800
70414562
76420637
89567456
20676796
7341602
59393109
54581742
62585223
10313447
65746025
13679994
52078229
72064528
40527420
42271362
38596218
41724917
84128261
832089
31820229
55434846
57864759
79429820
74763534
15025944
90042103
55837035
69138643
40693602
48512064
41883998
2656524
29730005
74652470
79754392
84379338
91390285
10990564
194692
19372339
1025704
58387545
51415322
48752538
75532450
42426470
37366490
33097794
31812323
80155820
16102524
28703151
85663476
14328111
55466184
10925779
11138421
86967573
33216723
78270811
37471134
83743186
66577036
55726582
71533932
65476301
66657730
38262426
83547252
22390179
40937421
21575941
71629523
41982132
5307018
54133669
89366501
89366502
8616530
47500852
89445622
166481
70693567
85018902
82695467
9343705
21502315
65052382
65046760
67264364
5877173
86654431
61866729
29321320
8657343
63728050
16718327
89292659
76715013
32798500
20920505
56796200
23208659
5653601
35005546
33938570
6791379
41564605
2196638
51879123
23383588
14715801
89400166
45209255
39624906
60913112
53042001
44686050
70847558
2302826
21561502
12735595
12483204
37400400
62780922
18833254
10305738
25593719
26252005
22534165
52935591
89401219
88863975
65652320
56443765
46690038
33638652
26219279
59989370
61351747
52391979
67264359
64663079
