9020787
72313000
34188393
54416975
34940794
33779237
64845650
92488709
47360214
84204027
43161825
21384206
78197773
29318404
54398321
92869102
60491939
26793803
57341241
5806936
38840696
38957807
91273225
63475621
24105468
12419475
28992504
69343426
8058966
70586082
3743127
27701319
24632604
53699782
9738164
32588462
26296696
88792047
33531643
81467266
54094007
6034747
73083152
51145499
36729787
50040677
9680124
55511460
61683157
86869284
81402868
10222042
76285709
49998691
6345084
7438184
56880031
60816386
74588907
59456855
35409073
44849356
89214531
21573354
17535757
34385466
68832530
17973619
33531641
68779446
11738668
42223161
92319672
76577490
29783062
6229225
8543474
752866
66834284
8029753
66960904
24574116
23173189
63745866
72965816
35989521
4168871
63016607
43587832
90941356
20671035
26866329
43171787
58805606
60097447
10098669
67712139
86362566
55223526
71943786
36793631
14495006
26375088
35222683
36451884
81183838
54910354
19727317
66617732
56897344
33886883
18893259
23133361
15459822
1493658
81180912
35310871
54233803
63164766
21685149
902076
47263791
61822712
68488992
6209250
8107882
43601756
26744931
44454812
9145221
7982072
9843674
78866308
45282724
76993545
38016313
52606885
29708664
21935527
23377490
35314657
1327544
37096940
71640955
77326649
32453730
76060981
55347815
13394669
77253437
89068984
35347808
60454875
91702330
1996761
83740720
20113550
49687234
50887724
14302870
37818768
74167474
18348170
42797271
25515856
6813964
49974718
17032701
38756370
85088505
79223842
88442234
86807677
79944661
49774562
68537710
59893905
39764482
50615138
53778058
38639031
75164973
17023387
78903803
69564934
48430020
64084671
50765214
22858806
48199236
3999908
86681992
31412856
23432023
30243952
76259036
47557077
32465229
39255176
39445100
5753865
4609152
29266688
64456559
47937372
20280594
92199490
91877901
54752784
39557208
50977207
21889459
58265539
6733371
56961935
38626732
73123816
54922728
74613271
7353002
32702164
32204562
9862569
64686457
67922265
37136721
83702343
50330285
43026327
63487306
66722122
24530192
