70701390
89307867
22551154
35801741
13083126
54148632
39657065
86265354
72654326
64059065
38095386
38088260
5632313
33197809
79272020
40160263
87930175
53614341
47417705
42483360
2800532
10109799
43710112
38315528
27627820
20053148
2234542
60229773
35561872
68412354
20657062
30894314
86952400
56148012
37973571
77596844
35304383
91179914
22743757
22148221
86788687
67102298
64763614
70436003
80789683
11404568
30286026
77795868
33976627
92612035
23971764
94314971
29667263
6241955
90464503
11546369
19666957
25270818
76313226
15011866
89514713
65841233
57851133
58941137
13085238
14774361
58420625
37915227
34505677
63921136
2955264
35331
25299754
64050701
44737269
42626191
33726202
13048010
52908891
89117491
87747619
81904938
65202495
80530204
86164611
1341967
2853714
89070889
67283644
39128291
1973682
46285202
27743203
19551888
69867808
67456546
62531476
26434281
34155859
35029691
93576982
77590996
7154661
21370222
19174306
2325443
2354725
32306457
3232923
76244313
62959454
83149578
12121007
4947153
79707066
39156024
24337395
641179
68005485
20928069
89536005
24565118
27213680
45827359
93530484
76803921
61812948
54457423
60026169
47366835
39012206
3610952
29398044
74773977
22476700
37272392
18458516
4514180
90427480
16509519
54119128
41890583
72859218
22180437
64949314
19769966
50940627
68478482
78197307
65013600
89621926
58356940
43630194
75089848
73846526
84415800
80471407
16694122
12799259
55634380
47155290
76336128
65998401
81867908
81035056
74307658
19185429
69024693
87167207
23513460
4015314
1949947
59162699
40730818
63000894
15179139
18217974
38627966
9970746
90670476
78720086
7907210
57664263
83254821
46775750
43658208
64233542
5203162
12412102
31037728
78791119
2870919
46837667
4663107
75869063
55798436
38759411
42699362
6140046
6370799
4675922
56472368
78862474
71823837
90218578
85505008
41616056
912423
59956888
33217672
72467010
86110913
69401681
23428023
32986630
88976923
48097893
8604953
48442471
37101033
14668811
78881764
11656766
14669838
88043380
89678152
46805162
59934519
92450066
52668438
45637878
41071164
10432959
12204481
57542859
10549793
43388632
57012451
25506859
1629715
14198815
55438731
39910116
36071015
36685477
3181827
42724009
46784332
51014267
65257043
87297012
13334798
67525135
94230925
41612909
88257814
69883218
87474451
77827240
55794388
42564207
49441883
18743996
50484956
78584534
72663606
7079690
81797430
47088641
22144764
58001227
12782486
2804968
74915457
29106585
67304991
81149770
29499284
93851029
54872289
21269903
51304113
43080641
82136229
38506140
67048641
10119652
86901080
53687596
78977373
82953733
90574487
72334581
87806715
58244676
76740920
4505278
53944331
3364617
80744655
7675870
16323874
87668740
14684511
60026622
6609747
67913237
87211385
92112101
42200013
29895142
20668937
68916491
90235707
19649749
51365744
85291270
37443348
9368229
89864123
28025410
67409104
48496072
93721366
60193608
19522976
91637968
51825952
94163
54778265
35991671
42522480
21914236
34800624
76670842
47392924
32804562
29329731
75877105
64110350
85023229
65394334
634584
79453436
76370149
46098259
51180193
93164726
62490898
40880075
53641889
40085150
70164762
66774590
76775511
4820297
68079013
78412794
21030562
39127006
63036565
169545
169547
76713162
31505569
25703318
52947012
41342479
78691254
61656201
83841059
56103992
32552796
26921109
53056145
62838820
26014231
68315564
69649923
39661945
84017447
45249968
25235448
5738939
20885868
3704573
50297950
2869190
51805228
3886209
27159031
43026668
9113555
94639838
78073604
27732633
94310181
79264206
993944
40941522
73702853
68658903
67965870
53391998
15012157
33405267
80717428
61135054
38462291
445809
51270870
50229103
56176197
73199915
80880091
49730756
17597297
94186007
47490214
38938906
34495559
29877381
29866154
48440136
41973246
19984353
74381853
58919295
40389302
64890275
15025692
1255694
85977066
20325281
87048434
49647516
32754596
31344455
34953490
16557529
42733732
54177802
47923740
86238206
38164640
36094199
4970117
80765838
70492029
56118554
64355881
33108897
77392923
91255578
80227729
72111464
25322621
76509577
91975597
80080975
26406923
34401678
32929180
20866148
68638444
82869796
20473829
44821820
6939366
44652001
53210403
15570493
16517315
91650989
74562792
79443421
21570328
20064207
30249141
51899747
33513493
27829914
76296827
61284235
34821074
77387480
1142561
25303399
47327573
36863961
29654587
50499792
40516278
41365144
46643979
18319045
45057076
85612673
37227363
11327619
56837988
47919925
67931005
17323873
59668059
39358425
93662792
60924715
85954390
61407003
26621853
20699822
14858019
