20231187
78426353
36371198
62685970
27106024
91450162
77423952
48076207
30200960
90532768
90085424
8636243
65712705
31048908
78848117
76950690
75063417
48542447
37541440
53347688
77728560
46971036
49914808
41561213
56421848
34255731
35263854
65376816
3954801
37086210
15881286
72413907
63661316
22156638
66485633
24463199
54471665
25092723
44857170
22947436
40612476
82905440
79471526
66046263
17604751
47833800
52179007
88381067
60274119
90041730
69702398
29072972
63409374
24203151
23153453
5354316
7942145
5157543
27189646
31633272
67056551
82411573
25792718
6846280
1286580
56784144
50634832
66724820
35707830
81671531
37656878
13513510
71049831
67032622
22682978
62413407
70631018
35475775
91337502
2690248
70243641
37201799
6991176
84801887
11505323
64156067
23082806
50052235
26537647
45005272
92927426
5813533
44872167
88701882
10321398
34733568
8414865
78198316
85734687
43172832
27067313
41905299
81115630
64532327
18660092
88757139
79979302
17789594
55590627
1389131
35236493
18302485
17871387
39497732
5194046
2569250
15937561
71257264
64064655
63025619
89981415
47688413
57054129
72338090
43905103
82869431
2431528
55590630
29435165
83399530
78805974
55950655
90746227
48152874
62895890
30660729
34616886
79150807
91403863
75603362
53875173
56982169
42249037
55657006
57656331
49807989
35409721
38295182
20728385
17962010
48163929
69369024
27730510
41059445
4609714
70108759
81046124
76272471
34660174
92554206
4953986
19946475
91555162
60704655
91357041
67202626
65962838
11665231
72251292
85017294
24496578
5438254
25381539
83461477
25360221
6005497
