58372506
33387103
73420435
3002789
17509698
52891979
46329302
39002116
75075577
66951155
36693841
5802357
43617377
41473640
20942315
8854794
29908983
67676105
29833042
41626209
78069955
56063365
66342380
71714120
55107969
85838129
44283053
71603211
75339063
69991810
21896095
28795236
74833043
67311033
36074227
64846437
9209031
89286760
31690920
49386404
80847190
45327953
60286179
67604877
58965882
80604576
36348675
34850031
14490946
491942
72937351
10618750
41309277
7578769
52254755
68132446
3824266
16815552
29672012
3621173
35973710
66682063
65491874
89918612
2774976
87114617
26246299
19665442
50207376
46263499
45167528
46797797
88617865
18686570
71203778
39823655
78176832
81916122
50918018
23966771
76192545
86190043
41509766
84245753
80124952
21873582
149930
48448783
90721837
39405781
34436914
74081322
8575058
92086244
15859059
23893216
81073908
53274953
22581029
49902525
75000906
28340922
19124032
71118256
42633136
53658787
73546971
31451367
88683057
72953369
40150086
64628042
72041836
31763274
32316416
33078607
69551950
30584197
39207113
37509073
2265152
45820575
32532181
41029198
38596391
3907705
6195436
80243193
69267534
38185785
24381853
53421988
51263482
78917561
82266185
25429128
60709381
72719055
34324366
10416122
46529023
