58313889
57178854
14226412
16046308
54806915
42077385
23831158
61111375
67902483
89348452
87314942
52435402
90785071
30941346
49876545
78567870
11288773
61409564
11252945
80051115
59555663
85035162
15084030
45249746
14553776
2726838
67422128
66633585
12286417
29159683
45554648
54320766
27256840
19146086
11247535
63320331
9367247
59749853
3767228
20954583
60513467
80523783
20247881
6621271
18787574
47546707
57714233
37937476
61641851
28203806
25423441
66679212
11531841
23220277
64483929
7649323
46433983
76640405
23645720
27160907
22887555
82658175
91280614
81887447
34102083
482113
366618
69538595
64622875
41274996
28296184
33457495
18321219
41330111
1573548
91904625
30139352
66522749
19975823
91860459
84785898
44808954
32413293
21492365
70254631
2529194
86268080
17479458
51864202
62762412
91626694
10733881
74593323
40754933
57181675
44228002
66022416
30981355
36266614
90512911
24229568
11539242
60730474
45510711
41170814
57457250
72509184
66976411
80992323
74370965
40314060
29635803
29564195
75667293
3163456
5981146
7953767
69658234
38589633
26137272
68006285
23715062
87502481
72095785
74981522
92310692
40841322
34767608
57147438
57819376
75094772
1805557
91529472
11950741
5734115
22951543
51938321
53374575
75877535
18561560
15096671
88782203
80334237
49862939
62988000
86783474
21770825
81950963
78000744
34091653
85249354
26033578
13493664
26518368
47427434
83217614
71822889
11280774
8703996
28414464
27710950
11986484
41650053
36240462
13131630
2977506
31429750
7538534
47262238
3066989
17252845
48607662
1245281
58351063
80488120
2666728
26863527
92792129
57798946
28928478
21169124
85964438
82729465
960666
22445502
76893786
51781151
76215174
6924905
33724277
2738633
31932262
38119379
75599858
61980351
39408492
75839349
60802971
13728472
14143673
82492957
57968527
47920019
5861746
43153156
20738473
76454520
10728411
26084627
8805745
35855369
31153239
66575155
38763367
73357398
79721501
15781619
43252809
20336526
88857566
46923021
8676629
61026266
13232230
36359484
25933111
76637195
48756002
33051303
56227940
22184314
29985932
84909545
71627259
70858133
10011109
7728180
