6761686
65747286
4473303
22200103
13328655
16005342
88390155
28195692
93815381
44973085
46077478
91259770
50266279
1280647
50742521
42259648
74559701
86734841
88617340
3131732
26063175
43906487
20953595
30883971
56907628
71307773
18176357
74839622
6466610
8445524
30585836
23027125
12434572
48996651
26331008
92163464
68795093
64942197
60664297
26771740
6043173
73042939
57650553
67986281
45527317
1825297
78190151
56550956
92047911
73970412
14885137
45543931
80377551
6862124
49492612
7086991
74533884
8965252
30723951
74101630
10884162
7175951
85831198
85879275
49020377
40004887
7477183
30649348
24307262
40893859
60334501
4144359
27203686
80019201
56677180
78222240
12598834
14963682
32221959
93492661
29593913
35314523
10393143
17325467
46622452
91344488
66073989
49606322
6995402
62582135
61688506
24483925
8956877
53556876
17104636
8958088
30553725
39966417
56835030
47605010
74916278
76622950
91093673
62753601
82396144
33874414
25087411
48480665
43593041
30251624
83559148
56687080
21065589
89246726
28251107
84576582
71646754
15980919
19023935
9224476
69571153
89505888
81139469
57605607
74094318
49264319
48176424
89035334
36027461
34826300
34557572
9066333
43418466
9869488
25981181
49798749
84373642
68822157
9949970
8960295
39066147
89819728
29231177
64948441
93119022
41410384
71778033
8198015
25970765
63636762
17795280
8943795
9012418
73576200
26329771
1270080
1613165
31377683
54828070
63581640
56530370
24873520
35697563
38250808
23029767
44477902
45806612
9872615
25608159
3542691
25993817
31077466
56015671
77981119
23121587
1559740
