56539733
2463867
79259722
19319983
3410776
82505374
36208049
54210140
58077481
69045860
86547030
7438474
85015866
53254350
2408379
26805008
59136809
59278569
68958680
49285886
3783216
49245436
74726245
24994591
74850438
16703684
73353970
17203665
83884039
69500710
52135800
38326111
38768937
41232360
38044004
52194042
60399155
11965671
91049798
6483603
6028744
70848433
82464317
29566152
62758387
61317041
42205828
89613774
79949767
87209564
85787659
85458206
14279750
22964749
9320985
86444379
25955560
53692676
19398834
73331786
39717127
65977645
37003500
63144952
80496479
4846507
65723403
21168139
