60726109
19231446
18655551
61271276
4634861
20928713
62437924
70572830
70117074
74167424
92879093
65148166
80621074
4968152
78735653
37400659
40831497
45272279
62180596
82296091
17791476
64183641
14382937
84110247
24001890
43577295
58979401
82081096
10003559
50049784
32900784
13113107
73704655
52319469
31004177
61728818
69487153
34184803
84998542
77154516
82628105
28335574
89399906
27272689
70410902
60560240
28892251
65633746
13088212
12444392
47822586
29866885
12389039
1102241
20468249
73442831
38601460
59037394
28453062
38523537
90799225
61385118
65764586
3924244
21860707
53756507
38279189
77335022
50457334
41440060
26351331
23803713
64751340
49722321
37969107
28146640
45097785
80800220
83367170
75211402
55825911
68800340
62579238
50449182
89342066
56212816
31251572
94534218
19422193
86737947
21983147
9823202
24907
11646983
55928526
67961760
45072442
58476143
79209115
33843976
36012347
80108706
48894418
67024237
9218106
2002156
88217901
92769616
85910068
83331350
72226843
34281424
58116107
4429443
43615734
25980830
65164714
86335393
87459308
57096834
94306764
62352386
47889072
23834790
94340865
4366406
85542440
81579906
30586547
41796412
73610145
54671585
50997646
954068
43360172
61777802
51948187
7023253
45815136
93562862
53121603
14291571
56024104
14234753
70789787
54265607
10675509
40687114
56885917
32979161
13635314
43793276
48603075
8315893
