80059479
71007681
43745770
34774736
40660483
72894093
72400767
22929086
19694496
77900610
43558767
66831924
20334803
1273642
50770255
49933102
37249994
43881052
5157938
2116635
28043697
19779731
6111401
58109657
58099512
54948408
92565788
3299673
45276513
63689436
79480300
53298496
81345457
87134858
34746026
8390706
58252673
42431868
19587682
64754055
72556930
65267231
77204796
53895643
29287970
9212100
25224956
47689011
94326965
1015284
97619
14566104
68008074
23062773
63539695
43951601
45539197
34706540
53903052
7120222
52840124
86311803
33064867
70694422
14180657
47740666
63695163
77353492
63560474
79807302
57311363
200806
80303635
26999608
92849602
45000207
61983638
26814172
23468046
45017914
3590997
34131532
30114634
62660417
81728530
90396932
47168115
88493760
30200421
33606831
5063258
60385000
68451966
38596586
67089713
84182278
60290374
31505258
55583860
19408250
88801461
45267949
71945764
93354753
20017970
85861463
65535796
60441821
59941309
63103509
93384841
34955025
89516290
57448368
63343597
6425793
29357784
77738599
89100212
21782209
17658048
10034698
90525651
50930987
81850641
92193954
21970162
45020727
71392063
50349666
82241883
31409628
41948754
81026017
13796926
49405434
63616151
33745992
30205349
16979844
57563181
85090181
33024561
33968114
62696241
66424984
85453860
29265428
12486640
52077720
6096559
54610359
43774111
34312538
88028834
86316169
45872518
6043679
34061650
80233186
93774399
39856403
74284179
22186656
73058262
3693708
39717459
19465088
81784372
82434624
48271311
33661849
92917401
81912534
37083526
43293729
48192561
61539461
30876056
13690217
10704161
36436685
55316522
57978172
5259638
811826
32973495
91016094
2987204
33899051
51937314
18980354
24680134
91370463
86625441
43847939
11220947
29134685
50245147
59981132
62801084
93155965
88366115
16698483
89168118
27173786
3379558
15632229
493599
78099574
25137777
92032931
69108679
15843367
47635337
66298412
33024764
66874782
65839826
61727038
61502853
76202203
21517726
82434319
72426967
48306455
80984830
10461038
71729721
69502851
14914447
20147077
88430344
1527051
92477649
89563297
64956452
45675835
89735926
79005405
88366111
48148333
47235860
8911276
61853052
53481759
44504129
23380320
13478612
76582466
16086744
28165773
85382867
29754577
21925041
31108619
474347
7915330
30763180
28023743
375673
28891622
58339764
59621946
45677682
25762416
88911352
49812554
49091698
1034668
37946950
82942616
84823195
14081149
39142290
79000018
61635092
31481384
50081828
21677401
25062920
18037066
43501884
59835955
94476833
92910801
69145893
22860369
62313254
51009101
58921445
15059097
89983321
89596671
88384025
90513996
23384335
29758083
8612498
43919788
77883633
81918450
89118780
23026722
15585587
42444906
66858872
9579381
56776762
29195551
30766997
83802877
15885916
92382606
59864121
31380105
39056415
42908539
60711495
68883722
90582409
20840877
23648385
89752737
66505293
69399413
26699183
69733320
90506229
44621654
50623784
3308393
77156248
29266174
1249244
15747920
91155111
43964600
12310858
74915764
7438807
2819467
45624703
91401109
59857268
32171419
1751148
90126574
5896408
36006455
92794523
20163902
10275845
38398400
16910135
90707253
10866225
31651945
44763534
73720431
88072264
34931952
44397996
26935700
8212569
93531306
15961911
18020825
7540334
16398264
92796909
30511883
40891892
49108846
3881126
33038979
93847801
46042367
19434332
63315964
65672589
3646407
40725382
17735800
72682616
88209395
9779059
65770370
24779196
89515743
5775303
