22347964
92121154
81771883
91602774
2387418
41020411
49334859
43574773
36005150
36268837
8819152
39328674
20637889
54434072
42475527
34279852
22573337
71984804
87936428
55530296
7778993
44321385
53322898
39117562
69397945
35865495
44605708
55016581
62419883
70618100
76242712
27019610
89142245
80737039
83152017
88485668
19665710
25440785
79467713
62921059
71504689
30321314
69482814
83889191
24005135
13715815
7430378
62526646
72077485
14850627
65416358
59010570
42505020
387248
29383627
85455016
85534306
94621585
55038776
30136056
40383062
28564650
86361153
82112761
35219490
83006007
92911844
65711057
40931725
24226680
38539000
85540996
18473790
57475535
28046412
88319940
72596800
92673522
54084718
41204444
70839041
67378932
30931587
13885238
94046118
84184223
13629108
76549459
13921717
85348818
90807894
93057543
70297403
70297404
13086715
64862155
26242833
30476251
594818
44954632
82289172
