436106
76725394
26120099
51339451
24902632
94177429
69524025
47493205
25164429
59807257
7883072
55306642
46382769
55792802
58253214
34378791
61660382
52516546
60636746
51189508
53016536
81449645
84625596
87812597
24105143
29173044
41483683
17839025
31027079
33789193
76085116
88786626
51799676
39433818
90926242
12353672
13644001
22722265
70158806
62455299
93013933
87516907
26037615
91029290
69961676
68187808
90923515
86373668
50435435
48651429
55393071
82070773
9183054
23210255
74892415
46427684
15036083
29234431
19645742
25891064
78390674
36077385
63112807
85636993
56419605
91653463
11122965
3625509
9760006
62226316
33391529
7851930
10003703
69146052
25671252
39016821
84238331
39601411
6782558
4398732
8678457
57620922
7822669
