1086701
2555009
79289659
18738207
61667823
14555064
34345872
76367457
4543987
6198737
88614756
20642234
53295475
23771399
22002170
27129932
62073997
19552001
18141393
50497610
51398310
89350728
22212408
35253385
30154297
66724139
44984477
44489870
49696352
55320419
3615744
42025991
17846412
68630268
55480358
43699350
68008030
36845111
5991315
29411596
77996250
79603588
16269883
26652600
56276878
92280891
53776868
88490639
52468539
8555652
52660640
93401670
68996988
2952224
49421504
53735691
70240951
12395702
8731277
48611291
64182388
15367018
90887316
75417191
62290107
8158246
31051804
90455478
40198800
18696188
58550660
9017463
58784948
74905267
27557755
52543272
82118752
52252214
63409464
31506076
53605392
79546501
84093592
45780512
89313159
49057749
82963560
58318121
39041607
73032477
15186244
21523346
30595102
83705515
85902975
3200087
86226106
49622266
89327711
75614337
60944355
81441878
79773032
5747884
56636845
1315268
34429079
79424670
32653136
48697656
2783309
89103607
94134868
16730857
5026590
52410189
37251592
1943893
86732630
2469339
87356174
7025835
93321483
7651734
90505170
15623531
78615677
57446455
37185300
86639510
78740785
29368179
1590586
39274900
92862828
56545722
34762784
75241542
67074931
87123758
68712733
31610143
9852638
88132928
34737554
54102020
62937133
17848681
72693224
22390727
55310028
69733882
55846818
65074571
33708250
79256254
12646524
32227676
88725681
61346080
10850762
31500148
75470752
1420871
8685173
65963203
84505535
68980539
81865131
33079375
63795601
63675418
72520705
1564243
87523699
88281751
2091661
4618136
43345996
75885292
57939742
92818621
79306098
56415747
50614206
27074480
10196718
10443830
39194279
88283188
59513027
29316607
23514667
40600492
93437069
45010135
92144718
60186070
65183137
75220632
16431655
45778146
29574102
77184241
65364372
19338910
17604582
54983008
14733188
25885917
21756092
62521880
92052258
30169616
83887689
86019822
45959498
67125961
9159717
67757993
70485316
76580929
781733
81913662
17660464
40377029
76380404
36957783
16279091
15538259
66870623
69153817
12596101
84840993
36370331
51243995
36153869
38408247
93925543
75785257
36764206
20608297
29024654
67197082
6211757
65510344
8155647
66225670
21937603
33208038
56565562
80663805
76959609
22268031
42590083
65022829
23811012
81127627
8719607
58829069
73376739
82748600
47529418
67051749
16742277
13343511
63565104
94296392
64851423
6471527
9887286
56540098
44078852
86542767
64711259
39793358
53992168
58959579
50951947
12330680
33413882
75228759
70890512
66646674
55104070
11254509
69479297
48422090
12061165
57873515
67252790
60647534
94270539
43522748
85499029
74067369
43021457
50119954
12944428
89303475
78261812
88419506
51154876
87618119
75398055
36939518
8225361
32185871
64194534
74105627
857814
94233884
74572728
21096388
51752455
92344607
84257111
58914378
86943231
50458109
81378799
18473806
57087069
4692346
57206195
27005259
3572655
24264184
14451316
48326889
79236773
44869809
25528007
31886680
45852509
10906182
65054696
38489925
35270658
78430504
7512105
57186059
48723055
37365466
30340509
79765680
27594984
20385813
78737327
16486551
6485375
12305048
65520634
23587058
16531231
50750367
93978288
34948589
45149897
71787586
47260821
23617073
79554177
9378907
36894399
72465310
21730542
67221905
50056233
43165336
51877887
66423242
52995611
53351397
83627404
34228959
73637848
52498406
12556039
40241933
40646428
10925555
74491771
25430247
12633976
16676010
83791768
35475226
63833292
60558092
329584
40559029
15930186
85845260
63985344
92783050
25533673
29177807
2357018
47364468
37799512
84281119
78226725
14064991
36867775
52673790
77038759
53640472
14225200
59842620
66986896
65826236
70714728
27237235
68653803
42878092
40460121
27722762
55396267
8252374
75055144
27983453
84918465
51358649
85264752
47797110
10576571
58085834
69131553
21533390
50569522
83536730
20947890
35821489
69523237
55892068
54468490
70138762
18069432
29792297
84225756
38571693
90608170
6032732
22461905
63297381
76640173
9257780
92131207
70691921
39340971
72453573
42564261
45084373
33247098
85762495
52186934
157959
28366342
64767640
29153482
30748353
68077584
23617069
20948861
25496584
17451688
86898598
49360898
7539573
53126972
24524373
9301235
35113342
24773923
25426385
53033203
26908198
92344766
92972135
47460635
58985541
69932585
87343282
90951093
77765597
6786371
52819732
42788025
92297925
64579027
29628957
45742294
70701036
65939973
84764473
35026711
82574172
56138141
59276053
29895600
48607739
49831825
38574536
66895630
54172440
32750781
22434944
32046879
31943252
65281770
32124547
57950786
77650750
81243796
23352700
78602276
59665834
41722727
38082488
87616380
91226050
31777675
29503692
76615953
19306565
5921477
63508667
55221776
59436101
41443523
71118530
12012807
31026477
26169620
23027175
65512687
35780495
42935066
18393509
86840670
14625177
46831781
42154831
68465331
67586275
62843158
30864656
92923382
4729058
67696976
45321798
91416445
2158488
56301633
73644708
1486461
80963314
53291916
41880914
52251535
10763975
78258587
24980390
41151510
3871689
80778982
86495576
33091422
18074552
74414943
9043773
77460544
50930396
94468352
53312308
36391194
66651430
15394028
39908387
27217030
89897127
75651147
33158357
16471882
62220389
38629672
2564128
19902461
68929873
59119313
45197897
89541254
51653198
62181932
73226963
54888375
21836849
88566150
32751937
55239771
60568816
6125920
10932471
63992222
4987574
74420944
79670698
8564464
47335781
4648454
22649878
11559436
64140050
31896437
91378848
68632439
3090794
31118596
40366892
64689197
33695650
59469424
26485616
82835392
77645225
35042024
17310161
68248925
91724311
4783429
77826985
15188361
42144800
65800257
56152113
20446976
1123354
21421016
92819354
22399249
25086270
38560591
48972813
85092681
51836446
74474013
46562549
2735270
13112012
40476454
66643136
27582069
81401110
22801646
57350696
61717484
91422053
89852561
8529110
88905615
41376128
38015432
85832726
52706927
17715535
53301295
21205078
24794205
97056
14581469
15053670
53927986
25247592
29272780
87471623
57395252
60832270
4270989
20673656
36302212
56083532
87495517
13678116
58577678
57513828
80640859
55358145
51632157
9415057
92461953
52697597
70214232
33386753
91162390
13232144
68880795
40172109
90274293
73529601
9291376
16253646
85744612
3294987
49158407
41054166
40042680
25636846
66644525
19731709
10673253
21338932
61325968
83210560
10886852
45361941
1366106
93236088
38864149
44328637
84415064
15940294
48716364
77805364
79406263
79788641
25954225
2420884
62690868
56342107
37271912
3198975
90269234
50815138
15473147
49746635
31762035
18740343
63487027
15295276
78529085
91636650
2736159
42018621
14554817
16415329
37054350
74832710
17375857
56813369
5568591
25752154
25792747
64411200
62184845
72748444
49311829
46193950
62883434
917048
93750430
23847541
10088781
91654100
24839992
44179406
84795473
83501174
55807491
74693867
73928328
65790786
51121305
41912859
65293689
19587696
5984153
30929742
72522505
66729544
34921497
51822692
25349567
66106427
89379820
84243963
9868899
56037269
15593760
17338140
88353233
27636415
4176702
24998077
16168883
41480006
92078527
92513221
57899204
72415858
77695131
78008815
60200333
41476382
90339974
89881320
80922494
59041029
52535346
84617575
70250427
30828100
50314414
82998995
84885248
51015885
70465730
29711896
21484518
21061494
94623443
45352377
80232958
38427470
58901131
51693025
4741439
34804913
69388704
17713283
5033323
8598792
83309188
68047981
43554838
33824438
19672102
48174278
22495265
90010688
9728138
3883586
82540505
31574595
58621601
26095392
38036571
52292946
75657719
77643178
61402939
62902475
63705359
35786605
35681855
56203573
48904822
14723862
1784381
83784394
88579951
16712866
50780060
67930556
43663188
37321755
3926670
77490359
86949843
68190464
210833
89449456
17616160
32346646
84728225
48641055
79749322
28568214
43076911
69073196
54395324
42063804
23615001
80410679
58280798
5902211
63549254
18228176
32542110
78168641
87667648
14103595
15037902
86500186
13766105
42225316
35609228
67266061
8519845
90573256
49107652
34067613
83159990
50308910
3451351
21766038
52061111
87121210
67089602
9123616
8103305
16316896
86491290
61333559
93659632
42711315
56801976
93783155
76790842
28764861
58388536
81730860
71279350
44432471
43254600
21203274
27421045
24981834
1190520
26163866
40654828
49911282
46407678
45789563
60904740
13884897
62239159
51667466
73671979
1367247
57770029
39786567
68356254
46478141
88025353
83866189
21431379
4364187
79255026
22123508
8172994
23524664
21841720
53101690
17242917
3826434
76158041
10411258
52288269
85166867
93438715
21722813
88122822
26196582
32761587
46555694
70711566
29270118
1453286
54055747
84412177
6361453
10741169
8067811
25169551
7112978
7923615
50487820
59319879
33279834
19828376
85612366
15506869
10397441
74413564
46884874
5093702
76169294
44502279
14696555
78196294
71141159
26797085
2454118
33190177
77592424
38862588
14694171
18739041
23157240
31308248
4776549
81773085
45692155
54648016
64247118
86877161
15695113
47431527
80161742
19373882
27661728
85011088
49481682
49366153
77636853
76909579
16195204
18614001
46361384
21601754
45555081
37748207
93732938
90023487
68050829
13097860
63687698
59338354
18979652
64649122
57564715
27064233
43220247
92760755
48788767
2147558
12927862
45487071
56661194
19132344
26958137
10613951
48943593
4462252
35120966
17579298
90893241
1694642
22633867
36905239
20456225
87501131
38846114
62027848
36978472
66578259
27596630
13874667
50097547
64223709
21745659
32406106
71410815
82195667
10597085
72727437
42248070
51517793
72310677
28524046
76697014
85858525
52888451
21573087
72015113
57189472
75689664
68505810
45774966
8512514
24458878
4981526
46385767
75549255
15700865
91807903
83527580
34807915
21483923
13376529
31140586
88647275
59141483
19840849
82462655
32612437
80231756
82734235
78387196
44009160
65886917
48091484
70429886
35839604
43050214
35824085
94343820
58122363
25242139
89627254
93971016
23645314
40627697
63699139
77739486
61727562
63874605
55971198
84118382
22328734
44470029
19589111
28054029
89346411
27223957
3714981
25905652
92425112
89541896
43908400
84069367
92677336
35625879
21274767
47087006
56906135
4559033
1437295
42027914
51416346
53921980
78426260
46631551
82852067
93252246
65493190
61499550
40862795
2396547
5357629
27146126
41538032
41889928
27979677
49899705
47120674
6958170
69627214
35862818
1795630
14923368
37021582
50156019
30016703
10953456
40729461
13386928
27019828
26157239
75313480
56059070
89084657
15275699
62308998
40811795
3428928
83760585
57603272
61239273
29258472
86150379
16934889
15009400
83755657
69239099
82120604
24913137
70150408
11445373
82825887
10771015
81138606
88247676
59584074
87685862
4755852
18816280
3963047
14150776
11261066
6218253
9685557
3830445
46793500
73781269
54813730
76680859
9504361
4426827
72155073
65600198
71233860
75818098
49290791
83998920
29215157
22175894
29776027
8818280
25498634
55170217
78361364
62084103
32016442
11489037
25915230
70174186
83473771
4307921
18310451
77174198
1825711
56780091
19290695
82358501
52537627
14719606
8330394
15173245
29424031
53815147
40691192
814184
43447363
91382393
55474540
74763570
24084833
38291415
26714146
62374105
81266129
72068352
30518775
46854119
18572384
79415361
34469004
50723965
18932811
62020718
43774544
84091824
4076124
30821654
91360127
64597548
26360215
81059832
58886178
23298872
15471018
87397547
25062777
63039480
76007405
84991335
53283207
7505752
13083075
45576647
34038310
39556478
17793580
30296000
16811948
19631949
31922174
1790585
45880260
58378470
39202984
9449430
83274603
45260658
33026008
33976868
46932132
65224482
57383112
36414252
48815765
5580626
80520912
32367222
66818200
64109044
64109045
32583415
77527766
27238981
22479606
36884095
81500961
92984421
22677038
6712361
68517546
36752099
55090712
21164334
23988089
23988091
71124468
34522348
16920085
63911941
25771026
47034378
8007000
19774418
89067367
91547250
34926491
55093454
35182949
21346127
39226305
66623506
4579254
65556192
105133
20007975
20317277
46876401
14818557
33312073
36829561
23249402
40448114
55748835
1849384
59776058
17696128
22794826
5684201
60855382
91744121
32895138
17814353
20867577
61107122
39243937
47006112
66345481
83605722
6586941
70442008
51792055
53800994
25656280
72710164
51341641
26006361
16728305
566674
77222309
6219864
11490597
17047629
36902405
4527459
56901615
86464510
92433700
54684759
90730741
23099949
2027114
65925291
1453105
32273486
64657274
70064428
93622370
84221978
85855904
17230245
21273163
5971259
65851504
92769138
14890249
71451226
72700022
64872766
9994809
14010754
93708452
89017131
21543466
37705309
66703586
15000448
93341147
79316896
88076054
7131020
17238025
88326657
81990762
16459901
8663105
71278824
30419067
39394625
84293229
64370891
62797108
63519310
52441598
72455289
84518650
27685764
36375760
37887265
48713159
20470466
71710162
63036002
12862667
36247930
