4968152
25980830
37969107
56885917
3627558
11542128
74667339
4429443
36764732
38016061
57950702
62579238
36012347
83030720
14375387
68702041
35533178
27681178
6623723
78204870
59037394
57026309
57391709
19422193
21983147
83367170
61368675
83987562
38601460
20468249
76238712
77875274
85367334
48335419
5424368
32900784
94560632
55825911
61089782
43314283
70410902
85076940
15011228
17513617
34213856
60775971
45072442
45356090
71289441
954068
3924244
12191330
77000152
60007414
6517906
84362502
59160615
74125550
59369359
43793276
65164714
62833528
4634861
56060703
22160656
73704655
72011112
27077292
86345635
24907
4366406
14291571
27272689
89915059
65661615
19465593
85455921
65148166
1153034
47822586
83803049
28365239
92580611
49722321
22088557
1829771
70525163
65079284
54630638
12253243
69086518
78432601
67296166
75849153
88861987
147196
80621074
51756920
21860708
53756507
18655551
86335393
34145964
83357931
27823860
11527408
74537347
93267576
11014123
57930576
42760697
37400659
39667334
73302208
14628314
88217901
94534218
70117074
87280337
65633746
53121603
56546537
74884896
27512000
25500199
73210794
70404175
6623727
92722960
82847743
55560340
72071234
57096032
75211402
59300473
