6798779
93553675
55275105
85506998
6062337
56139767
64810708
66078124
79351485
16999274
10664370
10065812
47343028
48510807
474557
1512567
65105689
9420616
74224039
7268449
55498081
29738037
74555183
51147435
11042039
94097283
58551389
38611284
79912806
40731132
13265433
94138996
52658754
54808515
68107589
28305354
46528004
92473353
32492919
41640725
3560109
76084282
37056439
40951145
29658351
27260866
2790901
78041217
54325896
24795638
59667405
44229003
12458757
77055021
88836423
84086646
44601639
75354036
6486664
72568503
63083417
40966340
67855569
88452664
26371377
53793373
65110144
90124317
34467150
