60059298
81702523
74214349
48941880
10416550
3344528
40582429
70503696
44159852
80310322
2548349
10246339
23125409
22496808
19805380
91442742
93109769
87678197
92739388
50258151
14175486
23260900
92215040
31226881
90666878
16575782
80541260
28002454
79773506
77028893
14094028
43388118
90322799
55367870
8294230
65478672
40628890
57186682
19118298
68233989
25890435
56322623
53549424
60994622
7746431
37569444
56176147
33903069
29481876
93772689
14126691
26888205
11516686
44530151
61336499
60409628
11287551
48875112
13337346
87255937
25001263
21815132
19412537
64612988
83016666
30852984
79271612
27588608
59651987
28756248
81175203
33790402
18016545
45969902
11307766
58455062
34148683
85045381
72787805
92053660
3033347
88675409
22191180
7269099
2551756
78083078
9995922
91442739
84479511
24679283
69834149
78750434
74575252
35219741
2010922
82409635
64967004
82346518
87550907
82805472
75591509
1116987
75305655
23824087
61462038
53498006
15002884
32711496
20940111
66548386
91055086
72045105
14435236
16266597
23532369
77732099
35914101
35914102
72581260
36075777
58950906
30360691
70133387
30655716
89944359
76634360
904566
53874330
86177306
26214494
72182450
30122814
9453635
80089368
40050009
80779765
8214973
18375835
42000432
656881
76139776
77799487
79709001
