30463714
53289664
79856765
54313604
45642430
42602930
12147592
68043768
76236288
11113798
60162731
73430736
8937933
43271938
2895907
38226780
18800955
18289267
3097836
11915539
19806251
67325480
7305226
35295190
44389206
9512836
59327241
40317086
16865635
29507645
3167034
36895835
47692393
46192588
39914247
65821990
60381493
78568762
91386832
45618988
36100369
18630353
57656877
77346883
42415330
47570505
88177114
72662858
10958387
54356423
32925751
38166768
2218880
38628534
27179454
45614607
22498376
2562686
1844033
59549301
71840765
22039798
92521370
57991715
22374442
30971182
68954836
7069458
58155066
34660612
11992288
90404093
23380220
78395166
41345572
46488619
86351398
87960519
47779062
82424054
27146745
94006167
55603103
63646304
5136524
74327342
64726627
81111202
81865690
33542366
9765404
43113249
82757220
75633975
76120240
94550062
16733703
74177576
11983309
23807806
28860255
29787906
7948178
70673933
56694877
23604805
46926914
93075350
54617990
573006
75696564
37713002
54570583
21943283
15135229
59212845
49045948
35366215
78907020
19254843
92908861
67954965
19321964
37625778
77058851
27614283
83988241
46593896
81498198
42727840
41808750
33583150
52992769
5951675
86372314
90828098
7249976
68238074
71929727
19500345
71671785
32002139
44738331
34141501
41220820
56300677
66210821
39634346
60811333
8301828
22677389
38317895
931935
86936028
21614734
18342465
43663985
2002331
34879515
34168237
49339152
72588528
65958818
91890168
76425498
9616547
59921496
25236670
62429707
21512138
81111200
13995266
16476329
80018156
62536751
39696156
44935417
88792127
54648716
62026263
46536112
72919611
46466912
59414956
89431985
93483549
51823230
62386368
60498022
62913131
1208506
61490721
60691984
16371132
40295053
4219864
42501127
11444990
66370023
79048277
25548532
69375558
33423399
6811072
33701518
94662345
83442978
24308374
12805716
36587306
91148915
67070241
47009650
22899571
21965728
12275399
11799006
26387261
75278871
71411268
52597537
86591385
61335344
7685618
53479861
78255430
72930796
71643539
77018410
63255703
70082840
15778117
3127234
42920899
67191634
94301257
90302044
10105596
422176
46339559
52637838
68215747
23450395
61462937
33424741
62271784
72417213
80276156
72982343
54071248
8204941
22526359
64726331
4407528
12555171
87201954
67725577
9595475
51148716
54408468
38204598
65492212
25443356
12092544
73190707
22150441
66527447
58177710
16735299
2516187
92667703
43101900
59272446
88511122
57440429
70016312
36143685
63335552
732133
68271186
42522666
4722313
82997738
84934768
90292066
69275751
18608911
72395698
54862739
44670414
722032
64597558
92199472
66234409
9636218
42188278
43378828
1321705
36902240
40321317
34910696
19621469
22201358
21504782
34173587
4581754
39696154
80340954
50671591
92156225
56623766
72810959
62119748
49396176
41857189
31718561
13922682
17637365
84149475
57856753
29575508
26186250
94397547
42776566
26077529
24834068
81796837
54205384
82338012
51056532
86415814
60826636
32669715
6048779
55355429
34855754
83561346
93703916
4240050
42662946
1090499
92178666
57388200
78658209
71795914
65875870
51428345
9189242
10952018
27257976
61922206
81323343
93558892
16373625
66066576
74305097
31810102
74723160
15592508
69107385
20379321
39715233
94508103
61004241
51309836
52042240
43951678
39609192
66104337
17498138
48617482
28538916
11399909
8328984
45456893
71869175
94187752
10461928
52127121
45515800
22716339
87322258
61574065
21258890
69253753
75951868
50589391
22927751
40385099
76476315
75514639
21686987
87699551
72844891
66415823
446559
47645205
54367818
74600336
44299247
56555663
25199351
24391573
18063492
57284148
59642794
94480370
39985258
80771712
39635508
19364922
31420507
25745813
172323
52594626
13616164
22701280
59876715
20231636
63886690
21185491
60432963
47207719
26945689
37162807
59796348
62013507
13272063
5724405
90291497
81923229
8239333
49945232
80690033
59680365
26183949
25881093
78088860
38582409
75484848
77090191
51879801
9150883
53616111
8855352
71729457
46362419
31282298
23889057
15483305
17564862
16467928
46840895
50141619
85185310
64219589
73945377
3133406
33415128
13440539
52008074
47275072
89010389
72398893
60843348
402726
46414646
60793884
27132412
54637338
90508383
76761985
27891587
22154630
78622132
38466058
31385326
82381410
29728951
975182
45614308
24875457
39565588
59846518
33041047
50940620
42472234
50976238
43531421
5688174
36082070
65707888
67581643
7464460
85085964
86930463
48930815
20030729
92461116
44826777
15693653
71961118
1903503
86280828
41512859
55492749
52410407
68584861
91348075
64739937
60237776
50212233
84861409
78878842
49509262
25183160
47665543
90354660
22632461
64725913
20600139
18543673
19937239
48835774
89764733
34957753
58477298
28990483
93602985
40291501
54539216
90765599
54111475
87353555
85175961
57782635
59557056
22039631
5273519
87468255
44098087
55882896
92012452
78254533
59818135
86925986
44285036
67492395
23987026
18459035
24760923
29776430
31049057
81003593
8163930
60175831
49474562
13690970
70170256
2638186
45296976
3938961
6567749
6567751
1839850
65647872
21083433
69250040
82482011
37254476
9296186
47960598
3298426
70542543
33795849
27776710
34780475
28051237
45314974
74226548
41138071
82442976
13746999
15213834
45665070
9597181
47710696
71473305
65971565
37820238
82327260
77000082
41204663
136077
30597240
52973236
26278741
34821656
25155738
22429535
42296077
47395066
21082535
22960255
51843357
9205032
84959435
86592059
79126440
61601629
92955921
5340128
77092654
2159722
64352203
90028713
55048182
72630761
4799941
43553609
91163025
47857540
88613037
28522694
22933195
81366383
34914938
18200722
71856278
47962167
50802367
34075912
8371546
16924853
34577111
44272705
77901244
57799048
15785813
40803433
36296665
8469935
42267455
56818242
35604675
79480921
71710865
64811253
11127392
37901980
50144201
91680128
85167455
49544970
71048286
14724186
47310614
7337136
92949205
85750303
69284478
48147900
5817354
92992369
81403803
62157400
40167560
2663762
3724839
35700442
8901441
51610715
92379146
53275703
78186091
10022430
88783043
53845606
54183770
67001227
60836700
74766889
28744099
69287730
23831033
75997648
4667985
15114000
7458033
70165210
86339668
64323604
77863202
22420110
88428785
66117718
5624752
49091928
41408228
16230323
14678231
85110385
18731296
17084489
10204338
93486074
87460590
61545111
81825736
17998770
89541333
51790777
22367773
18247624
75108364
71338047
23809636
66491256
32586970
62273452
89171779
16818052
62561879
21097588
10143169
49295285
37550631
16820662
19211258
58178692
43317870
49652793
57356095
12692957
63744592
15377757
78417055
73493878
42249762
80257830
40589283
64909024
24992303
73810011
63765305
53544510
12200433
32907549
32080268
31309120
87568944
40491219
92868726
84239191
