73345584
9997482
41762997
41120089
59715769
47638126
5149486
64098927
40928420
42350007
24801978
43145720
49523153
58196217
67808362
26124129
62469764
92586828
51202009
41884545
41892962
92996364
69742402
28833414
62231974
26157964
46806187
41820670
52376643
65371985
38320009
71814241
75708471
68078780
13219619
10628072
51605346
82856965
52344464
86027182
52635339
40108468
40714029
47772146
74360507
85383653
197164
62889914
26666549
50896579
50896581
38120026
42279696
90659986
33561467
20310226
62100138
70428512
51344930
49979588
26273013
7277744
3144674
91063587
84488244
558549
38747808
54474264
40778767
55857055
2440701
74322442
57629400
68495370
64818919
3557506
45051827
20245928
86680750
68027489
12538162
39788274
16010356
61368391
58168494
1924490
4800563
7136873
7358829
82179813
69496184
19188480
47405861
77893138
13742426
12521400
87213442
24593123
42169198
29203235
73492883
18163762
79328142
9086116
48969958
42528130
42426202
54521334
82043518
77530836
6905739
19152657
13757939
76462146
49774167
2936061
37803904
63027593
59944815
75408283
22172159
31539932
35282248
31878394
28136217
15922185
62367738
47002614
63080168
45939134
11783245
53685468
91432270
25287020
23476973
38763726
93694096
30923201
66960989
85196173
74721360
46734734
93866559
59926599
53183358
39662067
46030059
35637936
79063537
36896179
71067518
80248719
56279402
6640224
26321570
20471783
42490342
28313479
35325909
4697314
8911751
61103300
74874840
91963754
42104536
4330063
35953181
93089163
75344297
3742503
41057708
84556362
31372271
39977693
215469
61599796
22070831
54239663
85477072
58320547
72388345
67101966
88300965
68572693
54091996
50934106
5959673
69478362
52037891
62927427
18437645
88184218
45169174
75276818
82782839
71696979
24427890
77738946
52354774
57541798
17042838
75193454
26615804
19704042
57984258
3766736
30447378
24948910
39008940
36537359
7755464
65616909
44316032
69333964
46655311
22753238
75227393
14263681
53377348
28118018
92327476
48948646
34488533
31849455
72404957
80887690
94604790
88243261
321963
49876996
92296055
93522217
51781003
52602313
77699044
10129283
48582054
81245614
58664811
51147423
47223847
56107360
16006650
29943500
37667684
83877066
92216387
94143497
17124682
12075636
94361466
37720551
13652484
74945780
16561186
94546283
17044234
26496197
91530095
3960869
65116558
23379211
25164592
32182060
35933886
82054261
51477080
82513835
91812712
64334337
1605168
14299872
60041855
47091553
83796872
76515601
75928576
71696949
11300457
10363795
38916156
62883891
49613768
91775260
20993241
45285238
80856786
82499108
41797555
50444648
20477674
32503378
87880384
67271998
79606633
17972307
71757953
80710978
62817408
35065506
2959382
58573211
8957054
13243257
28681534
40538391
91257884
3548807
46673147
27946442
16792154
38200005
11069641
57662510
78569405
80980296
33692992
60750522
19726163
14987330
85914695
2301309
6586477
85483072
46989245
5698973
7388923
50289778
65965008
91866133
37172263
14141095
18152466
51964534
37040895
