75435509
39235138
11584067
8757716
56362045
71285495
84264139
25532476
53838829
14780196
89458567
43212120
17888812
88274135
17176910
88967935
63368274
2682033
5342785
66568628
41215579
57350670
81216274
90801165
13107003
40552123
94505928
45234880
22924542
69452674
23932606
56461116
20548313
89019547
22709290
31821622
74089715
7836348
10698710
7270031
55240206
34990474
40620670
1734612
49539423
45445022
49428856
85071598
88388300
21995338
24292881
29046450
9448083
94537414
87868771
42002694
20663858
27878623
85345214
47838487
71438185
57637974
27581177
37336985
86748737
57724745
39415371
9214453
61060011
89907261
40579652
63830275
22855364
8615169
4274762
31491759
45143385
61696645
88611930
43951299
25567108
88842121
6435305
73046232
31378326
29719926
56471408
40820661
4048070
37030580
6730050
41534752
70716748
8724136
8724137
73526771
22438859
1307861
77717240
4526840
80234253
68066089
67488433
45864193
24103051
76810023
93552998
13837874
42451000
82998330
4017398
20241959
45221427
37925111
30846698
24461112
60183834
46358658
83620474
50630796
87144410
69148200
51123608
1301441
41417276
40992203
81557300
39317523
17987210
41521565
18694545
49811082
4277717
78241520
5335004
61669420
12830427
41779448
35198267
28404819
55740539
2542923
42518931
8406473
25517324
75958595
67486379
50335434
46510400
59031940
74591021
17694723
73781790
36495219
2416592
39820409
24286552
1705073
11879153
44619306
82093150
73803658
83354052
24261034
73957186
29543012
93409289
90724696
5447212
87257199
50280752
93595417
32220303
6591965
474496
92225016
87755441
36146480
21616273
66408460
77047472
17288718
58736502
2922100
76086438
41949847
53410031
10384743
27840074
10441865
34008321
42870224
76050066
30371266
77081805
57403968
19749192
31410721
16680591
46914167
73742678
76314457
37905014
66673501
51712466
65026700
6143043
52332851
70607908
