30870124
48169285
34706090
35281202
7237406
19541305
68622021
20210930
35805205
80105251
4159683
85194805
7021194
2129600
41162635
41020292
55202997
1313046
76950951
52717374
80002370
7026029
82752158
93293000
82957527
59053043
29581574
91076189
90746437
39097676
28036846
52428071
30785241
33006590
71674674
72691205
28794602
78692927
32742668
60923041
3420375
60504310
31161184
21982247
31239797
21903485
90064885
21517539
19749835
64939695
17761132
25643320
48390645
42024145
73180019
18687729
41598435
80861842
36971553
79159185
71482996
53432990
58225938
39835077
55777658
66427798
75242057
32878877
26693495
18723699
73698347
1138032
23492589
46443662
44499038
84370940
24224629
16385284
13259592
49610250
16273883
39556976
71173512
81340549
89599072
23786061
7920775
37099839
76647352
59389411
29416795
92845317
701458
29434959
14413704
90032027
54936530
3585812
29644123
34735959
11783576
27399213
51432819
89858343
24537409
28422617
31245418
87260242
33686955
60428096
91292880
68632344
90013279
34947458
8878739
63072446
