14710478
48843093
75690445
16680252
54151749
22753170
32520853
58669
2240342
90757025
14749108
8193957
32364338
23190420
13073141
76398160
79900582
3972446
71927785
90779131
68929764
22887512
933363
15007846
51667675
6002280
62838932
91978702
48379450
19957625
31875287
37588925
21238087
3865303
89367739
89124488
18425265
11829697
37198165
71089173
21181642
75479185
3786691
17707421
42465778
48002603
80716955
58914839
65951530
56228689
72126572
46700454
319797
91277357
40129114
85018036
78646394
70214227
79339325
59967720
56417208
45396824
34911313
30934440
53542109
14653371
13037875
7627394
1694884
47136468
87028514
36495843
30086379
51057816
18088695
91346895
66186677
39098864
57331750
91851701
83854450
62726505
83138371
91489708
31911569
46846059
3846412
86443702
67509193
11459553
75561035
52825169
53485337
30357386
52867305
71337726
25261455
7183347
47743795
60603849
79227886
60634655
47312198
85162212
12001853
55148053
5688923
43133471
17518088
13722027
41733964
20087902
53281185
60703071
41470529
89615760
68283101
1711768
80291878
3201574
14735782
13967666
40313724
35694992
1517891
61014048
93711084
11115952
78500045
61125470
24248702
22472490
48749693
80502224
39911349
14166214
62870658
14255098
81256754
2302201
78586450
51080802
77931494
92422864
36739209
10237008
55313226
93131942
76548673
15965568
37076723
36067937
74630350
76031311
42020345
29296420
56066452
87471841
60376098
74842200
548723
12414268
76153461
34516534
86222974
55543571
12385134
21294990
76024624
62610787
41733965
74291874
27873793
27032664
83865600
87879715
