28190077
81039150
69809425
68982708
70061228
14328486
42437898
85959152
93700529
37467121
14230733
69087468
9960925
88093776
5397079
86893755
61504313
38955477
23915482
38654418
36797763
94614621
29338057
10426712
55302519
62553953
2514230
10972493
16044484
41395524
55398081
73309902
73142767
62466311
91175696
81851591
6597421
48896519
15167207
58165292
45013005
31560998
87380080
11062419
9467918
8698388
21505682
10573029
11440635
30745309
30374100
67944222
80750196
9113719
80181979
32951398
33661808
40109502
50296206
46220959
26653432
19478445
74104197
43812300
60375124
42267531
38361869
16750455
7981829
45477757
45710714
73162412
66256958
40631499
20221284
41242950
3326127
41702021
36718435
35067173
6119933
77044727
21409799
17600939
22231558
14838336
6278145
65623044
79583260
31551350
13386080
12250766
77507415
32411061
68879211
33349477
40702745
9296318
47022784
50666465
20225882
44681173
81873183
82931733
17341823
42203943
41094750
27567110
39227044
84132258
9500044
32334055
35037876
75279342
19324104
25007164
68717485
1137316
3582754
50332691
86696527
92380768
85983300
31907190
81939464
79110294
66429538
5236657
94668272
36499254
69375419
35114479
10880271
36675953
44399260
2907172
57529357
53525730
47285596
70648985
87542922
19382866
89916198
32839295
10012686
85550286
27764968
53477890
85851839
25211544
80786826
46390906
6955641
78650752
49357662
22181561
63560635
28459914
18663911
56696287
79903033
19154436
20603689
88706656
270943
81157467
49101374
83391803
90755840
75012682
60056215
11187161
64893025
92786842
59197186
90743377
32770414
1529692
77984241
55491666
19545314
23437631
34286152
34941746
23085305
44582855
76748059
1586917
72536747
79439598
87455101
5173378
55120630
18274122
38202345
37481054
24348646
81987454
37974343
57933125
10191646
22303675
49395195
6905927
48746276
84160112
58994961
16936676
60016278
20611141
15070690
15570894
62967517
91284466
43237585
10128586
82888004
46436020
48431966
6885873
58123468
35382518
69554624
8271874
75156126
89502489
52768423
34004592
57916614
29351347
84692595
78664284
55332577
4590951
8246062
89146757
55627737
63165486
82974102
3972823
65728663
35629920
82417957
40800047
62100657
1835780
12948053
39186779
34570669
20187104
52495324
57934283
69744512
20829770
91763811
55326080
54794553
42490598
44485934
35043258
6473577
20321116
90820841
10403360
86724323
54931914
84394853
13823815
92192620
86363975
52606139
55434007
93226760
14935134
