50706848
64233114
71223996
9106187
78603586
57758522
41248423
17403176
42535736
34747208
7832057
71754250
75846943
21472639
19769161
62535764
15488200
82764138
20218427
40874142
93676613
21320590
1339439
11819797
541779
91339137
62572792
93145884
9145441
81575149
23793545
46387355
84041519
55589307
78191402
90910487
82425125
84701839
66240263
37577436
6700335
13676112
26238552
41646653
83777614
77457538
871278
87459087
669394
19596821
45619672
3916790
92655678
24179280
86007066
62235749
47168009
14740035
64262045
93591178
86945889
44932219
88199973
91670458
41697698
49154059
62570844
49283197
16551813
6337516
22778124
5117067
56287914
54054193
7851619
675414
28283978
31189228
89960701
9048975
69032427
51752111
38275167
58575036
25235065
25510615
45794630
75328186
42776331
63222216
16034256
23286076
15199640
10006728
66637112
58958261
23895602
24532225
8410961
21126700
82546144
76268200
72356256
71015505
83252155
70786494
49951351
72398622
88654112
26347538
67198866
45108249
54511903
39781960
91122105
63115130
75259118
52026134
43772703
79314964
26638639
10351928
56479896
31700677
85518648
87493530
14819670
49515325
37829756
4610244
90032264
17411608
26809076
14428670
40574768
47535094
27886430
6689914
63198771
81040301
10721709
31793930
54375331
44163065
81949526
51107369
89755779
19710089
85870938
27630405
36436345
27074304
40573963
74775482
47036732
76409918
41384123
65787748
55958765
82397477
41442733
67264645
7802008
89613464
29264728
41782167
55834772
80060736
19737109
22168905
50964847
89213973
24049250
66467498
3525815
62257764
34590610
61930539
42076483
79281810
81527101
90371157
79602485
41224658
9596652
43644314
10258653
90246399
31711462
51479555
92285868
91224904
26505208
37324851
36305856
42365437
48374834
60168214
75977369
72641417
91852757
24817197
87358511
70551514
26963594
41973405
52819
61317165
72477965
75768043
83191279
67062723
21142732
9379602
16011963
78832616
72479594
17844304
79055486
30795703
34596542
53224865
50222178
87745524
12817953
45125387
10537737
90318161
12895883
76035098
91593580
30817067
63082675
72128847
36968715
5002339
86584508
79950801
77947678
3599608
56061648
67187075
56390226
55593316
88750249
39037131
7369271
60278917
21513378
19282471
11405964
6950385
86420175
30858678
30421452
61137422
19556648
89663818
58363160
59729198
63174708
5729026
85529800
93226969
48456279
39432371
81605696
59206217
8668069
38441448
1029111
18749663
89372500
9094123
26458950
94098037
11423436
52782923
19826321
29367767
7974335
5117070
33155691
79919106
82602908
74669036
40178655
55045320
40210781
82911405
64741850
71329885
94426930
60181793
1032391
75865550
88118414
18404767
17207689
22909060
61776082
93378115
6754825
26166780
7850181
60589039
13724883
91985190
57535307
69724595
61716357
45668618
67893562
83024470
90239643
76234560
73839492
67322701
20276703
42095202
51035551
19527770
51909786
35683692
73602852
12586245
23777563
29292345
59438845
12669372
50541335
93782896
77040816
41740150
25096003
41402384
6281073
67577073
55079774
50954510
63900776
61257051
795849
14485087
56453768
19166157
89171499
64023830
80124673
78891412
80864865
68221289
15791665
43063970
32827621
26855886
70741002
87468227
7984745
7136544
67405359
45482952
3105942
14973651
33252038
25422086
37516420
57356899
81046716
339873
12550675
31829983
8678517
21421288
8445006
8178319
45049224
39215230
30177710
18727208
44428191
4332426
76721058
28156827
86016752
90374584
51949896
21709345
31847926
5491943
83958724
84614314
42447597
93237894
92747103
48326308
4909494
22347726
20948354
85411277
49995158
56102485
71454081
31330179
79353441
72736395
76077672
18815641
64897078
7786642
91825720
67310958
84518996
24197588
63110734
29711042
53518619
89947486
65505637
598612
85660663
104214
22669338
65042306
55772692
44854751
76510315
85110646
65441922
19859266
19872238
62627184
9507860
16275903
92046024
38237777
90165230
20823859
4789035
55134833
85682336
62792860
75008015
14314061
79124243
57589591
14248059
84600805
84511687
88536738
52264363
81610441
73446414
5136628
35322077
22984121
32667516
52964047
58340344
1696419
6517560
69332344
7112096
26690559
70760813
16713277
28544780
30061941
35858078
4926074
20689098
78982506
34282318
81632510
93071034
79567519
47579368
85197821
60315130
24257543
55307313
77757349
61930213
64546831
89352827
45143681
53775303
57350458
19574392
12918307
20501431
30028010
51582836
72426036
59896544
50774671
50774674
15740527
61375693
18515954
43406509
42387513
2337533
11228718
41554766
52667666
50907986
62233424
77678596
66469766
52280907
74791304
2236683
8695748
49968729
69027099
86852063
53157010
34847498
33483604
48371814
6529993
26336065
88151622
31718872
28154006
44247389
61819543
52375097
336482
82274646
32159305
82550599
14112888
19872855
18585922
75110767
61669952
80204198
3788333
40185156
74101231
1953865
81102370
69086488
52425457
16174760
40254867
12742442
51758973
65586383
77271692
37049497
77017051
58540674
1901957
29564122
1912224
27140971
34413350
90269076
16098331
23514929
41396454
38249731
90059284
31756225
28452717
55972272
81735174
89669971
27500639
71078368
17445734
11372
62814914
72055656
19081426
50792697
6108512
19388865
44516499
20948337
33583445
55738458
79513967
73917202
93029468
7468671
73113977
36224585
36262425
8135837
27240753
71268783
39765963
66722374
51694669
87963340
70497180
44437399
45266351
92316112
15567302
62245281
48753429
25989876
66225612
29166014
62257736
63044201
49926462
28307233
474915
26235278
48277741
8097189
36678103
50361407
5586137
57450369
67650136
36336691
68061383
71794293
45598846
26367986
44437270
14005804
13176853
23530261
90726990
11786664
62601271
56622413
91360992
91850072
445683
33503169
81899169
4168633
1472230
62499825
41395191
60067858
52801623
62854557
28759064
64365789
53801287
24286827
86965338
33584458
39515348
4193966
49909807
53431962
84689610
71768353
60306860
13622922
66915495
7989237
52293192
62540626
73560900
50171035
69696345
58116440
45628440
12868663
85528060
16575943
47808837
68742915
75774394
38882805
58106525
21217265
81018560
43842307
7800943
1246958
53201535
94069354
26780362
57217156
69856154
80317981
40088173
28632680
18676478
85824473
43826293
83900533
62084544
86484283
35843299
85354268
43141481
43585680
2655317
40271509
84546104
23430493
66388750
14946661
88946830
64045469
37943521
25530095
85383006
21406499
28884677
59352575
22514004
84094948
74792992
15648353
69072375
88424647
21170950
81209029
22277637
65279518
6497454
10395819
49413819
8248021
4299970
59234686
10225332
46430157
858826
80376166
79604405
59319299
30759445
57398198
48682888
36374970
21244384
71858243
57119250
80945355
70615529
80160642
17926999
68482852
16216582
3684722
28107842
69654786
54054539
34547101
43977952
64312426
87018491
18743271
63947819
93049254
59027199
15218730
15968171
60666789
68238138
32608104
37463364
69169444
19198572
80087906
24917877
12580340
34821166
23328138
30695180
4327937
91639995
5288889
44720487
73853002
67889862
79861716
5849122
65849731
10545049
59991226
91265806
93765372
80441726
57648436
49884954
32907957
49166062
54430937
698409
37664452
17639720
61746920
72052481
3430147
12609880
38110585
47736906
4916686
6970240
6642211
30805571
35400327
46104420
93128560
18353422
47992790
73383196
47648973
74882904
51323109
37937418
68096953
44988738
40024140
66891887
74751907
81325112
64750979
32727708
63251714
28584038
18458194
59970563
9326835
35753490
72295714
28359551
40626668
23565432
44337131
56928331
56194852
7818006
32203780
45112186
16986427
56206852
16312696
16446641
89371915
64283471
55844161
59096662
35772622
42617809
46221791
82747447
21211979
60687487
40751980
39475841
72059118
78887254
72899277
4744788
11995510
8055649
29455680
40081486
69922152
6782422
89137914
84991972
56609052
62434378
69062449
43826268
66667690
2064745
1181632
26916175
14271319
22767312
91796402
74503750
17335080
85491910
29205867
1073709
78586383
6466348
69101371
38342703
33745942
79417090
74464263
19156953
92945192
24437736
50300126
57619390
82542782
65828437
21034436
82245050
36463156
11190469
9360738
52765987
80087392
29404986
67277679
40395459
50096297
33234097
85704914
43801963
35252882
6211429
8314388
19406577
81960714
2518696
10465888
10177770
47144505
37975123
31326922
19256926
22159139
74882769
93053506
8049020
9401292
90591452
16691633
59302276
47804127
77566190
17464491
40136700
72529189
89838926
32094643
46580857
2694773
16339848
88839869
32511234
90268609
16771726
84657633
82988673
20271053
53859917
66827561
68825823
6656162
91504232
60321111
13310403
25037885
50548236
4852303
14891172
58576656
17182623
80870027
68160077
1206179
14533678
18070972
2871420
10286410
69634204
26412716
39846011
36180937
5567089
9682658
563631
85937485
51312567
20974370
13003561
74939854
66733693
57040288
46207958
90398121
20390932
19663717
69455276
5910750
59415664
6060964
77810658
53833762
62122070
60809345
63015915
74748731
37618262
29626697
50429006
71243977
36234225
68562160
88114989
12270355
61308283
10556332
68873763
4974870
40940092
93766231
36299541
9390593
12370386
88705265
84265236
59474009
81493227
77896222
73828663
25969766
58083991
77630596
24947921
83035373
23325622
88154483
32712884
92553274
5264016
25546506
64954322
80976970
47274895
74023003
88369426
15870680
65770141
53333642
86011604
76266989
27511640
71745819
92501392
33828700
19370743
42327208
17187328
90958906
15789685
6140051
83939062
83239738
43263024
90868332
90434206
14745383
67657257
31306783
84896977
21399282
33003361
3141827
39072094
10433980
93958433
26882829
91108897
76441950
23405358
52483199
23623543
14079797
21393942
31669381
54030159
40328983
28723770
87941845
27727255
33319794
57262378
38341465
85531826
82332677
67762811
62800576
85595030
26116117
22959253
11672290
77061059
77331204
24151082
20701219
24748841
61680756
84349290
74387321
71368977
6809157
13745640
53360194
76027752
66085923
14014037
79021969
35267418
667451
64521569
66273941
4339303
90366895
75448828
85852195
32085807
26558433
83748738
58187956
82417396
72411078
27506203
7924329
53616403
61308381
27648358
56417536
30093356
12133718
66071837
43470492
48831350
31173693
60939508
39527293
22616870
69520326
48403205
87374870
83177749
49052944
13562545
31690347
78568861
10530064
3290640
67500808
81725088
55189015
80944028
78332575
62469384
31151326
82242431
85394107
58446396
91570222
73665129
77343122
34661791
28891990
36637030
51122798
92416346
7903301
53557618
18255639
86020783
31033996
55731380
37326971
31760238
938478
13088621
20070186
2612006
19349613
89206386
69104201
36053040
76826501
52243459
19805755
79280063
79467970
1466707
54131342
40106067
52007273
28681752
27412608
55523405
81182455
61713117
15303187
42356855
39009050
58462654
92110037
45346872
23949969
13176341
67541218
37420383
49555243
9437937
44469322
5818617
25608945
87771964
64100602
14381978
80260267
17039721
33208171
52597958
94470477
28321612
5957900
55694310
33188592
51826354
84446610
37504784
93280147
21668270
93094081
56483572
45376912
83204718
13146878
83128473
51055664
28272961
84242659
65096460
53102154
70507942
22328583
81143239
38252316
23710360
73218186
68640338
79101332
8263800
3831933
48907205
40130730
1977572
91390386
39048072
34075864
88350258
93275433
15877145
44978433
26159585
66312025
83792713
85714035
35251354
42733217
21989443
81283103
43482251
84896226
73627363
38276698
64084211
73956724
12835340
34956671
20655154
73357050
8453960
29915985
81094216
30717732
9801825
66816565
48782916
39724825
69135463
62046531
73171105
43474363
81390613
61459059
44795312
37848496
34996653
54363780
26752605
11672355
2342890
73015744
16002689
85669371
7222153
71673253
4545074
43195782
82881802
91403472
1837835
1857243
64470510
23646240
33027807
13672692
43637880
25581295
69554275
92030943
82162028
36735930
66142065
30646807
10490374
54340064
38366589
77087234
49646191
7839358
14966253
13390324
12547658
87466669
85020969
83750600
52643793
52773846
72890490
9931539
54029701
16061759
66052224
14340262
72551980
82633876
52638
3832137
23957222
36054267
29342791
72081001
22197463
90179088
92515352
27198306
42579943
26050427
50948046
64575798
430765
9282923
35283104
23565336
23479256
6710045
76872324
65311186
41997152
52414510
93948696
29771352
91639998
71698809
62185289
92099163
42277847
23500482
86815465
43541186
37457341
27060181
81310547
51297051
36407045
89477090
89480630
76336788
88721148
14467982
69083827
6938205
6100745
41535205
6795068
62102584
59727857
12450820
78141504
1184491
8002080
42085169
53020065
19612318
45346667
67320719
18383350
33895521
23375263
56037464
6395536
44229755
29740174
57262643
82970754
83198934
27637873
47321646
71396515
39420478
1033259
20356681
54375020
60341796
58613711
67411582
57684696
17057834
2253627
53068607
52757503
28642537
43366317
78881225
71639371
22797656
24083151
69391634
47465182
42409010
71705605
90982737
30576859
26128162
52527997
29414925
13299585
6664056
13013305
9386240
31606601
90834294
78492951
65418200
28794061
12135364
59173697
29548587
27352018
82024341
60933470
93501635
67498479
38072464
57174664
79811981
74537083
85652094
35805134
90225588
33209022
63811724
15297825
66045762
33217912
72610021
93115409
19070246
80311492
21890170
2334569
4570765
27117024
49847149
55584138
42708697
51362176
77744938
80114973
48273820
47223385
22944912
25394565
70553037
15167539
78187241
74835167
45993884
24662666
46508637
79450475
26477796
14122436
67000749
22558728
29888087
85425982
26345250
28222357
16904051
282040
10372530
34131825
49169152
66359460
28503920
3712341
81961215
72338317
77290455
22642208
30629431
43250559
64392346
31474102
90529484
21263575
68635463
19831659
82281006
88505930
11692973
55920301
29862225
37436589
24957780
79114831
34766863
46035680
26844779
77560437
42181362
37633023
39402055
58225407
61606695
782379
61831068
70523870
81213298
39107284
27864435
6369317
50928858
84215075
57671147
32676525
72144675
89461897
52625309
375622
71473714
14457583
78882872
48170608
2903034
59338285
5248850
51307401
44229228
48411715
17156816
52512735
86910404
24426902
32069612
12456157
24762249
70523857
61471632
54295983
91141006
15390276
82441545
5706293
30093074
12422374
33224052
44099247
83738097
60326818
55779964
47068343
5180430
93943857
85977644
62402352
57705859
21121712
43204118
43553037
57372778
42473217
92191429
30097963
67746892
67451819
62027013
55726132
7293866
1728707
21003973
21270947
327649
39460867
70003699
34217417
82225820
4869269
57626713
7773716
20894600
63035007
36032866
76466577
59459695
66759166
70418510
35753224
81118928
18592375
58029662
16836903
42535912
93672406
61989872
42022195
19112269
80288756
25646104
16854419
75287822
39861784
53653556
49715276
7180133
7263499
56375326
18074419
28403367
91828789
94286265
94621295
41789744
78284644
74209002
76854424
82308425
85367243
52042437
8968161
31847877
4994812
86632895
83412024
49568074
18822351
36218529
3353662
17425141
61129750
42971790
28261384
88259038
77086032
535365
29318856
45123230
91046779
5670148
23304773
56898421
70243120
90120826
45693181
28781243
23775508
20064611
67783054
89051853
81775151
34909775
6438271
16663084
569759
44676380
81183913
67958248
20310408
10323471
69673975
73348574
24896629
48317337
32609022
63878581
12648287
87614058
64516911
49550552
25754215
20246755
89695742
15483137
88345149
31934427
74251135
45624343
66938289
86992336
34772619
69875482
86543463
5959187
60885501
64946462
64024500
20338322
31824621
37755341
36387660
17844818
46530756
55088542
61910256
91132079
27056432
56051058
84537608
30306141
72689200
1573826
26371844
76966407
91196924
38113100
91690937
69970986
13214795
37574963
59454277
93727249
73614606
12972246
13378022
48897202
2181929
38693492
90718146
23883739
71147728
71571419
77823260
80447104
15663779
25372204
26963569
27363249
28775231
38087133
5290002
40245431
33282004
964586
49402433
8868799
85258048
57989698
48345365
30960215
19822672
60567890
25094701
88177701
30003687
31633454
82495211
15096321
19551763
69824579
81376525
20861545
9308881
28799643
56469312
76963505
15658605
48564440
75926149
29476237
74688659
40285144
44246176
64837979
14006778
75190788
56147366
60262507
49493825
78569017
62230313
44356731
5061612
17204496
45208499
59912364
19396478
6916268
7791700
87421666
40624822
61701224
27962260
88146331
79555190
67929568
73635086
57366470
92912412
61813928
84262107
57523676
64143533
5515906
94424791
69692087
24841866
43965663
42364401
19096394
79336778
79614951
47165370
71977591
36062604
38300946
13364874
45607375
14298561
21454044
15673206
38660014
18650928
3592574
63749904
81641387
83699792
9623961
27636232
57176707
46161047
20130224
57338691
58733511
79316975
40561148
24722921
23333202
74661132
27547659
8246033
94315834
91380905
38252230
25278851
73795662
80678753
13465277
60169697
43808810
89482482
57259251
13552985
34776859
6641082
75989628
36846755
43885802
53373956
31779866
56549202
50233585
24148951
81810219
27012571
20969136
71806568
52126452
5617702
48054028
40594776
61974780
37508754
75028543
75763818
89470776
9257554
37479139
2073852
84342853
73041752
37908152
21333989
68012158
57148609
7895472
76870787
83231328
5492147
85433718
23615656
32520630
23862185
35061500
51766984
50793224
12753885
22974992
7662226
16012788
25725236
46716908
20858715
15682046
26526702
65510823
72184
26003987
11944725
93287619
35603888
90725194
80244529
83488814
80247932
62036162
16054531
67799936
18945204
4187414
74607998
44810295
64419502
28665902
21691154
8219061
8306255
52367757
17645720
58457438
20071884
25311096
60906616
25384710
90782712
73968649
17186994
51194071
65093290
4834197
30764478
9605963
35074367
9749269
88449722
46516065
38867389
68363123
16694987
46778745
35625420
94032585
9865321
75754221
13198553
68650932
39497010
15875361
27836506
63557987
44017839
45104904
4969664
81684223
9416163
22378238
42636446
9228620
25267324
53404492
77576060
65374113
36779108
37061305
78779740
31296358
44003735
35325244
88570523
45531668
79807392
44892769
35936198
81462084
2898113
92742115
62540888
59295125
38502783
88676921
67125333
76744772
74733011
47847083
46927745
836099
53498330
21765566
17963923
29058030
82209893
15825957
24649488
58918253
62756186
2581402
49274539
22925906
35588358
88399194
46537083
84602636
28471836
29851785
80817624
8474999
7325154
29323200
2557654
86925838
85836237
27901324
76114715
87749645
35596636
68626854
72430141
75105251
30515023
66386417
10898917
83958453
21907308
50527725
17380353
1024296
23344516
69997968
45112144
63747499
75016484
77375315
41223890
28354532
20159730
40732859
88856514
90802834
4659645
51210321
31638398
14826514
2112148
86271794
72512879
6470966
43359243
13842970
22367704
39420692
22618279
55457926
59876139
85266409
48516
31477934
49208878
45919127
34171825
29867991
83255186
50204814
42437608
17106089
58921844
46136968
25772433
31051841
50267624
69435049
57401331
55334411
56000305
40024080
61626234
73176735
55593085
1085403
45563175
91935611
27693883
78775206
24975146
13226987
4936596
415338
86666650
46244929
85969924
87255467
2962145
32989246
31316180
81120467
71779381
40753773
73628656
49042349
44659864
64980374
22395341
43398497
37134127
93055033
49524693
66980145
4481306
18168579
1550620
77755877
76179476
48075424
11848399
45054548
52884355
19596945
77597390
4773324
4169604
44283928
92248410
16659381
57907317
8881196
48374466
39652984
24745528
51381444
45918232
69767190
51701261
40373759
41751606
65589135
68566102
44125869
12473083
45047306
71116194
49601264
53334833
66385403
47792186
80896011
38489065
2108265
42858192
12766876
69403650
42047938
52674948
25754311
28600962
47377375
49090905
3681369
88995411
57311657
39679311
40272220
47366672
29279378
69790651
48203309
13272562
76108226
12904447
88340052
15441614
60403251
6209756
47621856
87907005
27248186
83753207
91104727
2929525
32980165
40297930
54241733
34480492
47787489
22886945
83944501
30576748
91755313
217705
40224243
30192710
18601215
64371683
75211361
10074665
20121153
92372386
92285114
90240761
62607396
70054415
24167174
41151273
91914213
3254234
69332546
77115582
22926933
68855145
19878926
58028813
69258207
47570599
33957448
29444211
75864358
17030004
40929238
76611515
92180917
44006496
75793510
18765979
88826920
28139019
84359370
32582909
63126249
78376839
43259210
12959590
8049839
78834624
89118358
56598390
12780319
24893708
26992822
20401357
33632911
37092209
72857932
17228824
29587404
90550198
92251990
28455043
47352239
71658734
29957898
58461059
63934749
65749741
65613684
77998943
10555620
41807090
85411887
74390788
29758025
91366942
51653370
81817568
11711604
6293233
71383852
51995963
427073
56564140
75557966
83883364
53811978
80583574
93561007
61432652
34638004
81589637
19110993
45569648
61002746
27593804
29485075
9194029
17391516
68243033
31197501
45494892
13600790
56986005
60412969
15954558
91094855
54747580
41853003
36233884
78248452
65366697
22133710
36544180
48455257
92728880
31960928
18055291
82403962
68950072
86294595
40787912
21512250
44932120
64667398
80178483
53292340
93919078
84681052
59771513
89558593
73172654
2916032
52102104
8868028
39344682
63234862
71862519
18111345
58873726
74734699
85426510
44455867
38574239
4513863
23846197
2956755
38133970
32009547
35942065
37407807
85609387
21864101
34844518
52021657
4619058
69289398
45819883
7450363
36538140
34307882
41300779
71849371
64925572
8153778
89649570
1124564
55306113
58747706
938282
33733419
83730693
12918198
38593183
58021835
54660790
5651282
59887381
71731142
71435997
32340392
14712652
54764269
85246682
48066616
76766759
90436743
10795815
88629694
86828633
86989431
55359521
68069595
38134528
31854153
31133322
12381045
19996435
33616683
38147983
84553
240016
23256209
36008219
91338733
21820480
28696648
5356599
70292228
79310755
26816110
2611739
26518875
27309570
4260729
31095043
58708186
71887529
68124652
81558819
65534368
43813344
77293506
32003757
17886038
42778659
76645843
6569237
76557264
28592210
91254250
31717376
32116916
16424004
53308753
55079344
74853655
86461571
79392506
92759997
19956165
52613002
42307776
28499617
26978538
83159555
28779349
57598997
32071382
41699896
30895169
35046210
77673389
5125685
79083611
74445404
40268208
66391599
75586125
23100062
61155665
55117876
85933645
87695636
41162001
68495428
75563135
73078610
82747409
35928176
88350502
4870518
82612816
15617186
29319999
71723360
87719842
46641145
76088597
71396027
57440899
40814027
62375770
89242707
53873373
13765003
26536207
443019
51186862
6100541
11372901
59640276
39379977
92984381
2843525
85315584
57208658
3649946
50652352
37898648
87145499
270605
33060963
4948884
52437137
19018584
56695365
87163246
90943361
56106008
45315857
75122099
80533920
41273254
71285899
2406518
15541802
28462874
43361539
61949873
11217832
24380426
10951767
53216728
26857011
86513837
39617258
613126
32884032
29331715
93766165
14861069
80975662
69135186
90049002
45181868
66077303
40690604
63234312
78718695
30077942
3898966
73457952
55370108
45823729
15776318
88517596
28710421
77970938
85550839
52009296
57571319
68838796
34170081
62130424
3935913
89361299
40813102
63233472
51662204
