7003478
55815158
27173829
1982777
79987373
46254763
32929510
80826674
56271183
33360541
55195490
23888250
19457060
63511838
73471061
78131461
67490427
4224853
18715410
71539473
41670600
78780897
34011843
16541065
8139675
39748072
63315955
7244996
38448751
15194242
61385863
16512869
11133514
86362271
35612480
92019710
91478195
21116845
54084243
82133064
24395084
81661110
50355478
56232426
58117095
38597402
91413599
244236
5594897
76132108
70878722
75385265
20661864
41852796
13239813
42101141
86901748
18944005
22656204
48457757
72407915
3470379
4015569
44110964
34578369
66550011
55097326
31953257
62920421
13524760
92212710
16494602
86843356
2956435
85261307
5615077
74394127
26870378
33002658
11218825
91330677
26567522
32252815
20024828
23809840
57079705
83726489
21910057
89083898
72096858
42061588
66260718
75121856
49300337
52389759
27429759
47816840
15822688
7750879
8320690
3907836
23537050
13887938
49990819
75067853
33213734
59053954
16309975
25757448
89783660
1590303
10554309
4634772
74776579
49551253
17055893
69791984
35982578
17198159
65070252
4551755
64772646
64233018
18355173
31564313
17637463
89472635
946981
92827562
80106542
39400483
9569366
59468446
58982191
54262895
45206080
23471722
47237090
50349419
44780381
31659780
43958803
75698750
32795062
77561630
422264
704663
29803138
44018857
43153178
8556022
55530514
58364430
22747709
28143919
38847352
90696733
72853606
32684981
86191832
49743841
9913744
54383796
79450926
14644332
65684877
15405553
92170261
45917799
18078218
46479236
25105309
39491879
13447579
70039182
55041167
67720745
57150099
77431374
36463931
42496271
27989408
10377143
53885912
24643504
70372894
1379722
75411383
45825195
84808302
69962553
38491347
87295289
35974905
89083339
26868348
12298502
37198198
37996450
50430633
15553346
29796856
66364724
85000398
33864212
80721971
84080659
36619656
53150940
58365979
44767223
73857938
85081102
59830552
6357050
92485570
60395833
48475040
5314378
66255825
17281052
30701694
16394086
1522389
72080653
56086381
7784286
72496532
89656445
24000741
17538262
92201241
87833636
40959397
57061327
39755870
20794033
80640569
5181845
46200363
56216867
9037493
40403806
82699456
52554621
60621475
19995061
26741120
32808925
81158844
52717170
82361254
16117992
10039694
10013795
35673184
83124683
66565937
78462556
19337705
38377024
67976646
39981723
48773624
19099683
84128792
32626384
58472627
72717868
23800366
32112372
79301853
27296977
16095547
2208554
59070436
19779564
53578386
37055877
31471163
19062145
49852781
47734795
5784436
1013578
87464255
42592804
23776278
52425137
64364225
37789327
76543542
69911584
87475423
84610468
7412164
53141605
70351776
7600159
42854856
3692958
89906492
21145798
65433671
67691200
87864108
53537393
40265827
89629096
41935477
19315372
81785739
67058800
43619900
89882575
22158452
13718777
65495883
13898165
32590665
30999425
11266812
24675498
53834036
8090916
33003932
28079129
34898731
87231373
2444774
6781924
41955687
29793055
76587599
81556035
15156542
44216710
18090940
64670374
68945642
61659914
78220791
17866221
40091834
15121476
80033644
4811903
30349458
64408157
61767033
55098381
664013
61986836
92214129
44985267
27688571
13913239
6611741
52956114
20447290
35455124
30194035
39846743
65534329
56711151
65221884
68427273
35287462
12627369
32295891
43154687
73581817
13515051
57117970
56670291
12496665
19662822
33075090
66605932
86687043
66967939
2186561
5570586
24234137
41317220
5473332
51368107
58022312
29713745
69786401
84655397
9995019
3543939
68920353
55895526
29807004
42474216
2425960
52334680
74510037
1097255
53664964
57242231
65694429
79867163
21646039
85279825
32400799
38373147
77562336
41718116
24877118
35130291
90109148
31967972
1712067
60316669
70424579
33938168
70314828
22784442
72681021
4196540
60632219
87749731
47827484
15975306
11786502
92855486
51972079
20697641
68226989
53508671
92260516
41588706
3878140
75417241
33031952
88492722
89206019
84599903
68584152
42902034
21654392
87605155
51859580
24699282
41588650
52683765
10755898
44884459
60080366
60162745
21497583
85688629
73855422
28852610
92973099
3238650
58561644
32658355
21000918
34013207
11550825
51698219
62063349
36234291
68190730
58498484
72557319
60542644
957470
54692290
72649912
42745781
91400521
87811989
2807743
13265879
89965068
19864253
18034534
1511986
36658019
35433049
26538215
2823811
88114232
8042905
28075410
41711592
87450961
14796965
73192184
55313184
12255317
62244655
49266058
7259372
22276275
19632690
2902546
20879389
28597691
26140655
60797303
38373438
388877
15876573
91061188
61081428
42379643
21370996
54677203
80228466
30998227
17584571
58188831
10073605
89166505
25663114
29979515
78568908
11786997
22856928
11529573
61139866
76974623
62451697
67262757
9547803
66218275
42044797
30567956
38816190
5576803
90443164
87469383
33085010
19783161
86175619
4887329
60230363
16058977
70118312
75253150
79932952
41242562
3623261
25276827
15772768
37179790
62070288
15851086
43142344
66323429
47917931
2074919
7847125
41292742
65780341
85813724
48139489
293543
52190795
34578376
36599291
57036757
2937500
57022715
11057092
59341179
81911354
15086136
2286480
25457598
55397098
9588679
42802688
29297653
18877755
72527604
27449183
64394932
48071357
92736540
77909253
69119481
46305368
25381312
71228512
64054496
29377939
35423135
4936206
15779172
54665312
66752026
87616537
43695715
41936095
24883807
36085743
3772223
13629319
74235987
82654415
22096878
34230137
73434812
47135882
36627045
19695837
63764426
88619913
39538424
91394647
2341438
44059917
39557960
31827434
70547982
89446078
50214845
15383592
12696613
59973510
65955429
19415653
81862192
32999361
48505675
47287720
48399102
69123896
65012026
78027822
51752967
68346432
39325337
70076225
54518364
33851035
60450546
60772864
70708598
54973045
84274890
68092828
68092831
22300252
48370988
55889967
90197004
47574858
17435428
79779662
24962501
28288655
69130167
31061843
91669036
73998586
64436409
72648229
77733568
78401158
39862885
63720976
23671105
28226375
90567095
48264836
40714526
6781242
87566770
38405343
69291519
24828136
82655601
64858849
92651511
82771116
85554256
68265922
58523817
58873268
41873071
938582
29358693
65000285
15214403
7907933
29829933
5908327
87251345
31307457
35861975
6944895
16962852
83940757
34955080
72934796
35938661
20879915
23007291
49531560
35053587
32297495
63406279
30037980
27816791
27641964
31806730
12498445
5436046
21336315
