26364470
3231030
26022104
11854833
34053887
585180
48085684
54578776
47776870
63770129
59970226
24914651
82376861
77724006
85990190
83850437
85539444
53396972
44729593
61790860
25302637
92368894
13608676
85376761
59089345
25389088
30583747
32987446
1835885
798279
36248109
42538660
56755046
45920920
43341477
55010423
91528945
65054601
27235019
20110772
7425107
33939594
4754657
11013980
5502727
92504388
25889046
82788549
6973314
47522513
84833546
82343557
4720561
33091575
18960864
13795710
22004797
61028318
83116140
8815670
15175251
13146850
6444498
58169648
20362729
65512488
94024837
27508688
70609126
43371146
45591320
62790922
51117785
26129459
1963717
73669150
42809603
12576965
79055167
81565498
57804910
68662047
40597619
24572487
17263224
79604768
6470200
1945800
40848037
53484747
12215822
73297016
63302159
62731814
7454790
88119968
94550142
76138809
39888860
