15574278
8551180
35304521
15162683
28793259
20149801
61426055
190228
13747625
123402
93400763
7483232
46326443
76297449
61918909
40021810
40021812
55470384
64307499
80846054
94364891
45288160
17241848
27025297
77856597
64982142
80397171
36677730
27538822
9594682
62425892
59374103
14210159
31155076
68044920
55411113
68032011
70351423
42826445
79274253
74917030
62717549
589237
69622323
36964183
81489078
17785114
49429666
28940778
81425303
62290055
8010304
88758238
65567543
80719456
47612691
81102606
86666498
