87959231
19292887
81824190
58316302
8851485
67207772
44408665
56137065
1167744
82883143
79744958
55025448
8297675
18118883
43290241
64257976
3604317
73049499
86073519
42895856
33359601
62520300
5276633
63252055
49210457
77047299
18668762
14320157
217599
91689557
35983530
89229798
55678872
3151582
14782098
80145854
16264215
18029839
64819992
46584010
18738137
52775292
40186746
34350955
1208528
67349913
80408839
60434436
67693475
16488387
20966796
26172922
91370239
49781800
33304256
42695182
82514948
24041984
69991552
45316595
82752967
70840376
42804486
34746995
90131466
84543828
9914198
67360552
15411113
74986742
63497830
32694239
70628964
12138018
32912962
48559593
43749555
18416186
32931512
27810991
21429581
13871190
16693392
56926097
38865510
92408112
15030485
4742004
83936532
51259902
31490663
13274333
51341171
13266269
50157577
77447211
87735239
50490054
6837960
41816543
8362922
87800783
16630305
72738771
29368912
4034223
70600185
1557924
86640886
11356654
72835143
21377555
2588057
40912609
15634108
31049006
65056657
36882568
17186205
85784926
65706844
85749497
57507562
86703299
64952057
23836134
9530188
1077756
75314939
37739404
61869667
44582916
29666730
16015595
28671008
24742015
19662455
43561626
42088118
67205330
21500356
51095122
48348388
73516150
2995001
86524442
54285856
31504422
84582761
71598911
80451117
58851010
89339545
63572151
66034912
33778795
15999745
2818210
5319386
49742571
14340609
62841847
55945755
9004501
61468951
20404149
85701586
22028680
74192175
47328319
12115634
2290515
84954165
55781874
62521414
40549565
54345203
11498796
54236492
73857898
52127831
19135064
25499345
66189329
58917077
45542221
33087475
2922835
52498253
45890074
4409635
70989279
69870713
392347
1379490
87971167
32243271
28183083
35052116
70783784
69847287
29768734
57582312
27619845
59422308
44033766
808668
21472768
21766317
89251008
33288031
18591067
75177825
32081259
76908866
75616123
12621845
91545784
34953634
15985957
18897719
15609045
27299424
68723984
28180026
6003814
76434192
92058208
84884847
16430509
65021504
14118885
74193573
74736398
60563984
24603369
80778560
18473302
26420463
22536960
24187672
91370244
1026722
79764807
32944951
38973651
60866630
59080873
16215696
26537665
38927525
10509289
50793034
13515409
91726149
28360168
53587818
56537736
16355876
5556402
11218662
52596081
50804623
45141816
64618759
47822684
42062750
17490538
66243299
868190
15822776
40776226
2154483
68260028
4609373
7407521
7334322
25788436
13330551
83515784
30721757
60706368
41352816
33939194
53505214
48850002
47545623
65410965
90380847
23201706
159396
38525009
74767799
