3956132
22331602
14908259
44985591
68599510
86072397
15740090
91483108
91990317
43164513
23101285
13645076
50660544
44677990
91045966
42838071
58049456
23369219
85120466
9915226
89405495
26968243
27133594
32771528
34279567
19354605
39578054
12959365
55124746
86142555
72816967
47588363
7770885
46481267
70929500
70275315
48721609
74234318
91662795
64425266
8001094
73134672
45619330
52583975
55000150
53247204
82484794
77466869
17302290
59795815
2626768
77430183
20666526
29667740
53355280
25145226
89986202
89512901
40019566
87260929
10631054
29050963
84099613
60024505
49494813
64051086
18229757
15154334
44811453
48621788
13762415
21119112
62397243
81693766
44099358
37082436
45041850
67882859
47448199
92788922
25213081
75262367
41172346
21597269
40634012
