30043172
67153908
58266790
92558717
90246818
20970330
81578840
86333043
3764893
25729114
57957441
86311089
10879770
66990519
47223654
26670899
3493510
81105680
1227268
63888520
55994240
19210064
40719449
9396799
87746630
34853980
12192035
43064551
72358717
76756842
49062166
25998525
66839090
42663480
78681525
81444233
81677588
25415865
36661207
93753677
76919442
84262489
39657337
81467500
72815305
54306371
2366654
22518094
81215073
54173297
79102806
25018386
87460964
65827575
44316591
83769309
12153366
89596483
82679165
53928884
8321134
8130142
80900119
17351621
6223753
17499607
28697797
51257842
19087842
32891428
83371735
13875732
70943407
19574732
64564617
38995396
3646393
6339297
20199383
45853027
93853342
48961563
49082074
61241521
