71322737
30479688
33179791
3054115
6867179
62441288
27527067
6558962
13958395
61459930
50010847
57265548
7454685
16298554
94629472
44557439
75113389
31911334
3816257
57154888
9730432
40888180
55822740
85339258
39364163
25509380
38200490
474418
87494978
36227703
20449273
67471956
65714792
60965808
80589506
52798655
2436149
68772949
66011412
1425899
80515003
20289289
41210921
43631227
92777226
67885771
80009897
29467724
77363613
19915030
38783370
70339801
54274673
27810328
690771
31028616
78391002
15149490
58021701
3388412
37981017
20938491
54108291
78935723
44014285
49091863
50130459
88564260
57366380
80634597
47641339
60197686
82325365
68073076
65745419
10904970
23268056
56551038
53822609
5994333
3445145
17121412
23945460
86279938
88502277
9552514
74384869
44831462
90977007
35766904
67872759
48110708
12473956
85509595
70691364
83838282
1539059
72321332
75559545
23560961
361619
25090970
45290940
54483813
2721898
2898216
49060194
67754103
93367475
6974482
83648258
9627274
70988890
69332526
89870224
18721656
88828623
45338157
88972832
47071444
79936859
12622800
62041337
87255254
32325726
25341625
76338754
64144933
4426051
32125323
44195481
83260852
52185913
19181172
56551037
61287815
4707356
5391007
46521267
89894545
64767325
5938347
10281553
81310286
59591970
52754438
85022581
36222132
82347282
26755969
61949993
10665666
80175139
58586611
86765184
60104183
65958676
81775487
38162190
55004084
2285560
67849431
20817494
86450975
46646919
59820685
37935061
51209106
4344596
25935923
38653324
63554167
89116420
27710479
21225955
50414125
26270912
69611537
69727268
25242307
45670413
27008784
17597142
35736746
34288038
76041754
7269057
74380973
18945818
43489358
47004310
77104582
38217172
19197291
32822626
44052102
73215604
87136382
74929928
58565074
29820294
36345578
69189087
47611855
4014160
82204407
36649393
42302833
36007540
92810936
14826363
67948979
26100305
91030680
55929098
85854616
17654413
