17111568
25858356
68105469
41162303
33211779
1075477
79617425
44273274
54053134
21955182
46232931
14117911
87725350
90867985
66917173
5823016
30589541
86228718
84762890
59283036
83353705
56455314
84220670
3616346
30519822
6348650
84116817
40419585
46448718
90902483
11183180
49466581
43674114
12153726
47042110
68731767
63013861
17266047
19122285
4725315
12167357
16286125
8602730
40815698
18845729
82907006
64583999
52663718
13960731
6402863
19418351
13165201
87347615
26410553
45914645
4002286
81865748
63394578
61343737
33400896
91158506
35319590
65458981
44976125
27890505
46962890
11951498
76984607
11285082
51702626
30337691
48651219
68079892
76154281
89122971
38616604
14777660
77035655
68960688
80689566
78653753
55686623
3995414
32114724
23714547
47820137
5071307
21382803
84046176
53335081
48470641
80796674
4808542
3487547
28161758
19569394
57185753
65519796
87021135
39865222
78592008
24053674
64158632
47001556
90632930
5565219
79944691
685535
87512787
66481909
73019350
13590232
42407841
45743520
58675195
90617900
89196284
1658728
76361242
16796708
84896444
413942
16089121
84406685
66517001
50053898
42038983
72018219
91182703
73699502
20749274
27704364
70749851
63198568
19639378
23531207
88372999
79375380
25095463
72033031
88459160
26451081
69134194
13393572
74676140
18829274
67578863
5434297
74030921
85017500
87237487
62509395
13884888
29780602
84139708
52194226
52294796
5399219
21225786
69668568
43952594
65078552
31652199
53217739
68257892
53137523
86790304
60501035
10672077
91877617
11126982
64737997
89471743
37297623
64263370
67431792
1643511
17434942
26420884
80676192
17591674
18482308
9708229
74744552
47480173
78930678
36663292
85520048
10552788
43867924
16353234
19423089
2680629
4461790
11650700
39067638
87127680
69317429
86620752
58401288
31377665
44962047
55879313
55170377
86161667
12989556
91270228
21873979
80077448
78054348
79071329
48654580
78244624
31908755
11970700
57122223
65138179
58198985
28364650
33664096
45704497
67398616
27677907
15160485
38937137
55652908
92640062
92463077
26180846
40350551
44930549
86655829
92078808
46970255
79941113
17775012
82411150
56528505
23223790
60062932
62894542
46980614
8428448
18274268
