45883121
67399165
66745871
43814084
74336834
79488460
39520677
76016692
45620229
33033020
43663302
80580487
4198534
46049502
46187959
8085630
15064220
88911417
84650655
73290626
53102935
70344446
64390675
65207150
34538122
87209776
27310487
37945885
2723307
47762752
663976
66554845
66755806
13310010
3977068
80943470
88839126
76261822
76427755
38917723
87356158
26215996
34946020
52601452
87849468
70690045
74304322
17849419
20865062
59772376
37660927
25416734
65904371
30603845
80349239
45455105
78424365
93022783
29326398
79757200
867983
46054548
59912253
48626074
62109863
73774441
26544270
93362757
20478023
18929374
9820309
79860147
69701807
27734439
74886623
40557669
92612328
86989176
1172493
47527319
68591180
26961722
19449535
7587426
86177232
47961369
67792082
70729431
28512678
19843123
59531684
22738460
15068283
23776668
25000432
78418842
37384310
31848671
47306687
4930604
53384552
78979930
51071110
31639695
72433772
94629620
67190210
32037904
56442044
79122735
32583540
78917320
72183632
34066898
63739116
73856745
23068300
13160214
53961380
64328942
11196045
14247400
59974205
69670976
83495035
47621452
6646479
32058973
8516475
76400035
84114899
68538751
13589768
77519333
76707215
60602638
51853853
28448253
74886731
81950039
76724448
42585131
13077244
39244798
94320395
11292126
18125538
23419460
4756648
28161416
89689958
51766183
10534982
11946253
24524447
91218609
77662684
16107876
21376960
62672400
31496685
17011621
37153084
9516669
12737117
74776387
11063726
37937207
76387654
29415534
50523723
90581024
50609889
71988746
82994943
8386314
83271039
68256192
40356940
52610338
73059349
75929562
16428195
30437128
36697648
28890546
87533749
82178284
43882917
66575642
57347101
12610400
91820494
20324887
37656235
32956609
17492500
514645
34923055
75285268
