25250136
61147460
59202899
60904672
4959057
26841599
31077366
57781374
43441958
21213097
53953308
24188839
87555388
59318773
84886618
67442816
10402422
39101398
79196236
81343018
47585826
17884474
60857723
7707344
5145710
23487206
80836723
38494682
40593200
30842875
72513434
76161394
1246634
24985863
62597775
63116494
64153831
83435083
80201578
24991200
70530896
52844057
87645516
41331362
29470461
85207320
56483944
21093250
46801567
20380086
87613050
53581163
51474794
5275497
18142415
55654081
30785378
21037059
18407589
79621830
14817464
11687003
41857618
2082826
46166592
18541074
27827087
7012675
75791142
85623597
75524027
22690987
71512261
1925648
54698518
37086527
42264854
46785603
2092145
60470132
32400878
1467302
57810590
91141376
66919350
81738170
24811889
54977234
40910683
21169173
20830749
90937118
89434045
10310824
17657777
66363302
12556819
15148504
4017486
12021451
57206242
35303253
17068981
11428296
47019456
77291058
86278332
15387212
48837551
54488648
64915007
9384152
22980994
26689134
48366778
6138077
52839757
71471102
58457877
9365912
48772342
8263139
53508612
36673421
77668323
55517996
89672210
35236056
87294336
27654124
29747443
3670930
42235281
90591261
70898542
37729198
3004753
91686963
45337406
37680719
64539149
28773970
48019641
48209387
89282369
73692517
26587533
54306037
92896225
68392008
27515941
58095611
46654239
77916511
26658033
88294118
15588065
67680185
11248147
40528558
56478603
80391891
89168796
44353628
60367403
5743849
69646878
78140809
74929232
77443167
28453580
46056412
74937916
50922627
56275188
53221472
7411489
59439796
51847174
90253998
81003379
34602371
53086761
36379454
6901710
76956879
12166276
56141363
37882859
18264738
35144386
79017806
77666306
56728095
12663729
54022329
43090852
18698826
44167449
58580478
90019507
2095431
50708713
39734627
23642633
65234204
60322946
26712471
75113942
61868771
22022591
7678938
79929576
17712159
17734484
75960786
8798051
76496208
25612989
44126105
28361340
70306981
46991145
80596178
40814731
39463842
23127971
12307302
59009481
37912183
28346985
18082568
48051467
39899381
19314272
31341483
71322054
9492712
3714311
62966657
354293
39495595
54515530
53219111
8497727
7164940
62774558
42877316
15045565
90957898
69856986
67987142
1710211
15004687
58850476
30543429
35606222
77259442
14871424
8634107
90800707
56100073
38517924
66293158
89515877
18414928
84990283
25272311
34855451
85071683
55327321
7725010
85396563
2341573
65392631
17774085
40244400
73902156
71427807
33463582
22199521
69223422
61726026
7701264
79765363
71517406
78536081
17774088
59447143
315404
68827202
79682793
37518863
64544214
40388738
8980592
75721215
42017007
80405055
85963853
65203684
81954224
13971969
14084945
22905680
56985917
81023508
87969398
51295197
36838240
36402063
22083341
77651923
62208190
61466281
9070480
81681859
71443468
10358691
55368960
16364983
30336465
7293371
88898654
32594732
6610297
7160000
40789655
39160479
35312473
82274008
90807615
29550120
30572705
50658636
36817124
77765731
31477424
34809448
53582818
82176773
84816214
31577625
91722394
55520195
67389789
20971586
30495350
27655313
66149345
46929056
12381836
72721932
71028713
29435083
31256828
62727471
42930132
61579589
38464843
2697659
37719567
57522380
88276584
33985444
15781391
36325126
10513612
4264516
58412124
35213107
24023804
66022597
56821059
60589265
61650805
51761765
32789944
24465473
23073650
33791543
83503996
60999319
48283589
14831433
59465527
91191640
66048381
78252141
45464111
24666801
36204798
38018217
43171731
63520839
38604709
22346912
82369000
64210609
26424982
59093947
55169348
10604772
10876948
87977031
13630488
69414015
87826037
26510023
90526211
54094527
62678899
62354591
72304509
27454052
86049747
33557372
1546698
11564970
25087381
41948936
35367066
17031042
47426668
77422918
36772221
76882129
91357702
38686291
43676555
45499608
21195359
68047893
77140038
40144745
83828696
35931189
74566569
39747579
3543614
26844228
33890894
74540000
91524825
65839387
31206116
56275104
42182481
52670998
49597887
52577209
83218219
28656450
10401233
20563229
22315041
38012862
46770486
89151352
89241879
30759788
33234200
68761003
49636088
69873206
71611185
84934644
76637822
56725900
36258515
36455257
85135169
56857933
50898446
72466024
46069132
10149602
44604592
25237303
35348149
2782331
12870496
71409783
32234897
26880111
82210357
51998735
16111923
60458500
1833899
53450117
90015123
53542092
42158885
18944061
67838984
43150455
13300829
80663564
67464492
22600543
33449910
76746499
47885052
69488887
69509459
78573096
50834071
3283922
78718113
13829216
54996275
62223603
17893833
76371356
15871774
55048091
14709281
86282961
14225457
28021260
32300875
83592739
67141316
68873273
39825681
20362272
47720546
76806287
91814812
18363522
19408759
18136588
23414840
81848922
67186466
29517668
86776324
45605044
22698039
65600017
26906132
562620
13919565
34693896
21876657
65968482
77826501
10521433
84055666
43611117
57440035
37646785
1130969
34357090
39499468
2001020
72078097
29934445
73364456
36138055
63409386
714993
43699847
20684891
58991862
83039538
58352426
44130668
11500057
84194936
57854075
5834209
35336494
21066315
33015537
52996722
78864698
19717810
490749
86454898
52541435
14728661
39981448
86796479
37590302
7492774
80698150
32929814
82992951
28379737
90781700
26341649
62783455
55184554
25276074
9116645
25722081
39328387
46754388
66989949
20857254
19823790
56666781
53530074
62032425
85488023
35327347
75834912
3294554
19480991
76390940
15272790
69773144
23936272
92654863
39646681
49016404
69419884
88008013
15128583
15086657
86948226
20726160
84381545
76794851
49664321
58148785
40646088
14099532
62852790
58052143
69912972
34341809
46419521
74730687
56879824
78794636
3444952
52624403
67460543
25270377
11459836
51616003
50279642
29532649
19610345
23762990
72246707
41050399
1457607
19924518
31757330
82513970
45233945
76176831
32084609
37563048
85529622
57911140
13069546
22198057
63108893
53903783
63331286
27846922
72618182
52700300
39777842
20279716
54204073
4910321
90765094
45760724
21379932
56415769
7462197
11428310
64008272
81747723
88466396
40166012
18643223
2038764
42656553
57535179
37750179
61043537
89041294
31017899
16723992
75172179
64154047
24765425
23290933
24520635
26762539
53553302
9221051
8181330
86385800
89943287
53980816
7452812
13763277
50545970
84098808
80963646
48220839
3737718
35604425
50742334
6043235
68066182
43601130
31265619
51631086
52335604
34341887
58819340
25718148
9820806
35211796
2419558
54925000
73446354
5150291
14093997
31094294
23130757
50485077
17280140
51761946
62737987
49752439
41772541
17090049
43041860
31777516
40303362
4581006
38293109
14048577
20272900
62002170
2426368
46883203
91875269
26432949
14482665
33114106
17597225
24532420
45247874
2286656
59913298
23331955
81070317
24003233
77861122
39896597
63591410
19590136
14922289
34200868
32949308
92260124
80619914
27941055
8080987
59126670
84160905
17735328
41196575
85680241
23474971
21208267
3189853
48512669
62566478
42154657
40567831
7858019
23350928
69746389
31947321
44352876
55113149
30165759
89436399
75083724
23352293
63146474
58560344
41738825
766114
91495455
57483013
73319261
84103934
4902789
84739974
35725288
70769338
43978383
5916102
82923068
84154593
59318746
64426422
37265879
45877335
33335623
75645209
17444253
87348504
52565686
24457719
24606656
36490860
4973445
19080807
58065573
7453707
55647515
865889
22692163
75888762
39290760
47923474
3691593
23720256
52243676
5770537
27666614
84570503
45142456
83357881
6235306
52976243
7568997
85876470
36393063
36681700
57051976
36099964
15802767
67968898
75285798
82025733
23883253
85633798
66718706
84443934
9810989
12253581
20519885
50905732
92863466
59868718
50056080
62666082
77636282
63615751
50775919
66149315
70649535
66217619
5093914
10103585
55944170
39665441
18980781
32498156
66013796
81456947
51479590
34207213
78822168
44912017
20430897
65561011
40147702
75685342
78136223
32695200
83114253
11259171
55226648
7823572
9496956
36216651
89585679
28265891
75024299
25203223
19528285
33186184
71545483
10029122
80366024
50103722
54441008
61522432
55213911
85306746
38902185
34059157
24496662
88245941
8655055
12201202
69062798
60803840
37672882
29550249
41349419
16662785
42037426
9221862
57613610
85634187
15047881
32138542
52733351
93033161
56882214
47671127
74781252
40349981
49013953
14455581
53049583
65223242
12062998
30591588
28182722
67891718
76595986
50551002
7792930
19134072
90695021
92120620
59597069
91799383
13945615
8729669
7146614
59661092
55127928
56205985
74709012
80249280
28988130
79861119
22139563
60570799
35255248
85691724
59620137
62983338
75425088
17613682
72925210
69666194
83528077
651976
62934139
51996436
77936313
10309287
72027864
18327256
61719631
20770195
25463886
46135127
8593969
82083375
24004462
83193697
70296784
76983880
87352570
23794765
619512
55238874
49490705
16197787
54431134
9738044
53576180
7610079
63784107
28058096
83308270
82679668
6584289
65182606
16751009
77403951
13423724
82267794
11571603
39862778
21735189
5129760
12394862
48880633
68475036
71050696
63288127
88241659
10622857
79448534
69173106
88502523
82048262
30546347
72150578
40406643
72210625
13336316
39978669
81589047
35668727
77820037
74678937
66491833
4615644
62839937
19637436
28118970
83195955
47937865
27491786
45297102
36790938
13994218
29550509
39495577
54460035
81538294
74303207
6416618
63859094
69008491
38047084
74882554
46855633
24287477
26619282
43701132
85123055
84407313
31294505
83341155
27235397
9673056
61469578
46753637
68559817
52454261
41656203
58722828
11102774
78751862
49906584
11127947
17979400
47305626
35376790
44546833
63105922
36822564
75278453
58855803
20889368
12467768
88392925
36454380
15028435
12231598
74975214
79579301
25152054
48799990
51083652
26984800
68083680
33316478
27308278
20655662
68798760
36230036
61228514
75242691
84665795
26128423
89607193
41980687
37750674
1333423
19354412
55582019
57453185
31130210
41935374
30700772
21339787
1004350
41164318
74413309
42762054
21453983
40472756
64345663
75698749
46963421
24761393
71543723
21852856
81157870
17742312
63765111
38773372
66782775
24139800
15916133
59916127
41925924
53211344
17905395
49826598
57236353
90863248
75358726
48828824
44345314
23861695
65923483
31184727
9590136
53644857
2148879
57917851
51986202
28018337
89776472
69080943
29443872
72189184
33792411
27417342
58143813
22691195
78682491
34619320
38401120
55086882
30416920
88926918
72308744
58044714
6519962
49967897
72112730
56279419
53447585
87871730
1685256
52591360
60949431
26783082
10256776
10727175
4664798
89659543
21524758
42537190
87559655
66237278
13074786
25750853
84995906
3322359
92406612
69090011
83915054
40946294
46363649
58392811
82548111
67761806
75344245
91409747
32183063
83748316
48843713
44534685
38128512
28458256
769968
22324444
19664582
5710037
62876203
3187890
17958677
12480206
31559215
51690307
91975415
46103433
51511444
53699478
88104830
35754402
35632704
89399125
91218903
53433192
81708212
4125307
82312788
88944546
62015542
72946796
27221849
92423565
58144736
73278372
47004810
92149359
90309398
48929921
3238152
45008262
81751642
12074428
36306482
53574090
12271650
9891645
63108761
88849853
79168171
79325656
37618608
73647770
25416210
65689944
4878230
40771739
34769027
6855342
73947197
70848884
54480108
43000112
29389021
28926298
70514117
10814030
65829454
52633776
60932985
51821459
15096917
20796858
60975887
234258
59204267
21511113
39854689
44033370
10911409
11163080
39454791
81880961
12850446
60209490
25552981
72491388
16161240
19950539
10986709
6761745
1820733
75879573
26624341
20204766
75686419
29932087
59576668
16391827
13802237
4063208
60150287
2611864
51706477
80396949
70466481
21591193
13390068
64246958
8115144
56631155
63671487
53159499
26809629
79073656
2879276
34689889
3187846
23165521
90252452
10958338
54311455
71312198
82856997
26497842
37458367
53717384
79827851
39861347
91707590
53055956
18633702
89985097
38991583
79871210
81827280
7248761
28490714
5254055
87471265
14622614
40218864
71027709
58018872
12201974
54708499
1952855
73736227
30613483
35373295
88723664
48171076
49983735
90332259
62470594
16342308
50005446
65510203
59013793
18054810
19416151
38100004
39904426
75457745
41171496
36434759
83515853
419945
12157972
23514180
7849288
91154205
17608260
79742008
18531329
34360837
25088706
80599734
77728614
56599648
76512545
44951770
81764764
18904653
20363467
25487248
71725613
58832705
974305
35116560
15551954
21342944
41315033
36941853
39699142
19925001
33796258
81650855
88321327
47003294
1504387
39824647
61427124
57265446
41499382
60008770
20469625
50944339
32996716
31532814
89104722
21278876
55137041
416361
85187623
37829696
1477349
70859914
3849638
45442395
76255878
19854697
11171690
46131734
38329096
49117814
53808336
88048227
70337457
13324293
33037007
43764989
42490835
83268686
70608713
89384999
16140821
84993577
37525921
57397977
32780418
59660278
20736327
68461687
3275925
66499208
78170110
52565849
3129538
91344245
43589806
18721039
79337010
58345042
4590853
19478687
50699505
41687687
71119035
9641320
74821064
61005263
77620856
91651046
22164775
15896103
82603367
23406056
1830640
44862381
53586372
1111354
91156989
60114351
46978823
42172275
69405344
77230036
34172315
42435003
89372932
71422624
22031407
25520027
12864913
84589004
23346943
80713412
57574064
86652723
68048567
51970617
40660496
39059859
49624031
81776002
73949736
89019343
67598504
18477357
56670903
68374447
60812829
65801376
19680443
87582297
85716145
79415233
15226555
7098504
54514258
64582622
21452556
73480247
38926336
89007532
45733624
5955931
73131444
23747893
53778465
51994380
45034465
11097265
73865115
31158781
72892184
12485092
62018201
12249349
6168088
76040736
88260892
11944644
49421828
79355909
81418014
8521714
53660130
36766519
64306914
34388160
43508094
75506241
41002238
52543319
32195941
74013598
31411522
85895460
85012541
10579213
49370506
21555717
39828739
13851697
18821448
23280
21801155
63672329
15449139
72746350
20241547
34431427
92700389
40104352
7686773
72263406
72497104
75896812
91431983
82160953
27777122
72144659
45867994
54313745
41674436
66725932
62560566
17968310
52940506
58689825
14033247
29775997
85460093
5774791
36648376
26976656
21215668
87983170
56527357
1069313
4802800
64566144
92511930
11394245
87255789
91160088
4195593
4359435
81065914
5405494
43940605
35700354
56763461
57450974
49188726
15140673
786548
22461282
72577320
18653089
44676110
26507350
18361300
57180978
30637463
70613733
56551249
54296111
60318479
78672793
21166767
1899742
92218027
61712966
53527157
53122773
8159353
87188456
56580205
86934900
37372799
59476724
44975149
32290525
33152964
52247192
23378850
58937654
25073883
70522697
4670506
41909973
85177169
46549256
75982048
13244269
80541297
45898271
68630853
18149452
44156867
90890360
85080616
21160972
40036080
1373291
8135689
88454891
68250385
11050711
50234999
92530567
19500759
59295052
77811475
23259695
54414173
67610348
55278082
63904945
2552171
68058315
88289685
30199447
69352182
69681306
86389431
14911910
21246697
21396837
52992715
47106526
32185616
66141351
1835695
78604658
91607466
8924561
59529162
54560502
68370138
40934261
77544333
22589606
27255859
32768326
38481434
89452015
39601993
5592465
39389712
46328027
61497793
7145563
86999025
62861814
86957005
64949172
69958423
11383644
71213060
17358740
51598197
55135751
38500956
54489143
61560991
50452756
17482633
77962819
45204464
50170936
64841479
63176920
86411163
40055957
35510448
83956899
47451815
43134506
7726191
80684345
13615054
22068667
47082669
60566092
45390478
12161692
39020439
85336219
58795124
19256375
38067446
86791701
32099768
37235512
26276857
11782938
89518863
85455490
91154593
50573740
86341199
29922813
3378514
80348209
29584425
38924482
46017047
85985163
11220973
79586468
21368988
23097331
44681726
3569564
50872028
81672454
64277309
69468210
77752433
91379056
15113989
29306020
62952674
3410772
85140738
45266270
20945064
73607940
78918525
12532406
91083001
36097279
68303151
87367072
405347
18692536
30394611
34173556
67858932
90381928
52731936
17782677
55321075
19103299
22667277
62803764
89480033
61406325
15363283
53982983
29843620
93027772
73808083
7462799
86521401
70748571
49387485
10742482
73313815
79855786
29529077
42400953
67245987
9658094
38832996
72429404
8448428
558994
19391303
76882652
19492055
34012804
92718645
78243212
75383409
61094294
6791810
59368619
58784805
21188551
85974303
51472747
15700139
13200586
77057860
34411036
67924582
47678756
42882235
31904308
53627917
30536288
33339719
45282012
72265137
62874347
8545960
88096862
672709
47535494
8072284
68120280
44834825
50671439
15015078
13684938
79431877
25563247
160724
8981744
10594353
21021055
46816301
21472421
85596864
53983096
19408052
92197266
22408205
31196723
54419678
24820583
83405317
494936
44065020
60089414
17934770
40403191
19393746
20115584
58733754
68857715
30911268
24454798
38731765
85330002
12647603
38123308
5206766
16984126
45483199
32244757
17470997
85014825
20197416
35265868
55305468
37246302
69388099
71105318
69456088
26175171
3942750
35855668
36563614
10850375
56658902
78772335
37940328
63429465
84666505
73647979
44909706
38647515
12357914
7648576
12238727
22311281
1823975
28381219
56999656
60948637
4721192
1695432
68711914
85977250
47848278
13858996
65709113
52957151
61928004
90949066
3430786
91660686
51807139
70452333
39423424
56367528
47951077
24964062
39955332
11574359
76446773
1087649
12254931
64248843
48915178
41622200
30492585
57698749
7035312
62084700
12589091
57443764
64368044
85590079
37428362
41783984
34633200
48610902
30573000
65531373
39504703
61504297
23651835
65227875
22444225
90383587
31115942
86295513
63260463
86273847
37412667
14439421
29566922
80041419
45185426
55297077
57098465
1464115
20287710
88588810
42172569
12383778
74128544
12742520
6004844
21665715
21716667
67189342
14612303
26961037
4751809
26762468
5894200
67434840
66022214
67463552
69270635
72872148
82301816
71507804
39044872
12434416
1516715
92984140
55176283
18645099
90553281
12887624
44292377
17917141
89927740
61873376
23419382
35782022
84283335
46561786
68574325
86238858
31976430
31046140
84451514
91508192
33818176
13003963
39053052
90610925
9528449
91362284
80731514
62873599
50229620
69922300
84296555
15458123
68683708
62112561
25567628
70634745
24414630
69084702
24569659
40607505
82999379
53788918
91192550
50151010
64259039
62779920
22145046
39121606
65126703
18717037
271958
77084092
45521573
5885627
30953373
12264526
38676819
28498861
88618166
64524971
17125010
34935664
51401822
76056002
76272236
37447417
74022948
34990301
10132099
18652951
30717635
69478977
61440402
80540731
47321291
32714331
78233190
76775670
61722903
7397187
15795041
81471333
4927611
83499291
3428137
58108673
15096022
55472654
42489016
83461316
92145305
27037561
85740306
22737618
63777653
37597917
5848362
57507511
63044983
21559920
26532763
83349818
92292655
64732271
70501894
81416790
79149249
87620403
14494436
14617939
48004772
43018541
4818464
55298562
3123105
28123740
1009513
12074135
77789428
32365460
19277170
28937388
14090883
50827232
7219429
37868427
87207576
39224445
35108970
60116604
29085065
12402508
14503640
2664549
85882121
17819049
85036542
87100969
35742570
40525156
4338934
37298851
6050020
49406991
55826153
45838803
65850481
48271307
87750751
49974897
4432933
38309197
91598132
25402774
6841067
81387982
63613216
48729633
74744664
46317827
12803577
92214667
9776292
89693199
53588339
90744947
63399287
70083165
30788239
24277832
8137520
63505389
75520687
16705738
27691233
64121176
59690559
75500691
19107533
90695670
2974207
90226110
85819373
50995036
26895887
22156135
22356145
11166081
34106429
45395108
4245799
55749530
31417623
71811246
13362763
11899970
43500038
70662920
34921938
86210246
19427238
25714328
29402992
24735051
37481483
6945101
5167507
41746003
52019695
35597176
90649787
31891393
7396515
38211741
24181546
44229111
2082366
15682090
31623651
19021725
64023221
877995
67217606
45437055
47833939
74348635
81955601
87889647
79092894
30966603
31045373
38299592
84957093
63650580
65889443
22919529
21867721
74734590
50208751
20665363
81353805
49264103
53501224
31912759
91897194
5882752
81095043
57668742
21944147
46635631
1828230
63900306
5135240
38065800
25243275
65791625
22699734
56484292
18454497
81945615
88722872
13986817
49668091
10392705
263410
42392129
34142953
62168010
24364563
57725804
47801131
92706964
19818607
50604319
78553602
33499161
40578703
14223134
91416128
39406818
21966513
79382024
71212332
4036102
84192751
87722188
8077391
17251689
30711365
91320647
17499290
16780749
28335973
11588563
11130856
79933106
7248415
82362135
4445574
12722839
41879528
26399164
1157454
28410347
73625657
56233390
26490205
39423422
69582754
67778855
39003991
14794570
49894042
29926568
63970361
1542359
48453131
23519430
16857015
11446938
59904250
11195970
20071016
3953369
82357039
78640059
30858615
39477710
16473526
88047191
30032860
32078365
33762372
22353498
37569269
36393000
81636653
80133833
47243311
21452905
91499886
41452809
81994573
82069946
85092301
1676151
71849260
74604771
9999307
55282788
62869384
63291690
10563312
28044310
51539577
88798169
6378650
29026373
79439086
25002548
78667357
49489631
24774303
42590964
22944704
25216134
69341388
17542937
65752184
67961335
74242246
67854041
60745052
9599530
93069477
16027741
56508948
78777690
9824099
47634305
92247521
29618785
46372363
4879503
86641532
75147285
84179596
73940148
65979472
58210173
90043302
86630063
60071432
77456825
37814777
7300229
47330784
49438857
65264363
84465915
818614
69072999
78485963
8341139
39639154
2001246
57065634
10272310
70475629
50756862
12857977
88634890
39535432
21655952
11801858
90493498
44084187
7659234
20648605
91052883
49681621
14898734
65246860
55881656
67633065
38569053
88630082
63889792
64070949
32604908
85549934
29995811
80013913
50197224
53887182
44143627
79835883
18517236
8624290
70536335
22344287
73485203
41140678
62796976
44867872
21741746
50801669
71001219
25531864
33755749
23457662
40744798
62363124
14553885
4859008
93024238
23344827
57289592
19470517
11107822
72590688
51279110
87014000
57603635
4495676
41054569
78013064
87309004
17772227
54470727
50082731
25587400
35941212
30113
75655022
42414277
90790797
58104264
46623688
65278494
17010347
23754811
18923834
37828383
62135040
8113402
21987599
18737523
33786092
34806916
86933120
53292071
45637208
43907333
50621802
53652073
57062688
38804809
37374309
89111119
38095863
43346433
38666622
15586053
79203695
42862814
27176686
48848558
62427840
71472086
67332482
75008014
14596894
83577961
46199580
79564532
43025722
62272692
1013575
8058933
21451273
75897186
81410872
73584285
46068449
60951705
10170538
24842351
20170055
59442666
17499494
89775059
21424734
48320554
70112057
48831781
847242
5199936
55332081
83851367
29497786
5185410
67645212
42604149
86644311
55196522
21176400
31381437
10088568
1273852
58630922
44673386
22242337
66688974
18074019
33865380
17906069
29740929
27449511
49395804
26062961
61963127
63619323
22460793
25552904
9350602
26325248
470317
89581211
5267786
67898179
86382747
18693144
81999515
87175042
47565689
63377523
45137754
63449034
92520850
41541947
72550890
32771884
1778
69246848
79589895
11545583
16653953
29317504
72161817
31336112
51389663
67486132
62698425
79619675
237389
3770105
22877079
38126391
54745946
77439437
62798258
18205805
51708050
52033929
71767161
76821403
59021324
14280351
53139497
72429906
31245492
15665531
11509418
54763649
16664144
57262163
69249811
70838190
1253394
79814606
86620169
31838781
69392095
56681341
60345520
30672787
74700876
41098537
59492853
55115487
27124075
10982082
4746346
88603692
85653881
67997711
38089584
68876571
78449656
20784525
47395607
62068158
89517210
76241672
49180349
80885705
41816021
27374271
67435305
87449182
28496480
45431929
70961289
54731548
28527515
80575745
52484816
32201228
90542423
14375746
78468834
29964105
21733585
76038558
44552065
659196
72790275
85832028
37946048
80794847
50808527
87505288
76267399
63372043
2711818
84702535
10504291
31342689
18969990
62645844
85196346
55128198
69680840
76747327
17309127
2579097
86424089
12699896
61358296
47230262
53445885
58884342
67213542
90670728
28691772
2560367
74559027
69851257
48608325
44746759
85640743
41237407
66160653
90049605
46572581
58603709
20567590
21263559
91578946
61146967
64521984
86478188
35426246
34314866
50526346
57627576
91436119
60561109
82833875
5312055
41923555
56139714
43813981
40849385
79644753
75531281
37850109
65857798
69533895
43319365
52186009
4042831
71687093
13654114
65324492
88676377
7703031
29806312
19849220
28959843
54246394
77818813
92928450
73828330
74112801
11201430
33129689
1973428
44216511
44751171
3963910
68275780
1408185
21517953
28230514
72767650
35110761
7385797
42342333
58503246
81838674
34106874
35770099
14841304
43171888
50138513
41911918
27053466
81106880
4951340
28100145
47912037
59848197
57000878
19300867
3966021
13248153
65084381
53732443
4418353
91526130
88509355
90115642
46760560
6526655
66946996
35647059
22536965
12762800
69789411
56555507
52175279
7489796
68673414
31966862
17872463
18246367
25722756
46556100
38412480
62401616
91823300
6507529
301118
85264004
54231228
37073685
48751532
59174298
82816928
66528610
46969609
5641221
43896108
79500814
73382332
43062195
24705090
33196803
63821678
41952350
83898096
59684413
9946653
13362117
15492039
73865312
31117068
54522573
19097683
37558571
54180654
69474771
68293689
6317433
86267025
78306454
85363522
16445231
61737649
89211279
6649280
19000273
52391715
56025069
82887666
55211941
5104547
3671243
24330103
6194582
30758241
77760914
24498506
83366326
84145978
68426043
83428530
30416614
34488706
84778215
25803869
51274048
70966471
36396501
53511373
8264984
23201690
4033899
90868624
556626
8628259
24744083
303500
85265380
15708492
61319162
87199668
26377353
10086821
90697874
85782210
6130137
72981165
70403986
24145916
5681970
89427243
12986945
76450657
83160248
81664541
49542232
59702
70402231
75654717
12873116
33028606
85831648
82405009
71572223
85127500
45645655
74685549
88085648
47458482
19536773
90446750
41806946
83857430
22373762
63792707
14188699
64131462
57440489
17853279
64764019
16975423
5590397
65396471
44089609
3210470
48331291
25686684
28879855
78760976
87575946
1503111
23553250
21143765
11567724
11731621
61258437
61399151
60139733
14212027
7798722
4661546
55499136
30692845
51093004
86787658
25653694
30611044
47586864
7977797
7991290
9784726
75505493
13170448
16698472
91546988
9515355
19733839
47384062
29246483
92967085
42020004
7237686
48548707
83626014
90434173
82506199
26195897
3293079
68656810
36834619
32512663
93048964
66596192
63857410
92383920
39232892
35044786
82482535
53845884
36934459
68667949
72396114
84163756
60031415
70510433
42373880
3723908
1076997
32684040
29624197
93032034
32918894
29619330
3111070
66532492
48781865
25496167
40808105
49458139
74273059
58425201
26867241
14222659
11158657
55114888
49364168
19572780
66371920
50634652
11947575
65431699
63300826
59123341
51215444
39736996
65154537
22265017
39554085
19964842
23755063
82517487
89266513
46563781
20720876
83084142
42145608
9704835
40701461
31364572
23045383
26542862
30215794
801999
78026698
84955114
9277853
42635584
34445739
89432323
66901987
61300738
53271450
65270611
74066707
69198373
62292119
28610513
25903545
76038243
83347216
40373522
35385950
90448220
20290911
38608603
13518631
6555194
4001920
9046764
4109282
48216894
88274213
15546415
62899303
81328283
43609224
14862846
38254789
65220678
54710423
41846842
90285292
32365372
83816819
55692995
7831638
67770118
49071942
43184819
4251718
85690900
42844157
22149979
55716658
55965426
83504618
48768454
11386522
25464904
67974549
41558498
66422768
36830162
85287623
20505799
52179301
40676104
67716198
34983368
7548397
75431285
16185462
32086223
32128566
82008913
37198837
12616992
68230593
50750595
61849882
44284730
20235428
30470640
36103327
84726313
33560001
7180815
90559700
40216283
26851857
64319638
29404880
27863342
88172923
43376341
20860039
74095510
41420074
71941845
80392366
64516164
84528764
63468519
48924242
70007806
17340309
34004727
46088358
12858885
52126232
82467753
81719841
34643860
88438940
63591507
91370835
11026393
20349392
60464327
8127749
47527886
68312869
33489439
63558514
36604024
12811203
37811658
87927500
14254915
4327765
11732761
15304228
21422880
24396484
30534459
15778804
69512835
11559353
33893748
91347296
6115221
1544637
18151782
21687850
42043794
37658478
54700183
15371231
77939002
91327573
54804691
38815504
465472
91902597
92098532
59273494
62186015
90546396
70572100
12908777
82792270
558838
51106047
85174500
35411634
55566383
6982420
88302932
33906378
67250276
42993194
25532927
65558742
49832397
40403682
15653286
14458149
90084689
63811200
83003839
61865972
1681966
33748704
23791928
40609585
87811052
47128286
21492798
72186034
14240968
28198424
7401199
13296125
372376
1476387
4849808
87962064
29859170
20057307
45526009
4280708
54506752
77154069
43082697
10358047
38843755
37562456
4092928
50672260
7547602
14877007
30668703
30852968
23085916
77061458
70547459
87652351
11919668
83602249
85315821
89034001
21659258
65827141
32602839
85060402
14183473
63940284
91184775
61375900
58837789
67716211
45120069
61067372
38178137
88220762
20640066
24439027
73277209
52060811
72284543
47766905
51935096
92591612
547155
39149606
78105018
66722025
16186768
19668092
86274571
46553487
78180043
6468927
13681628
14021584
92532854
39993385
50284837
7307649
46832233
52514057
78215774
46850304
55700503
33087780
5026562
85313154
55506574
36304886
91447536
23476876
51019694
29629738
26706608
68901473
93003636
16863442
5244058
70469098
52982389
28923201
35928291
27629832
22527397
16517104
61849826
75355715
50760920
78341318
41000449
59519420
63340384
86965111
45471091
67948881
69704666
365775
23779936
21242523
1653160
23792376
78684106
62491568
85770410
86048033
66858793
66045681
75718565
35185735
24111416
73202186
20506936
78902467
33214221
30596128
38179754
14718995
70226749
1444024
23677270
35687600
9836324
57494168
88665206
45312809
77353502
64575872
51943115
25357003
35914272
20113346
86616161
57454888
91240464
86477304
38419446
40033719
77167131
85994392
45203817
42067228
13393775
50136211
78604153
32275507
877484
90857617
54573903
4110596
74490372
74540823
83761772
48645826
41206411
75434002
49403469
89159207
3619623
54045131
6197400
56469579
46783809
71785614
32399729
39160060
61009398
28408287
25537039
92661912
65546868
25783927
1204046
13414583
56579649
88463531
19553486
4765007
76402272
32077463
62854700
17991393
84636299
720231
83742281
24421581
68049719
46870495
16537539
15728166
75745688
10963701
92614815
73817318
24666225
40460980
79931408
41119212
89983066
73690495
18519333
12176475
27369632
50365670
24014299
3692617
728449
86126427
18651113
41487430
40061320
49384613
11687295
83957935
24416009
49535433
57469117
35870677
43237686
51604943
80546725
62524070
45895863
82859878
72212393
76095659
32262790
16067624
78355954
25254722
47732957
34583530
79676694
18243661
83646517
50038863
31900774
48973356
82318418
6328254
16839728
34493938
42798935
21963655
30460962
57136381
45820642
12513319
80740634
70361988
52023018
17096716
26476069
57060818
52114693
23902870
38881932
22399633
67723424
49858853
76846859
27357926
52989728
37172284
79642977
54174217
26689601
40915916
61034781
87696833
90992006
71704819
35654661
69962380
6903932
47166177
74668764
76790891
33904715
2154305
77049844
7246177
22263396
91167324
30891402
2957395
83671135
36192492
83040265
22191988
19178039
69103179
77520045
44365454
6291244
73294064
21814138
57484969
89571207
56699440
20937866
67899091
55079935
63522942
90916376
21921284
2007891
43609370
72708847
44399032
43320213
51717101
60821887
11181206
83926839
17706484
18929263
28830745
46847765
56949495
80820653
90363601
18974753
32704514
73674313
60901925
8330264
76845443
25468147
84226311
57524000
92466651
77837401
42404821
26316160
1954256
65538301
50436155
52243823
70615388
23243473
24265207
59373459
52010577
40725078
80779552
64813555
45367789
66385033
90673516
19275863
78372372
50461453
5861189
30997598
78436135
14478693
6622916
29986282
37981613
41382706
80400806
35886335
4829432
30627803
4221063
75442137
11127843
55188123
54540215
60066241
86655713
5975798
52808113
23778116
17201013
53318105
74847178
69892419
48352711
30240135
57233582
2793274
74898323
3044492
78382663
68697000
20601849
29951443
13990423
23983772
49898647
43375516
89708569
35470402
9817932
6213402
50451021
49445890
54590068
61415389
42188142
66623070
77047848
48905669
5837893
26376442
83745865
40427024
12361296
54720657
33309375
8810530
71912361
32222227
57343845
84302713
17902440
38593374
86638886
63572118
29083767
80661505
363377
56731939
87778932
75384303
72675012
12213279
45140512
75915405
7920917
3222060
52834824
28051479
37868192
16586949
8794449
35413834
64856089
7750389
84961150
6960452
73483890
58960512
69197257
49539936
59888804
628416
67981055
58429043
17044887
64598961
64712883
18316236
84225711
46684564
7103229
34426127
1503225
93017083
37875596
71091873
8841181
88187426
43347133
2044567
72519951
62801724
13581057
26117538
70633478
1359170
53280919
79370614
20092273
16991067
9643884
82348424
92752902
83254343
92187688
77085728
38038205
40609011
11123357
23269840
209556
16368503
60845773
37855833
35386144
68687760
29224597
9818199
18361743
76900175
13986187
58088682
10218376
88692714
36565412
75123227
18056280
7301683
77110293
83810666
62294727
48378068
63036172
60913874
52084539
72566736
77778204
54278452
34863018
40595962
47552020
34966684
55112486
65612489
92806244
553839
29767129
26595699
5457628
17093975
45839110
3019192
46164
59238611
72112240
9025929
82538508
1144565
36577317
79163134
31542307
83588411
59341646
13841431
67999924
5281823
49412421
24950982
2978153
19234159
31196899
8586426
61018693
1833360
22709311
29743067
79806654
92363570
41719445
25141140
72447422
38097530
33638634
88956389
875852
3806469
55839938
26098222
907900
4272118
54197658
4978675
15635735
13081080
88451514
86818092
23850854
46167316
20582405
29981432
4026629
34874149
79804382
36607906
33392221
20810064
51254716
66502506
10114548
65262879
12797011
58252369
84451295
92862193
46501681
59808859
14741950
38821980
90897985
6239591
74955406
42690122
87926711
88613683
83644787
65102127
15465896
35546932
7421592
29239463
57515968
76228538
77084536
15605404
67690135
73069947
8465260
86801487
12721746
13566302
50463992
59479845
10332484
2178146
75859759
46565356
69901467
51837539
17103982
7240350
91082129
39902650
13643454
743791
55673647
78020677
60927027
2797237
76021564
55163434
61386992
25854974
3318839
28291580
50106205
67340114
13553537
61888758
21111057
92723371
27928482
43374317
9235366
37082184
90295233
57660038
38766554
68933757
27737697
86282021
26640830
86684046
80618286
43332815
26992055
29317266
69265553
26055804
51748019
41845458
42488009
60393181
39622363
10708321
71767653
38655698
80400268
44443918
51477512
85291465
70868978
62793577
27781449
2485274
9125382
5849840
22952005
9830399
41812060
78692348
57083404
39242405
76035316
13886131
14186845
89557026
8190778
44966619
18454098
40395305
17215457
60787861
6574564
82678980
93081641
36257247
91533945
83319526
10531820
87468826
30972144
9052889
7630801
39326876
53178693
6668192
35779385
82793456
51813294
64542825
68975614
78693932
30155773
53231920
65732860
43587530
2060312
10465307
57026229
4106905
38778126
15755880
26366249
83503968
7103126
47772948
92758107
10550605
68316320
50772358
2762588
46653300
74308937
2164956
60465591
60675160
47126136
59097269
51326844
66190428
28159522
65725895
58168397
87433046
10385775
90181371
53773629
41461970
83158923
7203041
86854186
4188806
19731839
30950063
4119832
65873537
84523257
72097424
68431908
69571098
64650871
41374959
71538816
61575148
2085611
58914327
79547525
31307316
7296767
59627881
35432755
85804524
72990271
63710168
69441919
48634500
50286669
47708431
73817418
50171242
55804431
9244530
38641879
66102713
16941114
18574866
24108398
47706051
90890771
14544715
22592020
33004988
17108268
30601071
65835057
76632204
28631582
41243826
38271484
49927091
68303947
50761160
17421894
9284518
52307678
11496287
60408437
57106529
16055706
12002932
72195035
84346592
25752398
67687415
79434056
58369709
55851623
9545296
68288662
1816891
70952057
71442521
67102075
23881872
68820466
70949595
74770975
28982675
92429439
4743704
4966429
33600777
35936677
33273314
58614493
67249297
47356098
56840037
34149099
77814885
11458220
9850959
61371862
68310190
88816168
844560
14987860
45500329
37643934
1153423
71178269
8403480
57083085
52271294
13904248
78799343
41497951
58966486
89175771
29490132
19903358
43285085
73363333
76672900
27777573
67254488
15804447
25169487
55351774
63088302
71894615
90190187
45564816
27172961
34393279
66785189
10505348
17054275
18821449
22834697
77525136
2877521
81170209
60665455
35562049
15909310
64207265
34718519
70942670
76266350
60180585
15301322
63599926
45854883
8075854
33995083
19042365
28322058
11748173
46881980
56712466
55304421
61958149
761498
33734020
22176328
68405292
29363871
28230607
47042713
46019243
37528437
38371203
515774
36335254
13840862
7933600
87769465
40292718
15567167
966840
32960225
5023908
35497424
2339445
9445112
74659537
57029646
21407178
67345612
86513811
70305493
82494506
44492430
46475938
40391017
92153752
47505786
31021710
28557963
7487943
47897706
5236122
5383387
7624558
4884228
30011738
28836052
25686989
57646119
6303078
33603189
54828439
22184425
54370690
75324167
62223440
18584518
82007251
74170693
51836086
3932638
48866708
45581900
40941914
50453205
34275841
12152035
46202795
71116656
52866175
63859440
71320788
45383593
45633900
72622670
88337778
40567338
31235052
27858005
26838798
71664874
2017844
15860404
53928499
60657436
47752962
18398055
8533256
35589536
57729154
46299859
27042718
69833561
69742347
64781209
8619692
72120257
45583091
1289119
54930618
19743234
48952522
70476701
64051706
6305861
8338032
62144242
21737776
58298487
2317614
32083856
32720879
46053043
35924605
65073352
31110586
76224658
39906172
20902634
67445345
42822004
54906707
457452
75537979
25960506
91660160
66821177
31592309
28334485
73627997
28870649
69177018
74691821
61796097
56741693
25721980
40755658
84444794
57115196
34051312
74205431
37543070
42648719
47775746
41478026
15136060
46818391
76873963
75755521
51572939
67005501
49025199
64307217
66268663
49797025
70445068
70903757
41671926
86627578
37112070
62212211
597059
17883321
37853840
82587903
55787292
71331900
64988559
11912159
21034274
23399790
12574447
59290353
29113265
23015623
81960325
45629250
22639031
66259047
51289883
27274630
61406098
41695345
72603172
29095826
82327036
47723169
41345396
86599658
711951
80673046
84100796
18215505
3819485
38822754
753476
16415819
41783136
45715737
87501242
81875740
83493275
46022565
32259522
45739490
27462576
6500131
6962196
87608430
71028522
60014895
81742505
90114585
16372440
89798410
51955528
31009927
79955673
34454121
69246755
69432096
18529742
17158733
63036659
20365953
25413281
38745781
92110948
69545454
64787366
41388868
52124190
26506312
13463078
16082777
27016058
4485391
62446533
52506095
67618956
48684475
85325940
23995075
5426304
37689760
78996318
50039020
61323580
14950406
44408126
64882972
39501884
59664606
10399372
7913107
8970583
37572481
34557326
79546530
28290750
72552377
26269159
40073503
13360991
11505128
79794865
15197290
54739180
5809856
69250939
12655074
53231710
88150327
13302821
20987468
38444648
30665599
24555635
56312131
9939569
51883161
38631991
37360735
37642049
89801659
75350022
73350892
39627870
9137593
80838690
7018892
58103181
17355745
48360075
73632387
27453628
2872710
32865875
61706871
18514677
55498396
11844238
33569828
44695789
28696772
88233728
42750057
54785136
4112430
27346377
29229714
45853642
49730950
49844463
38818666
19749526
71561179
12989557
854803
58089066
40798905
5336021
28323279
4396237
89627823
39873191
782770
55705365
12571751
73280032
56573443
35618766
21112949
1346485
41071722
25517607
87675575
3512615
11091897
29479224
62717866
76232136
28909410
82254027
71277929
11782857
19266271
85817497
36198065
44625333
21345122
11597492
8384358
15208560
10307530
14485467
26737497
3694671
3961459
20692985
38968808
17869948
88053827
68747937
21287850
35100914
37611467
87844493
46353754
44035660
6531233
75091506
19197062
74566567
89537721
20557200
45587604
83865731
77618950
36459767
78357716
20412900
4895223
52919520
92064243
75444393
12441340
84544012
13314476
85855225
84337289
59475708
2772600
56158806
54065175
3582746
18950463
45616743
84178256
25846206
70950183
69150346
90588024
1358363
26709902
32882927
72659604
52881743
9990129
53876213
47217364
39540914
79277931
19485781
29743804
53925502
85663817
65293709
55425799
45567375
89262074
43059772
62998618
3247982
17101360
52699098
56327615
27749707
56315629
15330372
43806835
52163954
64709267
40112236
15967873
64593242
37380958
43876880
49037017
72334668
59960364
67554761
86037535
86458925
43837701
44766329
6853212
50513415
39494876
66299443
31771861
17165679
29250563
756303
25350605
80599421
71162137
25951494
84295456
74503713
77833649
6702946
89998431
24153785
35954316
19722653
50036131
38889376
35881872
78206681
23509617
49301272
51487029
33791199
59769768
10098478
16851282
88230585
39760143
68051149
51964964
6835004
46951628
84299747
27134447
20761731
14578095
6642843
75913640
16436008
22635167
32846980
58121406
80194004
29437997
48413594
83441883
45280685
52044003
39857125
82023003
68804783
15696785
2449677
92488475
7026827
27775636
83537815
33698333
80753938
89230347
13963440
50584690
6122641
64363300
6650017
36676785
1798912
33904357
59343367
21685666
71742371
15867418
84086168
36835726
84234904
64721088
39974423
32529540
66051217
60206415
58629597
42062397
89387103
2072848
30680148
4590146
7088705
77850779
90898560
53610049
82215351
71604351
88241658
45944977
87696870
21368738
32953115
75661112
2639955
32939959
81162801
14654763
3784454
19385508
78285600
53449993
28854523
70741059
41338420
19044741
39235389
36066813
33902917
34700282
34804772
55700582
4385072
52707145
15108291
83704034
92402992
6087350
6163437
41223867
25254760
43298277
60383528
32281408
36390142
26961911
14154057
24571923
69331036
50908877
89374642
57877341
13517047
85672041
82111563
15400435
72971298
2312485
4865681
10378289
33752376
64197551
47457899
51022741
92857467
42462064
36872282
5414450
4141230
19274636
21394421
23506668
12875134
1410266
14109993
47487965
26554142
1100021
41727598
5191653
18627638
87086416
80580617
67322445
44393175
40893176
24572989
73200994
75158754
2194593
12245256
15785032
88193365
16816138
46134808
87799472
3386480
10269735
22542947
72879530
31541550
93084666
33945025
66952526
88597775
79780425
41798724
36127720
89278806
77495222
81235686
36335236
18628941
32181903
14095713
57028336
72058692
50432014
92670074
37873659
52270809
15701312
24134645
82577010
30113469
34415886
2953336
51201525
61287737
38748257
88038535
34885957
36486174
87280897
32388192
89108346
21831554
11241797
65947978
84568517
35801143
31867219
84429598
29201740
25029477
49250538
58026958
68146527
68466863
19632019
60077498
7104890
3501565
77337321
40095380
18587935
36966024
66091660
90714879
14287921
66098873
83385404
22362090
72075666
90263133
57088416
17213618
55610157
79316233
64807948
58820514
2151834
72174630
37665055
82557614
17528827
77115414
13254723
79565226
54080919
67126945
45762243
46981103
24198505
11455972
85322962
50711697
79438
25260046
46896426
3096172
49979825
43061817
31959211
64455985
56400629
28790151
52367979
84205121
59309580
68071213
40170181
14981427
13970925
80860250
34314050
72722069
36163417
28410423
3606623
85502818
70743978
18198398
2635943
1962850
10929613
79833577
45349300
86987169
91139028
26858649
1976187
460610
68725188
35574060
11112572
4791516
58251383
66173932
43086204
42116298
83317430
89983562
24108799
48099295
71694408
70226700
85197766
57438292
35082428
58752147
63972479
91106662
20141364
81944250
5574853
57916988
23597444
89741324
81277063
38382478
57248179
91053414
29805959
13965934
50330312
59576227
58063967
20690798
84164328
21509969
68030230
63346454
23569677
81231675
33431002
37249978
46089326
38639788
4438821
29560484
75128287
88253252
46953929
20708509
1727407
35240068
22210942
64347149
82636513
27032746
70717092
39673978
35435587
3988690
19633729
19344165
29385839
4663857
31894251
28816622
25471751
44080748
89196191
82674581
72660949
28089327
53891258
20928667
76327897
38909037
62268160
91125564
1785220
69982364
90261518
50577518
64092263
79881270
76579147
12141113
32601679
47632253
87610240
19810206
25470691
31226192
6622177
85172611
53704953
5106273
3274212
13375007
41661350
83494435
23700235
77377674
36761272
35329501
70245174
62179657
58979811
54788828
38129221
87225460
87015059
75958267
14493850
70843696
37271094
69154279
52811206
73399603
52480972
56115720
69500352
1878602
84332310
13011767
36488455
30683087
78372918
85323171
68840951
21793343
43800574
42254996
90642839
61484027
55650627
70644719
21242314
8894073
87140051
30662386
9055997
55389969
32194350
23276171
36615065
39917447
77020558
74469256
42944451
16755225
21403474
33428636
10898118
91310571
14577212
41113358
71051442
42202339
62878006
46417837
42148375
83150491
81614997
38573436
77115607
7582239
51618686
17482659
90624630
79200722
4413129
30550112
67530922
85815487
77525946
16059810
33868357
39352511
59497962
88530770
23735142
20012644
45045255
56383768
40643988
51203773
77465405
19649968
55293373
78015284
20086999
31204383
74925696
63903441
9522471
38256761
69425677
82721309
32040680
34228236
40937796
60070519
59195599
8045170
38028406
18639499
19230474
79721289
63897518
1468429
35952511
46662207
8542042
77847716
31120634
66728791
64424861
48102340
61469530
5069085
72969141
64845728
23669690
22357072
79780762
30416791
6161218
82954884
30422557
1051676
63453656
20537206
43885654
42448667
35974321
67636958
28576137
80246095
38360801
82359634
24372259
65943468
39570268
81304328
25221651
51419815
10596794
43161879
74843589
67342589
37602811
67536810
48315156
43234713
42189362
49037245
42417136
65008313
53468874
15724989
25919460
7776168
75858320
9691324
71370629
80227022
49313768
54023111
39307387
18973670
54623890
69808031
92262726
6711340
47074882
8030540
16541226
14145220
39250301
4982578
8818197
66040125
69015116
3149599
74956919
229121
28923704
78790125
66384162
91433516
17178498
12416933
26173484
89800244
88294192
41379574
79946360
53547100
81857022
3814297
80583656
17780320
1515002
92497128
76541417
89856309
18461013
51951550
91272569
62320313
2839063
1600829
13435643
30255453
15423962
10612729
74201985
2368389
13095337
26717533
87091526
11013595
83236345
17339977
52515472
77755187
71073172
76395362
84951466
4063602
45437951
54825107
42949072
41799826
51031070
71336371
39926156
13549768
60480081
12904556
54963583
77285170
74420120
6615112
35019939
47036086
17626961
30877104
11114760
26881925
33978263
72495000
53923748
54453857
41418342
43671471
43508877
35300165
83553761
38281493
3508218
39393341
87969273
37419632
41019764
74137219
55746380
10883032
24184235
92857876
16932589
44818580
26983843
54337102
26865346
90542130
15765042
45427951
21049810
92623435
26873954
75863509
53237521
54040096
26130387
26524353
62708519
768103
11166198
52988687
91330218
81968556
68596799
90521265
54637107
8633348
32610085
55305383
29335279
66390021
91548022
84966848
58516477
41188354
31502117
85078238
83568300
47046386
27601894
32707435
50227801
65619948
37454442
21477154
17970018
11555920
40381086
67743669
87972915
66809253
7032628
20732089
45675747
43802902
85059664
36121248
50662190
28186679
130553
39458010
34667064
45254204
26343178
1632936
62587195
87030721
37900684
9862137
7463338
50588255
66527960
650308
50931028
51133133
18772909
28335866
63921741
87541522
14722613
468405
26411024
34352723
80949159
88142737
33332234
9050058
69088515
71223508
79789314
62054663
4635198
91283605
44646143
41554896
30065051
68139757
53403422
36482243
36907054
11928132
71045989
60810135
14421457
1466350
6979138
20672405
56089178
60642149
52446926
3666876
9296479
4631280
51181170
82566887
21248445
32947535
1715623
43415567
50401818
12475241
83631567
20486883
22404922
4397642
84690451
55568069
15671203
67159475
19488884
21318717
76689107
76673115
56064037
18747758
7130773
42407551
65355437
4708896
24582993
6566807
78519115
87762535
36600590
30777079
86641547
83349820
35723406
6627372
48670294
52127368
1076800
39327256
68684925
61028791
22253259
53447602
91744966
779849
79803451
70371411
46835435
25011794
31790106
22789011
16614556
49017094
67381704
46842550
41328227
20317714
10570342
31213498
60183669
29497236
71163833
21879387
16694505
6600498
53825396
85949471
26359441
70087663
60609311
54754569
35274734
78789392
68875948
22278220
12649491
20828407
67901239
48371932
5257205
43945531
60738997
31148398
19175536
78537754
92197316
87908107
13172595
84812091
51008516
31921165
47951712
64608217
15483584
50701726
74513899
13938977
42847789
70412081
37250667
14446118
49171347
81520581
50684176
23557824
49747287
5372111
62064591
67702405
55607872
7887178
89414531
71879645
14233808
27666216
39650267
3178814
8451460
88965840
