13073652
49108627
43507732
37938868
17258184
62216933
14475616
13612197
30733788
78719631
58690094
16804013
58135322
49714044
62408169
90606384
27671147
57054846
91193330
18776596
34178247
61592016
56961163
81551433
50985608
40730250
21340776
53100694
88379729
39748412
38296540
77123815
14943558
12564427
84360918
10570686
34538443
18675529
24624513
67575526
35987787
59293486
54826959
76640403
52818643
89034552
46550998
54845425
39417583
16337538
2372436
19126715
24020189
73710315
71068243
91275182
71720554
62964106
62964111
15128615
53643683
93584202
53605230
924244
70889919
77649245
45759893
1188619
66267380
82138929
58614410
66523896
86090397
35080439
76008349
645767
67798512
17234594
87158234
2180488
84322835
1225593
24453461
60269593
62119813
67435006
11199744
11401661
18624987
103139
86927026
90199923
90470737
61699264
49612640
56500764
4300068
84413191
46402532
2642312
72888802
22014492
80181076
10859817
47073953
55453646
62271372
13038678
77570963
67982726
3419763
72424717
27357901
64859741
16786137
61205158
31270666
47301676
37313507
21369997
68050945
52776845
53091505
52141339
11380575
72657807
70210279
88694324
64862107
88445090
30658499
94635001
40771197
88420220
4502032
68792653
41757480
88821637
92038055
24188364
3495853
14203129
57994903
33383888
94321295
27697138
39629827
73321019
72083772
86915927
87721355
73573268
61692744
51861427
75811983
1306778
75190679
37556098
43857462
25940954
87311524
16137653
71193818
62348236
68029610
90735339
42650451
10594319
18246901
29322415
67654839
53905998
7929410
13989258
58525862
64683488
57596773
46548076
6730061
71861102
3300040
47070255
21289400
10407682
19487163
29846437
67615538
22541886
75391993
52705402
86460614
9557733
43532748
44753080
66259425
41385805
14001315
32765178
19085189
14848888
17760651
5300816
86455833
33448118
28788618
16992831
48347285
42159431
62140154
87539049
57371319
76803795
41432256
45673783
56922595
1866140
22604236
81350745
19486724
92708763
9023723
85384735
65723152
83420113
34127973
85758381
36034876
29827432
38081289
69208824
12579051
14490920
38918098
76722480
66575099
73595624
35302059
51050729
51776552
61522923
40917534
85883541
27113564
25861164
20407064
43641597
68979447
57206740
50517064
3855506
30092866
70978978
74700019
73995333
21714915
18805526
50711589
75500525
92122433
21836699
36026473
11264351
62485126
66341731
10388494
5118194
72932268
44665416
78531351
94234443
81950651
46452347
79410612
89044326
83301665
45715514
60751822
58670722
55304323
31359871
55661323
58561
24588705
54678964
17890595
15373886
21541254
12499783
80614519
70676424
39351033
4807323
80971886
77530731
27970704
53882860
21490781
39172227
63737644
10226674
83890430
21127674
21277622
57575354
28379423
68799368
89615326
73814651
89297355
86224611
76843862
14884799
33142261
91176359
21640372
77770255
16515308
33724385
84798533
82939845
6657503
54970569
37788552
43131047
53424790
2076212
