84107539
23064124
2038224
25738132
83765777
29474664
12443022
76572008
19972628
6351984
89025613
76586227
19717009
44234717
56270848
37269621
49396080
72997514
18578556
24579937
90229024
39815451
23492884
45339531
19610084
56877172
27251554
24201173
54992136
37166262
27807319
83329398
92823481
56639032
44900270
69186614
30462960
47862995
58611880
44994397
27314457
30806976
77385353
4791909
49836353
5737450
77471855
22153884
13957124
3960121
32194690
19054144
48304955
17781102
7076610
79844551
45792711
51660405
36762303
26022245
33453441
66556061
78635388
73975636
78102243
19195737
77859657
29855114
27993432
63464351
17912249
9365866
62294389
35823701
858602
60232784
10131278
80098520
23552545
25358014
62795410
69622934
82447768
