54746766
84613476
6700015
80403488
89160885
20952395
75241883
16904096
60219953
76076395
91132377
43216244
68028123
89388564
55030303
19422735
34316620
45783551
11472152
90501828
87371155
32010922
58063643
79284356
7599419
73467724
31977590
53807323
13410113
12007480
48678105
73272976
3560428
3630270
26236637
51950972
69298760
56254890
31654438
7261847
61500252
79786951
46260609
10131897
36783781
59534963
30554159
80116431
61914911
52841200
70932501
14329132
86964761
71566686
89545976
27153939
7779489
92632282
87912202
60988146
71668312
49176300
36953537
21783815
4009876
84223071
82876970
63462539
74317620
90670309
16574779
51489192
80818391
29924116
31926799
44253886
38685051
7296531
5080283
63285214
72452994
18753899
20140775
40908666
60498715
40140175
6330722
34753876
53230155
41994505
75052152
36207990
76585460
15706667
58159801
44246117
13974671
53553523
46224425
88040988
86486717
6530214
9214830
91013970
39258891
61408786
49804505
7425059
51280232
61727558
1686651
75496520
32349799
81713156
60476438
39121250
32097281
27290694
72273260
54377269
32460191
43676483
43122598
36080663
47394495
70345736
25073256
16206384
51720670
79001750
24985208
17161291
49886307
74750054
79430530
68556873
12950159
22277134
84969791
24855543
70198238
85829344
61972644
50869246
58726766
46315336
56842393
44878533
68503517
2322984
74430648
92880404
3147666
27424876
71191023
33343188
70597371
91629404
86477642
39670996
18604779
55514501
32091923
55393406
19710680
80225767
54093345
48566204
94053076
85365539
79996856
6702730
53141521
22629810
53184475
21228663
38702704
63180562
80278315
56162050
58982390
43250094
12822151
68074653
12551828
20244995
51369416
68334693
5044230
87399707
51387286
34931745
40428866
81481089
26153662
89793479
59823382
5183162
46515912
43895896
43820934
32118559
209493
57645023
50631030
33404636
66388914
7232347
69809088
20374071
82774360
29040077
53397137
