66650459
93057808
64130997
55008071
59936168
42004883
62759821
20590164
26204484
5011316
35968365
66572865
70899821
87917505
80494406
85310595
86120302
65629689
1279099
38752881
55898900
5329335
90247284
89681361
64366066
77205383
47781510
54494341
54640603
6631728
37463082
44993189
13093764
90384450
36340900
44715798
64298750
67753380
63925138
67670572
78173196
60035817
74317449
55351470
28038370
66001826
40342845
60433958
83069088
72403883
83274925
31888375
80182671
8990542
62498544
3806723
82784505
20050303
36586089
30484838
42665252
76942481
68933105
74420915
33451156
88616416
70953483
34494828
93096494
51211770
70474811
57138195
6016533
10046314
17723063
21884902
25043008
19484337
10069933
10861031
8954281
57688086
26074501
85712993
53013025
61057762
28222013
79166104
24565622
27922572
13947050
10307208
5247903
35227807
85181697
