6202781
17832376
8454914
91976507
56955676
21770926
71558556
5495769
74313207
84357960
1786501
81654763
85336758
54636786
53012182
23387796
62540998
80900660
68214622
73418089
90997572
7979951
55383376
87848684
72026659
39277656
62236222
8542829
78963302
33890455
59695
49235209
43101527
4711676
4361736
23433373
52453077
56385214
47463967
11972935
85195922
37660667
28210814
84059890
45727443
74171486
50898941
43506022
2506240
38999925
26521422
43634963
44057808
19233582
69031066
26533170
63312715
42639311
76886771
30572785
81972539
76932792
616702
68650985
30696743
80972944
23988721
15294871
26300774
62433851
32431750
31580192
63091203
5843262
62620573
10340030
11148337
17911968
15937374
41539592
30554300
26855849
82024831
76712383
29148071
58089649
4050717
27973086
53063054
22494886
62008902
29209063
68046814
69046545
69759502
61740553
8191681
15287206
62088615
17269633
38692044
78265714
9127302
12712738
2047888
41403386
65034781
78094572
26118450
40694981
77032392
12642242
29329128
63981752
87129456
14791131
35093593
67858082
55729859
83445742
6717879
22499430
28287
14715390
48936002
37594796
15040732
30033976
12151073
35759558
59257248
80684082
23377880
18214376
83851237
15152567
77390709
71722473
7959444
43217897
89425577
62975627
56784896
66671527
1072637
56647549
6108904
50196885
15073440
