31863105
34469049
6897964
42265487
68826790
19333147
22767864
21302244
48093778
86055713
64728929
66660510
48417456
77815927
41480578
23968118
42469863
35936105
64337129
90282462
77401137
11412711
50937977
30801855
80759857
46347985
14972343
37612602
89287528
33994316
74860018
87436543
72688884
49291276
15747392
92255113
41194598
83689431
61065269
56033283
59233039
71507447
92966761
44255366
52204154
56304368
74893277
14263650
70678815
6700447
79544823
68217390
88167230
94230598
28010836
33588830
60995764
19408633
33235610
7888717
79135842
4974858
58005947
58893138
10270417
27721560
55982011
58233641
29431709
91243703
86811909
63605141
33851833
27449759
14900957
78184906
73045571
48679076
82727467
42201459
55971787
38055731
61806295
75437836
3896669
14439018
16392765
25226221
5804900
87994345
4184094
53260473
18986066
16045389
89346957
48988085
33934311
8967102
43157699
63686019
60956023
89856175
84373326
88610161
23896520
71602561
47351524
17957735
41172676
91145229
13635944
31091661
72166445
21732102
40224560
81049441
40636941
66337384
56304939
19268332
40257499
16806850
76705965
76069199
68305938
88471294
2926664
13990207
36585446
92404982
48625745
28226947
86566863
5698100
54225994
81118028
42451436
86641615
2629957
60062994
21376129
22012521
30627497
12928150
82342295
25322832
29392895
41538503
77093278
12287848
42144599
37275377
10289932
44657971
66963564
34315557
26481154
22120041
53476007
13070557
40112842
91862358
37168590
46107686
3967587
4412330
60115725
44376218
90337614
18595624
71476526
76554381
91070750
19262703
35814156
71939669
45029531
22744567
60488636
1975789
49927991
66812269
34123723
3667914
13919053
17994636
5281779
15080524
49547994
63328451
83670702
71129115
77585431
91273392
35578115
19333506
62467367
24650489
25380281
449897
34140566
54025654
3990550
26610145
58201457
61612336
65365505
72779134
60050158
5529275
88553872
83249436
26039431
23437542
49315526
56733265
50730210
94010111
57060708
6475292
19815443
12538957
57825563
28596143
7048932
17984590
22683928
17672024
87327500
56012113
3170869
13446894
32391304
41563852
907467
72594116
60144230
52419388
14026588
85122159
24339882
91838144
52580081
38395063
71565535
14209918
59947019
61990912
46460913
76988117
30117520
91196476
10008818
45976379
6441473
76297601
6301640
49805331
31203023
90823938
86293287
89820122
60454873
85358170
16127525
75408274
74265618
44017420
11167689
51233888
41495664
46005657
14057817
50078442
65281836
72289659
14126050
55275522
33035135
89684445
47945780
5515303
51277273
69026162
44159297
63403940
74820841
39646726
37083738
74977414
19079225
37704470
9409042
13344081
49847581
87551407
17176200
20642894
93168825
4281162
33283312
43254899
85940380
19090717
49981284
77037997
36091126
72768246
46173524
20834657
90606864
63428686
82103478
21411652
23047746
64137667
54398444
51705018
80748305
60953549
93121896
93696941
77409022
40371680
64032242
49089550
8433795
31001266
19200915
78031166
84429014
71171171
2008344
46472766
1612386
65916491
88396525
14439793
46904878
78620754
21245209
80924109
23519082
32604008
13564525
18735261
34615564
76929195
30021002
74270732
38812548
4605770
70288696
49417659
18292059
83772241
50556922
42772272
58030042
70174887
56967833
84480897
10420064
23242818
56686275
40809735
25631224
35293943
84046760
62002534
76862012
74710700
67933528
52832031
51185094
9145888
63915334
20708728
87330699
51521823
50375829
6966992
66400067
64741686
15731018
86027757
19185522
22584938
47076680
9102477
65583273
71851516
19902334
45336864
19162292
20017738
4727843
18088960
3194011
18852679
63249822
69229120
88424782
53179407
79537644
2268491
89213705
78711152
17641387
82360397
48667000
47570817
37497585
60703392
94511941
1931072
36505047
92981164
48009144
84305657
55225808
45567251
30039213
79767517
90557499
43361192
80757426
54852754
75861283
64184898
37613329
64935404
76905201
29634540
44782782
32075318
17401511
39835243
87434808
8076409
52050757
36651944
23643809
90778396
60338363
57583360
79665097
78279128
25048042
87644774
68435638
79705209
37853470
56493369
33689131
35975713
21929400
24214039
56606975
43277293
31777401
37724336
25873512
57027000
15517444
58495636
48299808
57857641
36342203
18360699
31300561
2607830
23210510
14376595
19595531
43360265
3496646
41116040
689659
29538709
29698261
65565959
17034155
71880296
81635371
1491657
7240871
31125475
39848497
11776188
13025764
8978929
72198716
15545758
75048944
60097892
84457514
62981811
60730673
45550149
59684293
62041816
86754342
63830546
52114384
30691072
54432882
17514001
50565554
5289054
84942781
39576571
18601344
8018785
34941047
54553513
48353531
62062874
70179539
57237596
78307765
19272225
23174064
4783990
5936783
61864893
72212708
70997958
87143396
90993881
64852312
77635420
10542958
45369244
30696235
15539889
12781876
79775834
59841828
3733483
14702869
15673776
72743752
91961791
33169722
48555144
94546174
17174094
52720921
89991307
82380758
38687174
26557632
60262106
23303471
21519353
40123206
6677001
5507357
85067843
77163527
91203324
17602692
90566944
10446900
17812196
16165462
67505704
7159080
56477922
63529991
26400792
13017607
85779357
4301106
46833341
83381728
8144512
30394917
48992846
25678469
52726837
4584724
43927602
22166136
76899178
51979017
93546885
89440398
37820239
78571677
21242246
33922067
51045342
26235705
76290973
48185043
38225658
33262739
12376255
24615904
1271883
39341500
28037725
85070024
9325008
22856616
73780842
33552903
69227445
18634248
52986887
26240247
55237123
52079874
60817818
88824038
17909604
16906736
30949136
42333313
51545702
55699035
6982976
1959334
82402849
16146895
86296213
82058223
87321147
48681943
73999380
89322947
49600298
74071846
57968718
76641707
91179800
27059093
38353002
4608995
70285744
25794
39041196
91081018
17679148
15486539
80744929
5050649
76154959
50163581
63635850
51477871
75008292
4530371
41973833
84671463
64897261
20356287
79650412
27017890
69538760
66597698
78846757
43752243
86641808
58164178
70638917
23945602
26470963
37901571
40563800
75621486
13288586
44342378
2314847
65970
41769603
73331296
69801632
11600655
90773497
36780338
63915275
94467627
75231885
26070414
19446541
11435265
18918556
23279404
25128327
61330230
76689727
46631326
78193800
93701429
81103795
56582928
28858299
80663257
35884645
45776218
17527238
2358441
24609240
48495314
88165448
23746459
38493642
65948755
10379628
16240497
29176694
2347969
78626560
5614324
80390992
52375032
34407442
62717314
63564642
25793312
40502921
7215905
64359853
88216240
34412174
50161259
36620837
1229108
26722931
67672123
17928930
61319308
22423721
72009882
42749354
79243462
59447229
43363545
2564427
5992976
60871998
11529226
43489755
67253944
15396189
63481050
28631081
21608208
6663690
52206010
86360338
87644359
59085039
1141932
91092615
52089357
51395418
29759647
59445049
53831868
50531700
73282221
77223593
43411594
58407861
63780904
27288432
73625426
93232715
46043141
35865362
14302959
60791484
29939891
11320342
43647890
36847055
56219147
31227552
40564235
48524397
71458915
81521568
88798115
39924173
84673896
58020196
42761837
24431394
49904223
78877256
87306636
92446564
11331905
54161103
80962594
2530575
10695222
43255930
43735962
82130806
93711065
93711066
30886955
66129629
72489569
90933386
35873748
93718177
72498601
57288730
81423346
76835564
42406901
30407603
9173337
36616702
35204850
57230264
3338890
61376376
25923481
7795161
77101670
48490579
68192000
65385201
49445646
71759742
84638486
59899245
47258529
42794134
16245890
26369940
5764186
64729810
30990464
71758508
87230823
3800657
4591892
28399133
87795975
89626745
71521893
19390260
54965025
47578530
68864068
43537162
67256839
29393789
46690513
74162532
27747782
24507574
1021326
6942209
72578756
23268291
8673842
32879488
23914876
74820828
73457689
9283467
20539108
55167816
53018824
25919012
70586057
12251150
34247020
36392181
83959339
53828101
89997793
90455853
24063729
34226897
73419636
48429701
56870086
82387397
45796087
46034260
15458245
46568817
31143380
93501739
83935672
13990938
46323341
40580482
51761334
65076258
51025042
403567
45493205
57451066
30951059
68934283
62536579
47941191
59887151
42338405
12633961
22775336
77781818
16357402
88710242
7931734
77367362
43851937
80464920
61921684
85785773
79047264
39555854
75034640
3401711
514748
36041085
50661383
558624
9299790
20313417
76011803
63428627
6191088
16590400
38321827
60843644
69516902
34693555
13537055
64792184
31378709
79817740
82121757
2728907
94614092
48069819
9737214
38427458
51993121
76486845
38207135
6795603
74024477
84003458
79548925
86629844
80297504
43913451
23640694
6997010
74798457
89154463
57061364
49587107
17799465
24197926
46615197
57181091
5726746
37884065
56718733
54715318
27747350
28145882
18450574
65105304
36216721
4517705
90993268
72566970
295417
26331906
4992097
589944
16257811
4083109
28225725
43577113
36639928
91095207
13945036
89079820
723258
87054259
39812415
56973790
75640728
10230947
62948166
44508635
86948006
29508554
60150333
38624023
59349154
16832082
3574205
91961729
19621576
84507758
4698673
28803537
37515635
40469399
250749
85498324
57089813
49402606
34751960
10952249
94635452
58327690
1480814
81395281
44304864
83268976
41033238
36280077
90000759
68430072
60229451
50805511
50118629
54484436
61599626
55837154
40796210
52552046
84962533
51821165
70916384
62864741
35278670
55562387
93582352
8168882
1500438
675334
87315563
89246026
25501932
53722249
20737443
50366883
65766955
85284941
59929624
21413856
82729289
80351803
71992341
57908417
48818133
92802929
41063315
14479721
82634495
91822966
87522928
62846241
9294818
55736650
24726233
85872875
40407969
3864669
66672250
41387
3949826
24288345
9682986
15594830
81716289
75197352
46239367
90911519
89295122
9889113
63736967
28521975
30703206
66248406
94183434
30831478
28375826
30623844
11717495
89293312
11071488
32203402
39138258
29065004
94182553
39306333
69032659
88127350
37791385
78981522
25393824
66406809
27350723
60585899
27557097
9100898
9235235
58314614
42213618
33842917
47054071
4975621
85108074
38057610
73323018
15509245
64647735
2304328
54852426
76689051
69088101
36542053
91017021
84324513
9459944
25394141
44529788
54140588
38891978
73401243
47630558
24363454
89266105
54752579
43315593
8661481
2788682
41063495
38029253
60088743
86883832
42382071
43837427
81501892
44450109
44833186
71944880
38383698
57427063
58180646
30720842
62880735
57821016
54070477
7046379
85172054
77858195
8344899
2703713
42110952
90024910
14367289
21330873
36225920
3086181
85755189
82830604
47965459
80353757
33643667
65903148
19399631
32429976
39627508
59207558
35566699
49576671
44639172
77254872
3121387
19919327
1220460
84798400
26874036
18622866
63079869
85089664
77806299
78318415
75525396
64119192
60658117
43927380
49201787
3623856
52958600
8005007
7010655
50717344
93524839
84276313
80909937
86063286
92201715
52993800
55978669
72443439
76467311
70260845
84169691
55775108
90434390
39078701
90444100
61243896
6459108
82587320
82986070
66384598
10894489
24554353
91811114
30631160
24315210
88099964
9661427
42025981
44429513
48634877
5719596
89277416
11988527
9389322
15521179
28402497
46678794
16235812
19371114
17005186
80294580
55265428
63977687
6889134
89702776
88632274
10419771
42533282
31899994
27088051
32178263
87399076
13568970
18990944
70863447
47435804
7242324
40280064
87730630
14982947
4694285
22133628
59812660
94128604
51857005
9866491
58427109
2453456
38600463
17285934
79904982
7535875
14694001
13378246
90274654
62335690
86386408
83076018
32475649
48776147
8936819
13606925
41271235
93665504
26068689
89360025
70783090
18738182
73319094
34795081
9701473
28952975
36576185
7874315
80127716
39588377
55110344
4838454
89251618
80886970
31340599
8210856
80465559
92174719
21195864
77190121
3253297
20850310
40919313
31680001
28295883
31846684
35537233
37132291
10794505
93114914
74810795
37948485
88927332
30691142
30761836
93992511
29894841
76806473
62642434
19305020
20789404
73510331
984676
56968024
59921815
11863038
80242843
91517805
45060125
11884597
28918835
76135254
87235237
47648537
41026087
49771515
709087
28534633
15572914
22670131
81144074
5253864
76255702
30397325
76215703
5298321
58637008
52648277
70930756
82754657
18700871
867217
84360938
62246873
32085668
39457249
29116536
494686
87291602
89481738
34447413
21113674
23340785
84001406
55476820
32138092
83383425
93794844
34052190
60283827
7691016
6658446
25235142
9407272
39301461
28459882
270956
77025834
6292150
61098962
44160896
35356948
92093753
66081765
16655470
79926603
75202770
1729825
37386736
74633449
68650825
39896863
35887108
8559459
23415708
3311797
64526937
9544563
32375742
14824794
65415494
40231526
27564710
20130907
45702703
74419210
93328730
374503
13009292
53663933
15943640
41552376
63562416
42034144
5736000
19643930
56961949
9232566
43331670
35259508
33793789
6441970
84616109
68742806
87616918
74995053
91205252
17621115
19435765
22515308
18783343
67985082
17721739
59151478
22531077
13533427
71373902
49705645
28259948
4764450
34312635
51307502
66378985
3656532
8932574
53739196
57601908
64011080
54072456
20581164
36122766
53454896
72247826
77314426
81376548
67499594
55901729
80629510
87655886
82890386
16746338
20544023
56257896
43648003
92818704
86853737
90307287
71984567
28179592
54418863
25298504
20629062
35289653
1804892
14811053
86403630
32857809
53875964
81964406
23152668
74804060
19596633
55528299
58173859
35710292
9379428
61353613
27674569
3292867
33911783
93404829
85543374
63657698
13505331
3585932
76475983
78360804
65562176
89203117
91228439
49068070
5417439
38028362
21964005
50820852
71874361
20539822
64543924
94116400
74422104
68354430
37653284
50523591
18400873
93537965
5418546
10028796
1858740
61677443
91462174
68852151
39589227
8008816
52439943
42881674
27236123
68342409
31305642
20789549
29485942
87833849
62405569
69738538
55738211
82872966
25569732
82424137
91898171
2544465
81122252
56242059
10603920
88051089
56456638
90610386
1339512
8345479
44154897
24328341
40451783
41836741
20261704
20896443
13809671
35952517
20812087
30817256
7145599
52815491
77253675
24846835
51798833
18616312
79524647
34685172
55353909
94473117
19044039
51375609
2477873
19385810
91530776
27491366
28390492
23931780
66618826
54020369
72728926
69384615
81292709
64262684
7029606
38814783
31495743
88882095
10085850
67988311
36251284
47356117
39273974
37102228
61224701
24236210
25162911
35670837
86740463
67346249
11786141
47673978
78963455
58738735
18673413
54897371
49988058
47345771
59506188
46648554
86996957
60307357
36875547
82605180
76244599
36597233
28606290
54473030
78703345
51675844
64810298
32644019
46158887
78951534
79768553
52913526
26455136
25378109
61788682
21327138
63287675
66838748
53700565
86554213
89817188
27233680
88193979
71659727
75704953
24270077
53917331
18685166
89726361
54139136
22891390
11970871
48084459
7939235
66668850
29008041
14190109
89174162
13676134
44929565
38796446
35860887
86708889
36786017
41076334
89942903
9138311
8082473
59211667
54909821
55274134
55946346
55410545
30335005
25733309
77066605
69677828
54684695
23936244
72600344
41447764
84607395
41351231
79682027
66289972
25509485
18840408
3403220
2859647
81739806
55091131
63684486
51931974
1319986
44627194
77464993
6996497
41316559
81765727
21902433
34839383
28228827
68299075
29877495
67204346
30995881
26809187
12375998
2676201
640100
81834511
22869204
75743676
24239693
2760045
39373838
28349394
58960239
74807796
7901612
35202553
91470309
41024863
30011907
74284406
86128400
89106385
70550296
92787914
45793700
55378432
8237619
85000093
12288452
29891519
90908292
64376624
48455106
81557945
35160305
55593197
3250308
22040764
63238924
16120711
31276031
51797746
6322652
1541501
42837694
64820896
90692393
27263850
20960295
92845391
13103570
44075777
76090615
11185352
29822463
88951760
39660559
14939771
14514532
12861975
4602175
92077143
23795610
54314853
45402456
8918843
3804211
36002517
17629616
38088192
58013001
76742833
68280761
78603011
43275417
38362602
19823098
59562992
22855656
46804326
32146614
37786714
26304243
73933036
71827742
57472421
85762670
12920441
64030525
93538143
70097624
64238723
59171863
62735051
17390770
858680
43122254
399111
3199298
92871399
44114366
22971221
53602161
17066565
52811772
94355851
33553656
68115121
90231694
15672587
51374088
42506133
39341815
76918485
51099147
36399440
77262833
28034980
76102199
30917937
88611934
49493051
67422395
79922385
26562715
26680497
36359583
9738560
32486478
51364571
22106832
15572594
65359310
73733552
75753908
83247865
88448154
47100475
18410469
57388132
33328144
13213632
704118
35211283
9313586
26367306
56639934
1001496
50248574
35555664
31222603
45323601
21517472
19082575
89187130
86639125
2377197
94367346
8226682
25460342
2031342
26140043
51154494
30586888
90820890
87422817
45974658
77961307
72583304
28675473
20432335
12449351
92537535
40174405
7450548
27897778
79990498
36589245
7877806
3390814
37178972
50757338
85080892
25206493
85025588
61428278
33330960
24502237
44958228
39930565
51288898
36159891
43773676
35624721
22757233
13199195
59294417
45254099
18172906
25881207
53663740
70851967
78410067
66814536
68715417
27319405
42317199
74104137
67025763
81061409
36203007
58666405
77370918
37430344
31670614
36664494
80963423
74675101
55192826
76600695
9261151
82101027
46665524
74180532
4941759
14444850
1583160
37597074
11062716
34907322
34915211
68770431
30170612
21781020
81760363
77266955
46184330
9338706
61940527
15082970
41124812
7709225
46797505
59062378
49119017
61493916
3117085
32471543
53036330
37121995
76550017
4109141
78766457
22512619
84386726
68125249
74889566
15383251
18145499
9831063
54088660
5989572
83855643
70823175
87843002
87287857
16713222
54875320
85118767
73660332
74044597
79402607
28481037
20385798
73018481
44480024
26949525
75896827
71187591
78580650
23425152
59777094
26563644
28881251
62915270
83807502
25226977
74278533
90321058
63774683
28354447
41507513
23805430
32334608
39993294
26777249
70952422
52303510
87543956
2297697
16280504
24893419
67854622
87488059
56425636
86764714
94013171
50702241
57416320
61717028
4756016
91330328
48947161
68051637
61744216
67985797
74219231
29151413
88117791
5425888
49910714
62716213
25794930
68338554
46579468
56797507
53542638
77210780
22098613
17254437
29387520
54726384
46765407
6570072
47828179
47876336
67285834
83957656
17101439
75775102
16872291
18648133
39061906
71029526
14854219
79650230
50043535
68000417
7247755
29590500
82334881
76088189
81613537
66042236
36454297
64187126
67378674
49308814
81542606
48637456
79690566
20765654
91583296
10935685
52235685
94492768
57502332
49227002
88999875
16863864
89848766
88744832
65004761
7160997
16741663
29738152
86099888
6999375
29069946
48227132
77821558
60688087
21113954
92430710
54641184
90288503
22630932
36592459
6920674
29447469
2511136
56810837
65999494
244300
26395053
91101439
11868948
92760709
32418527
81588825
16141533
4745994
67561479
24667909
41706265
27565377
66822931
58553919
705073
92892226
8109295
83036022
37911125
27832602
41692022
16649142
73017953
3558366
67969760
85227993
77182498
7021128
84887118
88184341
39871010
87749524
72989954
2000007
83978803
13357459
87939545
92121236
67476608
18530744
88704641
11705607
43259084
21503116
69124951
46430845
81113707
302320
30154210
89792495
42291149
33507399
15699470
81610895
29294845
58616488
65804273
39867481
58753725
62324899
49002400
51276719
51889391
47326640
65563727
76225729
26219687
66214479
83952223
36169157
42557228
50029487
24354003
86437372
70790452
27315105
41254951
46591707
66116923
51662217
79898076
65275001
45313786
75209783
4721055
6867108
3655226
55394835
55464515
72717647
16040623
7935125
84991088
19906697
2832939
81514783
6194196
57949151
15507297
35315999
38727433
11891893
28085643
71324372
44510353
11181163
55944362
19114329
47847777
11509581
11858631
89997123
42609947
7279412
76277493
54287440
60865785
11865313
93695809
42257170
2177291
38759168
14766012
2198709
66386319
17476211
61575118
14673300
53371352
88354090
2882791
7388496
41236886
67051093
72797694
49253600
83747742
86147542
50713378
88128271
33969821
62821567
59468617
56162389
81222285
92257063
92651988
49200405
2130857
38065127
33862332
75377156
50429509
42290318
37726100
21582429
93185439
86244371
7779097
76423184
2210433
77415530
46972421
83169275
89135913
43111311
65390149
38889791
22045670
11601944
92872891
40796982
50537320
85381918
51067750
17311978
21572080
54240231
57582550
39714076
75916036
82966826
76309994
73456171
52625945
14168742
37977394
44257753
93909511
47856795
94346048
47218627
29641409
57840047
654931
38331892
91480008
40000633
72731943
36818837
51996122
90478735
94667645
72745291
72421708
25816677
90165710
25880854
3603874
90838053
87489790
55833427
17202666
7386843
10113247
76244837
45073144
78183429
82150071
42233709
37201923
61516484
50958946
91195519
58157405
65883486
51444306
68208280
15872399
42124936
8615130
62933812
54712186
75257926
39176389
34532407
47353212
86377909
55366917
349570
44480983
59930257
54162060
83968426
54592757
82702826
70937517
57739665
73755084
21529223
24688609
58812141
13215846
3546386
81408412
79879844
85044217
60320738
63050529
27533548
37979987
17306801
49743188
89507474
45607759
75717533
59561283
21342970
35099901
35884391
14159713
42965708
13436979
33828561
50831619
31028204
78919860
47425763
51232709
88732668
1334266
22328262
56194686
66887673
7908011
62728711
83801948
3159705
78058712
29878508
74545830
91213477
56773380
65564642
1136426
14637938
35499937
86342961
59544142
54999392
4900355
66042940
76263695
3485827
78198356
18934886
7129906
44375917
23356465
8611484
20073364
48993893
93049243
66426016
24459884
6731007
8395523
77027540
24622069
52056162
49511815
17357029
92890523
17644269
29629145
42935097
23718791
46525678
68260758
51468400
29339166
24443238
28332058
34310565
74877152
7281676
59890964
68670855
72298261
50620922
11927145
52438669
86673491
778750
55187396
20776768
21597954
79758501
59908444
85846817
45656846
47847179
46238233
31195644
47132363
56187292
5482821
92714795
13483635
34742015
28485002
34207474
16640972
45510214
22172253
76488195
19185443
46461046
36279117
49242399
26748086
7133796
28371635
70561484
25065698
56082478
58639988
60903774
76371135
42951487
23497876
5397609
45198986
7362230
20622450
77784104
4124808
60615926
15969782
77369269
18256644
33596085
47003463
86177133
42612840
23485724
33918986
32627169
51514358
39340141
5818195
36448402
3473151
37608432
16090823
84038840
6663594
92206066
18178919
89494620
27772850
50002235
82331182
90722773
35515997
20762549
30062132
67202509
82500722
86393596
32895164
68758588
43885078
67676572
59641889
50236429
17393643
58224736
19174664
25246953
78939277
67616738
46578941
36193855
85707661
84346796
63292150
71515707
56984151
30329710
89878880
52714763
61419348
8409790
66271089
81064250
72629109
69038737
8713472
56815606
49398199
26235183
91137228
64462224
56979602
49940843
8160878
82730426
85153421
16237449
69747599
19317285
40888041
968327
43183339
54765249
33545608
89416252
80637413
12951851
38183973
11866529
31739379
69702610
94012400
37407415
7742121
67028485
30898337
66871103
5232607
81368726
27810634
68760636
59132716
15254336
69791896
56693220
31850092
37582070
12552078
80460170
6296588
33474523
13003399
72236731
46150587
66572444
17468511
88813871
5169133
72520432
23601189
64743694
80002046
62252321
35947795
80608090
6803652
42679181
87076480
8170347
90045931
35299653
90600184
5509081
7396255
43191477
16080745
72516001
2979231
89145680
427975
7320842
77027315
33075949
25704190
29267511
21377482
20454559
42544180
70282358
40669801
37494551
6610433
15292556
43730800
87868232
78265756
27518623
41990736
15092187
49823505
11408572
50351858
52529715
57626281
53468791
87501631
92380008
55219752
58222560
28016416
51935634
5177105
16922365
4894338
2190305
55002288
60053246
3580372
48192210
36226532
5956256
5312645
5485395
30348362
53056530
68718752
52165679
12418016
87573619
26693870
46362435
37697659
41144092
48456172
92372287
22354265
17292622
36489648
72913664
54430863
61090563
27311352
83345977
12343240
7704145
82114478
38073274
70613043
58292986
90886139
93793185
93366062
4795138
3006927
91365014
53781791
47481979
54014890
58002672
80332121
18344749
89075775
40769079
17850155
25177462
43719664
34450956
41799776
57009890
39659666
26351076
46144934
55686550
44504758
2609485
5649932
51521092
9519570
11430236
9745769
45445617
34184849
74947263
32807325
33753339
75302731
75844373
12293012
44862288
60061027
17583483
86383570
24035308
37637583
81090678
56097008
81648495
83504468
38149847
78070110
89661237
83114672
60512945
42588940
4081607
51922623
87063483
33039373
718585
29528293
17999029
65785227
79481767
37783222
38642485
17849029
11159194
47341596
79677194
86780845
25742742
35911387
46871339
26325438
58907438
74243091
73548149
68919847
25189863
42694188
2146967
32938733
76980770
72331434
65400848
42191223
88012654
68974892
82634571
89623903
48342047
46528950
79202858
86368593
34631311
60268412
55451759
88141918
20846093
27230589
94131585
2973708
88429707
4138127
39259586
37069803
10531813
60582675
58021339
35002411
65732159
85362472
79814903
90887633
92633526
79384844
15268377
89693515
66497616
63169298
8137622
19701487
17033798
77991794
31793443
6570363
30024917
59284238
62704290
8874565
15929473
50641089
10109705
34975437
16526820
68783380
6955916
38018573
21515354
33389871
2355196
48500969
14690439
68958720
40913
28885781
51675022
47939361
43193878
92431742
93186447
90480331
8161430
78849290
43356499
35092166
63792824
11581410
37970066
8914739
83613947
61002007
51475421
2346340
32139762
16170489
33387693
86501460
67166745
31998633
33743161
61029001
59755349
35869335
49989655
75577328
65763009
50595605
33171912
6449433
11811866
63192368
13877724
42001398
60365374
65768711
76199980
84407342
33330993
49133870
71515925
73206215
39164603
48262650
74151118
15359776
43524663
79176339
62303848
42248651
88416409
19277493
45004559
42473331
29116364
40018216
60397452
83183655
75855014
58773400
45283680
37549605
28313834
83634942
4242542
88933318
94303356
74281573
75381187
70538514
87559255
66210022
12156983
58049180
37582661
12719507
90571054
41085218
71312906
68618900
50527076
7085004
46275910
73085967
7319288
72496529
18629456
39147554
36523609
38824862
79598000
69798444
52475602
74602055
31125904
92612173
73875118
56141778
57069988
75672657
85111467
17110062
66742494
24647815
48864741
37434370
36285247
3069102
65070676
51937514
27657155
71215249
26730245
68254501
4094687
92623996
91109953
88645427
84388489
38039965
45063861
58770305
64102658
15550047
4786144
11158993
58027085
59899177
24947611
84871999
86564938
66288586
8325092
46185491
82400087
18877456
81412356
70349247
36072566
5747443
2404208
37006269
27084787
53386224
89087391
46811977
43724044
16049641
87593613
52167731
31490139
37326245
1769015
32736000
29479943
42083822
41007655
679201
69024954
44607685
90410291
10306182
5479877
58430135
60600158
81386656
80706833
32028723
32167045
40180673
82715214
79904679
42772026
22202743
54835585
52227973
77812206
75531786
35276848
37976102
82702917
67018234
16832929
34515905
62437806
86973155
41920706
69225749
16682638
48280940
31874494
78132486
18129688
84441258
1953749
90371174
34833638
55623577
48635849
16910905
24663775
38510551
60826659
33132574
28523751
12925813
65751982
51640731
86963124
26052637
23557451
91023589
69393669
15311638
15668413
21786126
85660152
84250169
87002094
33011902
41170823
53125185
9150402
29658250
62484324
12481379
10955122
25992140
80577918
22368554
36430388
28541110
9854414
9837529
43826165
94506198
41039269
41641396
19715228
27997773
60363732
60202763
67146592
82767689
91584975
66316449
58287113
41723507
65612255
50831871
82597674
78014094
55314608
57753740
46348024
19896625
40857801
68522432
90527965
24651076
2345884
40310851
61014597
83591340
48512750
92928983
59652975
42970921
85718259
74572502
63666804
7000735
90089549
49556100
41598835
87167240
63574106
40368855
69119776
60766137
92361804
59332686
58191638
3452620
62547065
82498904
78676236
20317882
71803296
94085193
1360029
27649538
11397531
25351893
89738090
60076607
41632612
67813074
59424147
65593061
89598938
86264279
82613274
10323680
55212020
22770214
79166082
87888697
68308416
50960199
8783521
30929395
89317868
78185793
42689752
7625647
55891089
7852505
90624421
31088520
2641477
17820982
3366880
25412115
76358220
3693123
51575566
26485583
54251234
31268112
45033635
94571734
54300490
13318113
6935278
45913493
5169851
38751436
35681804
3301728
62842448
46258081
69908708
40493190
44186357
46988274
51011364
19564999
75524057
24956798
80314531
60829894
34246862
46735543
18152149
27460495
76649294
87617235
87617237
75310040
1194390
49767524
68498756
58452983
16296033
87344803
84026634
77672007
35801923
28043680
34493546
31380549
11492379
73010169
62896784
1683028
919687
56349944
68706326
89282262
184755
68419439
3793118
90637775
1537833
9925588
75973860
13603265
20143396
23480373
29521331
72673860
65966064
43784231
43201487
12656530
24384996
29763920
59830702
70063207
82590036
34752281
13682874
87466081
77216241
32645802
641249
44488190
21237940
70436841
6294237
70111918
41643908
38387210
13907177
49676704
63219180
85182916
92875245
68263836
92090120
7845187
54170749
24599833
2059294
68728584
56746740
21254113
87598123
18793185
41730964
40264341
5100632
43971038
415485
46208809
65580555
81583369
41844567
21446281
63399844
11148211
60880460
64295021
17224301
61475275
53319752
39982135
60934547
55871685
90837657
51955787
7516132
70198458
71662575
79047363
30075929
77923824
35818298
78138850
17973269
45525662
56761381
66820721
10100170
42905011
50307059
79298146
66494228
38862532
21721550
74820505
18209887
72805613
62724326
81696946
82185124
19960465
18310191
83130976
84930939
35972905
30214058
47447042
62964876
17451381
50429837
94255491
58972009
89864978
10959864
35493955
15480092
53028154
80396505
88337727
78293131
75699208
89410777
82750033
62965693
23828904
6044827
46955612
67575630
86272341
37254212
33883467
86604588
9022590
2766134
92553185
52196993
36964268
55051719
45087741
30658007
26053008
16390164
12995885
64632737
72905789
54775891
87559365
74133839
8216716
40899583
38498862
61853623
16449503
16459700
82566907
21685852
7061728
83633575
31597045
23543583
77765194
88207476
56391334
64587468
31162572
70915552
8579442
253166
7973175
67628508
2315781
46825633
12007878
87843414
68135724
6058355
56852377
49159880
93933891
23834727
58973275
76195324
75461173
55283565
30425096
57783767
81534781
36787950
6040774
36800956
93071130
66779097
85743663
73462045
40674244
75224397
18413308
79734822
55462619
39504695
37121296
47297779
44018107
59467725
55028200
41944124
89466950
32746994
29410280
21118120
55089448
53842244
15345719
69718901
59955124
46516516
61132529
88910701
89588990
83094277
78076677
60823150
22587995
2905122
67367913
39350840
63120352
22418559
17605838
66015841
41257524
78799427
57858174
27610667
54683353
35009638
75566470
35242685
28833835
67715920
61236685
8496389
24292705
63397539
12743102
74176789
50604134
14147801
37031990
72051217
84199653
84199654
15786051
91758931
22465681
43152222
28003113
35834075
45044752
65015319
74252005
8430145
15203676
31118331
9711835
1460327
33432520
20072589
81681772
27172235
7315032
24535207
89602272
37184664
92119428
52043951
92275861
26392345
67226126
75731487
88229875
51280020
13132953
25560351
51517790
81513972
88413304
26864746
55854446
36704751
63158372
25863449
37397255
6410509
53908695
62633943
32287704
36230561
38657179
92638483
81718380
56994392
89339748
22726654
41395810
57872736
52992901
77527494
57499643
15540366
2223089
64110206
50529814
38807317
7849417
28281350
93628105
45137027
64812457
17173727
47382786
49140439
3224921
72764917
54345512
61285606
42987776
18839612
6094837
15134701
44198942
44536224
42793201
26674934
23263848
22009430
65566517
26787144
17882122
69205147
84199978
32257393
53513582
6141428
23693037
24767217
51845380
5190104
22124420
73488467
92134560
23412192
7746365
29913074
85446612
74555488
49505768
9383652
82391920
60522023
75419672
65436119
47241554
86606595
12429855
73436077
38169066
81723417
3671310
37718286
33374916
80825875
28648134
29668971
90312989
87030443
55159917
18395453
49155999
50458773
83385240
3028922
63898526
4603623
50792537
40386565
4171881
35151633
965178
35606667
37440857
55351883
68700467
70777260
52200565
66969046
78845255
21692334
82989
25536863
70524926
32842182
82063825
33280973
70595286
52903566
28215441
13431638
64798717
5988662
57589498
34250055
78489131
22719222
57900450
74994156
67040057
55125710
20665308
2639688
70296866
75101533
21910568
88099158
12158896
72820697
50906057
6103614
94054283
1215456
60476492
68473244
88003359
28706835
57556721
77428690
57062118
46339562
67974413
70967250
63015534
19244563
54978040
53397366
58964591
42056057
82581879
26249548
58891666
77591881
57618338
27535798
36910183
16867097
41420474
93929590
1562465
39757992
60917016
49708371
14329095
53618190
65889941
7838986
33987727
59787814
81436601
22510806
2051438
43141032
24955880
45499977
6519979
42285836
22525726
51451411
53310519
13929665
64305221
49371754
37697847
19766973
27523107
76760434
89018994
44454529
17588071
3247676
64087598
9434748
20052248
84647535
65096893
88534380
47903265
8335777
71087029
7285545
35089544
78349334
26966482
83471172
66595865
91005187
16595363
9908984
67517309
80545122
76174379
76272959
84447883
63170486
55977306
59096059
47783934
55919132
27521394
12068663
13979693
19917201
38697745
93160949
45715436
42919157
30436366
717475
50006135
63845630
81612033
1081558
70479502
68393256
18038650
6055813
61937229
11498879
17795977
93097472
71409945
33044092
39448702
40585670
8482732
55973084
16099893
18911350
78439572
77081847
7725945
59143299
3503291
66090030
25555981
7197487
37228858
27477983
46262388
32322106
69311308
17466728
22542782
70352122
84532362
83193666
61757722
14599273
36963228
6656153
70982533
44039451
25625049
35972168
16362915
70177623
1231000
17296481
2918335
33486770
41113000
35149897
13972325
41093296
72330290
10209480
31329835
14927698
79437034
83019592
67408893
21050799
37734822
39729760
33070677
93447854
42308178
38773936
27437444
83437260
60096313
86813708
25945420
83777888
37001868
668677
39005267
93562198
46318790
74222892
40233019
47881719
71411304
88061800
18760914
90078290
28143372
57795767
3725385
57351325
54611209
78368483
68633156
82918978
12401561
36535216
52900890
44442510
61076456
42798653
17716716
68853951
31793725
66064844
23834135
86959723
84022828
24386355
66783835
84344367
79337094
42481546
85480499
78790530
31148929
27334654
55425477
28414406
81017439
62922414
39422968
78276617
50314478
91533118
92530129
56558385
75767715
11896175
65417265
49182816
42405557
35980830
61884509
64107323
76472643
91129037
55967320
29864962
67317344
54615427
18352935
11845001
55856852
17297297
24426485
42872614
19741883
22262951
25426131
15486573
21230747
66290692
86053846
77635776
20227368
49884768
88572625
21191171
87720728
67944548
69693267
45050608
37714986
81225590
69303284
40652456
15668655
70022302
83934010
1801583
12751379
16941855
59366468
68084931
29304975
6097610
71408632
58078963
75193130
54008070
74391081
50040181
84823281
36178742
3817681
93361950
41872414
65895829
87929203
31952151
32795218
85688599
13030994
86033840
91250058
35147324
90004313
27585996
44694285
17774214
63070079
58510170
47151864
7373628
1898290
7257002
29033269
28400227
13630915
80403947
21371503
93155975
18888684
41255552
8393629
78704029
68228308
41548269
7798173
48941506
38977932
31624527
90959525
4743471
42018161
49353584
24560694
60370157
24364200
61410609
52020787
50789694
2996521
6594959
33770110
19075239
80937718
49914035
93986799
70291165
55405312
12484353
232798
92554573
13079500
22660209
53161363
36272946
12683069
53194134
94485723
44571216
7100390
22377064
12574917
1174722
61727860
27292493
53355447
27973535
40576636
40897302
10050658
28894712
24212231
72515159
23462824
19292126
57975215
20058309
65746393
1084171
2866404
2504553
55931756
73725532
91668016
37622042
66465128
83710023
6984887
9493149
54089544
83925630
85162624
64481775
74448087
22325443
45050542
4864793
557003
20855673
68921295
29606395
89057567
36092749
28005654
30395004
5583587
7574066
34105636
16740943
59084023
12947687
26620130
85944945
3694292
58682426
62182364
23197975
51394192
87720593
52426349
17098051
62800037
35525850
89413501
55054810
85628927
53503228
1982457
70698686
31295720
36664618
29873765
18484252
8126089
50683205
35700520
65877816
20810667
58002211
57318009
85609488
3345886
90688710
11243712
10588370
58037929
87028997
16057214
49193606
74161041
46831330
5606102
88568531
10166002
7368072
49790137
66931394
30439331
58986436
79070659
56516122
52088739
985075
54543014
481860
7024881
92046950
79023578
25605368
84648256
47770701
68787282
8360636
83109967
26480474
41888410
85886727
73890149
52063411
25579544
88165546
41669378
7914721
51896326
42073662
36511154
94328201
72944463
36586419
23611714
14643999
48526209
307360
74365610
24402088
78901104
30264848
63240508
48012164
39600576
63025753
78750947
28677205
8875808
7392927
9854086
49340736
84530308
16703468
88353339
86836663
45271801
77387621
80888309
74866286
47415173
59958101
62721594
86418879
75894908
83398147
56581213
53604243
58722553
86523707
58578062
24888500
35968728
36669202
39469382
3198984
37416764
13466408
47175983
79940016
31301178
24576688
1432578
49784435
4840690
82994489
73138415
31299833
24384809
7873791
26016435
12591857
42619518
5646200
7310122
77604996
83867090
30287463
89503708
25943581
70470393
68549094
88865607
62114474
86964240
55481213
16168241
45839229
17927279
3663200
67995668
4241326
20389985
70479954
52610341
20630986
71083000
67733412
81910764
19428160
66224737
18510792
38783669
48176716
22942909
27853389
46684546
79662759
65282403
16609661
32639029
9221957
34262588
55512995
46460908
94614157
58206685
86129709
2456515
27335329
9830523
7728983
18378126
3696566
81541996
36771001
79827543
1595389
11751507
79929864
2909111
77744271
9699726
14918995
12224120
87067112
85381467
71902892
87321997
89505459
48376163
12054488
69510983
86571505
45509596
9850792
86536824
39094320
60199772
80866272
46475926
17706114
48662353
42091910
46910215
25572181
18912049
31439066
22517857
91602136
19049177
27607899
47188245
78752524
73538551
78668154
94338741
24256814
93833469
26412558
33676636
34030179
77363256
60487388
11190668
4520818
75541179
46095616
89660118
74601835
32728637
88541834
39268373
81836261
85229789
71776462
23159009
28352866
5436535
81723915
11055976
42432075
28155008
30370614
25605773
91449825
88080318
78314470
58946191
62634443
83265966
10179831
81858151
8292164
50787955
36087568
76871607
11845173
80321163
18023854
89673973
5505131
78653404
73649876
22075554
76547258
30379127
22061045
16291611
72137111
79751031
62306346
72343926
28511427
42299067
48348717
25695750
42008525
4900358
33671575
22589384
35255844
36855005
68002721
71394419
4948083
54554804
88777039
33054101
23000175
82657572
81368769
16572814
63070854
60232940
32106923
87430127
10178675
69459607
55528849
76408824
73369559
76555688
86507039
88043609
87699654
52567579
637461
87127712
65139629
50028104
13621008
59478947
80249445
62443855
7456523
23126841
41263726
39429773
72258825
68205853
38068356
33483549
55613502
40881680
71635189
90708530
55116579
71734033
85912718
10383294
73332209
4348327
80495098
61714038
42271799
47710706
73317653
56377512
14045557
23464363
61767367
84004624
52700785
47764074
4145965
34138554
80416552
43338864
37565088
39129441
39510237
19031171
33376137
84793341
73132282
14303879
18049993
4873576
8882937
81778549
24392667
85347492
91351560
18970914
8349178
69166074
27102115
48112817
87232445
24898969
7515543
3329498
27750631
3067683
17311034
81923626
83636102
35216844
92944152
91012929
81103589
84637334
42026531
60637900
26904752
18820889
43015714
19904097
6345267
53129702
87797159
42734014
61855396
35312723
83408383
51414980
60140790
23070887
27499947
37162201
7941782
9934832
81346964
7554218
83064211
19388992
66679499
80305362
29712203
70552535
22550790
27169968
49716753
9877220
52588589
91661167
2349624
28041889
15533048
35294448
71370472
33730875
51243500
66551862
22778245
36546340
41860384
5811923
23955374
13801988
90263852
77506420
7634629
29980511
65792520
59273456
61074637
42001395
63746759
30695143
47245246
20603165
73330863
79371528
6598673
1884663
73681807
84583747
34725732
44290100
79063581
85148508
47984954
36420971
4534532
19372095
70481621
55498250
49314917
80955386
69942829
43623466
79713926
50871864
20457799
13993820
93728866
41475596
48650185
90019436
59326691
65242411
41005522
12160065
62892857
46163018
12561096
