75293232
5117485
48241452
55696789
15548746
50353739
93956269
54956508
34729530
61563012
41495667
1415183
15295985
81877765
91772840
35351384
46608979
19375778
26394686
79583037
15916465
24765465
27788544
53558866
80395043
71313003
89329663
74565482
86204256
70898358
90832128
19496260
42860671
68864063
83000553
30578578
5089632
13994099
56626012
34999572
36946224
79297436
69045038
38480929
55380164
45344690
37921525
34107516
85780709
47315162
87795327
27610428
25107253
77205886
10458600
88542129
6407713
24985397
64600905
76492446
13872364
61023072
20980089
71560130
60972500
26312093
29603143
5598866
50978879
26115858
60446696
14457920
28475634
91577454
49938610
94097973
92796841
20218377
76096096
83300372
19750208
94530453
48319061
67558331
60994364
36085367
33577757
6203455
87434566
29390200
72727721
27239794
63379640
44029121
25300951
33954940
83407317
83320292
30378948
44303258
57429178
64005859
54535522
71397944
71316840
76636459
6635686
47322945
93760926
77196875
86033057
65188549
54921496
16742043
31008372
32340505
20454275
60067501
93336612
1316839
60369409
86154613
89739340
18472642
29729809
30610283
27561476
48019213
650937
40379927
58906227
18517201
46037071
41022198
57736981
68829285
33732302
1872712
10325350
87757220
93773836
24734851
15821512
91003170
87937276
43985686
18194667
83025003
14883191
46412847
2694434
45501024
84618389
38148070
6821964
36680413
58495309
18199932
20643945
86570691
55599387
