79696288
34767276
63360858
74384821
52049168
82986600
47655604
33870092
89034990
1237431
75349420
88887941
47225132
55650333
8481624
2989067
52789933
71696494
74691406
47776267
43470823
76297698
88421869
30656903
68582270
23677271
5895291
35055223
73515685
75324180
6786999
48181452
27131860
28406434
76114348
44311374
27218344
71416980
69557914
29339722
17940944
55181986
30909065
32166920
798538
9567260
29020326
54058520
72546161
75974691
38087142
93361953
9531564
30755300
92104988
40937323
25278858
62281371
31878321
62860803
58321418
90126527
44171152
74036738
68711040
21690055
19949080
22768480
42785197
17638083
44507067
8617397
40857176
21848126
12256618
40895338
85157870
4415206
93692333
59271038
52106173
15480970
27551075
83077134
16591495
3973945
66575441
44194717
91984362
55067413
41803889
81976150
29390620
80279579
39503541
36909712
