68262073
51756562
13515271
72998586
76261340
5034472
73026706
40920624
90414428
91722422
75969332
68840547
21437666
26786267
83861260
13721259
68063979
79481139
20663783
71100506
72990082
16900594
17173481
39108770
9184373
89625303
51529033
61934191
39166297
65979351
86026857
49807619
86972256
47244002
88537043
60849726
60736322
36304847
80850396
16828484
30108000
26748287
18300199
50177307
50524932
76723414
6907980
47502919
79086787
92806204
83813464
50108449
81204422
9581677
26523721
61267334
33374579
76419708
42041724
77177620
68934845
59009384
2138585
35581299
70072810
40075758
78837958
94083629
35883292
73781224
39596882
3318476
52094172
17266173
92929373
93700403
33190916
18221490
38098043
29919426
79318255
42481362
68940852
69349703
51947739
28882298
16982614
71750749
66134828
94048548
2569026
7661553
39307318
77901383
27680243
52807004
86621092
70147967
63121505
82347440
86149696
82811566
78002025
61170514
25271685
43846959
46567062
1818356
44806142
90674885
4920445
52844070
71542284
55710821
76633232
67485142
74962256
48579877
85090823
60851530
