75263792
57495804
90647192
6793425
90432584
38834023
55218764
75045436
8037448
92933476
34435903
12682463
43701657
93954550
77063781
10669540
28838321
25220117
36066156
73250673
30766572
51749501
3983930
60645847
41097864
38048443
82901320
63025984
39109772
66500401
43172420
53697760
70812038
2762872
11813759
70660518
55085735
505236
72910733
67240828
55092321
12510505
14045122
57870788
70491844
85571697
46718442
89204577
78996169
83601846
26735950
92569939
65177743
76004175
81259505
89341255
12975144
88235223
66178340
54128001
45966846
32047018
56784463
65029047
59140306
13542760
73518459
44641592
66036993
65398348
67197025
51269715
79121476
54245265
59449678
21687781
45368387
78927041
66735082
81299425
43548110
70831952
24871055
52743210
86362177
18027819
12514034
3169044
2034790
5274190
67064132
8837062
13460043
51185438
77858567
73604875
88382985
78497609
23163140
88954084
45570502
73974688
22620114
40018900
65507528
15536735
79060816
43132964
44139276
50922449
6552519
37024079
93706889
68481035
38312951
21622482
24264121
56685308
45494220
358704
26883627
36673055
82216563
75995624
57933884
16885526
83480192
89486973
60017370
50080529
10072830
16361552
72125572
88156141
86588002
37073681
5958860
51391397
29493480
80102940
19900797
51999282
90213576
54149798
30633436
83340265
46148634
43723161
32759538
4451350
67243499
20045659
14683036
304409
31972070
76435946
58689355
23116585
16738859
7939089
63697092
47721007
43469900
89315817
