69371032
47778184
92130247
88033722
62348171
3076385
84398420
55520867
39451936
92979691
58614566
60036790
7722868
927951
20537965
85382094
7629888
81443348
49805027
59407502
93229902
30643854
8405369
86914866
37438191
11918049
41933105
46449699
88489801
74303366
15523888
83896473
53878484
36611766
75313552
70846121
73124258
49067963
80990203
60629332
84264978
35998549
63018551
63268214
16913529
70780612
74611178
28867482
10778738
40412093
25113666
86625233
21713311
23005943
14479031
57560977
86423328
58024640
2843838
82899032
73607656
91638464
24906725
12622805
17790464
8893297
65504782
61053431
19231286
27252918
61628242
11326942
86124652
411461
66832458
67743942
23204304
43779820
74074686
82479696
1751758
94145091
15448621
87912839
54060335
89857467
3515700
34792682
37489899
43653408
24204254
75311594
23548898
83760210
2945773
46176214
2711063
91330661
28246590
43417928
21409205
85668390
30241736
2992791
70637021
76424623
28406368
32439203
14845808
89087387
70011057
69342072
70992779
9094981
29589108
48809228
15137880
19707316
6126900
44622747
57259344
90318630
84088373
21440750
43863936
19501242
54776057
2843841
17281677
92895388
88509005
25681114
6209084
34140811
23694140
42123323
49676444
46804579
88409480
37477048
4173330
3000107
29287851
83725055
78755914
21660135
47461385
14332739
7926470
10477226
63396657
42680492
25616076
12457933
78486135
89389114
59294052
38678968
21616330
7810604
84215669
63973203
5174552
93503034
9070967
2475373
26419064
80782063
67341461
92308367
72813026
34458808
72169672
7512277
81800603
65292378
55740814
68251538
77102864
80579820
29681058
60957444
5746402
70372279
88316486
63307699
86416932
50935273
14114580
64399376
63268172
39369023
59631170
57639564
76038154
92209144
7656401
26683133
41350739
42010255
83310634
42896341
17633295
41084316
32870633
49133447
8493757
75248064
92150220
64650499
55382708
4123047
35146615
45919808
29841596
37043362
51923540
66743406
63463973
2968051
37314234
69511840
28691814
63207974
66782868
6392800
81059027
35440497
93451235
19923225
329994
68436741
39973153
68585402
89170102
54255756
64239439
32524137
87793562
18815567
12695370
94091499
77201370
52862498
37520636
76914795
89124788
72588168
49399050
65955618
41258892
20959930
86475259
5869259
26796442
84291943
72872956
44482587
35054602
30416224
15042860
68570055
90904230
5533959
19486812
32662792
73625916
50823140
65297631
37932783
61463796
59472405
41233830
87398758
64246872
42307886
31222683
54931785
47471825
57154880
68462781
77877695
37399853
90724944
48765006
56338571
56592349
40870646
63245815
57705915
66808877
34740214
78549900
15273240
28355268
4674081
28054238
48443974
53998779
51042592
58095164
19837992
51045858
3630055
94508457
13424474
73957976
141156
50400615
24064598
45975281
12541628
21621976
74163594
40392253
26385906
32416684
59764515
64156798
44950982
61168771
73016616
75718653
18112989
7046336
31137395
29773770
77084341
71895754
50058249
16734481
47493188
21764630
73187664
42091547
75546409
14306022
63773647
23116519
3557893
1785542
33767199
39866711
45157574
45157576
22964138
10779661
73044326
67531811
1545201
86038724
39797247
12359324
70668480
49201703
77944140
61975432
57473034
20144033
65117450
37362779
58432765
46684221
65884920
46799350
65350335
66672774
70708422
78460182
86917653
50073978
82646752
81950332
3552306
64840377
52485397
85118326
17929648
31377400
81875987
81020839
32421908
9107771
60002044
51407827
43167559
65176339
55123948
5252139
42275742
7516953
65307057
27852914
81003046
85491063
60968253
7162107
19351035
48967199
461341
461343
58704603
31184054
48450375
90155057
62769943
56489752
70882560
74991753
16052723
500399
5289293
53615033
31955915
14142972
34673278
75179892
77119800
34121213
54210647
49434512
92625560
51145911
71368246
20060366
24217629
52888844
80735921
92580114
34053429
13677472
53011624
90827552
39287916
23885972
12520931
26854960
66547643
14483071
77056000
67284106
73198000
30841981
52318303
37826083
59039335
6002659
55213662
87505488
15067763
70087754
79359890
78937369
33591650
88638361
44490255
28212165
59461041
12022983
47878496
73518111
88562213
59552175
65144793
84972831
38114710
48512360
73369702
62989565
94174662
27480609
81380167
6625234
46517004
9350023
42210727
72283519
46589382
38641977
8821885
1117981
56957901
28597922
53833374
86102797
19365885
75324590
63380749
93952259
85293315
45440320
11811678
