37034799
49299300
2349694
42155191
1839013
37293142
84160956
13512603
91917800
37861067
22346791
16775687
73092451
1323181
76330268
28757859
38192084
79681769
41401679
32271194
68137352
83506241
49383578
45448861
43387905
4819294
29738537
77815842
88215636
15259813
27565273
76598432
40018615
16508004
50943698
66287187
63115888
5559118
50353947
36827784
5351249
12489791
58600075
71048513
66348800
27404131
38015739
12196804
50526671
55243960
50714199
26796971
4481400
78219843
67021887
62623442
52069375
81549890
52174590
8940172
77917484
39682075
43640161
83815948
89149393
39545392
42527239
86818530
46250063
37376906
20940382
5798563
87124503
19203915
76071409
87161947
5440837
63642714
78919636
10820169
20502090
93587762
30524736
46698486
67693597
17551914
83179304
43684523
79761628
51625085
54362773
53230458
58792305
94371395
56539412
2985726
35344662
80372597
29501276
67397568
38941686
30886004
88200543
16775509
78251029
53328813
86630569
39551201
66928838
46709656
75328190
54245956
50934377
55140856
69735650
14071637
80241637
19129908
61177125
30040342
39838488
56809605
53506950
69618253
61680798
64429970
41954685
60216575
10114547
69350444
17013383
13109428
70390029
45252464
35252717
41500823
26151781
82713581
13754493
92081007
89919972
9634457
83211710
90665802
21789195
82137845
16827639
74428275
74733271
28238100
86360751
90683601
47484092
55983369
33076104
41874460
83489334
9073792
21861311
74573547
22534143
5318312
20250290
69577111
556715
14095016
69301417
86238862
63345340
71964090
84442414
84231659
