61653951
13978407
87869409
39109095
76711159
10001102
41448905
16773444
69156046
24365864
69725403
10923558
35097410
89970775
31182054
62139511
72104962
20813348
11543802
42365884
28139622
51582979
732140
5985014
82756379
51498050
41464224
71799977
6415684
72629589
52670185
36269554
20575372
84738373
22343442
35882025
27631045
80512088
92105436
77363055
32972545
7757393
274316
73580143
95221
8340043
24120568
46576028
41124954
65846645
53736236
23851381
69517712
75673718
8540091
91375751
14775650
22019217
49271362
29755289
8540089
38488860
22106225
57191151
51715634
7314783
45847769
37479426
82306411
26565624
24971678
12233370
29120179
17274245
86479336
53662414
15807485
24591067
25196339
40081009
65066650
16737601
20575374
38927343
2404427
65140897
22779064
18100974
60150235
77647404
90130656
25543060
8419985
43705809
78538619
74147055
34559769
36275027
76129100
59103573
87918435
12494925
93831030
83428362
88649931
15417776
75856403
13013641
29257999
2302145
17197308
63040227
52262248
53857131
41131373
41652724
69556331
18111388
49727114
5482920
91016188
70195988
59125099
59949604
21797896
23646027
20898924
57891657
69040386
45695297
51106701
26975511
39738700
18939619
39932558
66362765
89725855
90915102
46275766
24603501
88194570
30542280
75172505
85212065
59276138
61102811
42327099
81249171
