73358032
31294214
87743055
72054468
29085208
83197318
2382112
85614459
54152852
81083687
56328062
17922756
63987665
23462570
89395832
62347561
38449984
31866331
43898870
34443851
44945917
6444960
70763494
57524038
52809824
16962381
68894904
14945843
33288536
5600512
22162819
53597587
7868153
2875349
30217211
71721268
64492746
53118974
77958074
2095439
31966377
52043503
43038645
57014609
56498644
91094785
38383291
69529564
73051583
15544491
7955011
32508252
72196552
77352376
18095273
81460495
7075326
17618616
32032692
36946362
61321129
44567320
64067604
6435518
78703615
25289653
85793596
82096278
52443093
36534456
20709313
81023746
9219074
68275322
29978956
56940868
89840404
43115965
24111503
27332541
72005089
12590458
17852461
88887256
65785256
25824002
60162491
85890207
13230415
27786341
38892645
84346490
42776242
63031784
46356748
76329436
78256495
6879665
42856177
74988503
88668429
25862224
53122373
56577175
51059381
16709465
92526828
69467138
31976099
59961214
30846977
45309131
80340212
88467572
25930112
56462328
21762747
90801545
86405780
86166337
45119065
44607634
92496042
43864623
46740433
59107177
5291148
53808275
17717998
76401957
78358685
91522970
82760834
89678760
68291832
5934712
26386046
79021258
25600685
11065554
43898872
12123745
80954242
23940040
85830061
38736725
45841631
48181178
1628816
81689923
87066621
32181592
58963287
80528844
78933725
73539223
13227339
46479133
76004893
44998075
51218787
41281935
59570223
18133591
57437496
57642660
1839759
69765331
89386280
5836647
412254
45394989
43840168
20863596
61435536
21334916
63850363
5158680
56826477
90090835
73054218
73902860
21300835
5360172
48416870
45657666
83115148
51832005
47525880
60324905
90626477
68141344
34810602
46440967
11341285
69430716
16928531
38580009
43860454
15734785
5728585
49884876
12218908
38766100
39503990
69046125
72151295
37909028
45338957
87726843
1314132
43908878
78363282
7396333
10667050
3294222
91309916
76457276
8726190
75434020
81511386
83121663
58031132
25957164
82953026
41020231
72108916
34589210
34612470
85866295
2774929
15266033
29656356
36746415
91056357
48840865
17250322
14330657
42438270
69353753
14247181
36944929
91819290
8453407
14773811
19570412
12691723
44705612
32828907
1337858
26912187
50394880
92927827
70644217
59427523
83107527
43624011
49982282
5757494
59575411
45089312
78725271
59749590
43637216
68966888
66295228
90011475
823295
68316870
28510874
37993187
58782628
78759334
56471444
34213781
68766731
64657564
48773347
92603108
46755809
77635818
8473417
66763470
82397570
51425563
79382212
12061660
81125118
79067928
34968713
11876284
49080064
9296284
13551805
30368980
18890996
38914204
29640539
28655277
61895389
41804797
89781557
12080199
19064010
15935072
50960090
2274645
78079328
6171362
13793927
67208322
840137
22707490
64627606
30668214
874883
7232021
37865682
75850454
32547010
81953882
40586984
63537465
21635671
87193026
77550496
5525725
33553217
52904152
53367690
81581168
83956468
44002545
55558029
6863521
34313237
50225282
17743019
16511575
64785554
53251490
78168481
31201971
25820848
