43171603
62118663
48246705
71855665
3500550
34534563
86846481
80580510
6487366
61366582
67546108
33949287
53605947
42933457
47702499
53844729
6952066
43395799
61994575
77975877
75213284
23044125
13039873
42309911
28036170
48293424
85488958
43314065
65600266
62052683
55914799
6805062
42560705
22975987
67260431
30034010
28254181
84607089
70167553
32838580
40341502
49979801
47624228
20731875
38981986
49157134
15313032
62519890
78204795
22091370
61883685
40127958
92626818
79084274
38795941
62409392
42098728
92452506
49350997
22716738
28170659
23132073
11537754
27913431
37324135
35142314
52881229
62056417
13100461
82817445
77939837
18911435
45267890
67523316
20514491
9005843
6128288
54707647
47467736
36951492
55455014
79388929
61910617
61355538
25291826
60899760
286596
41917547
67079964
41841782
61788693
28757191
70948870
90068695
72209409
89510285
87160257
88326061
89651991
9551281
2880209
89653629
30680959
56620444
78949512
1418644
26351775
55380000
69073535
29099006
71987727
77929682
89297347
31230500
50701810
54059596
18606253
77090370
13387982
33983486
88739404
26878960
79310238
92560662
65622091
81935007
25667718
33789568
89526225
49286563
6387719
9785719
18770195
55208611
37542994
72570032
43020013
10079435
32685962
60288630
30010754
22573107
44902801
86810084
77712194
69423888
47924372
36196665
74604744
36535390
5812950
35891826
68043822
83555881
55741083
87271302
57865101
92850196
45607686
41485623
31201933
43480597
24778426
79957623
12215423
12246481
25859311
76546905
53344905
74761965
71941934
77483701
12106707
9164849
25436008
43241886
35913445
57374126
68678512
88397730
65290528
22933604
14306655
46809770
69717935
75752564
78478274
82446412
53840299
56824433
20380334
61141862
23378165
61046892
31020752
80650461
40191369
65606968
52661392
53224342
9823378
45825462
15451161
57384411
8144075
30539957
42796605
35197790
87462176
15330759
27131027
30332266
21900311
61658980
940996
16866265
55570840
61074653
90370834
86839517
16568725
24633749
55048018
63900545
47147956
78216897
39235182
77519981
39585387
30581061
63555682
44624048
47170461
4158664
53682356
91305715
68198592
8887958
71332272
46554238
76150283
72656339
9103860
58683675
47871222
55432742
39811937
80795352
84268243
83218566
2055345
4156597
33289856
70789521
69543428
1888695
44134166
11522459
21332906
13411948
86172941
28753482
65878148
15364715
26821213
34758483
47517689
35028375
66941171
54573195
30074097
57042399
38051052
88595948
61302132
48634763
57208129
67053064
39858503
86905297
83039589
14293508
73440955
8837065
43517605
44221323
55787584
11882999
50690474
81474707
51044645
80481305
27743466
44786852
65549874
32368494
69473304
71276243
6393000
21124993
4120426
56605371
29549970
51762684
45244761
46110890
76710535
25395332
67398199
78296564
85620638
71474880
35763573
8126912
48246711
82179638
89203466
50093538
17131961
11843898
66791805
24219614
15254822
45599134
28064539
14070819
45918600
34814678
58943297
26905490
67488677
7982996
9746288
45267887
47094828
66202968
65800967
82946521
57850277
18416816
74546225
7679922
44083112
85816741
3290749
84682819
15045882
77226523
15642013
11316567
50491722
51707016
68520992
84509101
