57041961
72544123
58203414
36430588
8475829
9894967
1934693
74182472
26229079
6467999
36645793
48168687
83775463
17170924
65002677
64738345
16537035
19724353
69477881
77279894
33672962
35021914
80956906
46276990
46740907
91366598
39829076
30859598
20780174
1219930
28391365
11556275
26287682
299143
56467080
58794091
75822237
74476094
24765561
86162860
88031021
37892248
17730394
27210233
33343211
29126135
20959075
27168746
55717634
48343396
36225110
448714
38801493
51725762
6158528
65087550
5147508
18017583
58957510
74610245
25993280
50238357
61593704
63368155
37184959
85836613
90651097
76084804
11713731
18443908
49664226
12705889
62581975
34591228
63879765
40721101
91993562
85482313
24420420
15681182
87930216
25062126
34711940
68063234
86632326
82035601
80229090
67826982
13051722
84423498
40518701
66049348
66760963
93243898
83865346
33220898
8654183
84291589
344577
51449264
59705507
2797882
23744641
59688619
55705356
35970037
23289797
8711175
70613466
80793685
92587639
45101913
68216069
92149950
55510186
6292559
91541660
68664582
54578726
32852929
24420146
41927534
20500939
93218042
7039807
40774270
3634377
39989279
5651606
56219513
62290890
80991952
53029887
65310861
83600771
5723058
36919940
42312277
54324522
25780520
42365407
352793
26833676
90419026
47947113
48029441
85566562
67371541
30815362
39113826
22439615
22568539
68599278
34500310
87112272
82840539
85891830
28423305
55365344
3281083
59479033
75381818
44230533
40632803
43468813
248675
58668147
67843543
17712636
74002099
11103702
25225521
9893033
67604407
91297307
35521589
21310490
75648408
307677
26176812
60674704
27019270
48949846
12343393
39273839
38186517
31680438
73205479
58919244
27994031
66794423
15869174
21090667
3657403
46736985
42972257
80721992
22046396
68286283
81877151
25151930
38741908
21508018
88951380
50951725
44118936
93192256
8902048
46798264
54734401
66123056
73146798
35282638
21136025
93909207
31937467
60586544
90752045
28390085
1672196
59008205
28865611
696732
15866006
20376332
47429593
43129306
14488365
79689743
50938200
93211200
8970298
63089085
6020705
82512665
23799445
42561059
51451058
88548920
30639671
9793621
40125775
83228414
3360135
28788303
88374304
85855030
65972989
4401292
45486271
85259930
40187835
63127680
44514565
24654709
59333684
19557854
92273857
92133567
42106635
3251416
26972286
33768973
78121911
76412624
55094197
65376030
21275103
90237998
51116239
85755036
84178507
86881612
18752029
90352650
58468030
77955415
33660209
44669494
89624506
36349703
85912922
18060854
45122884
45352645
35724751
83741629
18049421
1239679
33510882
35186343
85747618
17494877
87455607
38257289
2765800
35564657
73527747
81065658
69815401
1796657
24973690
39527794
37944092
10807678
64940169
18355170
18247895
71515239
38022348
72483217
31096271
64746968
33551388
60690689
24312755
31687042
42360587
58741268
83682881
13326652
1636205
81393230
37555245
31618347
79059424
85439917
18268592
41119262
10966044
19936122
51748649
7121072
35450718
