26694858
5655361
13388048
86573465
57773519
34429968
70831011
27345777
79763632
73898567
53169370
89879138
4487189
33780512
85556007
55844909
44183504
75312356
94371325
77432268
60706467
34943456
19068372
41967073
19269829
60517214
57296486
27265523
45767420
12141422
22708114
49509514
49610129
16983425
22223339
58400049
66662198
86536521
91428139
1365497
20321030
91872728
74058246
88396287
67316438
21445018
16175812
33947711
23965650
53640427
90501840
3043072
62785774
4888174
43135264
50526636
62939248
13465383
54578676
70678621
80098947
23955744
29599117
60800817
4081439
22330181
34508220
9862509
884301
