16164296
34448854
77997176
13571561
19501056
56456144
52151234
71536106
91103223
50727486
60704716
11551796
21359282
31087598
3793229
73233092
51787547
48310923
80085259
78648474
55549351
53504532
3002015
58968179
58778044
35757104
81712673
75954039
49472238
2044974
5509972
34525025
38390279
64875987
15774172
64699462
46019235
59032447
55316566
80515022
68781495
5539783
68740930
12971048
63999037
76429565
50777130
60008659
11136602
69727000
69383104
16547199
55951147
69144704
59708951
15724999
47447997
5060220
62162900
12571752
28213431
55860052
69984980
75676593
60591253
8913522
28073893
57859475
41389225
10436205
83300045
17736904
92991424
64609678
79391761
87465870
55954815
45032310
47633816
47450749
6044998
62313047
78651044
12025375
67450100
71470250
24981050
21507296
28631802
8419143
80442095
71288461
33773678
88747764
4919498
38672453
91125409
27386804
83761347
47417145
77087098
83419200
47462493
33642744
44023285
10849925
51560898
31213109
27719682
92750807
5935520
73878120
71791348
71561833
4270933
57099309
36525706
26574863
16367652
62601383
69555231
21412711
21255567
53868594
86289078
52419223
4418006
27984935
39363683
92052659
76142128
44278072
53981460
52186645
43878816
67011770
9217371
9382682
34051364
37685461
41308355
44588933
40684747
28116296
22420428
74317238
86751721
71967374
45076453
75813097
72866041
50567382
917114
69804516
33223372
35396134
22499845
80458877
26341158
21726538
29248901
55052892
20870571
20555771
1711260
81984277
58316475
5280673
10789565
18918323
65285862
87528907
84858406
55305723
23620532
44718151
48375683
20018781
12975746
50578043
35093596
43021988
57698191
53399398
67721768
77717348
80766634
21014982
21854842
69899305
63194526
28857302
34681127
46255440
62521693
47474076
81198238
119023
47212663
12815058
26933970
71276118
80928135
62247150
74647533
35902895
25281076
92795454
43362266
88492460
52369663
36669840
75713589
90433304
5759473
80224645
39137487
10336697
88518142
76002942
55356645
36203311
83731409
12824859
20210220
73423528
15420421
60588471
30292772
34992829
72316024
54169256
81885482
37732286
28433664
36542174
48846065
53475029
86828090
51802310
31775965
27810673
29712142
45294486
9981872
43523469
81479599
2540249
56435920
33806612
23845680
13282244
23204780
76553393
87768969
8418416
57073174
5986773
25281072
88748440
83953473
27243227
35871885
73390968
6441009
33410524
29472878
20938946
69212849
4578349
88815695
54637081
79877928
67303424
21065182
71729199
58564193
1170612
22468829
34640402
64501124
76574486
26933259
