63839459
74184516
52939429
10189038
925531
68593681
22023096
9484828
71755384
74861245
5726125
56884459
21955170
84894709
82451763
19913772
35993577
38444557
62368897
51295495
67209525
5154806
15687233
22698631
89301556
57983415
59475343
53640724
40368044
24741540
13557614
82204348
59126958
73153510
71480771
75743444
89826084
69833465
86213383
82456848
62914647
36974881
24810821
6206341
71006378
28775453
36056964
37188393
23818805
50604499
86588186
53100462
52740028
87532491
80901773
46080659
33574093
11038457
24189976
46202657
55193309
33072811
40705418
42463955
4722936
42816463
67373257
90798174
25212827
68477086
90414829
92360822
47985983
28043666
25516850
77561440
49772940
19314693
45421345
57862479
9642104
33489747
78465013
33578504
28946043
52612799
7255743
19884477
90690358
42143165
25985900
50380594
51612124
41958879
68251137
15385875
91966517
74845350
92474148
46175186
29990938
78553170
38233264
53123831
23074214
74902087
63913136
443994
77630375
84474159
76266652
88239168
3290629
62493256
5094566
17024022
87252745
69149881
24949123
83636199
24249799
90711080
30748157
80117112
87588100
25895233
42771460
18659129
81551177
4774020
62490363
50577211
72392683
50392902
77284375
60684240
82570835
26499257
43675083
91680929
53348372
34063715
19683478
70162150
9919267
54445727
54674816
3689304
9996562
4356305
15281545
711235
12827541
72437916
46504987
81121975
24836309
30795336
10064692
76434944
36598301
8939558
35452369
74952084
64833175
21632378
49285097
81066271
86206289
74093047
7420955
44206219
9593644
31914210
43497057
25136680
70965811
9609955
21674979
46210269
85197785
75968956
71872760
58870030
63642694
15039481
47234111
73802634
49662999
26731825
72989102
33191120
36533171
93049123
84805602
16097908
92342599
9895835
86182471
4885936
44785650
82675836
73546551
91304153
13124503
80353021
27762987
