50980406
53579214
76807713
35419378
69961057
68466522
13185283
90848272
73619181
28475653
61130272
66749402
61530939
50740798
70255488
72486833
48849392
25945044
44121938
24524815
15570914
32703126
76493023
89158500
70501420
16013561
83054374
69705974
75206700
61267629
86621102
74457899
27170543
88814761
75188074
82123923
40470960
6962905
42878007
5372757
86176531
56955773
32887688
45693141
859386
50192569
49408111
72046235
29434050
84730485
72787194
81494542
91303590
44905844
52938368
48719556
71775244
44455487
48999845
10316062
6380920
9571407
11130819
66154997
31194152
8763270
49788034
83114506
8450558
11482922
18340944
9841500
39032915
41447641
92179868
12990092
26403358
21051839
7427535
60079464
83896680
92474588
4391057
44489423
65918888
8678032
70331991
63313634
41483846
5494206
46157156
3007259
92076433
72365042
61874355
33345365
34935545
10356162
70914414
60937707
61575056
930490
24138334
83673588
50073046
28007407
69393321
85143168
48279732
10583919
46412084
22225440
24594013
20356153
52350790
29156510
30116987
70754102
40657910
18137559
67446730
78000988
65363254
26722012
47072230
14078044
54088206
57142716
25531995
23215921
27917962
10025297
4535259
7574064
52211052
88426670
55783183
26088781
18462975
85166406
36086825
17586868
15736564
43670718
76511206
63068792
27987317
66972031
44409697
84312804
36587056
59694546
40477809
74221710
46841063
54767619
63413576
66709982
83905744
46777
4224437
786670
19311041
19291836
26849717
23571639
64587483
26941078
26941082
49996701
30415847
32222154
51836988
16570296
56695626
2744383
37127748
10316060
73304754
41258842
32461487
67338012
61097295
40711058
62967841
17590313
67377062
62220096
44715264
94052
3030397
55779596
19079512
15458412
82573170
23818717
86741275
39102560
92062120
84032239
28652437
20462502
14842615
47656829
73928906
87297470
48065831
86912941
57087763
16455173
5844790
51396143
77230713
65900587
73291677
18348742
79933225
67334761
21603177
25884741
59486490
1779449
9858163
45055179
3741258
13786740
14098282
55749968
43895198
57692731
33929095
10247969
78075821
