64828610
6140421
90591441
25577081
54345061
59654356
12696072
47512773
74687325
10715641
51247194
83934291
39321994
48979073
54037779
24317622
88911376
74330655
50490275
7871791
83450845
90144396
31585081
28202489
68067061
55985050
16662088
75178784
58013905
24587948
28682338
7613415
45482696
59831772
13415224
43432753
77541792
166462
92644938
74864781
78247708
32463842
43168504
78834561
7834482
65623370
81555350
35373754
69016422
48455334
9945882
61130081
82866747
53467792
24020275
53693498
12399527
71111094
60739883
93003369
61098797
34374488
72805562
67154091
30200623
69915976
43167172
50147960
81315230
58610117
40350567
58258801
6682509
51655963
76241962
49593092
66322915
87243144
3927675
76574244
50359123
21533500
69416361
28888124
74389732
21572518
93335172
37035387
10095326
79190965
75105958
52614729
47153687
66799558
62126890
8394894
75074532
68437759
47766800
70015379
93586591
30754886
82654252
27922117
78564729
45825490
74568447
13776438
92228896
62800188
37386387
34229556
57066515
48070519
16138823
14340350
29212679
57594674
79490508
76630595
41358513
43674168
61835970
23586521
37224690
26573345
82901361
74409617
25255204
5833780
55689510
39083055
10498792
20400356
42869396
28614046
39839798
5392689
50900049
45511639
8319520
84903174
16434283
35487057
66192902
63784627
88343770
85658171
56354801
76413439
55304990
17186976
66198315
43394856
38965007
14092785
50917774
49640631
4542889
78615663
86324447
69278645
33057387
29901482
77460115
81924173
10893968
39600608
93610065
51590787
60408487
2286227
6907245
87599985
17731487
9509111
3642313
84684942
11416727
24970442
12951057
29093305
12016042
59222376
15810794
71499204
83435767
56374045
82142811
3555622
45061409
76794349
12645841
15981032
6212068
46576395
18941685
13783200
87522627
39353719
9433127
29747822
63073284
91576536
48090194
76555696
33307482
73685554
8861499
63903692
49300662
2799432
32592625
89268663
37099411
38226585
11592477
57710136
84223504
15288967
76518386
84368933
31451524
60626252
72488247
34902974
83663180
81359827
30884511
92755846
15483462
58050411
35382800
18230453
93167852
11997064
34382939
85283164
15087512
93703140
46976245
72954831
75194234
90387750
32539777
18396258
59141967
3886707
33663129
85213160
5767822
32257017
87786124
28054202
84861111
67572831
24669541
31221354
61343659
46468893
92690904
78308491
48476625
19615220
11307591
26056435
92117336
60045599
35903665
68733725
29917611
84591741
80225235
65442506
71888382
33047450
83515898
28154169
39576375
71727702
39902507
80558199
47715154
4877476
91798643
25470641
62374092
25876008
43469525
39986623
87356023
3964007
64227547
90917767
29422548
37622763
71227368
31365908
7270658
32742244
42710868
79061435
80168522
41080045
191632
81904990
74554261
25280949
68608373
8010095
13432614
24241852
82151083
44032767
32545210
8733817
16169048
9080958
11422462
74838806
30019509
68981882
44160717
5272657
90994448
62813247
19138387
38170211
53197861
38141784
72596040
93482529
6327388
7022283
26686408
43354859
13854600
5628185
55089761
9812006
72730421
66316968
