37334271
7226975
42221578
9197270
75617414
59356674
949782
56979917
36070355
34567194
51862507
65070145
11467273
50120794
80733523
27439788
65790581
53370243
74010769
2824573
14511705
14059335
63060145
78623870
55375899
89335015
63329323
69591834
53653120
6220873
8403022
38079795
12690196
79909940
234945
79860067
90950848
84359713
59107643
6474314
81088474
78958813
28706764
64351099
41715290
64829428
650038
72056924
3334765
6128326
37271654
53541244
20537411
53001091
63413487
4076143
13281096
74178216
94511634
64708076
26261997
26261998
70272488
25397583
53137271
57642250
54434365
45679427
67818219
41306472
37359853
40147018
43199559
66432344
70347268
63881944
86722311
31172110
64710731
72176363
40554604
32423345
74190022
64026359
65863248
63386341
60580133
92165441
34024026
32646167
24238069
14469552
1404979
56540186
36673192
13313536
21478000
10431530
89808383
70185461
13145862
13215971
12580194
43780428
39608797
61057641
12307765
85520883
58759765
35086224
18616877
42240784
79234336
24521384
33731254
50627733
31616470
13575183
53303790
32342749
15119772
63639287
14821112
30166935
22965999
23106625
11338575
61550544
91570325
78768791
62951752
12608517
52452922
71171154
48938722
72853498
43621064
81109737
16860030
5321693
73070324
72492474
73520045
13271595
54296905
59105102
50487601
45166485
45136575
73847820
10911137
82605481
48337901
31749183
61547279
15634843
15776361
2549475
47527112
49206184
79439821
44107487
7210836
24062449
91378585
22434400
64661400
3653802
80388395
89698207
38009819
69673629
45042544
88949778
52718364
58401802
1201270
69811005
63972983
42556319
22718462
31913531
59694563
40421603
90464610
38681953
34847924
55208008
5329680
64986549
85722061
89457065
83333231
49265210
83062084
12229172
24381926
83696175
54892926
41782741
19992285
15601748
70137796
78464611
15877132
21523567
15988002
43500074
86433668
49619749
89908149
71897480
88420292
73831909
89757935
21309233
75390487
35352981
48168205
88883281
61888046
59998163
62342652
89948899
43955919
