66570720
11691464
51526670
6083112
53882087
7471899
47321570
54667432
48495104
93801148
54889739
49923129
63239605
46975911
39615415
56335251
25530574
36962968
42113768
89956555
51405314
55615935
31686231
29923756
70705712
89499191
88913206
47026961
92781425
56866461
59839343
94010563
2273773
2928847
33775517
86896555
80785490
41828363
26635790
63063943
194446
12548650
36764841
40452980
64333767
92679211
37060177
63075993
51297396
22965032
29875790
36268623
89142284
82037636
30423672
92465961
28764573
30604997
72032647
41720109
9139122
73186466
2333542
74207535
43450679
16061329
50896346
27589236
53501995
77218633
69909851
1406727
1713926
34710595
67631986
8114045
81157966
65123598
7921432
32810907
41229049
37891539
49565576
7088409
6172455
25626350
11815726
32330001
39407449
68366121
1339400
88127555
51819157
65307085
51726656
13636670
66902740
22489968
72295287
62269168
44263838
64540536
36981326
86562619
16811120
68590942
83003122
64756569
75143302
53497548
13000750
14954033
53294179
22078705
38399074
10651213
67425823
61196038
70607245
32826873
88992550
70210375
7719190
53416188
39947676
37926545
45559919
89039687
54029100
58393741
48338971
93229224
39947977
35839757
13162804
50071679
56574802
61045192
11423646
68621034
938097
11152107
32946568
93538875
60216791
76059726
59500487
39425590
58605051
49303077
80460247
13622845
43592844
66992142
23264328
33063957
22055310
81767799
60535596
80251826
66424351
24220564
94625064
74466757
67735914
80064659
39267423
35932504
91202740
31009498
75211465
3317665
31905959
73432057
13554995
47333110
87616700
93806600
54715835
83080419
20232934
50639702
27365534
32866292
16337336
8264943
9240797
65417806
80316299
17711236
50662967
79350918
18647762
63846753
1326772
88208196
51193800
77846789
65030730
50071720
59234377
13957477
71012239
29336189
73723599
29518017
89578371
33816329
52457393
44620758
41687106
22117950
22740551
13758082
42071404
85329552
64600122
80675558
46127646
11170538
49042277
53811060
54879989
51403761
18428091
11539998
66140050
69594513
9900991
90661833
33673929
29339059
8685274
74644780
32779614
50924014
73521441
75438724
13836461
61682114
57492911
18482860
84801510
36881722
33698594
