91686601
80680934
30982930
54600224
17057647
34114447
53784130
61037248
10858656
54383192
6804795
70319760
13470028
85575779
200706
80832889
82135834
34578826
84513251
92900342
91780461
27989516
48479593
55978737
54855474
22228456
39002115
16297632
93528121
5294275
27539573
48130038
22639173
71953373
91400180
16944804
23207636
38829033
82292905
23811618
85968665
90614410
61004659
53417501
87396503
48668592
68318879
70930621
80102039
43698150
11936355
51123521
60140329
22552649
33684285
82890968
44189342
40849551
84002320
93029411
69525934
9209630
9070400
48601316
36211382
6879350
47626003
47462304
84855088
11691305
94144178
3816295
5630362
49126478
86254242
68845491
83210842
75408525
34557984
41418509
76807658
65796072
62203246
33201453
14069835
23251708
36181970
50582459
28666994
38019816
51517579
22856298
66664195
14371779
9242918
19319346
34651908
67426337
47306081
65719092
26306516
2687955
16065822
71872439
93173073
191464
69678117
58202416
15816852
76381689
43019764
50611409
48130031
56730632
13234147
39718621
57546532
61990019
53695087
32067519
49176190
7791136
69044825
84304766
42866015
33419896
36297434
19005952
41067589
5170374
27503388
88386746
13573836
4273624
60243918
64644813
67256677
57987220
51472530
13468700
65744980
18125990
6098026
4876956
1953959
8526655
24167006
19111743
39100148
62825642
22620609
29872880
23399104
87680222
67429151
44118118
14272803
10537993
41236864
37748966
69273027
80965546
23552604
40937230
66993299
88988689
32851289
60230955
382655
50896543
78986278
60163085
14600670
48054209
63015440
48981690
63912476
21460453
34969042
76050064
76128603
42764241
62791980
53890913
79145653
5079633
72153043
58850647
64346261
2718019
40248357
34018637
21804220
34823769
46985441
73681405
89574297
25607814
54913757
79320588
46779493
53950905
73119467
73283868
52413022
44646531
67164683
19387866
28987856
55898877
89147526
81963202
24238142
37814406
53545869
17272130
67860019
90076300
21720198
11225838
63708001
67055928
30331486
42001779
65526393
43614689
12246210
84342957
91761108
49118429
3068396
45875487
86837561
59648193
51549190
82527031
39908477
83819850
1163547
61184429
3290613
44964218
48647784
81177385
89526099
75944281
61691889
75876458
35510575
66706880
68807824
73136746
9637911
62295186
70110495
64512219
21615225
5325580
25658876
72327896
57335262
29926181
15600595
52753703
78079916
72521473
90789064
36341465
69081019
17467266
39915952
4354969
69623820
85242827
13923600
75777215
54954961
55710055
64344084
13786232
3013444
81414507
61403945
24720463
44489750
91996272
89079146
44645756
13435416
88366547
24462000
59317393
93797177
25171235
57227167
46228559
30776000
34954539
77387877
81599536
56927214
47672390
39503488
71625688
7764705
2834349
93030333
50861483
42274905
43664491
93163197
27076698
35566588
54091635
8466504
4615113
6060810
83489007
30195867
35817896
90465545
61643017
51178601
1852003
28622071
56222034
91035300
65014405
18430398
83496490
20889042
78116786
46518958
74398276
19322824
56122112
14649392
76651071
32227604
60969474
63888641
52361167
33171734
7503020
72719674
32145218
8200619
63657412
47694989
3305065
81585353
63561642
66499056
67167008
44446963
34704859
78098973
54314912
84556131
27120041
68582711
33937302
48555257
83238972
85280105
63556784
67663356
26615186
18411728
88219566
49180723
16953987
24332240
60666713
49733835
73900239
27200568
60985168
82274444
4369449
91547084
26802629
82680493
90999901
8233419
88594364
10415694
65673887
56573896
86246094
7062335
29641951
72194501
34602272
73311475
84661620
49183712
70357763
22793927
93444514
67474169
2540080
46690780
70385140
93218251
55614433
41496328
85160718
38452572
32043759
38412573
82743140
85166123
19969058
26211885
15564943
67120599
20035854
10789402
48384422
20575897
41216470
38419134
14828600
45807641
6461222
18680767
3459005
23710872
34722968
16351295
57274590
61904278
70794718
71831729
79144822
72559404
25114961
30348442
33099083
51117884
33836713
13522103
49626515
6521019
88365737
82057213
50201869
26908982
89359401
3321903
78088352
78662638
92550046
46443772
43247924
57241996
4691973
50929825
664627
87787585
24756893
38588162
61370461
40817434
8596747
33033391
30215225
39897889
21369190
26008989
25569268
89256331
87527697
7089776
39616816
18146720
74793161
72497195
24500116
51945727
8480510
21806354
93112703
4511043
80338351
35878804
81575840
23333238
49063844
19185562
77419290
17279725
53736168
24089031
63342603
50492984
23612801
42401546
16253241
9263615
7246853
89930830
42018201
8067049
9172997
64586900
60647970
74636844
9332367
742056
53540780
48866936
81261553
18780954
2214908
23203172
68820470
72852532
9496007
35979120
33360480
68439057
10102832
37494569
65804061
48688651
52060904
54230246
81798182
37175966
30661812
63593673
3181792
86659709
47101778
76658512
56651020
37879052
49399634
16054358
72094023
38477121
22398342
83496487
68064455
61929730
2810437
93490689
36911167
11317347
87757763
3132592
53975602
31253750
29689889
78009431
68389416
89000622
27861537
39828669
27530634
41707964
40902201
12892379
35441839
7962133
82531708
45388564
32426381
85037063
88288375
92048173
54816036
27526346
39053244
3705804
90790639
51170933
1412195
2545039
86961174
82914875
75991027
10462454
9485353
83100502
40889984
37736285
59911988
70894199
1804937
31012892
74378941
9886660
6667022
86835734
64046704
37057336
90359703
4622223
22983048
88709493
65229434
28734260
24727429
16151417
87634833
9026013
73578036
25447933
8280956
73010519
11586373
1892346
25802769
16239102
11786370
92176240
17227273
60112754
55568479
11568912
21647950
52753519
49753972
84935383
60719041
4182023
24575496
52321006
7032376
66458012
83917067
69799568
55645584
25337901
33527816
15827421
32858672
8014605
92049647
13596688
43720628
32540821
48192292
2008597
76297817
43773588
63558826
25640447
65765272
56517139
29764455
72023476
73764353
92388903
33359915
49463069
68622243
24301167
33464988
12457039
44472726
82644549
92546948
93934189
32793783
68480738
89104621
66568950
14336340
81736835
10491284
43570245
74986850
26932616
43194675
92242159
54699849
40350960
