13074248
73603276
33455037
26105334
19095991
12105356
13413972
18152860
61142763
77332280
85003323
25373963
84983505
28912658
88770574
51269483
68016128
14906557
71822131
16380515
41333690
79366126
87951430
8128580
836506
37923193
14507617
3886588
77378015
53782363
5781007
36531609
74975394
52865790
23675029
89199845
25981393
10135359
7345646
75875453
5501026
11052462
61475447
71471665
65809348
61605881
4860239
33172513
74747085
51676028
58234142
73705920
8990778
62040255
23404
34956014
90297180
70081904
20972960
55729456
17685814
41325569
50282937
51857377
11849502
44743571
35916114
60723778
39904435
19927376
46194835
33020885
77463933
57805793
3430708
43935637
64933394
17690566
70852041
9024222
35439854
62054571
40360983
50167141
65957740
75631259
90841486
51678199
89164010
34022772
214933
5178565
79387058
21835378
56519216
44972140
61874368
85296789
70353690
88373656
49466050
71598892
13268085
85484436
87545542
24176781
86085921
48897882
91492238
61973931
