65698773
41041774
80904146
44070668
28719739
34282335
72906470
20598399
33674977
49709327
7321993
9694996
68295057
5521171
76860426
46656559
78580214
91456234
63415740
61527385
36012353
90609947
18844907
24409760
56453272
11422220
46357378
26398233
39012325
57914117
62387721
39404221
18155743
77111123
22853123
89192002
36534732
52107040
47631400
14902822
13645924
71828955
27427132
65055670
42273584
10612422
74449621
47159931
28863978
67835825
91626872
38677201
3659253
87506655
41365894
83826203
63456085
58321978
42170728
60587499
13050062
37303988
63544308
10661899
67215087
37222970
66924402
44692270
8010633
6519026
46221293
32184777
9838613
63910581
12874163
72763825
12663842
56329939
90572176
22205130
80652842
60243073
26817397
87541505
48116175
75018370
84986351
66130156
21509921
10566703
14395783
48275012
60479411
72644629
68747095
70126370
30496395
51206395
78662368
89037579
9700097
52551348
575931
40925194
5065794
85131666
27439633
2657732
24006808
84006805
72357822
59711941
54077836
2661155
88398899
34694322
28841682
34037407
29097976
32854963
61056943
32097932
46296031
90299795
21896020
25099176
87111541
62504055
1331830
83903093
50135326
30320611
37236135
62919724
83202337
84620799
61106285
1315534
84219446
89410735
46512948
1328513
91560567
73157620
27333649
30930362
42987364
79878159
80748781
58068480
79895233
74558804
41300634
78396039
78251053
37280328
28863977
51088031
58006334
7023624
12985048
87561071
82424008
30551721
69683610
47976115
49494758
71136907
6939036
75912646
92487532
17682630
90170280
13260424
46477593
14421660
33586334
86348906
