14721353
65482363
12791906
12080787
12520416
5656710
35800400
27805071
13099805
69806476
73747427
87119203
11051235
26250949
9493771
88901619
88761373
79849353
84698568
85810539
34020252
42091999
38846731
57586791
27062438
29559591
88897804
94293065
74814163
1902321
56066600
1852900
20503267
92548977
28303483
63650745
58530581
86205824
91337913
40845156
82870282
2457923
48507348
78668898
53665473
86268397
66635635
23620601
25581894
8006991
29794407
28188180
6323567
34692349
26945467
5761134
81656867
39560260
66100305
4259890
66103555
20852652
72374523
23678974
45524399
39989033
6454820
32770999
94518362
25455055
45825964
11784155
86218380
59537085
78701254
80464983
57672689
92785790
71242232
23628457
37109838
89232911
20903137
14857274
53254971
83654167
50367310
47217500
15589874
9521813
82815373
37651254
92222502
87012809
30748933
51853037
52393863
73488419
80401470
75082439
44193421
56964782
4287409
49654081
91557745
21828450
31118888
6104586
20776394
80065026
23107745
93968294
69645905
94427112
50676544
15407276
91148696
39322372
56003149
31482890
38008544
10451909
22505004
19355732
79800927
70027578
18822580
30241412
67205373
80885559
27064320
14879215
42770789
59859190
66162968
49577790
30583895
13627199
83565897
83185263
25343903
77668046
59796335
17436058
34011316
63101514
81259008
44109721
65736748
1183639
76163040
27758493
40766757
79717277
80074027
55169096
15685004
10116247
71810104
11239297
77409234
3021877
12581635
23121561
92036839
30052145
41587867
8138537
70710508
82013699
74684026
76693280
