80991838
14516696
38932137
60164876
49133994
17214711
18040147
32809211
19534707
87212719
71850131
40751583
39495596
2936265
84280543
34514057
49693526
13529005
81044542
18161770
57952191
12992959
7755050
72517783
49739142
39305001
3422646
56273481
53028102
22543546
54996897
58101591
74598340
51313015
70987958
82416034
37157965
58273847
84682450
12075134
54981608
83398541
42374006
12710341
41743552
21220804
62842990
93078657
23801906
83014148
91636872
62729929
62942074
85467372
37729744
14628363
83883942
17419472
84469326
39299893
79000111
49173426
48201124
67532861
60887389
28969093
61320703
20914487
83328926
61633611
26539235
53486505
63810608
50785643
22511777
68023231
56577368
13472186
75233504
45336073
27320798
8281831
16196928
4997864
45539014
78514131
61691313
63748994
59407611
50719136
2508737
12062797
49441483
51463230
77507273
11499663
67799659
86033668
59857058
69561482
46389584
81540311
63738488
85877497
81216819
6167202
60303920
85381258
35445864
68841946
56371031
86684130
71546251
4371334
19763605
41083579
83818552
403251
80179861
90079385
34254320
33053214
26501067
54488265
27530727
18230839
89505747
51692983
43967901
72374520
18121114
35691029
28036468
81192897
34747287
25907492
15207345
35152474
8588931
9460570
61176883
35621159
19072788
91542938
22432539
68792145
46813694
38856915
17440098
59793742
72293931
22863028
26028622
60734985
18882221
31080115
5313621
78208153
24765515
37878324
28168806
91848251
881964
31205191
60153437
20512087
18036012
31049156
55765287
82685689
78410771
39792411
20218610
24635358
43858286
70562597
74491549
60794989
77614086
90925005
12279733
91059995
37837784
73013163
40382076
50789747
38025680
59614550
70959771
55110687
23015373
41375541
44856606
71841706
22219002
57245781
8861605
16029596
24821862
6160163
84259179
85775337
58528066
84990132
59804220
34027757
53284791
85163866
85205215
7278302
30993079
24814116
19578385
20131101
22598774
1346079
79624923
83392672
65587885
53569777
39765562
59586400
10503115
77276307
57919437
65368898
87590229
67376469
70431252
38605230
9460931
65577816
67318710
2335702
35136562
19769039
65745412
856155
75928261
69873360
89886400
63365233
53345081
19023936
64854220
86961134
30388596
65404105
27048479
23717650
49960968
890056
8900100
22871053
53087536
33282348
89200804
22204404
1224776
62890419
41819990
87118018
42445077
46312734
16319238
86827552
85313525
17086313
47968590
86400408
79863677
54302083
47468810
53459801
29770084
60290325
38733236
82963550
58365947
62777708
84633712
39980914
41428847
2442552
74440052
18639360
51372422
13681039
46536841
20405267
92308662
