74351894
91338509
31265
47207253
43714350
79313690
72547908
16572077
44786232
57223524
53071653
5479559
93813136
26389687
85192656
37293990
66255290
40500534
81269053
76137507
43085411
78134043
40607898
46651899
15515930
88892166
40760679
7623302
7338457
29640298
63547171
63756130
13202538
51364218
82976102
13218931
35452991
17545243
76704164
41318780
75867209
24486251
55781743
47854206
50631074
41236108
18726928
12227295
73326227
49887331
18968189
25886000
9416487
11039521
17225637
11299567
12644902
30069011
65697589
11014311
85987652
84407860
62458594
6133111
72045841
41014198
18113
6567927
59058240
25494850
85550618
83477371
29723135
56155148
22856476
24914319
51860924
55945367
52677721
49072836
89973755
45264552
64423236
84697683
35399257
83948636
19467950
54151571
41060528
73896695
14306495
7595745
63138209
34351359
72460417
10265613
85317899
58952027
93318609
86020283
79573344
4003353
16678470
24224297
83243173
23202393
20395042
83513341
2841922
53366797
23923642
63929465
43877252
10908844
9611067
31243509
81543920
4667516
21271403
15062181
48441519
53615384
79127524
25811746
4395688
45264560
22869375
17872274
2567517
32328509
87816057
