66228318
66762485
76417645
23643612
66321910
64996872
53716160
54569876
3212838
30313635
74435676
68148646
63686961
12776891
84598017
80074745
71346504
39914625
14017782
46354817
658148
22373301
31615317
85662821
3532567
3752786
82288793
23499901
17881189
80289281
84471237
74587675
5675189
91678476
51254217
55160089
44252312
87570652
74262763
69888004
86385790
53844961
74174860
17703128
84387661
17382837
3242917
70741589
86446911
63039537
42590004
55821771
91368488
18159513
53485877
32669296
49587226
86921825
11382833
70962852
23035791
92272797
20399711
7689868
93825021
92976892
9069884
8772384
6293237
4943045
67033825
80630220
72998267
50714149
64131845
67261695
44445377
71536815
23835427
61763865
44553120
66642407
4703934
62401272
50484817
41122907
15006471
52665064
69646697
50995282
62778762
55307034
68974454
78145933
44358403
65156044
31242587
90052914
75658512
387868
87241389
25996500
54004614
38015807
92502203
68118728
52408974
84548729
42919392
45737542
16767289
56923701
56022126
37839639
86794047
70506213
82376118
33980288
20630855
8515789
92625784
69704040
42083568
43862922
11075109
41455920
63894733
71910318
49290334
90895850
83145100
56187617
49736100
75482114
50662388
24217248
22836614
52179169
87295376
61328898
32625740
56805842
78852253
32357640
31948580
73944796
63651733
50198572
65128042
43993433
18226981
83400819
91951103
62778771
32467306
51631802
71595339
86704266
26042074
68549594
79619735
63390878
54349016
46707480
77889865
29462462
71639386
42465405
47940037
39215096
33369614
14668346
38556093
10020610
44155882
42506803
70506210
2793091
73540321
55806254
8183682
77727864
76127961
73892862
14965819
45399005
45391989
8197614
60322208
34592525
3894603
24645597
55583392
60675341
34866431
43116590
84273893
19153846
65431175
5844966
44557745
49174050
1911872
58322739
52111863
22800302
68733007
52469568
64605449
25271007
69501158
84625910
60624512
27002474
26924477
49494094
19576241
43165010
14220043
53763696
21092213
57084467
46214198
48719434
7196566
7421170
50046736
82377502
23292925
8257267
48455834
85288277
53118105
21793686
33062922
30620953
17294922
29910062
50628817
67498002
51139499
87589643
19568332
25788613
54758866
41982459
43645810
38465156
33642690
86892588
16711431
17683717
91525798
83757475
17912120
71359716
90260243
25376938
41884924
23314077
26578455
60624516
59744941
17946858
20878675
10935863
43617563
88078286
29992398
33671363
14304626
92894895
7021428
36791502
78827767
34263333
68983549
23632389
29694236
6005798
86954757
13058125
55690322
90142933
81561252
53539064
35707463
88053398
21820993
73506457
36479909
48767122
9204156
30004873
58481606
41996686
36503780
8072543
4646891
38494952
45411970
7709156
45203604
30080997
