86097672
18766233
37285878
52263133
29280595
21112436
49243828
49793384
65990906
36346391
322280
49954913
40674575
86801076
22782963
60414694
26299258
60295504
12181847
26154175
33345920
7579473
35811997
71284693
78826757
17295981
19858151
87504413
76083668
31326788
58692212
48719458
33707544
9719040
52685372
91820119
71411382
90942697
61520442
76587062
55565234
22093750
36846031
4345388
79194229
19791452
24948091
13983290
31470669
32127147
29169527
26512248
73247217
43495648
87718953
11594778
81320857
40180426
81177044
85549638
38089390
58954151
90625260
18661761
66544759
81909479
92698771
6534298
19939662
4940887
27764228
3613154
58518305
9553379
15690699
2361030
23100336
39832554
2331374
73554921
29077992
17823734
56676243
51856896
83308354
74287736
49261460
30565634
87042742
53770518
44194131
37416233
55313998
84277575
38129253
41704110
58857692
37648064
8124022
3392649
3005609
84590628
33559031
30911992
30844196
16201728
1156861
82151856
79065012
18885783
68526050
82260286
83373454
35991595
21192018
49508821
69407193
28260551
61359202
10452041
90524796
70271485
79534634
136455
80694894
88954664
23491303
47201723
73333366
8052640
26324666
54530098
27462691
65604059
26175754
90007328
44139135
13370826
78349401
39126527
39827061
62774288
26199237
38977326
63645305
74061063
88973200
51880576
2669434
9547392
15387266
5253908
74701295
50394577
40775477
22377160
81542738
9466885
16522408
39195892
40958100
43620061
51661614
8093336
79342191
85031714
92466320
29858877
50455426
23206601
76002020
86061464
79617758
44314991
72813841
58531827
42924978
72000418
92692324
38659495
80277254
18451768
53504769
72992302
21414163
20900378
34451531
83492409
7017539
34951547
78185943
63671919
41765449
10573129
22077751
20571133
50555317
72127160
25183493
46205240
21623123
41591127
33949330
45441861
25220351
41607678
91794452
83597940
73300281
54610203
47959206
81084282
31956840
65890202
24219834
14747990
45558025
92550330
81122586
5335360
44871325
34479413
18156955
73838998
40382345
7991153
66081496
51263183
23200859
39808393
80520601
22842259
49248657
82688915
15058346
31755748
77582903
21489982
9668682
42173478
40331527
14856664
77608264
48966439
80535569
92388481
30891685
45056867
3142871
62655275
8040094
86597073
70403756
42790019
73606643
39938156
53733267
76577690
63938300
2092233
75859272
65956075
70539281
30931911
60228134
3448866
42957603
19944078
82852808
81781603
1666172
56880202
51625175
85422031
52668438
90968183
3836577
53148994
26365605
4754978
28978695
36778018
56505420
80888593
13142321
73302669
88805702
18649210
1677306
69090127
36569777
22020727
57039310
84678599
1028960
44697422
75584288
77352833
79044946
29479856
51401501
19273370
49998269
1951207
50782183
41726756
53419400
85226194
31939274
80553041
24527312
76015137
71341063
67537422
81191985
53522192
86149348
37473716
91753282
68439007
36862916
55531377
93067728
63831824
38168114
16503294
50700430
12634752
72314961
77474487
29273082
91365660
39279306
9820176
43440617
3644679
10467588
2026848
79209569
38921733
76232990
24871068
3683200
63831817
48143158
2773098
87054446
81874385
53251462
69402454
86460259
75022611
10689425
35781615
89158649
28456935
78783758
69833352
9854457
71847126
72532490
65734668
61139199
17125907
62170230
40041139
31813974
89556145
92261228
86249813
56423584
39496241
27784810
26165633
85458406
30829062
70753313
35275889
42949923
12318714
8948686
55802312
91357
64155675
82428041
36253039
30448642
39625224
68621269
88275494
16365986
32673317
91901175
78894347
17564777
13346124
5292444
23215355
71639121
35116404
35537923
39195888
53631293
57679594
69401477
12951861
56226065
83053675
59458791
61512207
45126504
24851531
57516833
43934321
69143472
3405202
90689606
47264663
88658909
86287544
18337581
65278321
43232628
39982231
15947233
84506400
84294363
81645461
83127991
39412833
88628384
89859194
53288373
39381613
19119899
10533655
59353517
15403283
24868278
92910262
47992136
43371155
37899665
69971419
27393668
82595562
26008585
2534868
70398192
14588321
23877743
90820120
79756363
88937691
66640518
40525521
60668786
80549640
89921580
68586032
