79596041
18100242
69054790
94503859
94089188
79238963
56626082
30155666
37474921
18448830
42387691
89508349
32853016
74987183
87487098
69153458
87361861
39828916
59964428
58238097
31741691
76850152
58413201
47994192
18144342
10538321
26317226
49377373
38715620
71071459
70225253
62036029
8985552
48093854
47539543
8494753
80216035
55806328
41365778
24717238
22389310
26078504
33097928
26215960
6738572
9470728
41121757
83043818
32282524
60914780
22339302
61315298
58901415
71835350
29786633
37475267
17838895
51654299
79149882
67565227
30194957
78670353
85984428
15022670
18035169
43617416
49148316
31481355
81399843
77132080
30789480
63860993
6923874
47298926
13305996
52434110
68420118
85899336
49917885
87420330
68367074
61946331
39668190
94393995
87097992
64715066
77306398
29717931
30540276
79927424
39311353
50374539
92192000
77577226
12605959
43106660
27489279
48464076
10836509
76427339
68871376
12182059
41674373
15198813
86814858
48196762
83356076
4347725
65215220
49618719
72344621
7593515
70258297
73956361
22232389
70579640
48068306
56622507
71896242
65015679
