47134458
48035123
81205422
18837174
8859561
13489959
69339189
23263133
76595319
90953163
61700740
44683543
42168500
75006964
67718482
33065193
15461557
92630951
71767078
72950730
6966390
39712457
88294571
51234424
52086741
803953
74654014
82417235
76781555
37421288
45188818
20558374
2827756
37839782
2830161
10251977
90625829
39983603
37290279
18593053
77314467
40391720
21222589
38935674
54376280
54376248
65480960
39654530
81752226
29221438
51304497
10434729
7697538
13297999
61232327
26203663
42496951
77255112
27608024
46076281
80222198
87013293
64471364
56764128
4393498
73178187
60848524
3345783
31953304
66803767
83285208
12145663
49678627
10317205
85740788
11400592
88033819
89033105
50176352
85970065
32255087
30679265
1104254
82479185
39108362
58026500
16644141
30012503
42110111
52872845
41656030
4183418
24592202
23263137
84294787
9310883
48482107
28637149
88627465
36902200
56914270
32705424
66361702
93002960
6553562
92691071
87013298
88249454
47648532
42110112
