83091001
10128550
55532452
34280873
13373643
57882281
39717870
60150659
90040824
49995345
92510692
58146278
91679724
80203430
93228288
65217048
78908919
40814226
39790150
57130188
11611651
19669744
50367099
4040472
31696107
68655643
78453568
32361002
84858820
2236168
16731369
75681558
10549497
52634375
91568596
94491467
63581219
87993592
84901696
2871424
28674383
10031955
22067887
93950099
63778964
81965003
11414129
73468864
90595892
34937465
2069786
47991919
87544444
1600927
78534427
57741809
56679398
22741194
49858091
52410980
19167635
56435501
25470976
54207012
57371585
83198046
3300688
63548767
11724901
49595001
94553886
68935288
34684733
56068448
81663705
49726859
86835243
83849830
7820544
44850025
40968660
71055994
77689680
39519627
62952548
58392811
56908656
44206134
36823250
61090766
55222611
53836900
79414580
17516178
80391967
33769298
88194386
17887980
26425796
39000999
42023057
16086211
22929088
4823605
61824007
3245990
86713596
93249709
77934403
34971251
3277088
16875094
48051638
51058343
88502222
86363145
66795138
79554592
26171191
21257285
76196095
82654193
3722697
65567495
31146489
59063272
54016419
55259406
5300206
46652414
17999169
75431745
36782840
43000331
26055660
32601885
84422043
27500056
37487272
42695337
71153879
45394257
39168163
23717977
65235344
74819638
28697225
36719797
5431154
43534022
42263585
87539644
9336364
43195235
15303330
83272816
87993628
30913859
28180413
40742289
39028483
7035354
35471858
41634465
63602087
81062260
53003059
11497345
32409429
84794533
28996989
21506064
39370962
62666262
52083344
31403988
67175773
34937125
90717120
68319158
55122828
47673114
38952018
21673277
57957093
69415695
19620059
22727490
55707046
42622494
77534591
35451953
86836449
35619690
32579025
80339281
80831808
41065287
23313698
86338196
47979371
22903961
87322223
68050153
5151575
16131729
15846307
29142989
11154299
50523007
15122784
87178424
56876757
80700152
48120041
64199633
69782422
67849887
73451122
4737795
4775659
53887496
80449529
60085869
45182740
50336036
85888293
53749771
66150707
74956038
52023716
65687969
61940673
11644051
74308410
13505832
38306155
16967598
9082214
14029639
36514994
9247802
44919919
66392766
72702098
5464592
66795552
3179701
92177462
91583466
13224159
1815186
43062039
75845177
1366781
57879166
25883473
66710778
38884641
19374661
12298089
32001340
58159912
91042050
87409395
33694006
27793176
66661714
7518611
24284040
13677400
42139763
67818007
38415447
78260647
78913371
55402290
11021916
84122687
41523647
72795556
54782356
28554521
23714228
60311538
32433288
77279583
3439056
30892302
74226988
80668728
40228986
38573887
68090243
27839986
45962587
51063403
29306748
31319898
74876344
68187333
15984489
12309823
54277661
47341758
7979046
21272150
81203745
78358788
64038600
75915528
42438029
34134567
724413
68231711
12273793
47792797
52474032
2257102
73522631
16271521
46443109
53634434
61920373
86357239
4561375
62352379
23621414
71193363
28438909
78371941
37207181
15083760
23846724
3072394
65280400
55669836
26488118
76796677
38689305
18135325
60337626
12115175
82363100
41868138
63412835
21899598
56724688
47451261
9347063
6898504
39066004
65919477
51771408
74686111
76794875
243411
89108701
60442629
52011202
31208732
24465423
75540803
20161506
81401960
44493992
15908270
38736126
69533654
89367696
76089595
47573763
18891612
49132330
1016407
89982506
3500064
46061937
45481270
31591258
19680689
15554131
7421169
90909246
66439691
62548614
6601827
87251863
35568438
62525501
79483797
76528977
67802519
7231565
45983656
74146288
76671207
9139593
34828166
2030194
31603330
18312299
93823944
44388011
74316539
61106002
5621037
26217023
27280178
52502740
19910863
47152696
10603722
46198005
46423728
8375667
85829263
29316436
75302812
69393082
57048014
37936113
47316746
24318268
33427603
31890718
34735831
19680101
46982607
13626411
38427500
35179145
462829
28360632
24336156
14790429
89994907
36907506
82024752
24596833
64586503
54854841
92909014
6748175
26127330
25334131
64526762
30906807
58583088
13019686
47000688
94081745
52042706
84811814
62322561
31438815
55917849
27923111
30194930
47985053
26403331
30674399
83674369
52440789
38822146
8891064
22115635
74535445
73216185
31291540
90588006
27009601
12478458
83520046
34533743
15326995
57665252
6861180
9842350
67821599
12687223
46522767
39156548
36808830
44132040
25746313
46010459
33389157
60498673
642418
43024971
92268758
53609363
63918290
92904839
36425470
55935
53938250
32327189
36401594
90475835
66092304
91186575
29533835
59472328
76935661
29510458
43856632
37739556
47214838
31579216
36589742
11425368
82311362
43683562
19552806
58059832
77187475
32116689
33794412
48838042
48914442
30024914
66982076
53885813
65485875
44793889
6393785
37285961
64818736
51898174
49892863
9727717
82167697
42979675
23453674
43137132
40239869
25635825
71986340
55447934
19070596
29052425
30626967
74256588
41474475
16858574
80798245
88488702
87829339
85203025
86988198
38335087
71747377
62369880
86262520
29285080
12735754
24905625
3739193
82206797
27574860
47980380
94231191
27233141
69618151
35031250
33688560
87934449
77155476
89195292
70641005
67333789
352054
5003797
50114085
59407010
44897790
34982824
19787893
40159777
23875476
77570264
56865939
16746627
93360260
40848193
10780791
50589939
26204642
51786188
34390506
37603149
53288319
10332368
90945189
65576598
18293811
76523995
25929741
79248078
41092451
65909930
67344644
51085932
62505223
52731340
58243817
12378210
38725075
29763363
9553036
3901347
80042495
28990333
40615337
52266323
37500062
9977234
78699993
81179027
58897232
56493605
66421654
50504479
48618519
26099296
39462879
3685293
6486290
82145973
75428453
66841791
42138180
999999
41067435
39869472
65879781
24104084
24458201
81956056
18408482
48474883
39865562
28043862
77184494
69638870
55498994
4953938
32551835
61580165
83096042
4780647
50907408
16319297
64114638
49323663
72569157
87065544
43645164
23649570
40225310
94396039
8838135
78765874
22465776
84230177
38196444
41430547
62642925
63826615
44659502
62685567
9407836
83344785
57153913
5394747
92674397
69551007
23448335
23944743
68452322
80509910
40164365
25236831
75218760
44597083
61818197
20203144
13558002
57312204
33505364
90767393
31896235
86935608
2561745
83018811
40119647
22118269
59047735
3384603
6061932
62219786
2335316
44250550
3573779
41292154
18315106
77713935
25217744
60356899
15854412
1338793
57431319
20326567
81937876
40744790
35092834
9531907
21889907
54522562
44214752
78075995
23245749
61179969
191789
7212712
28500966
89289614
27364152
53654744
9358877
20084127
48383262
67377033
81199387
26138548
19678186
34836994
32750508
91807668
83665645
43102143
91026593
79755901
27718698
68722461
92595534
1593786
22246742
7383887
29535635
25891059
26415741
88935458
49527085
45829139
83902916
67969835
89342634
27857376
55576049
64741645
93691852
29684987
19776900
4884759
41109624
45855694
20861921
45257494
61944618
16841589
64434140
19861116
65069881
29759682
91288840
40343435
41776310
19855784
57767841
77532913
65855179
53952584
42089731
70853746
1458270
60297622
35604445
40739472
83132640
52409597
32086152
61636978
6735494
37100819
28349217
59203832
86423435
8627484
47900672
85415461
36759655
27483497
82959459
20056662
44627852
43547835
85679767
58461811
13081586
55214241
39176263
26112812
51457315
66624181
85998927
46675469
22177951
66445701
34704443
40074847
43951829
13671068
79947281
49860727
77430102
12313258
31893310
11728770
18492565
76172035
87307076
90735775
10622666
45941204
64530699
54135985
31888747
61400669
88922479
86490020
40227092
46670818
90804770
84830175
7338882
19954282
83395340
55727941
7029228
29845198
87005040
76291784
47853360
91266293
18168895
77659170
50052718
39455555
91213864
49674614
46685725
49902338
7163016
54718356
32868381
10952337
36259240
91907698
72534196
9379203
93198487
7487513
86370302
4170831
92319556
69368657
75183705
34612185
57717932
44002151
42653546
34940463
44487011
37475771
66625207
76817925
19792025
30809133
3748230
72157999
62551929
40971200
30607834
85307523
73842717
93302033
65633709
23680677
45198478
55803633
81678550
25058071
73141297
86553600
5562630
66408304
73992027
75567633
70983639
7982240
40354473
19488704
47604878
53213927
4710703
90232816
2989930
1437246
12515189
8823485
29147817
24048355
21225122
40532866
29218889
12316509
76630761
76722645
19710310
12934677
21773205
74321976
24282570
56411376
58686639
55837408
2537832
27330654
78493675
36223611
64675508
20070937
43835119
34182075
21000807
37013689
83621166
29710226
47101009
78320326
86393151
22346866
30352101
55841468
14345374
85701203
67199825
84602246
77328846
71122990
25659903
91989968
65142182
88269365
65810883
31110536
50920525
26937857
69448173
4587387
17236152
75893031
29782431
77754643
92990861
492336
19261630
37384981
68873370
66801790
89869107
94048230
13179769
74823400
26997344
38486520
19941961
67441263
6216145
74017992
58437350
41595105
86897795
52129013
27147199
1161779
31672746
87606459
26145675
42191891
44227438
78729987
38756618
25717201
48227168
4976492
84706427
87935116
2193769
90452664
79389128
40885441
31207659
93247951
8884446
80560702
27607980
7848926
36579665
39162446
80940824
21330120
38368972
70098766
12108509
92129004
53792492
75855529
41381263
65163660
29179719
25863394
67058170
84373135
7833341
5108736
10570374
86264745
68400687
51055132
64239666
19016022
6698877
51905640
77649022
79185541
84286598
37027658
69292648
78101213
8799006
58248466
13263968
52595952
70540424
12807255
36602842
72312635
57330675
76647192
8282510
13804307
2940750
91706188
67020108
64411940
68315024
24490942
63711361
21513641
62861357
73803976
5202614
90889723
90745216
1829804
30918124
63428436
13949782
60190447
92342364
69822690
90599653
24749957
78985860
70690400
63652636
34729555
12648947
89570068
68279054
11514974
56602558
63672188
47178703
56831526
50748220
7581185
74547031
41117508
93072956
13917362
44350209
24457100
68254525
52065486
24547963
11091690
78726064
21054437
7855758
15521985
91561645
11734014
51809646
41880632
83505520
48988145
70125317
26315157
8344708
17161064
76882662
21554183
91536132
73283046
85692635
34248792
32867107
45715522
18888466
52218796
57966503
89886545
91797065
16717643
54319597
44693997
9945557
62738929
4180803
55661949
20774917
37998824
65772134
64244329
88559951
7957310
64465891
42738143
7619735
59177922
53319685
49152712
78112641
17449989
50559808
10238976
86865738
78706573
37426632
39147933
86802814
31874736
33285743
62493585
66607131
87378805
17467839
83688350
43578576
92848449
32679633
3582967
53813199
21121113
39642241
73942221
32134052
82001872
23016117
42046132
74707287
19347908
8188229
59619465
25408210
2381437
74836970
60924804
56053674
87724455
77454524
88527719
76362880
28366708
80568784
31888674
64704862
23927846
27686591
86530532
48076588
16518428
37453240
46616594
88506014
91343932
1766951
83301980
89264566
34475053
64142812
56237481
47809582
27854125
77113334
43516041
25914104
17973067
20182998
23441404
34810453
41583686
87497347
10218915
77978740
26167117
32955640
93589060
42260227
19391387
88760907
24904503
71601359
76566896
81945063
78750110
22017514
78964837
57772570
37217208
4400100
27725514
19469613
43045651
48612326
17436369
55144623
62218884
55469000
17758383
74805903
19229444
66046862
34565455
31112664
72556081
84266421
93417182
40346208
71511476
48431031
88456349
23556371
41171585
50651636
7189060
51923443
87778717
34130451
61554493
76718033
80783819
78422251
88399766
44893625
30876861
14724888
90629515
59219369
9908280
57901814
70297929
28240702
89571401
87035223
59820144
11653624
45472261
28810236
29961578
13125450
50677048
37891655
42665741
87339693
83835123
69514088
17592670
75816236
44601426
86686559
90451646
56382920
39227290
93170632
32914087
78693094
29378981
49029372
43107300
49026361
79990270
60503539
89399832
42293842
38933411
92779353
15731449
83987952
21889189
6853350
6473887
13916402
61888928
93837866
11343861
75027710
81199780
60912062
19504322
83970248
93692590
58194736
67047858
65819986
7975778
75591622
57863299
29151826
29670002
31363511
53308527
34207245
34587681
94108588
59644828
83899347
29844971
72963384
7074826
76370881
17903323
53563142
44809131
16208578
81232536
92180448
10222159
13718076
38206038
28911228
29244662
33014398
16275657
82032869
41128323
59828101
28531829
77964299
36239256
