39316615
69596223
77771924
4673252
37880501
56689195
32162136
47553914
17887320
4207455
87392673
13765623
71952968
14626990
31568238
90661046
56654318
15627608
72268006
20766902
48953139
50503964
34322594
78556949
30121651
2181672
731219
6793445
33341003
23570206
38578689
29458568
91745987
21415311
18066383
86659795
72817140
70249919
11098338
4904910
66571591
37792061
80026230
51966047
50415379
15140625
61599374
15087226
29548314
44291516
69306608
32725188
48573841
7445075
75140225
49168264
57754400
64628329
89119887
37528056
87385082
75879477
80110045
54874159
84032538
38607716
48883313
44057247
61012388
84462251
16061057
28955728
16826915
44803197
4606527
12163950
27043682
