21972426
39133977
52197315
15880198
68614850
89799100
29932911
30600432
21149652
62480372
75768045
87010771
67427277
51749479
79801555
19069151
65041489
76595129
20086973
49702521
4616253
34274093
35505923
36027406
61487374
73659018
66488625
89535749
32956173
83014274
37734959
32026955
51318525
69534284
28671425
36987023
25529488
7333361
21550681
51533511
16015050
94562033
89650259
41071941
71330694
1476249
82032430
9488928
26408356
89563878
81773842
73308288
7792164
91561625
29819255
85254635
11762700
93006737
790238
82560868
41357777
68378713
22786446
43288396
59861844
74866230
93490850
28331473
31578720
77309947
3720904
3386435
11518333
92819739
16583558
31447118
25181592
82661635
8471248
83680059
56180651
91424880
6723376
49381726
80381007
28621065
78290278
52763662
62845418
16203606
41105907
48368215
72910837
19774531
11245920
81354421
37302711
54913501
48524265
72745097
72775675
2109138
68603867
13370828
64092184
68383227
31604674
16770125
83621513
12093598
22759045
73608596
47695090
43377483
67537096
29883763
68225984
11845935
47362233
28562788
16433460
74992512
58079339
57155823
70141609
77932504
14241261
76632701
52016106
897722
73682811
2543583
73975747
29075047
48758030
39775318
70463413
54478789
30229851
45288896
45483876
71379608
1287045
2216544
47366244
46667808
71840449
51045663
54827270
44512239
80116271
3864551
1806544
5790180
41308398
16584016
75055567
15545465
78603487
46243480
65349699
4571088
43821433
33307846
56792035
20027659
62232327
27728123
37062480
87414723
11959444
91004208
29497909
21624393
36278093
65722865
28383985
18467271
27044131
58595880
37432110
39026716
63838524
71386504
17195358
47484416
58509988
2205411
13936403
67496613
19367609
74696482
5311296
61071773
5623319
26145979
5305460
61095070
79005083
14948790
88034765
54192236
77140939
183118
21979565
72430434
