71153913
64041790
64726594
86611447
75745339
60647168
88305213
2539040
85038252
51685279
49423422
50395451
45509903
1653860
27107805
34089574
68548610
24221472
46737632
83793600
51464244
36081303
25986892
83901439
49122567
24999360
72208
62349187
68826084
29107425
20028786
47668545
27359850
10728758
83799391
86966599
70021899
25188990
40279007
80844266
88471355
38138867
74961650
66194108
9381828
31676297
79650443
61863156
22707720
56132338
83005309
36030705
90547854
4903330
54708923
82864180
77826230
46784258
33831390
42502952
75812260
19433476
12273517
39636528
5128921
39552067
36987586
6745300
75958781
44054322
13455410
18152060
83791105
48730939
78026464
45663348
67758983
40647986
37681537
2747032
36524916
27476956
64750541
29068619
7594295
70745672
83095881
56692450
59839902
80718400
56743876
76745749
28014806
60467882
7624793
85330023
78605314
74422063
67278545
3793141
26968315
84057396
63258595
6871685
50874004
44386154
12075574
88793157
1293359
75089543
21242057
47113617
76253100
87933932
5295573
51331454
10301833
20591808
17311657
25103762
27786006
34986651
2833868
64451421
87126449
54080128
72325803
91292338
54131835
81105042
7244716
4158727
29899139
22592939
68759815
53214876
84819020
12189052
54485969
69360372
65561569
59495410
64560763
15633703
87862195
79657754
11808449
11907390
62822503
35562592
80569329
80356508
20669021
48142180
51635550
6167885
91461028
84867733
74901785
25597132
64316083
28874914
52166056
66210702
33263760
9889529
21135159
42470951
82852225
79977231
37284611
81013314
69410325
76253098
14597123
54792674
79275649
36787515
7992698
46672321
42079909
40287835
79558827
51220030
79017174
44472487
63001911
32622368
82053089
78984835
88348533
58450037
27460211
23552923
80356509
48342660
46412932
38261859
8389259
38350859
67218262
11612130
31736459
27125114
60016863
51092752
41347623
75662900
91680363
49037172
33330218
32668995
93024873
17337015
74778691
25162332
81475316
82085754
11095717
41931064
20251048
78809537
42774146
29628288
11792457
67906518
68512817
83016926
11267885
47389218
36472833
61157988
4534197
53464738
87943562
94399748
29227580
4712188
66891652
91006843
57614196
20456451
83796026
56303754
49549541
50736072
84313661
68167873
31627511
51590918
54283309
86505249
89696491
47493051
11673795
82362183
16050295
17550052
16485171
88575156
29498149
87085800
2213522
75920381
49801235
48494433
61856202
41696187
7330425
71956572
91305567
54265565
3428157
49401515
75826587
23888053
40026342
43465078
44029149
90570143
