13523843
68922597
15827719
24336893
3045397
547728
38565413
18275252
27042689
15049708
1419986
69956198
69711416
86349723
59785884
70257732
79753195
11111581
25764694
65096487
54419258
91449432
53588054
48802002
86887164
6462888
7370201
54535662
69760290
60960946
1241425
15786848
41634461
16699413
53699298
67214664
12929871
12954348
47882638
42041430
84330395
32752123
17732337
10986358
15412977
86678689
47868057
38423230
41568148
30496242
83253106
30451641
12371541
17924692
700
26559598
58201265
85193412
43781071
14349990
37947691
31594733
62243497
12141402
9012632
46771435
26163010
74041663
26939242
55610699
17729678
30365162
1651969
9145771
38399353
40011833
78556759
10213563
4029388
75867268
84058127
41727681
2676097
23368263
30979583
53585854
47856490
36623747
87911196
28301001
52833607
57545672
16528416
74829130
65080206
62664642
53755060
79363833
90275211
39905767
7631041
37939374
13272816
65133523
29850944
32028799
29419754
59385303
27756068
3736299
56500451
76429830
8520164
85214726
47039776
80252373
27201157
2503233
29423152
80717972
91561549
54808677
12797326
26043994
60470434
64299216
9587936
81918819
33082019
18199952
57791792
36290701
24716364
69807055
49735913
5298376
18573345
87611405
54934465
86057501
23950224
67676637
47330143
89057965
31619643
29305277
49062916
33322484
63708009
79728333
90748464
92179819
15880792
17668981
45439246
25596812
20026005
49729203
24331112
55278272
85867027
140229
