78574991
31272697
36877318
68453897
83412156
24438875
64484335
45904065
26168245
40625120
74271678
62661572
46339445
6211930
72930893
52611865
3096433
39200855
36572652
63454088
35496028
21426606
49528206
27989324
12521667
62724160
58293639
48334422
85343345
52028641
3296823
55499973
64961586
52148588
51619729
42511482
91709211
14944786
30390941
29207172
58417537
76151993
22356606
58856665
14977264
28479878
20463751
62499349
53817061
12442817
54218606
26108266
73737968
24990105
33354699
37924591
33154725
77821816
85487981
63224253
16496366
19251959
9077197
52389817
21846764
20407453
50020319
81314350
54322607
9721201
65920182
51586539
52081865
9916523
51644461
7379626
45808096
78780592
55556670
60413264
17829426
56183517
39322219
81269136
30646221
46862149
19635761
65873703
28723894
13989517
19363349
81973695
56233248
49381280
5156420
8155579
50081605
27550578
92000386
64409449
65250750
18712158
34410688
21638876
82944535
45610929
21871775
6620241
7490850
91729138
34495054
75463676
18510437
26044829
45875323
21350972
66671080
6041141
13615949
23059073
78727421
17774978
54255879
79925772
39348701
31377914
36023523
50275064
35281905
91515029
68549984
49296274
10291728
37517793
25149948
21760795
84293903
18731343
23642430
6257517
22013417
73468645
28476420
46614551
5136292
76509628
61128347
45744294
58330654
79942352
50148796
23778041
27897644
29697883
23950961
4427142
72733746
71884008
417853
52203561
21121584
16698642
90201275
41813485
48019342
1513786
87270133
39942882
58106400
43439415
73687292
67835103
1138096
40612231
38408854
87242829
69302539
4235710
13304093
41622226
88588800
69497858
62096287
62843819
22524017
66921625
13726551
93096887
87650947
7700384
175814
65224996
75348500
67985334
7338265
29950610
19487481
41946327
37401765
24072026
51813538
91721833
66431827
23091388
28044792
29970524
45404973
75398972
69075210
40200387
23924020
63905084
57167941
90281950
57646031
89494830
92852228
67647658
75599203
41654721
4831237
37950388
43504353
48069566
34393902
5602230
13662905
12064013
79793498
7360321
58590201
37799841
8559755
48963091
2417343
31659793
8040395
54571617
61302454
83312139
65911585
15012766
54455981
422950
57321219
90743724
71097721
49889861
49835445
55042751
15582768
31883674
73545236
10845686
88963297
90728956
8682417
16905822
33753410
72982437
76555285
79942648
32227293
31513406
33332985
14349879
39598770
45166167
24590860
63616606
47733580
59328009
65071695
58635471
35623141
59153913
36406882
43550369
75399523
52885908
26466458
92130494
20490351
39327953
38236907
59388813
27391843
46617748
16290801
34966654
59574466
25104690
51708852
69463421
92014531
39551616
26058386
15768166
91035125
81362074
91176860
19931496
46699968
5195353
51489893
28147568
55769588
61643074
19378981
25917206
10504465
87818424
7290403
69135652
5013059
37348297
67591063
88562923
90930662
73940710
82939010
49905083
53076381
37670138
67299535
63538843
52390219
33211016
53494958
8864904
63818436
21195092
46527748
91714992
42903842
30441589
61295255
45967385
81680687
21906311
49700363
71645975
40096313
19374
36953303
24474705
42450251
82266848
49808706
88106932
2612612
69057202
51180520
44916145
2343273
87204719
48546637
49296272
92818134
75250942
5027909
12201257
40693941
49792683
91843670
32031606
21994426
77449835
63404521
2269081
68763746
31862712
4999805
43990817
60019391
35052916
23552105
16454983
36900062
40454265
40921759
91346525
65946976
41985913
57841743
8977983
60197273
71882552
3914051
30318815
32114381
37342035
86408029
22002068
2050315
23018027
76844419
2979354
86778098
44994418
45656197
75892404
34904445
42212673
87369450
4555534
92898927
5319556
86557414
27775250
24547056
93056209
73661206
67140150
53241254
75077916
48445218
85488399
3801844
39859172
91843198
33183151
85935391
14094839
62303354
33283307
8315710
23149239
48716632
17490041
1363596
60550352
48468906
476948
4466175
59866148
58656792
38378182
43023154
88266414
73319777
33781773
71462117
69687309
