19687665
5359991
26807283
8589153
8555059
51370805
36011325
59537328
10949576
60283048
69651490
66976280
55567408
8566718
50911110
85906319
23620421
84922923
35064197
73674174
1757604
33510443
51659367
62408547
76350501
84818723
41634587
30163048
69167651
2563148
37202051
59121617
91714955
93111819
89680424
62481551
71189816
13880194
86618047
90477377
48045776
15387263
75573869
55032217
52275710
68880472
23636621
3933366
84522455
47974196
69167611
58576626
33440408
29331810
34886421
73296751
17138513
44852895
10701954
27366423
45384550
28935759
34335964
85266223
31542256
27435763
53698893
77423080
91139027
89989615
85096565
9189896
43017154
81418518
35869669
65183292
32882635
25956339
87137832
38447507
9315647
78341385
79246563
87358047
40452565
24338084
84801309
86182900
20335045
5788854
8434176
7347399
34927193
