28841480
49374080
37089335
76103602
33226368
80176930
62974963
85147534
75345527
56270205
73373417
49023580
76215640
36071323
28717905
94446572
43292320
28637740
84340669
45432722
49246764
56001249
33683582
8163274
23533054
63116497
86960501
47803765
11953219
35272834
19495927
53724409
14276953
45795341
27790135
29888804
4552514
89122571
79610006
38014724
46700302
10526752
65626204
6961670
39838150
59679450
29440089
4073745
72224156
93734462
61588273
13025916
36664118
11551332
31835670
31206580
85184853
85740669
9789615
39494571
28374609
15009955
1499437
58696791
71095197
24611029
22395079
77466261
27969963
5328023
29674910
40399988
18786167
33924659
37913850
66150836
85665727
56109949
76830276
69193434
53092556
63364387
11562259
70940376
46479209
46939537
93281914
70830069
46279832
1877667
34088830
41665650
33116264
12495091
44386673
17053769
57109166
18271903
23976761
9160530
28827475
26476469
43461818
59617813
55699400
16867614
30845420
679754
13562412
77438187
77729450
50629493
33937721
10107479
39155609
94414565
30607970
16513319
14876077
35668184
51457382
382862
77335644
62520039
61199651
8679669
32155170
43772488
19297572
93376818
38919885
68381852
47517554
23543898
92005168
34701606
71712684
30942815
23225143
55236838
67696623
26852941
55441693
3298370
88293760
27817457
69988958
46240539
87397197
53387740
86022148
75707439
69103535
75862454
72260584
29967580
3254641
32997191
82236324
13184636
28470638
80301682
30245735
7579655
44017687
60928640
72423061
93531591
73312093
63337228
18855657
8286959
428951
54272933
44804266
64857651
42652173
45572483
53029249
60688526
17578153
81971687
24756294
42223229
47556355
36140044
72487102
91142321
28025818
66383519
4316188
70011624
73577449
12204082
44709637
60188404
85295341
21845708
92558432
11490237
33874780
990348
93611732
3344734
27179063
59332429
53354155
28292386
74383964
54206131
65197771
26483752
33716433
77487245
3135124
34429120
31871681
19058349
72917693
71456526
45988956
51355541
54275057
66537264
7726738
9186243
58254804
11919071
31794729
7090586
93752444
78827064
79901047
36637549
32033845
33572472
92552482
