21948595
34138866
45842722
94066975
12954217
4765711
55686136
73805010
25781654
41946832
31039255
34473317
17409858
24286533
60964054
36851085
64316609
66315757
14101180
69191238
65603675
69460247
38681973
61583761
42994535
39990501
39462034
74437856
40356964
12005965
75907058
20538956
88617181
18607639
52132834
19366314
15673194
33658732
41318955
23221797
59403230
71333709
2107946
4188400
64830989
24965240
87316662
29549321
47664513
21876435
11644443
7918518
1684190
13760759
72536019
33976902
58100412
22181527
27756522
23091612
9817757
42360489
49774671
1741181
8300205
7313358
58813127
71130443
33627339
29307582
38077115
33976656
40956213
40281756
67824969
93794280
88471675
2494869
44462366
77158356
18124632
93026110
59868134
12500376
47515815
903044
6908120
23437577
42398389
22930815
82959466
21702116
50639257
34714524
29172873
68692757
84508056
7599576
19101449
77865341
22411508
85523914
62475327
63421964
40276508
28849583
75794821
68775472
6134706
48895564
84553054
19598563
80284400
56464673
12344290
86121846
37060380
10568154
3165109
7679168
7974389
39632003
26217933
83287101
15716884
41318988
49511762
39715609
32124163
31127536
4598201
85030189
77202759
20691016
22115146
37717668
80336699
56059319
67537284
88079840
75501696
4061545
93126986
60626335
19087428
24444351
80225881
88223080
67951526
67423489
59472667
35480093
88768383
62923900
11792999
66015809
38961700
21439919
5804885
52833708
51160030
54294100
56890967
92674183
55203482
4484354
40471283
6227197
36604822
72330793
14216663
22214505
3090842
35049059
39819289
6842344
50599748
76772340
35374730
53221820
45671278
12119912
43854409
42483013
10973528
3213281
79868005
92275641
39028882
81402531
82464829
24368794
29897210
41466289
4747811
22350151
5653381
61555937
13635013
86952174
11867546
24693692
52620463
1805541
15947760
38275526
66451863
74478310
54409
52201416
29135957
21872094
52823882
14377650
15845521
22568888
25338896
63572862
69673583
69264317
24823439
13191868
42749249
22406340
77710144
19607449
58642967
81817884
41590396
45652499
59863044
20178789
45205460
29938986
77121615
39658326
15870746
29680864
30164993
74111278
1560923
65198092
63070565
17946849
12365998
37573289
39382674
13683412
83687692
876076
52903850
81630021
18134667
41767254
31004387
4411032
60894940
1203041
505651
13899921
29134352
94193081
85516836
13192589
52162986
22234320
35893485
53294720
25616282
70494687
39914451
91116620
53095852
2838694
83213328
85373877
61196296
80447690
24828607
32235589
38946343
46330335
38489511
27157540
9913704
68824463
27958102
53267496
73494641
94054620
18078188
66536231
51991771
17739329
11542252
46683899
12750243
42173497
85967118
83644709
24693574
18336139
29946618
78987292
21227230
2757317
87033666
35994770
85568912
35285126
62254082
44828110
41087420
39723220
14672057
72894132
89287865
76447809
29881527
75851418
16502169
55611169
22204860
79799722
47188248
46143529
65735396
93902244
87027987
6285623
57617914
15148298
3462429
68880367
74848869
19333541
71777927
60330768
10721418
94364237
84236020
