29138969
8327668
43711510
18897350
67491479
43764906
73353327
15374777
76109092
35019424
46424373
1973065
30369198
32962099
91071650
83172426
4989837
41148911
2132920
56704671
33153054
71670834
16840054
63380929
64435184
16334486
3034529
7523546
73110220
35547769
92291085
50671594
11773059
42193316
43770821
62205454
50289550
41509121
236983
43581895
23541559
51697642
61852247
59406365
4365691
72635075
75189426
84438533
52616558
87610149
25283956
78835694
75534732
23889830
66432215
86983186
56164652
70550939
82294913
19440065
64489487
88688650
18700032
85186615
8902018
45579203
5868818
66862395
37318775
53091886
15419213
32786810
58192792
68669835
660165
68634763
52058066
88844371
19648182
26892462
66434143
87338342
70888413
46338613
91103287
56886303
56695122
54968022
92355362
82863026
40389227
85182286
2388810
7471577
37472707
55925124
17538740
24134280
82980250
31412790
61573567
42709791
82096650
50380479
36781206
55865547
40818297
79131980
30688966
6870306
27718103
72297786
90028304
86753165
55302408
4953712
57783883
31625932
7254172
22861754
5182432
74675034
64789328
87830841
71438371
45065767
92523895
49903586
39435029
58387992
72699353
22076026
18359517
87591649
85552470
92163684
26265443
22064393
35870555
79431994
22661234
55102623
14006714
13421828
75534884
64391968
16114992
27287513
74600981
57315825
35249694
84769089
51990462
7282351
1508213
9024925
55659103
32599283
73645912
90835237
21965221
21131558
72082653
13363844
61091272
53907037
71659642
64358817
67222270
6396772
86755159
82041437
54639484
77710624
74073697
5094977
91932781
35049177
50985123
6177668
17914962
76334054
77688693
4301670
48603280
44151289
11227893
60393038
12880984
77504987
63974500
54813379
75723169
39164000
21228352
14702253
46715574
53040635
48970345
72273222
26814467
65208388
61279262
19551096
64751419
3092641
69972663
64110386
30440492
27229498
17523326
58425174
25561797
13048533
89334303
32416217
69235892
54315121
54214704
76681070
80957250
49631255
42764011
18973969
40124147
17293046
82225765
69673932
22957540
14556975
82371837
45627124
32811980
47164786
68153992
83711227
92054933
67448681
57176928
36980133
9635392
37857130
49124253
28229150
87103006
31401640
68840413
81805096
8545439
92266577
66254228
51211813
11815107
72205618
59962793
15290444
87477993
49844803
20570848
70371749
51085651
77260813
25012794
51960280
40185458
50633431
25142159
75871445
39825168
37173115
28551355
7842633
22089734
17635228
35117146
86730709
84253324
65879661
48865678
35119612
2428713
40717258
53852438
91690089
31833236
84428661
61110830
77509381
34697331
83814569
69164371
23197790
39161331
89064195
70759540
28169009
2463420
16963803
56152599
