41748216
81365630
9740095
75877584
15211433
19872632
58022174
66174730
44031698
87635154
66477777
4967503
50569143
6538022
33024799
45020343
32897152
37184555
22614250
68158677
75278603
70235679
6986423
63169394
62406071
22742212
52934630
47731888
79909028
64600078
22450873
76159626
55274606
11265971
38436900
8360601
724133
79365418
51171911
78649250
53670010
81055139
34024953
67063117
90609494
23114782
76350211
53550748
8545118
7712119
14215810
43540787
77586834
61050575
3347955
91286395
8404491
4172444
30217790
9149277
87544471
78773615
48011771
4058819
35268196
69006015
66525564
22238014
67191918
894568
49191578
2508226
79909025
41968617
19753937
11948298
27427321
58979911
28010253
82814180
69153650
74274139
38638448
27147098
21606144
4356187
16443758
5196254
51408030
78749233
29622617
83106113
52821614
63155978
41238242
90587705
26864606
36645048
69024691
1330228
31508793
6893699
47759124
80172765
33369243
83820970
8215302
