60592035
37004950
70827942
5839415
1049785
75285452
37468810
37422374
85077193
82016110
8791498
47513047
60881671
82658997
16887489
72732615
55094033
65725742
72639711
79158732
60078494
38095146
73566495
43673674
5808574
16307709
80139628
29022136
5886631
54172718
42902784
75569497
40602116
36132615
2104822
10199348
31294507
60549840
39583198
5988328
66000427
59144043
31486258
17044096
77112554
23730980
62294762
22906009
62272764
320143
42937483
90530871
54687402
72158638
34323698
57052848
21427871
92528914
59304886
34932197
43955940
72624222
35110485
44989082
1065352
13880629
22256874
58941077
83756110
47222836
20871271
66662925
74897264
41276668
80940961
42535398
82545498
74673408
20327550
43099805
19595463
10070206
36271323
6953095
92883100
50388065
81918412
45360758
91296804
9705200
28966741
74668579
65555143
11713860
76053255
7662139
60136340
16446337
48163940
70529526
21204368
52245628
26826968
51991554
64898331
4823358
22793600
55991180
91246665
24804842
66387436
40088167
78714269
4110764
74199163
24574636
38292187
21994115
39095082
38087663
72065946
65404782
79381240
90616865
83121397
67393530
17560794
27904995
68979726
61502218
92575774
5547307
18996051
59141833
15688666
64817960
85987992
16151844
84832469
12867888
21823670
11180842
77668962
66742916
6427715
62704607
29578425
70760950
34688564
69977708
79285638
41301164
41996061
2699085
68646321
89390067
40424326
63768071
11971330
81322897
31403894
4739360
88503794
12821880
28183092
81970851
24642105
35575968
41644354
54361258
55415825
3637236
73649963
26364534
17432475
5709916
11318566
39162818
45528548
78950202
54207566
78188387
51040838
35404639
59639055
16133323
51006557
72983724
10993086
85173935
4281131
1805440
27284379
79527700
6654738
14947857
76809780
76467398
24426377
62452008
42706157
62311824
90599649
33722454
67694534
81528033
61181408
41076143
19072024
22483697
6829505
87828470
54010728
77807270
31153364
52781122
