42126393
42126396
58382522
24786407
83593918
56781185
6965037
81362477
86455520
93517561
4543252
38641961
10370810
20133131
92253874
31628557
27166941
10881774
24872248
17746830
40876827
59223538
41051535
31029630
26346261
89337394
77386336
6479288
68000583
36439036
18309991
81596272
89697708
29849809
20208871
59568896
83139228
31480580
26186636
7920629
15953245
29228103
41826380
2911507
28907073
85669568
89609126
21008208
83096336
47993851
69418498
4485087
8337337
30526544
62509470
56844511
59260380
84399186
45821784
66228449
53123378
74023864
75785835
67725935
44236147
73921736
49731094
43198760
49567820
932431
88554368
47967813
76932795
85885856
14438836
40929049
38091714
77846481
62132308
24892969
26034547
60893613
71496106
24450208
79996768
89958740
78218499
2764445
46979417
77133380
72359394
44846501
34533977
50250997
3326982
13877415
79703590
72914845
80275057
76752727
50773599
62537669
23167414
78281638
15434284
83085664
75037642
55545880
3408614
23195611
86285009
72970658
50045112
66643239
25766513
85909867
15253864
52529826
62296294
9918912
91678810
80492984
21093337
594342
11960717
14932253
78797150
19211608
28211313
52642333
86767556
62866501
90617702
66176520
14034008
59247771
77455310
54556793
17690856
8393844
75571559
57597731
91328094
90002792
65382795
58487641
67117841
41879584
81680117
37234127
36156570
30569757
71872540
1240306
56747155
65210369
41263707
78482000
9158628
48059594
31894559
92499947
64814218
50125351
19770677
78844123
5435132
70344473
60857267
73981616
55320922
37614683
43831984
23826609
50279272
51816921
34316436
32883250
92622347
35280989
52962567
80496307
