67947320
39618856
53694432
61330780
91884610
2146052
57457558
89340206
64324804
75867078
82563418
12399649
90646809
1129703
77828691
75906265
47012736
68852944
91194041
89018619
54502497
69453517
68897778
78461540
72116139
22705582
38170351
53593996
29295212
69432636
88354159
88603285
21656054
56025544
69658717
15925914
86189498
50342255
57136970
31178330
93772570
20362591
93899755
34335444
22161316
54687823
49812923
34832338
28197835
40872794
70640930
85566621
85994727
91762372
9059239
21730860
45074600
41686708
49103498
43704606
28979965
85418706
70643891
82906109
32317670
48437376
31942156
476384
43374419
50661818
88848603
28282203
79099942
68807050
68249173
17957007
66769824
92301683
66051384
21764800
79047975
13124041
83620379
72506688
44655195
46329296
92940869
16896687
39210153
38775332
88483350
71119404
66312679
1793447
56047830
40972120
21450348
39088560
59147465
57653091
54161497
19482786
55475367
3267694
24876789
65266658
22625271
24184162
66189367
56725521
33225317
93268419
12794938
33901616
73341449
60744582
76949569
67281332
59474193
58299679
14751429
594601
49447774
37461629
44945295
53741436
81284505
22405120
72300906
22018305
53651713
89000187
87729814
50592462
67424909
80820061
25172726
10821099
1810685
63875785
18802140
28182547
65756476
46189710
11387188
36538098
60676414
89650115
76720789
50704829
9080717
64936085
90922421
57798580
30093889
7420677
59322036
88081004
39988079
89041049
15521260
19212711
39232384
42618126
23344115
31485557
42165285
27509363
59340436
15452199
88325735
5863246
1420694
56400964
10544416
55767851
13498162
4198228
53126563
43514907
85421169
13330061
128600
76068364
91175676
74020070
9153333
13384943
93224778
80614366
58131862
41726472
58812818
66360503
2405076
87269921
43740590
13775030
4018839
9661243
859284
67111654
77460254
51486378
3485963
28115956
15097573
25365271
94287378
30438267
15882397
40489865
77723338
71865282
10973101
93390262
79857224
55265857
15656635
64907988
68966361
63043225
27288481
88916020
10496151
44531397
90196780
58612370
36551347
38088821
12626519
84310701
4604359
87169832
19370701
64388612
71595647
40065526
64904775
87747803
88063115
68646934
40805789
63973445
60844502
35669216
1438494
33812923
65962922
23769387
6624996
14601666
1183766
66695008
38572722
57960321
36126388
9427824
50553137
35956075
94162667
3267646
69747909
37479306
23701452
94092194
9695689
13712877
36271996
63912701
5995753
64584518
40097121
5135790
15239764
80314578
26204236
43913617
62226128
45802323
20970477
26860478
85534513
40004599
68045174
12580017
31366528
86538727
93304598
42497883
65177829
55153117
78839694
29522690
78006989
57021275
1010500
72401626
44863908
74827518
71175321
3465415
25669799
30527850
50997283
77806861
71854385
42104419
63124718
36884091
22921002
52846258
23965842
76505804
3773043
66531460
72900850
31581283
42133957
40021369
61338002
619697
64929283
10920053
68949208
23584724
80562188
72622834
56623667
16077823
89525412
3314002
39607717
54066893
24732029
42114631
36510228
64121642
72486264
84968318
61518219
2602328
54071292
8850608
61809264
60260594
55327822
53940202
89841800
25802889
35834001
33939776
6597817
56491087
77882462
87381825
6223398
61002956
90407932
61013644
66664523
21987940
91627453
51113782
40289308
70847328
28533624
52237930
91492896
12378200
25650362
37953684
34486538
31134005
62725818
52283960
28984649
92525996
79269562
19785935
94087803
45913213
19080963
32033594
10363909
85888777
11810012
56637618
78279591
3967868
73458283
53342208
85273000
93769391
23543497
10866647
81161601
61405901
73081062
62250195
10565312
83931111
15148674
70880074
14940700
55286301
72378406
18080577
12969430
91363519
43020089
17487901
53600180
87292873
46479561
79079197
41327531
47281444
49219741
47008132
83702641
56499604
18167959
27885986
59613603
83713099
92914282
18113745
38896327
6940660
21967157
49600300
75855106
79004104
79232454
15481983
35662033
91008333
89072891
75022014
85687477
30487906
7826366
94062858
13646384
43853957
21515284
78939372
88453760
68812056
8175719
61492914
34239417
49264020
6431869
76835270
35322907
32479995
1097078
81971912
68395401
88960917
43469302
93617378
8416554
18093811
4846852
77836826
8514904
1943905
45256411
37800388
64768517
57129044
69887589
17780363
21971079
23868406
85047922
884798
15176545
49881945
10168886
46730715
37163986
41223059
55371245
1215268
42057777
72911419
57076726
15127886
28093383
56955535
19176269
77703607
69187036
94274359
59053257
67520488
12580883
50432895
38715639
91533438
68840595
50929694
56383468
23310841
2274563
92346448
33310032
12316911
72776515
35948547
69730220
24698499
27449640
80843461
32045333
32627434
4419638
21165618
46936232
34184167
81489683
13751871
35852220
49993678
66971440
40475042
45451489
59670567
3180388
89716051
43533297
86449067
41979304
74257528
44936191
69651590
56334376
69941380
25767490
17024320
13678042
71233075
82548177
81051113
147331
49429087
83237026
8031278
38256629
30205715
75594005
17193989
37262355
55074832
60662559
50782165
70541447
9889083
63990628
69072144
72390188
63383994
7728456
88684848
12714089
90631814
6728534
11449643
17248703
8961582
144893
16270865
55587324
27305706
6068934
25503408
18367572
7156803
19092646
84730288
21716630
29313967
27227173
38684502
22050584
49936597
86370424
12604350
23431247
5565674
86951504
91550241
75005132
19562031
69838845
92551613
89635737
19736998
80941456
53268381
55563711
37685946
22546071
44059665
45354630
50263747
53024721
64843519
83531005
6029809
76844610
63315433
53065074
52604552
2427899
16317086
2341313
21092131
89605769
6103839
8750642
48179461
32406832
40012069
27720959
90441003
66726667
22205349
31393778
81982723
34297609
4193719
79745714
29942952
17005622
6703420
41107497
15577772
11316077
49164995
69368148
35863443
51398486
12581573
93426767
14308231
51327041
38562433
42933701
50327927
53889904
60590343
78384157
38285460
73700679
46663694
66617089
36419048
80251777
12931265
76801645
82247474
5338833
35150404
26596933
52563576
21905753
59917154
26499764
82041002
49889907
13596860
7621151
84337388
72863213
3337404
93079878
40265777
94566543
60731156
36382059
93986749
92883713
64757332
53554041
78919543
73953264
77363248
52934981
