75755599
63280707
70019229
63344648
32323265
67848683
59761090
79426980
84832391
37832815
17802011
64940420
43822109
40696843
9248761
2689257
8057516
64988475
8071112
29370851
17339030
72239518
48344138
43058456
22632929
65473400
68040603
82553131
58532494
24750864
41058631
41177582
63259748
77441081
57364045
92095806
69841860
71812088
62242497
15302495
25744500
7812341
19481919
47674933
19495260
66728657
57767276
72940071
70537440
64861409
33096737
25732604
71027182
86214261
39923265
55895718
18654240
9050740
59763659
85449142
85682413
87279660
3374631
48877895
72979397
72060308
30876223
35347459
77680112
85254645
12696071
15553621
68286775
5040436
4706598
17518955
78063804
91906141
