50707874
65970440
48039358
79115576
53230795
90858546
94069145
85258157
47138859
93710667
2797905
68898342
47382463
69591953
566894
34903182
76011212
27491931
84944866
79300851
93337132
42565540
55893571
17858066
37300611
6240207
82116285
28377243
78192597
65498405
1967597
34460736
41601697
26204995
83143370
68032095
71439354
39946521
74522156
24074326
69951784
65810425
68877954
20782115
35666474
85304073
49871574
1115755
6443854
21197525
48974982
14651898
56597311
44538281
62494600
38976097
73577273
25138584
87495576
18923698
93631383
42208139
59786249
10256004
85082727
53369461
29703263
58976464
37307754
58644961
63354003
43361641
65213645
17164336
19147000
85273541
81727704
42746589
83899472
6757370
45807368
82782153
3907269
80725599
48479417
29096291
3496279
23033401
11577537
41336003
94507162
77216133
43997965
33522536
86000324
74635560
57155309
23367581
72402326
21175141
52698908
74928417
54686928
46015187
14546492
65658428
38959545
70525712
10521986
39348603
48493259
13596594
35486054
53817794
36001844
26850555
80102460
35596814
8276645
64486894
36381279
24021956
64235179
43705205
21181013
58332300
80808077
52497650
3719059
66708394
18869475
39793527
68052111
49198285
83974277
19792913
38165454
7163539
4562325
73546416
70315793
11542925
68584041
26567160
57585539
13216076
59381808
47422062
64838686
86850189
87977463
4032632
50565330
50370434
35106634
75973384
80140705
77342498
29257480
38974792
54417269
17402967
88755108
80445923
83687655
1121436
90686523
76446716
13876936
28791631
27342997
436472
73972282
71352856
47206178
38989296
35530592
30549571
41147116
67251641
66100633
51012236
17649152
69284293
68338035
75364133
69333205
99929
73812080
70381373
71319216
88434656
59414483
49275517
88246340
38182164
14876702
6302264
24185199
26020224
29798184
54736152
18858955
36298739
24955642
37970944
87245385
69465379
57714859
47738941
12351573
52001822
78565995
9385243
68363606
26395240
52534630
23325140
27637392
91797547
41305468
81058285
69611472
29966827
32941897
21191735
76327119
72697898
14586957
30668500
34837575
79760565
3006055
30843053
5283402
15206564
68588839
57912426
76104462
18429289
22823785
93687484
50114259
32887993
93235575
89756192
55813588
86533937
53935340
2068749
8538384
69743824
25061588
1706077
43892247
23453171
3307933
57558113
922846
70424629
28923717
63498551
38169030
83752684
45386765
78889874
10952741
35926361
15432424
83234441
19238284
92178838
75524607
18429973
46836349
75056213
46847576
72925477
72703081
68699907
12970377
62568387
37010104
5352717
78487443
20425914
75009065
57408619
31768615
4286188
78893400
34751254
17680903
94180634
6997440
38944630
71727470
93880216
39716671
78376339
85706718
57714631
73133982
49450242
12808529
53258935
10011991
61967224
52999586
6924086
13260991
3895497
19792917
35232961
39777436
65206622
65697705
11018252
25241326
25124793
15574139
62301317
13624778
23978907
28514766
54076784
77667883
76312571
14138230
32032415
30392808
6812230
71210548
13898566
72594785
48965177
17176301
48271439
41539579
72422402
41375165
80608953
8158288
81997837
88811065
1834750
85491767
2531528
53284579
14780572
88366079
3588765
49889195
79878787
60367596
77149336
47555989
79668959
25399504
56728676
26643556
48925084
16418396
44055115
10356482
20336447
63168278
88907043
21440718
48602529
60934715
64823204
39453897
16955178
82785013
29666979
47392778
54596601
49835682
57185673
11615926
90930752
9594297
9945105
77858145
78525103
64396223
92858649
10989332
45496212
39134188
41765386
59592169
71611793
16622359
75115533
16234130
65022589
56221221
9482458
17944048
53033059
80134539
13636535
84676582
69641112
4280438
57687339
48788594
67327758
17026412
11679756
88827733
74617678
68438648
35760890
13604098
40258413
45918874
16956910
94025424
48541860
2737822
76721857
38475595
7619860
84587359
52803133
24004018
88867890
2010939
40582889
13018328
57381267
60533754
8896315
29544146
7709611
32301370
59710811
81066219
59709473
36237706
66687665
50723862
5920307
83941073
64326977
34518482
92165599
66312267
14218191
17851393
12175683
3131918
36748968
52453795
50178728
65440493
38038604
56762134
10496080
65922572
73236852
57825696
62536178
68512006
47139538
13873928
65088785
67946078
5774767
35180729
61920787
16688318
6067806
41378629
63588109
53050643
47120071
19136456
44245190
82098643
91143700
13729044
17195931
72351759
18372015
19715937
4883604
73528156
6898000
57726944
54257595
22904665
87611835
68535141
50349471
15443648
21303951
82416821
83541486
82245192
6901402
33547987
58058077
81834410
6071121
44031059
73341328
39162401
16793726
16579382
71897902
48376701
82051248
52793853
49064996
56148062
30391461
45799009
71379647
12581822
43268895
56967662
77862153
13831890
52794232
89888967
42933542
37266957
56154967
63112753
89832726
76391498
79172853
78791162
991790
42746267
93922493
58468892
28439920
90222025
69589366
20791861
23952995
63690353
17583933
40637767
55433857
34826972
79690129
4979390
12647173
42069701
7350425
28240292
5028865
58744547
29297589
67273693
18109567
80443943
25843606
54841266
46466674
79190445
13596593
67552486
37326011
43580813
66079126
57818030
4496186
58357455
22689852
22433842
43810090
83203990
38254152
79164136
57090830
6807973
45279982
40874221
66001989
70527844
21718093
36502444
9985340
29040733
35182077
70153846
39654289
77183169
3213994
49191435
63695703
92185881
85122310
76026380
33923162
55270764
27274103
62017484
81618645
53942321
82415307
78502172
53867642
54682003
52806614
89581338
1166271
76330836
67908891
67688676
59651954
23466392
47297604
28253192
14067143
76972069
35780344
68508272
85923492
47356759
65550677
49911463
34889254
23254919
20953167
67029823
30909872
49750624
61056634
1477461
88166803
1177604
48214330
57916380
93975446
15754870
21154974
55839381
33429285
6008067
31782602
85063519
62552930
69594974
65039631
56500241
66524495
7285374
43584788
69674412
48011612
45439484
1782586
34736169
45500303
61952771
13943370
90845793
88826890
47506800
32710029
75902202
30578981
350338
80396718
40862777
29202377
71456633
2688659
89011054
40327790
42394279
30711529
9025875
87212236
16115713
81554265
84753077
14119973
60245677
85803071
9175861
36315751
93807187
5524606
74532656
28166215
36802398
90917927
89365836
34251852
81898795
16010213
11497054
56689914
19373020
86222036
88207200
90719781
46833892
83975795
92731833
88534033
40874192
47695285
63909205
39634626
22436884
59197250
35872372
69261897
56278578
12475658
31486106
33014856
74021111
13309995
58393463
40945298
74595159
2807142
37918266
36807220
18421442
51881130
56760805
1331232
4959460
82131884
80384174
84573535
277596
78318175
9973408
18209979
68951154
36866371
26209574
39572518
6076664
71044366
77446081
29471357
51786815
40871307
11582136
6953601
8807881
19619356
69688714
12552860
84465589
50118835
25265997
2613594
28425755
82505949
90869562
17141050
39105050
45523795
152659
44530185
9219255
79764148
20417984
76100868
64598526
9176048
53487777
89798570
68907813
57265514
74138833
72908136
14578665
92269112
26186474
54230268
2622630
72624885
46482041
35516040
68385440
64924889
46752430
93393979
