14923332
50992289
36888875
75939462
62157641
40541360
30439453
52557217
2297154
66356868
34819273
72343859
80034561
32678904
49223589
64228426
24933573
56745648
58029474
20482503
85927903
37199759
70660955
76643471
29142659
72827234
11990281
37000803
92999221
45908325
45761588
7394439
87493545
46477511
88336178
60500620
65514330
74439200
85857406
65554915
10166797
457596
86583630
81493947
67979234
38449043
39157851
53395455
22118105
70202613
69027781
62267689
76269954
86810416
55752368
71339795
71682869
71955755
49796357
77274428
52707920
17913311
9939051
34875295
23388998
80988742
16543765
8110443
9277477
62528501
43986720
63989965
30487109
58179443
15921752
21089107
77887748
14770822
16132200
8394346
11738205
77003473
32699685
2658358
37415731
30258360
17462892
72277344
42927724
1309141
62799641
43936484
74472519
90583940
26891295
83588199
8289458
56716333
48775252
75773529
37015935
81867652
90217422
20406243
44310468
11351342
25022407
73167728
33553239
18952110
38043331
62701545
79742143
35794534
7815017
63298433
721311
19269643
19395368
81411407
55706483
64408209
62074473
6410348
50413187
51120483
89199971
32025476
8527183
42186300
6909486
43587311
80995869
89292399
69222507
70140967
3222694
42766457
39371813
64809095
30897877
54046797
59109950
28469894
75854068
13133946
52810249
82655294
80371143
45643556
18323001
51790068
80777560
81070232
64999943
49202572
91704113
58298754
9457260
53492595
13281422
26267102
