57033299
83032236
6993691
80952750
64704758
14854505
55798544
23062543
11306377
88730642
23354407
18261228
50847243
25380830
42524375
38051948
70443020
68416819
32466636
56986154
19207106
92690130
80115074
70922572
14663624
22068934
67775183
22278528
79287275
17143695
11501330
64836272
56526630
74040181
50969081
83007641
23707627
60233277
84044034
56641660
29230850
60308714
2523334
51851995
67905590
17131236
45341863
89134503
16070871
83667930
5784378
87533958
79856990
11869213
77342648
93463406
14387813
670021
30709840
55667251
28480295
37377886
85116816
17004348
35312011
92605044
6326949
80368456
65041009
79376981
83640879
78696851
57039113
80337980
42527531
1807159
71857212
51724344
59455915
54904197
92681203
73012502
3092408
14536258
93305762
75578505
82758676
62884250
21973865
72138352
69880047
93487323
12907036
57396086
51205356
47092740
44131128
30753697
46625016
22956155
85303535
91650480
51915968
28024045
70629265
91503325
10986684
16175173
21600837
26685375
75144137
51914220
7042326
22454653
1097687
3281763
25505114
82324276
51167814
77388817
1357423
40588290
74014037
283473
41647921
75271253
84524842
