22468003
18711752
66653983
33389285
80792470
41155826
37328712
59121498
17299433
78380027
74584533
34645213
2796015
5454497
76050612
81016360
68811858
1558467
56619209
27291939
45732880
30386666
15807124
23008390
31367564
66593290
52716831
35367627
58013933
57405371
49735341
66873445
75143197
9341357
78696984
75516018
70761034
53155690
82536179
52081098
40489598
9170030
28078574
18062647
28556462
70033305
57332857
35938648
53974422
91325784
6727623
91948360
37291862
82465005
48371903
80035733
79307516
995763
28467935
63902859
15780750
6541889
6590136
37283042
26021635
26013853
89538250
67447029
33516742
6884972
61668203
23501362
61105723
39979493
36370357
16236585
72332548
81721834
36587049
47002500
78787484
29806278
54156989
45032114
78206513
14193031
84658942
33444207
78104740
47967446
38171561
38703143
9358141
27701386
22835910
26679307
31834350
70633472
36668153
78057402
25245644
15110771
12325817
43299170
4798989
48659800
2572929
4962092
82870613
6915889
31956679
21695698
23495807
58100108
80133380
35039423
52584615
66821579
42348539
70454413
592517
88825607
8422398
53148344
77174160
83506067
15601063
52332878
22453412
31866285
92118945
60451469
82127437
93780863
6894791
9934699
25594847
31696382
12638392
77890779
62793235
83199914
32659498
64027163
46020986
49380125
27692094
10058321
5702921
87705035
13482682
19202640
41844528
48375725
81748158
20450893
23932502
63276871
52332879
47608441
75690031
66194620
47153507
91167383
93104772
86355947
42847526
57206487
34004343
93605233
79721471
13505672
52504967
32896962
19789797
5197591
27668617
42096465
74181053
41179966
83708751
47825440
32887577
3820832
4845230
89015786
19478045
58197754
13551298
25993516
78210157
76994384
82186277
11967191
90180680
87318243
89037573
88534225
26000045
73311815
79922516
86103713
62378269
9206643
13817734
33085370
63353780
30918007
30468131
71008160
29412493
35056515
19340470
56168260
36358780
41624754
26594956
80874587
60510385
80281682
61662698
7078834
1501960
5258301
17577890
67512863
47951188
39311666
89878434
54883341
56044925
40342618
78057405
21935613
57341045
34701749
28498005
13295086
83721805
44939220
46569206
41292039
3080231
57513217
85785770
61811130
20659953
37153089
23301557
39563899
80727575
