22829357
73179880
22200154
42580747
33548942
77334719
10000210
26545600
29717865
74935682
67046980
47649403
83647245
54533476
69199888
5078849
34127847
53205987
30024090
8960491
25062530
84914698
18487664
2358355
57598679
35489340
19278644
60017429
45574508
42633897
2937264
92144751
81395445
60921961
14615380
73718977
80440722
18057265
989216
80198296
81855583
9215337
50305759
41059774
10669032
74489689
62509350
2768290
51123524
23468037
72927756
26344708
51968191
70588252
56067337
78372988
72902728
12347459
2215629
14546475
63185004
20194164
70169007
71409283
80118651
71333576
45081875
20931037
77124040
92696842
74752326
21912718
90485791
2904343
17812859
36346694
43165223
54609066
60303234
65289888
24444279
6834901
38632018
19570045
29154423
71291050
70034919
68584574
65223138
7135325
88618432
38232839
77922526
9181559
59364854
29183779
90944776
27358002
52231123
75396510
40812720
21990411
20645461
3002370
38656140
89138593
67349256
23545488
69654879
65381020
51754081
50489520
89429360
63185770
27356082
38525252
46198616
46465364
17132546
58062047
21500670
84279612
40524363
78703107
42003258
52891610
12069930
