25509456
37909136
86160521
45184008
51709475
88533292
12861509
75803856
36234526
12849660
8833510
10209266
76043332
5185321
31778807
79356080
20659853
20414862
6311761
67454449
72550504
47500230
21982363
13697517
41435615
27727203
63878939
31446670
10043532
88206560
35091425
32090896
1700733
41384673
72648648
40339343
32543090
12908739
56502688
2321346
56528788
14722577
2031787
82156206
84101208
79073180
33968469
49532840
37092575
22298204
26475891
60385306
66947808
77753395
51710866
58874116
50840989
77703920
14682293
50828161
49928322
3259390
82694601
70195104
62154211
7893719
39658636
90200925
18904666
49249745
21972017
49604854
60126572
56447277
81142546
38109371
74563879
81168272
48043859
892261
19822068
24098292
91608777
73794343
84410640
7367970
6609404
2851640
60200981
32484012
62452085
22709016
35046299
8778715
62582477
49225461
33181885
47410781
45491912
31264559
58749807
52239197
73143101
89931388
9612555
63949479
14890690
29631795
35502044
90967286
71215451
3690521
78702543
16718460
6762107
24155263
44001594
79964721
71757666
44740701
46209525
75366183
4744245
71597165
30706244
40444898
59405047
31926435
74141341
4819468
20025321
35930356
22837508
75987535
5497418
55436565
40160818
7688399
87273544
70972723
22134892
71924460
77811939
31312589
20665440
46012749
57553536
38905758
34345939
50360165
87762275
81619758
75021169
86664336
60040438
41170035
91249614
19380050
40488240
91932259
81026631
76244527
92415454
67871604
82983073
56637367
40205404
33879043
47655596
22992473
16341326
17680870
48497970
46577379
42371446
73899896
82815345
28443703
56057472
24259821
17513826
14481862
92666549
9375068
64336237
63815763
73907525
43028592
51314268
68776956
17579189
40909369
75272931
78215582
89789070
64386405
31979298
51379207
91501960
6528807
79407873
41921923
67993179
2231719
40383013
19040775
66867255
42472840
58821472
71035501
40168263
80151474
61376992
38502327
61661340
12778805
87333715
50188533
27997737
34232129
18733413
33235536
22712098
735579
32945069
22275685
66039057
81756610
70832900
55101104
79693906
67487231
26373250
48951677
84480043
84475658
13034844
66101315
29484737
24670242
33137608
88146206
41808581
56321967
54569282
10375754
3366666
33460698
78483040
46212527
24646768
63058566
64924026
55117354
39998628
50253206
4270057
91316395
49175389
57670209
54250844
89941638
63473421
90898781
64070294
88256644
92653523
38344531
89606316
84244772
52613414
56093581
71072904
79897753
57790200
52585659
32179930
29950080
67368791
87483977
49597816
41744377
61391883
