4761641
62662256
17918498
88385034
77192726
28146171
55700283
76112771
65147457
4471245
5571589
86249982
43845842
88844111
13158797
56906161
62202894
43205352
3174308
25800146
23361129
67649086
20429479
43562877
77934398
14161374
22071620
17736622
23859073
44108798
86465451
86833877
15804078
21431635
81836628
5706240
10849476
493333
37729211
63246697
24278226
80689131
32674763
31224519
64265391
38280506
69186914
70004261
40896081
12089720
8764128
18163275
91238555
16171566
44481756
69881497
55328293
50613266
55610208
92258780
47287078
49166272
37344745
59630809
46257229
21200868
30196167
54307230
86773837
13031732
25804434
53258704
47024600
38454400
14095148
59307531
48700562
17042961
19826209
69790130
63356236
72157955
13598746
30855390
24990918
89246252
17481125
48108367
91039913
4897712
62392238
76951282
53853307
74905135
56215891
69412115
15782990
57957772
29714170
56638337
17579648
22101255
23702192
21977380
69872940
43420325
19284803
73423689
26851762
91451502
63201392
32840707
46561412
70520473
56095231
14588508
89608984
29969454
34841294
40291807
49715766
42307010
22769150
2006196
38939741
79493428
40662562
65577846
26683450
78132900
80066005
920290
90183367
15268076
23156772
7702183
3763922
29562359
71306854
43644670
11627107
64338296
45852267
16712290
88116965
4444436
70143534
61241815
81634980
34351936
85690445
74473097
2958758
79123139
27112406
45194829
6497122
13958687
28775282
53827229
64390433
28674007
80414476
73556204
26302127
39120542
62196796
62300326
36581819
76802480
37199324
85957901
20932544
74766410
29699726
76649402
85260806
43187567
3290549
76814820
14451164
92480718
31672584
14809920
47606682
32840709
77496802
82853452
87186993
27307928
51140251
125406
29531181
84970816
8933534
55524406
58393895
61782319
4281102
72818959
84864521
22020000
730964
74335634
90610615
30432654
28110876
27739479
43967628
88134716
43529500
78882585
21621540
10489312
20832706
88861334
68535658
6780804
9851063
76381490
38164766
10466287
58387067
88727864
86224712
36272471
92648011
55622634
6883072
58350397
31329844
11304104
54955506
54494447
13234544
89803814
29510694
29492521
87856704
39698346
25531978
11383874
15459369
39573310
88945788
81710488
26029153
27003973
91537966
24799058
51972249
62819733
71357139
67591280
81360824
19195503
26793994
90716474
21585912
12937344
49485745
74557541
198648
59072295
52230581
64581574
76307264
79579821
5072513
72675422
84766022
92014352
14766883
31623502
35626111
39442500
64662620
87584457
47254832
11391839
19243963
66632982
14723154
32218735
52990312
36491384
26296280
41186926
38563712
50432681
82205478
17181119
54445930
29945639
53108610
38396135
45252052
65299937
80169600
31873952
48068372
25765189
60923181
65834030
16216011
35907112
42315145
63658591
49943135
81556876
87620834
45941819
84733574
54617299
75993400
67725564
43965512
46615530
44501745
63217170
78278982
31193153
8567540
52509308
70018321
7879644
60419622
88702003
69043256
26545375
4859884
18833733
18843688
84424965
2700611
11233822
64134630
38184485
27321721
13321236
19413301
92823399
48237296
8982094
12667664
20033158
37931325
66353850
19886461
4568040
16789183
1752958
88116950
50185703
32704148
48378112
12286347
82324094
83703156
26640719
83728664
21418000
9349460
89882685
45284030
32157947
70907659
792996
74133350
91863538
62777863
78105007
75275313
38515754
54978104
18547480
6952262
