33612648
41226371
5762874
5510160
46065234
40391442
31478473
22201743
73602531
52917294
41439925
49442161
20181000
35915846
90869519
30766141
52263907
82811693
75547781
18900583
77885287
26928693
61577691
92021976
1863730
52015335
86148228
78032831
27993959
38634599
48725731
29427534
69777568
21734151
4146369
38911122
58975951
80848240
36339899
65050732
88904228
54697735
36817971
80458309
38422445
87770325
90091856
63978758
80452989
78496939
71146154
46587000
20991351
61152508
88156077
71732215
51038445
309823
6109941
2661671
91441146
14302093
28972277
33459833
9175052
68830525
42795958
7981751
71170011
39906087
40493979
30702847
6658080
59603585
15681963
49999056
68173794
91509694
31059373
50610881
86190186
88907211
48954512
44814581
2986334
69975176
76366052
66189441
64102591
16443291
62684065
21557608
92939802
72258819
63761067
2557237
19914405
41839169
44590681
76346432
77384622
52919209
23789805
8911237
60463949
52611867
76144128
85280705
1502196
34511527
10540481
46961916
15492172
57471390
80950299
26473506
76987388
3107292
23950258
12246469
67199151
71977393
49902146
33398335
39139864
53619179
22665581
20935820
36745074
47942226
76219659
69160766
84641109
42178020
81941803
27832272
62903832
59582666
10076978
77946793
51611640
34908265
49885269
37518797
80762769
16115644
84697884
47581013
32846784
38879691
61514637
84145724
86128698
11347069
1041539
52632908
56881847
1929951
55439803
88216205
56492890
88276523
19824677
71384678
60939300
54815335
25235892
13136775
50976319
15554883
64758318
638916
10146256
38389885
6223776
43435175
77438549
70123384
40641433
45611447
52832557
55102776
75831698
20398111
46477854
6643165
71731851
31283225
70552795
39563040
81881815
55196903
73914317
28992984
85154187
29632291
85919925
10444986
60807885
47926971
37357965
38984582
35145638
3557476
28234401
28856811
18286831
17930947
26207609
83955861
3121316
21598499
64363011
7893190
39982907
42043789
80162670
90198820
42201642
85932421
92125571
4116404
83997821
70859853
85131998
3344610
66834976
38039971
31714028
76650240
8100333
29572963
41555766
5328328
422134
38595582
61214077
7918690
59408808
81109822
86910665
78444207
66078729
8183688
16624320
4390127
70207989
51325755
36267155
56645841
42766940
34483570
88157882
37130755
73081114
85654146
48201000
61929589
72039845
69889087
23654269
90892376
64674044
8652885
29396387
82429968
3416538
10787392
2797251
65266065
27810868
20839935
51238835
7672060
44025713
42216868
46946368
9565059
86198589
57196204
3794690
49001933
78590938
32464614
63468322
44157666
73811292
77508515
35836721
65700472
35308341
53458272
80270685
9929832
29754950
57985678
74654058
25427150
29450746
52895340
88631663
88353843
15951993
58509303
6721317
7870980
28325302
21345493
56759265
77323411
32576619
87538588
11790848
59437027
87301711
77572086
88923572
8975784
56637745
13550602
16393815
29548717
27002970
9351749
