11951159
52058824
59243179
38143784
1393507
86060648
61891474
86104105
61583119
74559071
91276197
66735010
20743502
19350076
74193495
89434442
9291016
54295480
56595190
71070411
47769142
54855996
40696444
66681262
15195349
57254005
8305062
9977004
68123301
53234192
16041993
18588477
25556750
12532589
10997636
29370146
49567823
40701334
64949754
85439706
8906866
69750633
23901130
7087320
88434239
44464748
65518643
4679547
31241288
50598845
67634966
211550
82327980
18164522
66716196
42447921
81177351
11942826
47393132
67765222
22444566
56874825
32004232
76415726
9370703
38829434
57173166
71505258
4789580
42298333
86310429
49498481
48019736
47372042
64580685
74960927
52980319
20589305
18359517
3276051
3248435
88974999
1960687
34940445
46924317
9080185
50249531
38703789
86707832
92497593
38879645
45244871
71909533
72533679
69639327
79946510
67862488
18238612
70081269
2076718
91529475
67406434
9557803
4535691
27448008
76083658
76765925
56963204
86106200
30868059
49794708
85705910
6684648
5113143
66122355
46818617
21877356
58920143
58210186
60204750
44257454
44853045
92135939
25081346
64306663
93455288
54799133
65357009
62155843
70853498
59851538
93323271
72909897
85388440
11507499
67201775
31370265
24041348
651398
77231976
49649841
38597696
86960744
30548361
25524450
82675814
11749339
