15019911
17808859
44872128
16373831
38971090
32657305
43246790
34392675
54961597
4916218
50814956
16124229
38038139
81692070
80138532
18475479
4817337
28937707
8513786
30140217
46604470
70361647
22767814
71557677
88887869
57600627
64377760
55116038
87809058
68857567
40850048
41739703
52190159
81350222
9594243
88307274
76807715
10631969
30135352
19448983
36645389
42398730
10303967
38045090
1820333
7333414
39309663
49290474
50610265
32017681
80015525
6354902
44084538
33613660
72486458
73360193
25266310
50284810
17535831
72220517
33606064
68253150
73472887
4441348
37385059
25233209
90238747
78224266
87539910
85998442
29555696
66571213
70858511
18989833
4152573
40998502
61405162
37412764
92685607
76239599
56416220
22646123
70059379
58859394
68706534
23334894
84908588
55223544
79437789
36933011
16941672
27380827
16329178
89427801
76642983
42939426
14051025
30068594
15945901
71821454
71821455
15702124
25504214
73130659
85902809
40594606
68675887
92197051
44423376
85136308
33563519
72323419
37165291
31066009
45037705
46435318
50474702
15042549
80197118
36187230
55162796
27296151
2730320
91412649
48456815
74331810
59201990
8498813
48631775
24024039
58819964
22004375
1717614
49203598
29061282
46646381
90810861
86711359
67685765
68675956
24841310
21535836
52557120
8947236
62502250
89576258
36766490
13126972
85422974
88879919
91635020
11658492
81135527
72086644
74851412
25411067
7637323
13006201
65754255
41679453
7682161
25611885
74831592
17035283
12201292
75578088
46234718
83536735
69892917
13016841
54238719
52628419
47630346
38587607
18120454
61266405
74278083
46256069
34610091
78263647
83855079
12461685
5130888
1124516
75792747
33734171
25184572
68109341
89016226
22644750
24944156
43625596
48048575
23079701
69510976
41031564
58376087
25137416
61930523
73547020
37899169
88721286
40798654
82164151
19175592
40000290
51103855
19550504
26795497
90633849
64326931
59024546
43958848
74810508
3710425
83316643
86955683
42971674
26062734
22970187
21588629
