82628205
1851150
92493404
31644846
35548116
82066357
40498828
27038872
37248233
26459473
4042560
60252677
39792082
49464926
50061510
6241713
90992724
79779156
88274098
49764602
46946240
64210742
33995762
85632489
54645778
71856745
37470215
52311916
65034849
65034850
80909255
79771120
24009283
81667887
6868235
90988296
51618359
31358179
25300945
33013358
35621498
88766006
77809274
8939766
37383942
76279367
29260048
15938424
75329848
87970521
23411784
70689495
90700904
90876375
66309404
51468149
71361402
30918740
91998835
58812596
13163456
89525459
43569792
60892336
70116750
53053270
84039870
48024858
42215251
69823033
2915513
74679193
9015980
56159082
10514929
27960776
60897242
40117056
5225201
26579231
56288740
39962984
62348792
53519134
44135514
89552581
5924631
9084835
69158552
50234386
14773188
63158399
11437315
38905698
88241932
53937527
61723270
68058277
77083272
51330349
8266064
82381429
68212216
34962469
71049794
63900434
35983265
63931434
59965348
42505305
53820883
8954505
47566228
50198055
74568153
33013356
52554229
84335491
20734317
71470167
49225782
58399167
10883648
40867935
1198744
53223364
30121080
17720778
39025991
46520656
55323289
45205129
29628443
23666132
57945732
53730326
13087582
29365732
10435217
27373832
57180161
85899465
48286330
40525780
29360326
12172814
33013363
12021732
31713329
91264532
53113948
64505146
80656887
2920219
18741550
82617074
32918800
76939125
32859146
34343831
93003848
17780305
88026373
45566090
71732191
609291
39827723
15307180
44006882
23968349
