56319987
34530307
66698768
90841342
40523753
91587467
11803126
65812864
57755058
6396249
5967403
49177575
33990111
29383382
93102695
78870788
27453395
56386386
76063620
28152299
38619751
59136272
86355281
67378185
44291540
77820700
24698640
92957109
13080913
57382315
59594131
38133553
14115455
26354314
26519646
47284682
65340050
13182781
28774717
61613298
70027807
93900514
76175105
74652638
9132264
5523357
51477266
59050803
8325547
13953677
83458412
48748608
17416961
47032325
37127818
34851384
44590215
82195017
46747778
58774176
49947813
30704969
82677527
5646555
85349971
30827739
9468725
23609480
62168328
63921137
18018766
12600006
60685143
38595241
8531870
90694983
66839783
89084140
55965370
68490390
43691840
74418820
17330787
18089674
64854263
5704485
36622270
45837807
74456026
70256926
61976542
61206258
55416531
41596857
33566776
17702804
94218347
94402530
76385267
87555598
27628889
26223985
9334053
47675105
13922845
2827777
61579973
21544463
5144936
51986190
78927897
15903316
79874999
76605885
46338637
71065617
58096951
24495954
63392617
51512399
59178076
36937974
17683834
38485661
76760197
66770094
38548655
17161756
37194612
61606226
66497045
86903626
47591563
80494068
75969753
93752172
71532363
70915808
52928430
82234043
79932086
60386001
47602061
17904609
56568656
37189863
31216324
83564600
12944486
24496098
11214317
81026221
33102952
43489185
71477158
38105647
53200820
21669924
43698018
15146941
43722820
71056029
62951299
63216631
42334720
84021298
75920260
77852877
39234369
7959985
1350793
56478950
24041082
93013537
20780540
52199580
25921789
31484355
70879723
41699434
70544775
11473220
85960308
23957089
15663532
13098903
85085294
84333939
34921977
22630820
87596108
32770016
55824899
17813856
60176791
82247200
47777381
60255703
81285609
79708991
10619249
5575720
59378985
180530
64906870
4938634
20263489
94235430
87482764
72098322
64500780
77129758
68926316
18864839
27514749
7928374
38458618
16915303
40956709
93242449
40874792
7718630
92395272
82067479
30410737
4832142
63586338
47010589
60150954
3883909
93538296
88189723
61406994
68461373
88045923
43502906
89541130
83926353
46233882
34644742
54963069
75657560
51236661
61889586
1681838
68691476
7377703
12294557
11923211
51869999
12503658
70488368
57415184
62443657
3600129
64510373
13925760
54732452
45160726
25018044
74620831
54583042
43453671
74307023
3621843
86943738
23791206
59985321
94308238
75104112
86657395
43208610
112703
51180552
5794779
20736839
4215384
92777416
47895877
77276585
60411816
32797871
75549019
40359503
13191448
19722652
71926486
68689486
6216383
423710
2913533
76874311
87376913
31174485
30839130
13379560
63166608
47004205
75715554
17879258
49956581
80727559
17157132
64084425
64778385
61008265
38037115
76428991
82478952
57570920
61749780
73705411
5366895
25715820
22509395
88511702
84664374
1158357
16428239
85536267
61751328
48473407
73039765
86033098
67353977
658613
91113422
42298012
53506179
15821235
62883265
46272568
57426424
2838458
8044309
25813355
76843653
39392628
52984660
74534190
7300800
21805531
58030137
63263793
31879996
32575580
58816928
8346788
47638353
79111974
90655500
647212
17624105
2616157
14133440
76368049
21947392
16007778
56437337
65497710
69753108
10498433
44875871
26822921
27520641
403045
78386383
53026485
22227467
27761289
48794658
45121750
64705737
43349095
70729025
85994707
47354654
59324017
18393666
29959484
73480130
83389061
94584430
68741058
20359063
74827282
47881309
26251528
68871203
65893135
30416204
30078382
50821198
25851228
90526116
5091366
16274716
13173519
56091561
17961154
62360480
59457351
74799763
28930742
48571397
43727487
34252247
12330112
25971559
73972723
37086277
93389516
86712091
22563752
23910102
25371250
76508724
46359145
1724732
34125445
6688337
87395164
30354630
60034814
19231804
80357923
17350202
28524604
3671935
22827236
93675368
18041717
14911131
11492851
91687195
83497469
82768361
13547420
26538704
37599038
40925011
59350057
32310630
52714200
22532321
5645713
77047590
71093930
57060898
92908759
81629229
36216425
2542893
79592079
27052062
33498002
93563909
92077075
55256490
22166965
19911320
85391750
30830208
90817566
3312992
9637058
38417558
14163529
23222643
33475436
91311367
15733285
32548069
64976789
84243918
39984236
61934602
53712294
70971879
94158929
25776543
66282764
54906628
15130746
94512739
76803280
64033265
70363821
30750881
47851774
802749
59128470
30493550
70207827
49474657
1403440
35425891
34091855
61939543
89071419
84029838
39378638
43071188
18049154
63897356
23214279
85404776
42409603
68568521
46129974
2842441
7106883
73328712
46777989
71531883
21088701
65240567
88076371
94372633
57389609
1097944
30440016
40858257
27515298
53635421
1493416
38416133
70391381
81522150
94185742
60366329
60219383
66561907
48543404
47813173
83819539
71574559
46021339
2304908
85217089
53315659
90652777
19449624
14209579
68817617
66130300
47892568
32802131
60934568
27154886
35353225
38428392
56941963
84404728
42677108
18068940
85879571
89019420
14431808
82513589
57210815
52105093
48193351
6035146
81165286
27002103
33264417
60034811
31766399
77090586
73894155
91760303
37223923
63023814
40399978
52147666
25935163
67160730
29332043
53910457
1734192
26329443
49312040
5921171
65317040
89637321
13285717
60056955
62666398
18876657
38405390
51595024
80559952
32199129
79496496
5194515
12445032
13187793
26477763
56162717
47924729
74425983
53408885
50599655
10015599
84901172
27651210
64252198
42935829
27878056
75133017
80689379
86529263
82860031
72739908
85711900
58195641
14318097
66038567
34080215
48105454
34786286
2777202
43768934
83498391
72743165
65835989
51169945
10839173
32908359
64172845
24180188
92947003
58901591
9454282
7178267
28604837
40382366
20710935
67059503
73969032
8449165
1352037
46440943
39977553
18628849
39066296
73582835
93625424
34842535
9168713
87621558
15290451
20046528
47507455
34246303
20167455
62507440
73722849
76469743
63254198
19442286
48187048
48031046
19672325
62839810
5224833
41979321
23713422
23061690
34876096
24306168
16681759
49981703
1652245
40299101
46526044
50638456
25537918
43671383
84680207
60558750
38591625
78488390
87906011
7344458
34418856
37393686
84004895
52791290
36174486
7871822
44754058
55575766
33144155
39435910
50424889
23379900
54896923
86457167
39194465
42445541
57526939
45288453
89641445
10208147
67834997
9802252
1511964
52841172
59137639
92000117
2637145
44066136
92332238
59592256
86829718
87266533
83819313
19936537
5236966
66124263
6072648
56183250
21539445
30672235
71917655
82213487
68028575
78477177
17559409
56465241
27367891
74572297
13371430
68863270
68977408
34130989
39374864
63721405
61084061
79489143
84784311
13602861
50436074
93214713
987940
74410437
53749802
24544317
61564788
76371007
18161882
3534276
72869057
40954291
43612755
31538378
21762912
42716477
89423620
72053736
74597784
90435420
73877453
43778677
77086171
24805950
64756311
9477595
35402567
77938019
825722
649610
16806292
44078104
85574777
57671236
48659625
72156685
86658139
89772836
92866802
87772445
65941124
17792294
47923351
25182659
86293238
30587769
92581662
48925877
14416581
11005125
10052585
76538789
13126130
66970911
18022468
68059731
36262756
67206363
93626444
68643564
88644000
17210111
38153934
77284652
20566019
62025464
33910965
37424044
23746452
24864531
64409681
29989235
82692700
33118436
75883420
26874545
55576551
36618496
1585525
83113269
730628
45632264
60336444
61238718
23700818
21485848
12289479
64982270
62206636
40313053
74871812
86479799
93491447
40438648
87972395
41520078
87617853
81806089
24549175
18350079
76237147
93165374
82721049
86476382
37875948
32252466
82596776
80963932
82628368
79867655
31932023
10306867
24023383
36938473
14011390
10846675
79481371
44129326
30109630
93968491
81058972
44149168
60431311
77221708
82160382
76225342
47824366
39984233
26794828
80085392
83556268
91515298
17635333
74321370
42929446
31411620
73219139
21952426
32776219
91524602
89409169
66388228
64362472
46192414
42283529
66872567
76332323
80168221
57712213
17840357
77345356
17274285
56517267
55426367
42746462
13141071
75716666
74110423
82111727
2987360
88751816
1323252
12261329
93012489
28907001
11054944
38599458
15832211
29408186
64839065
952818
79816427
12822718
70739298
45560447
72621166
46995422
27961200
76204026
62931434
43138636
29544902
32351183
2023013
47653092
69107986
41609644
65622030
44759643
89301269
48175556
39981052
28662884
86865508
74479479
75475256
4259452
17097736
77888520
27390310
28642343
67916711
27671222
22591368
14231431
30730054
90597402
77742728
69872649
85224360
78001417
19229688
86959609
83441303
66566421
53922930
84322023
70461398
32788222
60638253
30246925
93106135
50956807
10180535
68429776
8239442
12197610
33319003
45914695
21308823
25081645
67714136
4264907
9882502
59907304
59547571
82010143
6966610
8392412
17032164
71647406
4086809
31115277
93302685
11577560
78789551
24515852
3549158
86001040
84956594
31528662
16270033
75945350
8747113
44643454
50345880
83520730
55033072
75987001
30113942
39123626
42627678
85056053
57974280
32279632
57647066
59520600
35497700
40596353
73011114
73400431
63318665
2936292
90876846
80773938
28497419
42104727
79530335
56398430
23247915
86490683
94166107
77362326
74930276
44717442
82779012
30496815
10999537
72261904
83274353
67793502
81031196
14190601
5990734
47573091
23623410
70006594
20897318
78448736
44699543
71183461
87682710
75146651
60502407
68198674
65583406
57088326
11328550
72382542
53763924
13326233
18096394
13608044
21898552
20464876
71463116
88431129
39544167
67020848
10910047
12084887
62886607
2539977
8368039
33704758
60133368
2657313
49246620
85497797
26965108
30180172
54674893
647805
63466779
86585094
51824278
1828164
74797251
80495495
88884138
3910456
69341087
173358
44606076
17813855
20700343
29287395
43355745
46895605
55403992
71288749
75249351
9818848
3702172
55044651
31106149
51601933
82670586
50747949
61933420
14231723
12158192
13095258
69348763
32558187
59334692
91639196
85709029
2978969
4292195
46907211
86233437
32532049
30113940
45521826
42659167
78521128
73257528
82048645
18782706
62937508
67862951
40690103
69805967
91202204
23977855
67100148
75940802
177539
14931192
63208575
93793407
78283657
92202984
34888746
91509904
43942929
46440445
43176976
52779796
63214831
49359980
70695580
22586226
70607002
73575935
73853680
69591708
50707733
47916947
27389388
23056513
40215054
464682
46739918
21441975
4562887
22640417
82251573
16801235
84667009
75192434
93285539
21778309
94011981
21287192
27819952
56286989
8564313
55846846
19404108
22333979
26324098
24553423
20271699
10098760
8170850
60327447
25541211
70736524
12113126
71261796
76551575
15966676
48876770
19244080
58850845
92715249
1392635
11602232
1227242
83220775
63927175
39330208
48932396
15402480
11122154
9593015
3286386
59214890
90589061
30491152
89527330
685431
32039062
77900186
92410433
37337137
28964594
18517627
25532804
449772
67020847
21903380
8201318
61573855
69079615
72794866
17154946
55237965
6020195
91111061
50581407
91538989
78036332
25677715
53963543
35891920
68269582
56195683
2948858
23663428
10650373
46220036
64466950
76436959
86575870
33031594
24626258
893476
87945183
608975
77501750
5035431
62619299
49622651
25613390
34473222
25437012
84347175
66638783
24347567
20053266
2593720
69442495
8928458
44739365
29224445
38757347
60849305
60859803
42644160
15300888
39642265
58169303
34590878
91783903
7370964
13530880
34901066
35339634
65077393
69504151
78083450
40740288
54176162
26177026
81394759
71288829
49113636
477597
91903656
459936
75069451
35898771
60076945
14859882
57198643
3991121
13907506
12243815
49342431
6880344
63619348
30396910
228972
61668014
44531706
82619550
62458983
71814548
66643103
35226295
91318949
15527092
20550640
58946089
19638163
5205411
71665455
3660052
4115651
29266048
7293911
44906193
71958183
77129761
81637751
3341851
75549601
36275060
90271476
11599839
53048996
34955933
45323543
37625720
47490681
7190229
28481771
81976057
54809030
88663393
19825427
