25510652
51050018
32455677
82887668
23054714
68066936
92232252
29413294
47792031
80289680
51077592
22843316
76008096
55673206
50246549
14845782
1585036
27171139
41016751
53152767
74570748
72053413
92736130
39970355
90092066
34224837
89953785
80356459
48977014
19449106
24948556
90089198
63512495
28904658
24915974
53508110
71177651
9319222
48541033
46186512
83141611
69164690
67766403
87358740
27163305
89993256
77496452
3633500
9570879
6358274
54959815
12798620
34910281
28639061
52537831
52752053
8236978
55816223
52428422
91475210
59078285
83937511
13766544
17628519
9113142
55066758
5538582
32901371
39591956
71087891
86551064
73636032
84746333
73307907
60941218
72633281
38445899
90475383
1519659
70229846
38225522
62669648
77651578
5888379
41414247
67661772
72646831
75602177
84691184
79404422
38352198
18740303
65133096
15001523
65240605
74571562
2572677
31170532
53309447
43033792
70460464
33455703
19094789
27891674
12909831
72891012
55411632
74145603
55982635
71421760
46304207
21469799
20304165
72365819
50391422
58544348
49226571
27090421
91349908
1466174
49972816
21562410
6881142
42545002
6121886
27387162
88147865
58461559
46624223
9615679
71355637
16983456
44958765
27028085
68974680
6348182
26718073
33849982
65921102
13060017
25335827
17794215
22842768
17006288
1369172
56551958
78446447
88979464
63191404
24615999
43393502
57657493
49992702
68490429
47688076
