52453737
90727725
44775760
51288649
26346755
68337964
16176883
58565050
88482018
772069
71928636
39594662
22572811
51645989
11759831
43067920
13628737
89402322
5518914
35271110
41442825
40981162
58190551
50657122
75537973
73248789
61452280
29584196
2006000
57600219
24900205
32066634
14718450
46665440
79558151
73074882
28179693
71574411
24083
39895977
76909099
10682426
88280411
70947572
42957471
5171347
4710140
92855518
76318977
43726881
58589853
18372340
45932936
77628545
14646800
35708633
9687897
66072745
36080404
28096161
66674621
26485522
86542799
77518436
72429564
65927955
91671495
17437935
66766192
71754768
73493457
82360943
13881107
81330329
65622034
59246008
90069207
61668297
68607224
55097353
62441578
27377460
19419302
31459801
74714347
24997761
38941745
2860703
47767642
57375647
53782020
15901182
59230235
2638230
54238790
35496118
34091746
81445266
71488186
74864637
9795416
7024364
61037894
71466815
39140968
12443822
18537482
7206186
78477229
8715504
17663115
80671553
75598767
1735984
27421945
72672905
77821987
55580375
39848557
36554236
77946690
90882201
31291167
79772627
5064124
5064126
86953745
15882229
78590970
52956622
78825330
65019832
86574805
80685027
37546723
68205566
65238505
40351974
91251691
78495979
85087993
85642246
8372219
51892058
913207
78871317
12914304
83436598
75917615
2894063
70535441
8316282
69375937
66589089
86562401
31067542
45383590
65141836
13950795
4710143
31155126
73017283
11337854
12343154
65578718
20424172
17697715
86071390
63295857
90275115
86547858
67631870
60079201
53737808
44609540
39900623
15352870
85815532
28690826
16512904
20485972
19405898
76179989
1918323
92139242
84396460
62114438
81401770
25898107
30080205
52200358
84381411
57176336
45960148
18476368
10912995
23067759
31418147
68244722
68979443
66929075
26334001
86580815
79403981
34884729
76566812
27556324
79567053
92319970
17494513
68529152
52587442
35134639
11176889
92934280
45726676
73732752
39406458
56841411
76587439
22580325
24492292
46526773
8642724
20202193
26254257
52449487
50336589
25592084
80702794
5902591
57075959
9392213
79071373
6132888
49910
51026396
72710901
45073241
4562295
60090247
46948435
4407831
86938310
86845404
49360321
9362018
20567290
82106434
5245433
12692986
71030948
39826149
13837862
14159620
1757436
3813077
27287578
63626256
80993996
31060605
81254950
24041928
90827065
4503146
51850372
65977223
91714901
33735072
32315611
73301273
34661877
31995448
15102060
40629412
28609798
7500930
63761399
56205321
29620343
19574755
50050668
65700876
56473762
70242171
66309006
5914631
50007975
36692462
90254515
45769446
86354564
62504073
13579096
42373938
10706150
18380139
92467039
22707628
81260680
29348663
79494215
67324690
12188121
35101737
21122779
91208415
43318825
87317303
26033058
71727748
38267255
74181139
32543882
62828306
77053671
4168205
27394896
58053523
39436896
87649952
1927981
62889760
75969095
22397765
57144844
4932250
21315998
61706420
23876994
62782676
38156923
83566348
52114450
55333498
14539148
46247953
91160277
63957169
12704572
92848717
39725247
79825894
13685028
35267551
35528375
56924204
65186634
79137500
47468143
52618854
63510857
12414247
50302855
84148446
55435663
29473297
76873133
223114
4161383
15204960
10258423
43103818
28191365
93039065
86116998
7291174
23979519
63877494
60432222
78890009
74312765
55445658
84624581
42905800
74916899
46980835
22557119
60787662
42315979
15086272
35635495
