84603899
36169788
64620952
27975289
17929193
69117272
79378799
13620239
3740607
46278527
53037047
50036362
3436572
39905845
54365733
39195731
24524073
58923676
621428
79962377
14217646
21147942
5244683
23545981
46767483
53042971
51039291
7773947
9263196
30231461
70916747
25836488
43328124
61162897
57012247
3179216
26269771
74468988
60632751
62931083
43983365
81666539
1746484
59192418
46659459
35762307
16253847
6696653
64417455
88011616
77499164
53566198
17965825
49879591
44097019
73744295
20845964
11002555
27782811
55134332
33355138
68433089
54598466
31386916
53127354
36879680
68901623
64727110
91829917
45136916
65768564
80788111
59975182
57066838
37073342
88073100
11391054
16280769
35556183
54031654
24041552
45184831
49006366
80336622
89559420
88020644
75838016
15431056
44595283
4561943
33294286
79774576
87036872
1780364
90577407
14193410
612933
89477965
12626411
21728808
64703390
4516620
28932611
23924375
48988975
18960313
54567528
16199762
81022420
42252986
72508428
51520854
79198163
89262338
72707138
43388310
93009559
18670638
76673322
65791749
70203204
47403608
60008319
25120931
29592623
55003820
71542958
77729770
71468916
62321318
36256636
45400649
44863041
46711464
30833405
36802708
70092716
70713922
83345397
31749542
3693918
87489242
27727415
74525791
43029243
7078026
92529249
83148492
85876198
77792283
74076199
33495827
22354352
10557755
76636547
88629948
71859566
45125779
65185005
18310028
8914330
61441719
63612552
11316708
57708526
80395975
37913108
79462411
28032966
39161360
29143601
2999866
38920169
77990819
45340908
63757938
91338836
67885583
33483445
20456718
51420021
6137022
778609
27256001
8019131
55132747
22771083
43270724
89711852
42746988
61454721
22547101
66083074
32515166
36798464
72364857
54477475
29828514
1756867
24724197
14930320
3121581
81768779
8338866
35339915
39491933
54419214
23226760
58788272
78757710
50606592
44306212
74658565
24239284
19305617
59403193
35141554
63410127
16533647
46994303
72209158
83246323
7066756
86050447
91034177
76552504
77641845
19539894
73251995
18663615
36322781
61790297
64676374
53181068
34063469
51584921
62907699
53445749
87339041
17221430
58462390
23801163
63255976
40920504
35430489
74502575
29470595
40897063
89974413
83565911
19428699
34683854
90687655
75300366
4502893
65496375
17758171
56530761
80113839
59153753
85007730
5328159
37174695
83880169
29412910
25058716
7824155
62180323
87933037
19050164
4833916
61034962
74540227
77888811
52425982
45156190
28532175
13225557
71430510
54354182
16009856
3938454
9077796
75309561
59580715
50236642
79737877
47127391
24499402
78126249
22380026
72586996
66482368
67122733
1102817
26187744
52038207
10702843
49217828
63533429
87589000
64564113
26517093
20001331
62908327
68656393
34858440
60121183
27708925
36179012
78980030
56292159
15562325
34612078
7393979
58034270
43245076
13272447
11335519
84667196
66508413
12982241
29789982
4380450
59378310
10014442
7104241
46154341
44657444
24859923
26718265
1523052
75631651
20571771
38541349
30033816
77227062
92447914
63179838
52594383
7816565
44384467
45515
36737482
53501722
11856453
50153652
83642550
52625020
79624914
30623725
46645994
48700613
83868118
51379208
37026086
10849859
62170042
79367694
54468559
51805973
25694843
34916299
81897736
59470166
57970792
7104341
37072884
1908673
5397818
50389759
89698753
91149301
75604188
46700302
20351915
522886
4588575
10024362
64868535
58751040
7454520
92804914
9756383
48811379
43464964
30222151
32517200
4446494
45426327
10565250
45276662
38706828
58054838
74736692
39396498
89624746
5281708
47194678
44166568
43286989
87019229
60574053
6202228
42440708
74201046
29326619
14504147
12302156
9751963
78097919
36086457
73499358
3496050
18583645
81834391
61231350
67928393
3827920
32535383
12379255
19978362
88198725
76163092
58291070
21561939
3513553
6232338
1676962
21838039
58255713
28827874
60958649
2874870
20333616
44620083
3149029
16676890
6128228
15412388
7946579
2751825
54674087
87475481
2199978
34494304
80547146
77216170
29877738
16032111
58358962
45294110
90180064
23754329
17735887
91856051
27360176
29188486
1334130
46343783
90046878
55806873
36822987
39492821
81043813
23899041
34719766
41862435
32014685
57380087
2024685
67305419
38561173
10882938
15859722
61478252
70094433
537162
91901276
51657434
57541645
2043559
33163055
25346524
41885975
84138703
22410269
26455321
75290793
17302829
50164956
63185745
34446367
76414642
33027158
80315948
92714892
69696315
20123772
29288911
80371324
10662301
14733090
14924909
59836840
67368536
88226976
33178239
46197551
33935584
67733557
67280879
70674376
65845494
10873106
79024423
36490912
51771781
8925336
31353534
91797580
18582366
51262704
8177672
14712768
2267872
1122880
84442742
78261122
62475034
19605500
8197440
79218459
74027718
5629460
75282088
23947193
76610189
89629831
15880855
1259378
44477405
54329753
6842098
56101089
52968640
52617122
3394114
78865854
31504557
80859300
58743448
65881002
72973307
91221256
84609381
10030237
8634537
8024716
77941491
66252870
39971392
31950247
44223016
74994568
18982843
64685561
48898810
3686802
81555795
44155334
59146289
75755809
13411345
87999778
65520319
32700076
83647166
72204090
82331997
15428160
17051275
75669251
1045748
71425147
90712373
59230818
84706911
68706397
17020466
72573116
9837528
55943080
23818027
1864505
34053495
34237736
5907077
90743423
91372780
43407661
48628316
50467787
17423030
1188817
77213841
52804292
30483013
68683099
54791837
86308077
36779380
57834989
48493546
7571917
62621191
30705119
41577346
27392407
26214446
69555786
63782163
45622125
24705971
63292029
38998924
36191500
69204944
50892903
6709595
30455046
51380263
23774369
63598673
62958651
44951760
30019744
37304109
46527606
28888047
30414105
8051547
67219023
62624034
29401494
74034056
88064177
68748428
19905015
62030048
28986288
29504957
38185498
82668488
70484696
53217250
3144378
25557958
87728742
79710809
80434684
56233134
87106992
42620107
8281175
59471847
12619660
67239377
37976104
15178838
2738181
24666013
92239824
12436790
76659461
71891666
42453374
34750828
5568658
72919860
53067564
57368756
47934153
56065439
65458379
41450519
34990353
4292418
17476774
44456762
38056841
1103765
64143008
39891134
70395258
52173132
89713714
89083955
16194967
73347176
35833611
72020457
25900911
20168285
69007253
16752575
50031721
43370272
46797715
17773140
39603172
4868266
86129891
49351365
11341096
26205396
53447351
70419302
90154233
3539129
78687350
37850606
45251438
87312035
38258117
14978905
29946562
3393308
34466331
71069753
86473823
66611432
71936869
12820950
46183151
84995862
76809878
8367009
16142510
26761068
42131770
49432043
3149069
633131
37478222
82110076
5321755
79604112
16039730
71729468
17588171
39689002
2696782
64515024
60365713
17077840
1623848
21533140
31037466
84870811
19006656
47733104
64370849
56770391
27159786
40214613
10709151
2417597
66611428
7130235
73294602
84310607
50801399
41483176
79129426
39852153
27190377
12096812
53760856
39620544
45839395
44813067
30134383
71407619
70664481
31036185
50706166
58420460
49213784
31146586
63590206
47747359
10898507
38621825
13386453
68585674
82335211
59019671
64406223
67495152
28422990
73378097
61847166
64458838
37010370
60770689
3555982
51817920
57060842
39788999
69686009
15170491
15736153
2830760
60889385
76325602
58569824
46948776
83092201
14449864
76972727
92409532
4731663
1719357
47797179
5705602
73243122
25310736
10327768
13874746
31650185
3739696
3760623
53233869
80340469
62170041
7325818
3891748
87455411
86320626
38804144
20406714
27923538
17718192
31095718
41481754
22850871
79591097
28174051
79093906
75476121
60564538
21413097
48554708
44026939
92925964
83107769
76110296
27940221
44656683
91621503
11888108
23138791
67196430
32166024
31029806
76750696
40903540
89554842
41772800
15403501
50052346
47827091
59375640
54769458
24773811
77884311
57788831
18158020
73201574
62982606
1036860
13997458
57027809
41586237
57746348
21845948
78582252
68142537
43675410
51556578
92990564
2076714
92850767
4349791
65872860
88416292
50329959
16073410
87997224
72982860
17256402
37843063
69371307
64014471
61802629
16485377
30214776
27529132
73002639
84079786
57365894
61853938
35662794
74452526
6675103
29088718
50926301
60034984
24399186
16411828
6533702
13316000
49573567
14351840
31666158
20214493
53555287
29486800
59475883
89977536
22363240
65706848
87787411
24809143
46478333
35809970
71196217
67817677
34252158
62934790
15819799
89674304
60359140
41143854
81572306
74269074
30087759
60457520
70179327
14402145
47660647
33796443
55600179
3197897
4536918
56425580
43450117
3889290
36070344
26491907
47714164
56173722
25348558
14766415
46640609
33955573
61707796
5268697
77136741
80143466
89462398
24110211
8503691
66190463
61531651
21982503
53019488
78240142
366099
67316142
72394776
78237071
42562905
32727084
17622799
84602075
45184869
66516420
25472913
63233460
19455345
28997761
73664813
82686139
33384489
63876989
59680122
85623617
43155004
75958470
92358814
46056329
14728405
313537
83732661
3072431
47847626
88356351
37841158
56658689
8224125
49104133
18693797
57322421
47394753
82002118
59499421
32975740
48815012
26902920
87426513
74203305
71272822
32792238
70052226
48018687
76622016
29203433
28057884
52135659
60682890
79308133
9770574
86882828
2294278
68765768
89737679
31900158
41733125
38939264
2585700
88181478
35366152
38832692
10885835
79876045
42032156
60782365
5709290
62639146
4887691
70750621
55439654
39721188
81767090
19055326
41384292
1912516
53417021
55281993
58934010
84891033
59269711
36064772
47254492
17990998
32006860
31073201
49544624
83310859
20948580
26286970
43516138
65108833
92576495
54830536
941577
69054336
8342491
32062230
92591744
41580256
26241682
92990190
90497678
46219737
79764199
59473215
78719333
59612482
50976039
88649831
78101790
6094065
14662598
13179760
92781729
6956094
71881824
74940430
62168485
82320831
11885507
37145406
25325884
63672818
64573915
14072521
75042172
81203277
51801916
54862901
19003720
10547439
7560902
91051587
7468831
66074625
36322705
91163703
43027740
84339995
54396099
74654047
66880865
34510680
75556359
37219174
69172957
21249137
67983073
44209359
32045647
45019295
14409392
81137949
31747149
50943286
69990601
59882004
68762005
67147004
10767237
68942248
20307386
2073280
80322890
36145276
8166275
69165429
40660825
34839953
15810128
49617236
17644949
58337138
70536366
7427466
31041165
75130609
16680619
19432516
36219717
17517527
66610836
89076020
43489530
30677656
55821759
54475750
56919630
69938945
24368475
3761834
26846241
33424006
4809837
45008700
40302045
12308545
13357590
84893360
35616834
50687046
73335421
84180186
62387561
34660999
44486846
38251160
6346318
4068616
19688647
3079405
18927666
84321601
55555655
16634308
31793759
63838370
88662987
18933194
20931549
477377
54396610
31009718
64211903
75852264
88019061
61870943
82105915
80060046
60803342
66030158
43276593
42487584
89514079
22327347
13658181
38122078
63318672
36455903
10857404
54311677
48092550
32888720
18653941
88314938
4573626
72164428
45623091
36478095
52875322
10359749
63051233
13258721
49090728
60337790
27033648
71476247
70415966
4215933
44261007
64404737
76924875
91375447
91010922
72312673
24448196
46487916
49061132
89934912
87021620
73970704
31966860
39131915
17754983
38651303
71183316
2552337
78457121
26916492
43577932
87154758
77377370
64212570
92241802
48888969
84272949
29516775
31135502
38649356
27351333
69834597
32410633
8389134
24157186
23119577
1640626
34688670
26213115
11998712
38487929
64221574
63172322
33642711
92816468
15116863
50665622
89847042
19059117
86902189
78567982
39249689
52129781
24774564
40144905
44103928
53803050
3053228
45375366
64169668
30983686
82924627
