15702702
76534378
88154057
40402162
5445856
6108485
32645542
12914695
56262444
74299567
71852222
70545859
64234014
73896386
8478161
10143414
75116197
85838850
2753524
3547103
85779738
76327059
69299095
51854703
78859608
63140589
86766971
86766972
74020416
52911321
75849186
8598093
64999537
30765082
15082442
44673070
750306
4996749
46511481
82692223
91234716
47476022
10128594
82473187
66259204
41384301
23211322
85217452
24443971
9647957
53357566
73877193
69245312
19672126
71804489
93206076
48400050
48400052
11174790
75412836
64891836
60280867
71663026
17476598
75105537
62387168
13448749
46956437
94103439
31850314
92517095
72414720
51463298
93940101
64887319
43687847
45797160
9732347
56229609
57390999
7066523
79424773
4868070
70881055
56660979
82964817
14433373
28175031
66030768
3588528
4952302
22934394
51927977
78803960
531568
33369279
86893884
29987463
75292233
80452151
72162271
56045696
71834577
80140769
85368505
11416198
84682621
30418117
79321362
25115940
16865244
51651851
91705244
43937023
42533080
11851342
60059121
22810056
52795095
20203704
73864823
3379967
379100
77584252
66845129
79649321
38298887
28935009
35194987
482948
75056050
2726037
43209523
62532436
66498578
58548379
30436766
55004827
35212640
54021043
89678568
67370056
26808702
84769468
11326489
22906753
15485147
60982919
81153381
9435147
31932219
81017288
31985910
81007786
45957366
78195308
54645547
68262432
45865790
54222641
71966758
88811831
33170261
90261864
62658703
13080585
60141332
44768282
56326031
32244963
80396297
11191518
61295546
9918048
52263521
810024
10921937
2007717
69490688
7598831
65518353
81034192
1064090
68917427
45830551
92755407
45533874
92120804
21095322
7996568
42199870
51995576
75308677
29478496
86299517
94383889
9006810
23013740
89680664
81007789
28187243
5790417
58444235
4926433
15838189
81483601
51303526
85166043
30924184
53652658
35117238
21002784
87347337
68572892
61233712
66907844
2834379
32010549
77537623
36152420
67365553
94120748
63236057
80529737
13629287
60812309
62575720
23964411
10080276
76518930
42339491
46048166
87395679
42122677
59749099
65532544
39561714
983352
64350307
28541790
26689743
19279161
64366744
76421401
21780694
19890049
20270625
80081863
10678896
27347385
4525112
65761682
90944099
21041949
10316352
21134681
55908499
28666690
15136844
21227117
39894386
18521151
28513794
2247949
64310559
67361464
60696385
70347421
38073933
1484185
80280538
93519050
29857569
48969685
17120584
78983540
13555956
26493027
83057264
7055476
2454080
5387301
53417380
27331744
21799129
6242009
51027155
76239505
6300751
58219623
77087209
34808972
75582505
18148744
88877372
28393558
8281461
3585857
22670271
7489063
971513
47509771
83798222
11596582
6985781
53031626
92397800
60242293
6801720
18457952
33397376
52136616
64648827
61303828
24213174
72073639
28333391
56280772
73409621
41905373
20636432
41622188
63723437
91575182
64298728
32924369
80738429
21287402
82797639
85540615
43771020
89661761
14077108
33607328
91517762
47764515
53627995
658015
64312332
28137514
93018127
816212
64620151
91361993
76162552
66414752
82516787
48215648
39196783
19729059
