80720865
15688326
47350232
77184089
523418
12040923
23371479
88623100
46971564
911123
16374186
33654154
27235237
92387128
38997469
80153088
37654530
89379762
53052461
42121502
35207402
59184001
55802797
36816797
6582503
5695373
34280342
7329697
83289241
3755563
66604044
31249447
72332266
2487792
14368088
22147652
40518632
40118109
12010450
7338533
62364637
47172231
72368107
1945052
91155111
63137183
84608382
39699301
8070678
39205142
74135790
1720761
93281398
5702548
16356477
36019053
30010359
25227702
71685747
34014088
62968135
344755
21112057
81672970
50234191
40311436
49155068
46665355
21752827
94189971
18289232
68852376
75456287
31624776
87188009
20968311
81442818
82199643
55275247
76531458
70777627
93866703
62842621
43216718
25285158
75727406
2128523
84830654
94258003
69327601
51320433
21937038
9759823
86885699
35972233
48574239
51549051
32538279
56487734
90326014
53698545
4317670
43727698
32247136
6773747
20279379
53052456
13534253
53337888
77802632
27153465
33054342
70664951
43767643
37096208
65644797
81899193
31501971
93626924
75216154
20072012
20469476
20854183
7185214
2269109
640991
82424635
37769569
20311826
17096424
4060709
30789364
29035666
73464713
73100825
76006040
91984373
21207121
3101790
72803865
42398794
846704
17063244
57250587
50589291
33479659
11824969
92864329
46135749
47678777
93197972
18996460
81354926
74708045
84658882
50092900
60886391
65124063
62843124
54325163
71672137
62834557
66038695
35812541
31736925
56939061
46095361
58591292
42586465
10827597
65968986
35177345
29672517
10962274
88495582
88495583
76477500
34153889
92818519
