32865356
55998940
71947048
68900462
44189689
34452017
45316830
89334626
61241662
67399680
9013492
56489122
67977116
35229451
76402205
21666319
55407849
32879484
85951893
74680814
44538520
70800824
46789215
26661930
18849137
25432211
43845127
5259423
53961810
80710805
90736166
81063569
21639025
75622009
10002093
61974318
41015055
9081024
90255343
34846305
35709630
7995514
57284351
21919460
77056556
66744045
67635047
60411117
39949247
66130023
12548785
69359525
54028738
71602289
14767512
537504
47921968
450782
16701696
16024316
42868817
47832436
55049179
17334411
66232781
21715697
92954075
24665152
60693882
54886238
85658723
20723964
84095355
3207030
44998772
7552915
47590464
80634909
16765348
91119839
34672100
18264497
44217110
92451095
27972972
28711074
34919895
88425468
42026142
64699507
27668614
27947724
40823858
89139317
90687203
989678
14192098
19757876
33427392
15246711
38737680
63899762
3290031
15889046
25910538
25794575
29406993
46183292
1873388
19633351
20919334
52524257
37544855
369456
67409108
57261704
85493933
13288647
86911061
48368575
51022252
32858704
90146450
40337003
25462669
78786011
31717212
17807045
18974847
1252409
29829075
82983634
86408074
33459107
14204791
19382116
3899259
38308453
19731234
18829828
71394452
21665425
12778172
66585754
23601980
11007193
1112037
21483134
13643266
23605678
69719608
83526755
10170186
3811201
17083280
39589415
47823043
68849923
36003531
43891203
11033819
4239852
19949280
78005218
70080061
63323703
71007146
87382519
91165898
3993052
65073333
90173784
29649708
89739529
28605475
52712673
18726092
27966918
59892115
81274150
43871391
67080879
86067806
84851475
45712784
29572784
14985303
42458047
1960116
72657292
25097092
74310533
88482529
27678810
41462797
43568831
13493752
90808924
34521766
8128351
69967804
29827987
78163466
1123205
75565476
15650404
20760825
74164759
49577293
81877983
52684304
2061350
89887171
33382091
42168613
27737521
61981569
63994276
66413196
46763183
39166485
59022688
65756066
14981840
13541643
49810613
68523668
20517224
12186436
62450856
27835969
82844695
23455693
63740669
72167818
33400018
29454935
5815159
11172027
86603373
48720678
86490264
79788356
48554092
7367983
73747255
82267737
4738999
17512679
79045039
2752254
83013285
18356377
59507495
55733828
66356914
84679701
68185971
16566309
43953003
60732824
36220514
69850709
85492472
69501385
11474233
8208351
9149356
50338790
26714721
31933549
22467270
8319250
21961502
79495188
49841700
64974148
55423481
20925859
32507043
27646043
3639974
85218527
61152799
39122101
40530402
53556097
2839571
49894907
26543267
24833939
85791989
10858789
6164138
79011020
44159475
66024435
19447073
87551895
12579773
23264450
51335075
44638305
7668427
8068764
27077947
60434056
89399824
65888164
42515781
92876625
33233366
6465050
31872281
52579881
65990532
82732591
77414554
84402550
19779062
83399169
16728584
33615859
58647897
32214816
50000111
66852264
49251420
36748511
9106339
10247916
61091183
19029281
51307814
48512412
16071045
1573568
47994718
75113153
78746779
88276119
18890412
90985755
77575369
19569399
38466922
12754241
42734757
28072365
1148531
22549100
45134300
9569183
52574464
64551031
14687158
50321860
36403299
37639180
57344639
69420154
70480621
60647692
6689176
56849395
31544496
82329832
59125477
50059595
66495387
59383846
71118763
56854990
6155921
69451381
18876479
86304387
10599725
10882110
33185035
82381750
54254885
20240009
62448519
38293649
34332259
27101306
37125339
64483191
11992717
38852899
27461917
6533593
75079171
45360752
72564058
16104145
24097882
71875774
38767174
39696018
77300613
86445523
71010654
5403563
29166354
78228765
28524442
15212301
85645923
39995344
71301682
33909010
50969375
62882291
16669636
75558579
74094011
46491486
92576482
80408708
55657378
6717976
35589190
16375180
89985051
40900911
13838522
89442995
53274732
58940945
5126177
49200936
91056155
34206198
47066
61381357
91561577
5747119
49503405
39238886
92800930
53672005
6750938
84864631
78715902
32591137
50573334
57255188
86133330
32814501
85447569
63926084
22339653
73834645
701201
27773523
45120958
45590868
48980814
26301496
90893239
75842120
51710404
90470979
58399550
71978506
80399094
38058680
42168412
5886156
89843810
87835089
13515397
67162230
47687596
81429116
19205749
46788919
63277976
66557275
60465596
53929119
16236664
67794675
31956799
33770522
38797710
47409943
21495462
61571284
28052309
90026997
51607970
14704368
59186759
20495087
35917909
7233481
85708646
14575166
50959463
14530162
10948025
57763597
69819493
63197886
56213095
70923405
61437871
8343676
50825788
25935297
16002377
41548271
23569207
21381320
27863716
6572825
70472095
71993713
91772259
51164721
27379912
42276602
41062882
39678663
31476283
49524012
68549693
28659490
81765770
13846733
64660104
50347298
52142398
204826
18884511
28481575
26860391
90829504
50677287
18668449
58425932
88597085
20330995
25352884
78631950
2291800
46163186
51696961
32909014
78710108
51626323
60392676
1558269
43086822
78966971
67629081
55579908
70225923
83484332
65248237
32244479
74307034
82716941
18785022
26079623
9810550
48559756
90067644
75067372
50776029
7929108
4877327
74132662
27128610
84774934
62791662
74463302
59289260
18441311
26445050
90851937
86419698
54163865
33093506
78383682
70194169
10320545
64098668
84852330
58297521
4407676
47191272
56559638
90003322
29401666
74184032
69604067
66406604
54268229
59605720
76627268
62585802
44822910
35504527
32455863
71696512
2374903
16274635
59814035
54378118
65202434
49378516
61685902
36509256
8123722
8609461
40188296
2573417
83657107
83206951
25156966
10900802
9500894
63520414
55902533
38338404
70242151
46982267
28974392
77911990
3201716
79067140
4810391
39538660
83875455
6921560
5797811
57563547
54602101
72370085
63076843
87532063
54226107
56479034
23441437
30873934
65694871
51034865
66072431
34099604
46627827
8860060
29046930
82642322
88144433
67205287
72529313
69673959
28174363
12247184
21040213
8164907
6771430
1736773
29785682
84624034
74194169
76600131
14966151
45089823
70271009
75742400
53680874
61723909
77388100
51181780
5977131
2166563
16990543
20722932
44062743
71404699
15361439
1687144
62084691
82744267
41795066
79094243
48482824
28160051
14515267
8553731
36785800
21550892
35212490
3158700
50439493
53408682
63685000
11183048
29575417
92701940
35723750
87208976
85082969
68798741
20664291
71494940
67596761
65536552
27255022
61922174
74687153
59969986
55368855
29118642
91717371
11741785
12214613
48842663
51188189
92791013
34713702
42822489
87174192
3773538
69142356
81229121
75355392
77667364
74394138
65033482
52237959
84821046
44024433
57598366
19398315
78308165
63343516
54642474
73284906
1356352
33916675
86786594
71497952
84246001
58533441
76882069
68207010
90985683
73038120
80244861
14440492
36028641
48946969
10193504
87054614
2320000
74948362
3388324
20166004
35923126
43709603
76155088
27065686
64120672
29282986
71250595
12046043
86750372
81964117
87639458
42985009
90260179
57053375
36481742
68459102
67039923
62672716
58097381
84445894
90825091
87766321
55199498
6379395
27009572
23982054
83665878
30453621
54421581
30545024
77971422
18523750
61488325
26003525
31918415
78791113
74576607
74675731
73800081
35548652
51724326
5595687
445363
13141504
84015344
72572688
28408656
81269420
72684446
78534948
76605037
77942914
92569821
24711010
80468907
21867436
49541824
33507650
53594356
27286361
22467290
1239946
73946042
19941043
62453859
75034447
50935740
13537763
5842441
37593248
53141790
16600445
54695235
78269139
26527159
20233078
54864555
75368645
83897255
79607468
82593722
62280971
24429281
4459845
4920468
73430021
57607528
50887054
32071933
53868400
61190409
82734444
43457699
51921396
59645467
50419508
39686805
41884602
77649154
2331848
80547026
6196768
60070816
48849725
75416837
38260177
41346726
18358797
14217626
82321630
90625360
75893831
20543581
27317164
75261034
80187648
41787094
35297589
52894880
62586137
19892920
65774026
87898814
52574410
69624346
55006039
79122380
42157289
38404760
66733384
851229
38276062
34083205
11628817
67965284
91178508
14001472
40941040
2239985
42898037
68065079
54083055
51289124
3386260
75029499
22922064
2106103
51164051
41535500
32327831
86817901
57028878
91106207
40320633
29362561
69195763
49310042
1410593
52716024
64803491
37459194
1245151
84509959
5327796
4566267
42665848
92642203
12559960
58625247
26269775
41191515
47622775
59193795
42793709
54890159
35585934
63944347
79828775
46542943
49146686
38850424
8346102
80187645
71408383
27357743
35560913
71424175
52278378
50591982
75740854
31907
22483376
49173087
53540488
42191790
67454107
33996222
83583763
34538822
58006432
31565850
33474189
58543201
51416050
16388262
11966328
47805278
28360654
58542711
11369123
77341327
72248468
15090425
5889795
52038184
8057413
23226690
68595178
80783903
55831424
20872297
45814993
59053287
32839398
84885387
13483072
879752
86392074
27803232
90502948
76028734
66886886
20797640
13138340
57416336
601675
12033922
6735786
52689642
27931835
68542548
1703027
41388060
64044165
25455494
29644483
75067587
22321925
56677213
79309001
14313337
23953641
44809337
91932794
52684719
48148245
90870915
95070
13425932
7770383
51621536
66661775
30446543
164675
78012127
69045310
49484450
36022191
2096046
40457786
22806963
38860039
918861
17902200
74404845
84725539
73049212
25546143
58716700
74659189
9838866
33828300
3515073
88625214
41130218
92830171
89385860
8299388
26261898
81521155
92971153
52237398
29907769
64815539
67456253
39402519
8932068
3702768
2209608
53463994
34774285
22070324
73919801
87184765
59726808
36560346
27618757
2864052
57232175
82330530
52753280
34375773
14106001
50597338
88222728
5951884
48229755
38637691
75500117
6085086
51011416
67199074
25031525
2011110
745675
14344013
13612473
36655523
24160342
5092268
83247655
67447584
7566247
49192054
91985774
56296641
64785652
90669759
9286138
81909620
57836276
88295979
85940057
20443267
24317126
41409642
82178318
4411544
2301589
53280171
8137770
86848388
43260880
92839541
87631904
71457239
67091103
939357
19164345
90442520
33535142
53181501
6647271
59920072
77197929
50724053
68437616
8798726
84968712
81494074
82961624
48399551
91683149
50722639
20098847
7187132
34569064
74738464
34557758
84965383
7525559
84234501
47290526
37021945
45483726
18582536
74071425
53374654
29458030
57390421
79419686
60770626
36243012
1402722
33982083
83312709
82974535
28944609
59745327
57790734
66630463
68887381
32427107
91621252
47698610
1293558
78997540
33457905
32888379
47036507
60002261
53536708
30476714
53292564
36863451
92090714
21568682
25579166
19523761
71919572
79172100
27628362
91358837
91838190
17263811
60132361
49157890
68930820
80819913
22813558
40460564
74632258
5119949
19031913
57595243
92645804
39465891
63679547
89860058
26048002
50756771
51645190
49821327
87992633
47577405
73022651
35858939
81338381
49803965
46867061
3290210
58540486
83724838
84246665
44676350
14028756
16578657
14630153
16704058
91790790
85172278
17568468
3160373
80219947
85969865
29823727
62907253
30475685
19719323
81127024
15146170
37853684
65538228
18394368
1781661
34229100
31179115
20831198
15925527
72034127
31867592
37987448
4360155
54229161
24158445
78733275
55100221
78524518
81119316
4771468
55470138
69997324
66446673
92071365
71829861
18036866
91825218
90106363
20760824
33408858
68844149
2493642
45893574
38559457
59187044
56741013
5445017
56906117
6843325
20587858
22618776
90225011
66054456
48960705
63146871
71152304
7005146
42257851
82794720
15870133
65305357
52197924
12085271
20341490
35287142
1847751
69941570
23570784
64289028
50061656
29610164
25266354
3773996
46481021
23708383
48722937
84280579
56467794
50567833
21490623
24455047
30480918
21501222
30368891
65968866
43743114
25587344
74886358
41609050
15427410
78799704
37510193
39821193
40119493
78678652
29029548
92613791
76435174
8069598
92632486
53863153
70913935
88324276
3098267
4799488
77014255
41409185
35797857
79350053
14023050
75854183
3627552
61968134
53909691
11487456
57820820
68522414
86856386
56310675
36190246
41553476
52371291
76468001
92876530
22226963
14430367
4990874
88984069
24557309
52367220
51160552
30691005
7429345
11527625
38550135
6990936
92691453
58855340
63758531
7484103
20613754
82234449
82361625
80139389
85903557
46567652
67825109
13075537
21252239
55386990
38167309
18528535
61833555
92256300
49699508
32408525
69448184
40369286
5440917
1921425
70466642
13168215
2466141
53619332
36711350
2885376
49015389
17457654
46812705
76980854
10413489
76145740
89193096
1191214
13168838
49754109
13058570
