32995635
7574491
24634743
6007289
28838909
661451
8522343
65282489
23122830
32965528
94132906
24541595
41071912
18674919
29192468
371150
7850435
72036226
10205674
76361872
25734736
37399284
79964116
62602130
33350368
59415178
76090057
33730764
41963961
10830385
60440694
24149900
26265550
26317165
72892525
71868580
39821917
93350934
15281343
40031390
53391265
51653821
72253390
43692662
2703142
49817659
7535924
12366267
71014796
76701600
75863656
62802252
85502252
49071743
34582367
92003325
38535663
89908974
82293752
41506894
53016922
69853875
47176812
90263169
88145734
41464474
82195421
74065145
71683456
52025723
90183442
4633654
75659996
64203076
7917081
21923843
50572641
83805121
2234922
54134966
47925899
46587844
16647280
15937658
39698512
61220936
20511625
11635899
1303988
14363265
92602644
79683301
15466144
69115061
41510642
91766021
81394023
69138425
52056006
39284661
52568493
31024717
71080870
23012359
33522751
91911569
58293002
94220532
80930865
25797891
20563958
9582719
8171693
68096537
75081509
88220590
19086129
76529740
89756806
21480593
57288092
20370538
74025066
13830877
42364596
86963115
94563672
46421922
32052441
47927163
79423242
86342801
20754874
85515905
36777404
4382797
20886572
79317724
8433270
10448825
5242913
2486237
80847307
52302918
80358418
15461369
47867161
28581932
76272943
24306910
63192761
94122864
81833081
24401921
56153941
5794116
61337168
91351420
64677211
1662015
52540801
87857489
70835931
40706151
75340451
26518183
36227852
7878730
21436001
37245114
14649072
48741062
47197626
60296846
15695818
55419602
79398698
88308976
61066892
91504948
74953662
69334131
20026779
8897329
10836378
52138759
55620577
73608959
50232820
49226005
78558526
54247218
8232568
69022053
8109514
89843517
29782829
7438133
87635921
54311305
92657716
92657717
23137753
45075408
14081888
39153739
34047936
52803763
17387878
31682558
71983828
53321767
93018407
85590648
58866100
40127773
56908610
16963325
66866708
92054671
10694325
13884963
67018887
80569260
29795340
40830713
18521280
57011529
79330695
88118462
69353841
79286130
19018307
63970362
74105582
57047371
40741020
69967589
17811636
25262515
27445605
60659563
67399321
32952617
70772054
51039479
64963972
69376537
68862860
64921967
61479253
86753705
33747265
10704746
60714629
21991274
25627157
94155903
90356202
66560432
46175412
66234718
66772303
5218703
55481616
15027524
34384537
39109231
72604654
73597287
78387357
69225873
91252431
45439282
57313614
85270002
80916728
75117374
2148039
40573424
6415343
25852003
47705968
12015585
28674576
76169648
72923477
53040752
31423875
88839413
40654241
27904659
68343717
68142349
5903660
65896504
76008250
27151822
42533751
36895074
15157477
7626042
61503633
11384634
57408775
89133910
38443781
2025357
49429486
