72583867
37194980
35810003
91097758
55254629
42608143
18086978
77448185
44319041
27214833
70735760
92760686
82562764
73968334
60294213
53338361
86514186
52753130
69817385
73677649
68744995
93362415
29288358
63904611
83154026
55486709
87999818
92004329
47051045
78733944
48599864
32790215
73414185
4901522
44505080
19724683
60707761
18189239
4520188
44502728
9118294
6546412
17918607
28693071
81677685
11952050
28595655
16861288
54802979
67295361
27444172
6254860
17040765
82203327
276585
70742018
14061145
89863347
2161171
3372222
50205999
55086203
71692278
31113891
33171335
23792751
61713452
46871616
21767750
85085725
32853910
90952488
73545228
90226501
68416086
83947803
38720074
72866513
25138463
63024192
15041003
80437332
7532893
42542389
20278413
26746312
94483832
64316832
22025632
34814215
78477530
22252500
56679070
39192753
22450490
13150224
37302055
55091037
62714824
38201788
18131943
89996410
11910262
77230504
24627698
9700138
4559680
44275304
1409220
80288328
74482457
10021361
26767256
26769583
65050670
36924620
37746294
34662874
74491133
76713797
36507817
36711191
69476249
70530101
50424051
40012537
77166607
44269883
65359632
45207364
54954460
24595266
20225573
33976121
43307755
85512665
26363683
44235768
72854070
75223724
42213307
17107395
78311604
30601842
86802747
3849505
24065083
26003483
83810673
10168774
42198081
11472862
65600056
41348856
6931102
19291338
32311679
11673662
85600122
40410345
11681665
83492426
32667992
21728054
85705643
80833403
71814666
72886704
85167537
13640379
89546333
88799810
34467520
76916184
28503998
16621120
83338670
55226105
47025451
84943924
87908331
40098699
25456399
80384849
47125276
63186577
34944741
53611768
73852759
19269535
75431616
46167805
37644939
57400630
91495442
17895888
87740173
56199618
89979382
73126123
93020918
72856897
41187562
44812326
73432045
85683223
82858741
49991638
88117615
76342816
16995159
70767179
75908291
35221772
35178933
13618249
61722215
42673758
34899341
48847110
26523076
29879906
41076277
42405987
66259781
30117114
5025301
4114499
87671458
71282693
87000696
63404375
39402966
80232297
88163183
46343797
76543879
84701306
89559575
60900520
34519333
66395519
29833704
5185679
35590238
11975602
79922144
31500107
93578091
89489722
46523707
88935648
33469778
68497246
74027251
80295537
87621030
61776995
12785414
77852960
62044733
33057924
83297246
26740798
60076861
30617487
39558986
50752871
81431971
31127173
68619116
65168116
76244052
19320918
29232415
73862727
44745382
27480703
84875655
29313381
56511990
32246185
33826426
46292204
45447800
1307308
16519427
33113160
58976617
37946524
40329343
31286922
21266649
62700149
17078326
4996576
28942230
29900141
75062273
55730181
32781291
75814037
2227997
64807851
4917082
82843792
54042648
39401259
50402586
57066582
76927335
88280448
71462551
48691603
80331367
14415587
41520689
92370876
80149494
