72569586
37165502
36863139
37535402
36430471
4278175
25694674
66940507
1432418
43525729
89640045
591207
10796858
41760571
66609568
17324133
80597099
28426298
50970045
31116691
76109706
33945497
59068529
59380919
84492043
55918160
83788700
83094603
25669236
555842
67500452
93033843
15394101
63601407
34907558
78106287
79302823
24244616
23374961
69549728
92798968
16133324
79813979
56786404
26616846
50703448
31412921
45300491
26270177
64771712
61618486
23472670
74230915
26198784
4139977
78321255
5030889
9131353
18359096
61983616
63425921
77648013
70072771
61113625
38411588
90127893
604191
20935020
74830242
39295727
22611276
73302656
53116603
58781503
79530660
52668921
28415145
69703969
53295605
2548298
17497790
43472895
68207079
74485827
72804044
11873480
79471496
35965079
7220352
3903979
76295326
65220685
1028618
66053023
90147894
40084359
65229209
2935021
22754973
27411758
24443384
19665542
7121954
44076342
5604427
40079730
68170799
62786099
31069223
38033081
30964421
62439113
28634067
82015455
33055505
17820097
11541389
66402456
306490
32502148
3289492
14659645
13090185
53095087
40620012
86099382
5355738
40430260
32682431
27513141
52062677
79941615
84169561
80886773
81813318
23078280
70996567
82395261
49215463
34511123
44590523
65929211
65392626
29252072
27563122
90019980
55703723
42750923
29914652
33153698
24417268
83998335
60924760
74402568
39089112
21386078
92391341
80242826
71600421
35589029
29452292
91167498
44276995
20083035
51376401
32712717
28107424
13800763
72721136
92109689
82965552
60714485
85139082
