73541419
20746803
37353466
13241924
21295309
56531019
50259872
44997038
50900262
70997303
50396033
16802774
75191703
82211658
41458783
29106597
11807752
33890218
35020224
11774107
30552432
30781697
13542572
60457105
44694292
65120618
32028766
50076660
64753452
52867023
6924086
1629136
25962902
38413754
54184515
87133409
17685526
66573990
50509027
59852238
62090885
71543398
65584662
70057510
70320933
15365627
1471650
51616758
38716470
89526133
50338469
62009359
58032142
8578984
59234208
75143895
7751355
33733921
80768187
78507903
87174975
59944459
79663161
55896154
59491448
30111936
89938772
72009336
82293433
24821057
66216591
49820047
2494227
78928246
64703951
26877495
25794395
40901126
3186515
29255289
38887706
48133183
44604925
12055885
38865682
14196080
10621035
3232250
92262298
7114349
43235234
54759887
41931375
7408987
25515195
87978963
49340002
84296759
41006747
9053332
34183930
63422263
10880076
58726870
25668447
36912253
22560240
65698449
23162502
10690391
52217587
69177284
23625324
36731996
54646392
27065444
83537043
61169130
32956097
73310251
65835073
33728411
66298885
16546160
26515594
75942025
89992133
87462910
55016361
80452713
28678527
90931536
4143765
15351019
58956731
42601399
86370180
197628
68401625
8188122
40342322
24414412
46637925
68151503
81374986
14041524
47108666
31843911
82560229
23275961
68888744
29487597
89575552
52563854
48895788
14772451
68550138
87865172
39223013
168244
37853081
55271041
5905529
13256543
46677849
57550442
17437587
92261388
33418737
74897412
61681054
28057442
44548206
34864611
44890095
42779018
17618894
38628154
86268734
52641063
78889690
44622073
54937150
927618
60891769
16640026
53327699
79964957
72174846
82215759
39302918
12062342
60038739
71953988
21769352
90333315
74758841
68665690
13082262
37051414
68709909
58052224
12803758
60915586
18513325
72166134
51051741
83164009
36334262
57946550
68640247
14532067
34445781
22799361
1131909
77730321
91708484
29710129
7708248
10838776
92674238
92674240
8893100
31801484
17755240
20852841
72878153
87842113
22018588
79217250
88738757
35497356
18709846
4653506
21461301
9976060
8830900
47359811
91477482
6251779
59355614
347321
59663618
88604413
45238365
32745234
1817010
22638845
85564263
73337336
17485488
53293328
22588445
43206016
19902585
85023558
45624664
52187167
75593434
75913195
82037943
45336039
46793585
24829194
86268386
71937879
92180288
26838795
17434271
55327929
90554676
8007852
8007853
14540513
55401539
60946912
58089005
65480371
31394410
75749134
60366549
84422053
10608278
80492635
57290924
9699934
43496174
14945061
347586
19752204
31479341
24049505
27195740
26116638
40829633
76712579
73886185
84649323
31228483
16601163
12448104
84569773
86711771
28236221
7155283
53091957
633627
8373111
16398884
21949794
49157141
47369572
73174832
81607923
52121577
59557299
18771991
5391298
59675520
80438209
87580854
77679369
87922784
90535793
54332842
70607629
82233245
21292733
67693292
1686313
5531304
69772784
57784082
