68570439
71314811
17213315
19719085
34083925
44763623
19723721
17363065
81379128
80835220
50039706
61334536
35760231
62622101
80793131
34915774
27198292
83047986
31212503
67222354
76236206
47125517
71652825
43104583
17040051
91660183
2045800
391846
89570403
67214437
42573736
62057361
56636226
45954599
32178801
54847450
33780722
16372182
67065800
25329616
91339162
16794377
89189382
28408690
74563785
28182193
17685827
72751268
82659094
35626183
80039949
50749164
29726686
89940534
34765512
32562421
77351498
14164773
88380518
77358994
51163537
43002161
53337572
40178123
26176452
39317408
41517605
33796683
78473299
22863014
2303410
12395781
31931685
85750239
65497861
62362474
67886572
30093651
89212784
43544884
77259699
237122
56541155
67346385
89244392
60921593
46526239
80011232
85830787
35992093
8595026
52380772
91726406
28974136
18989822
30782358
21674221
88020631
56766972
11156099
8485353
57027767
27620970
2877902
34490369
81135899
5270615
51622764
64982535
61630999
27549821
20714189
73448083
78579785
61715737
27535585
28783345
23968700
22285325
17654231
86248166
71136401
21010903
88721410
70510896
16956950
24319732
41838419
66486734
62977740
83113960
72395060
59751794
41792163
25522344
34152068
36459799
78791237
66158950
57092775
68106150
86380190
38114620
72822518
79062429
10672295
77351255
45760500
49269998
28114429
75652052
89004089
25396941
16289900
23836921
8939637
78196160
26830648
33591231
61388112
17096870
56926686
41761445
90551461
38835766
34299439
33117620
62286157
68234391
60117968
43191356
56989964
62633341
77231737
74804569
16422778
