9701367
11064114
45107255
54771171
87254714
43686986
34190061
27778629
58130133
9528967
91994437
14611847
73188817
37005660
52009129
68416795
32429665
34081824
94111042
12873076
54455816
40842832
78327416
53438762
88060696
17498729
7861197
21672422
11041908
6969766
7955244
17611729
42232595
6582170
64356563
42696683
7957699
46893524
2376712
36484134
285540
90787337
39845239
8182618
32182112
64241576
23627486
56244578
78865832
61413764
77032428
70883644
18475500
26260413
20745795
42747917
47975490
65797197
62700680
15891456
5984923
5915723
37721403
61426223
80717269
6110234
4815010
54019091
69065435
55594960
90664005
94369973
1170729
94317542
84267485
13971282
2121656
45325874
44177691
69028161
68540686
10633193
79665726
21463814
80587228
77528068
8650032
70759772
41007508
58494663
36504994
58775901
74314109
52670891
92535487
73431975
45861412
48084206
61076506
73946920
93584054
16231571
1251657
71841165
42486575
50873265
477621
28806686
80846948
63285709
63022234
17005139
74532514
6520388
51188461
88352707
87064591
33178329
2284763
17128015
76125019
57778185
14288355
8606457
30075146
21971906
85149097
62544377
18909393
56854092
83831921
10256803
30099400
62933553
27848651
86440385
72827665
14646835
72111327
32004582
71209666
24454311
66408812
77629382
3352161
21258040
28472103
59486024
51753154
23592415
64294374
63641670
34685295
87375211
71511361
22413419
13469822
48958919
26767328
53864233
92986431
22489659
57572747
85006135
85732923
64560234
25673355
24649141
7720183
90515024
24709277
21758876
3962309
26093201
46846686
39311051
39311052
80041924
72558891
57036511
27788381
89387898
89387899
15150587
78254038
78268192
69646584
14589838
79160636
72547369
76682566
38158510
91547242
64163668
37277310
40177335
48988896
77151259
23494310
72649308
63514190
62207742
21676271
16910111
35389141
75259851
9483257
69864661
49459095
46713102
16751104
46264611
16187505
19160543
69548336
90014993
75711320
75711321
11071835
10577253
83859517
63177675
79863111
62112447
40204562
46225787
84172279
93652717
37664968
52660254
69399969
13925904
56317658
78055726
62533553
93043569
4471315
21889421
24794286
40009706
4414229
22761564
68683449
82484728
34634110
29503895
69791310
83254489
51176629
1014164
38485880
47100144
82572485
43612577
90248173
79597265
53508585
33506129
44996063
29705156
35272175
9435281
18668635
15856100
8577471
51392045
24519196
35800347
81330430
26981146
68213726
84193941
69509926
3332716
29927578
30410009
29814501
49650519
37842050
35779687
83573703
20027509
92301760
23860913
2098734
44263377
59501380
84696430
20398621
73452530
65634825
20536817
92316804
64446668
80005144
64515548
22095169
94088042
20415903
44125062
87433747
92870944
8416263
8215068
4119976
23636259
12551912
16377889
10807682
15006942
81004602
73016084
63583568
18488444
93132131
81499347
17141141
31701025
58944914
73452531
49613456
82915738
2117182
87931902
54679555
1216249
63748556
92088378
31055609
63114013
70653545
21138237
57582598
40824288
8940514
92379652
27827653
19619508
14137056
45737170
29546613
6580446
24323918
76107033
56840775
15392231
62464916
69664196
92228630
43460139
70520628
45516189
54853943
60738380
23653027
58770837
11437189
74718279
33883514
2663880
78734947
35679617
47018677
23762024
29501242
85834475
1106891
68619343
52039232
64763706
77069539
77294258
91394595
9588782
52616372
2194011
92631218
34258030
74417221
93474036
59635898
7051966
81450554
18119148
73092038
51436406
62721553
76712747
87836472
64827256
17060246
78687363
15013029
9894648
54899072
47525337
79256917
60210723
4414065
51713205
80254800
2129634
87786638
56525340
96355
34150119
67875226
68787108
93738139
64571914
64609594
74619129
64986754
21321279
56132840
67734926
65303971
35627225
42903291
68504307
64821959
