29182871
55203314
12934493
76984754
59328095
27316776
48175401
57562676
19075131
60750785
16711181
4118508
66267616
46873602
89679910
7349858
85526804
9891910
22467073
43645005
40146584
16091762
47707408
44464348
1649822
92121224
73912009
31829711
51137509
44216071
3699691
34063909
71053163
27056671
78455278
78108684
24669610
87064694
19408730
68446559
50016073
79965531
33435004
39231995
64907041
10636478
86466133
82311186
84218494
25150645
49622119
61822214
8759812
1801997
8104991
62771614
65733214
69670061
36156136
5985812
20622420
74840175
91536714
67440997
75077304
88131408
70480215
88568912
74211197
17506127
3379744
4319128
5025929
91552155
13675986
91897562
78043686
70855281
48636433
36669196
60493832
9744863
84327415
78123591
37793899
89843232
32969120
32024061
88658388
85970364
37331460
41912437
43874530
36346698
56068085
24793872
31015716
61367853
71657526
49047987
2256744
20333408
83057316
80172097
21795914
49850633
53517310
41501821
81664363
33082852
27912767
7643044
63764157
48391318
56581697
49411110
91884792
80700163
7049434
78217017
91317739
59605626
56890382
38117096
87941133
90500816
85365498
66914963
76204320
40700342
76822090
15553673
1641028
86438200
69838847
66666532
80877816
26334110
48317126
53584940
48265557
50852535
59523008
85768105
77194671
90259759
48160072
23342479
80998454
42935371
75903839
21464855
58790481
84994499
592511
33370849
71996764
48405889
15235965
33676020
36781406
26979167
29701421
83511552
66117076
88291286
45173332
36300576
45130261
74160351
79693591
79422754
84064574
83348897
61357983
6342754
2165779
36735362
29855573
51737979
73380864
58242367
18040748
86995364
75162721
61676969
35192017
12272400
40619081
49001682
21100250
76385909
66588469
5481966
82538796
77121229
26670825
50991963
77330937
77119287
11245110
29965749
64476217
83639509
70839353
54936991
12971332
37083507
21791384
67958091
54299540
51711257
25412804
529470
56094332
87752117
75027345
67259768
81345692
25450093
47617314
9473734
18133593
45841239
838763
1364867
34774678
33945961
79001022
79474069
46671289
53540736
27874490
23991127
15293686
44994610
91887897
92506880
6844462
61844256
87952556
37709995
66655975
1090782
68018282
79694814
84965112
23197547
18626506
7534378
68626533
56171738
69802809
70106226
53319789
18529102
75369741
39207638
91345875
32062255
88226577
31454705
84700869
48755415
6014019
6941194
19542527
19116296
34909378
45813804
75817106
74575111
82904275
1345905
37383328
49420662
27067569
54370142
18826411
78072040
52921110
66409952
3693449
891491
50197976
27398043
19920661
72464209
92365024
71788070
64317254
82838644
31173374
21008574
87968216
35390364
81441189
4857626
53962411
78979802
37751799
72430970
45187305
91484065
25095097
68470279
17702948
35572094
51592451
46018617
56803283
87558102
36377970
87050882
22686756
65632108
10267234
54556135
82154039
70286460
86277549
83679770
29510189
49303898
74076407
5685946
84933420
73091317
7674793
57167537
51987485
72696272
45578462
45348792
31107881
37777252
60431308
69000011
1070298
43233402
15849883
38912064
2088485
82340918
36452495
15383082
58150514
48484983
84351222
83676535
30670843
8831409
61373062
76406875
28852688
26827941
14494499
51448723
32375279
82697346
62283651
16039165
21466685
122235
55636175
17719527
9531118
68626162
76910516
66580408
66271221
28803381
25565371
63652964
22947271
80546297
11582867
55670325
58383026
34968548
19860333
74892172
45342967
50825131
19804386
5433379
86594991
46584523
