5805035
66704281
83953207
1867638
63374211
29332871
61234448
48532032
72476853
2604924
5750902
88682332
34157955
52459919
55137373
65964696
28361790
85343641
78411408
4540011
79992103
11417749
88658144
58219743
23414240
38437704
67670886
78486706
40856589
19120658
22895766
49885792
59472985
41673932
45140785
27101510
89557873
51460333
52911216
53052697
75202202
61274443
36350147
13494599
60933516
50324188
80115148
19479620
49575474
83433862
74273303
70743268
55095129
89369000
94314454
70212544
11405156
84337075
90478100
50483262
40911986
51609016
2301914
87738097
19213696
94377732
86521315
31404808
29443607
24349244
68548014
34723515
71527590
4783754
49250496
68129983
16627550
16821801
20111540
13245092
2751092
47062187
60841714
86132658
37995509
15604650
10271149
