36531636
12225153
13787245
32741098
41082048
15412875
27566601
73716884
48233928
43473943
52396610
57278826
79346056
31284243
28365545
35558349
14229876
3934818
83958910
59487128
2544310
42303018
32732850
21118960
32457910
17598283
26684084
79962355
79922783
73040772
9505400
33368741
52997500
2792595
60368464
25645138
53278211
82670283
24307882
24307887
19654683
12207614
36667393
76152801
84133251
81998862
18873865
7418857
39960936
37511043
47457552
38619834
21106717
5779788
20517641
76544215
88908631
57698173
12040141
41339098
76842495
48807614
74359835
9053166
31582184
29639825
28398875
72586797
31713542
50492750
34601962
29642669
16900605
81572678
72668251
78182736
41979307
11464169
85917567
47687098
17697736
69097973
4438313
24574352
53948893
83773375
79367805
82602377
69777725
59771312
77703564
12577981
48809851
61905655
75641714
52839045
10348815
65220408
82604618
42178711
65879482
76674830
14926109
52723085
34465510
16732500
81402999
13370702
91104586
11734733
84211364
37013302
2185084
39598573
78238706
5395953
7564980
2232961
14111618
58847136
72891178
16312250
38921121
24191221
36503190
9472933
22916888
89764637
68013256
82559889
3698155
64679588
16259317
53516654
11056270
77741212
38041073
16593905
12222438
2294297
83904702
29581302
25390468
68525727
40441960
40503938
79082808
40800645
56499389
68325307
72093990
90956068
56044230
41414368
31165955
92299293
47291784
68558316
87779517
13344525
61233406
90121780
74388332
4595007
25050164
68502184
41581777
18354260
2081157
17293062
25426356
18761994
32894587
55189479
51597234
37717224
76533177
11373513
89641365
19244940
64585639
30131135
14452055
10812896
31313527
58045698
2870947
40753523
68028216
20264636
39854461
16649907
41377955
82516125
85632751
80681651
79208037
33315385
89199826
4812239
86272057
54858194
73888247
72783857
56998927
13221743
78932199
33781749
12212051
42001179
30751461
59303999
69859342
16096034
64961019
18782581
33189193
65756427
65804672
50021157
87217004
11876404
64862201
10296182
25398390
73906338
75661639
16683277
51403626
6310880
53975495
38704601
75427219
49193189
