41751305
90840571
19793417
41977743
34428192
58032383
86672914
30875177
38297615
17592653
991214
49411324
35790065
33224758
38530529
85795441
58168523
77658382
64194170
83188458
12827276
50764760
33262011
78219328
10218597
18613350
75620139
33345115
33234198
12069174
41125001
36253168
62910457
42279542
76784645
44510272
53816186
32942805
11993934
38815967
43347922
32149223
41757555
363059
3881599
61310026
60072143
27125907
20366944
43430131
76432088
48053960
90879954
76575946
49234337
66030985
14555393
72479358
94111644
46580720
6373519
62524349
86146815
80585791
56928048
27297687
56025079
69060311
6931238
5516910
54399518
20711462
76986452
29540484
72118127
38362197
85465421
57110048
46315900
60138739
93071868
80431182
13107554
16235193
75512508
38326855
15357752
21503082
34734008
34944112
91707673
69763777
79984260
89372675
21263265
44529959
92530102
14871821
94504408
26581557
22984643
82468360
75360364
29713523
85632336
48183657
79444745
47970221
61965031
22413478
61568830
42572300
19021879
85959648
40065700
15236334
49248026
52262357
75298132
14131726
7392192
29104261
82699377
69546390
50245864
11126292
27172410
42850813
70904306
19897619
20851657
61653004
13502032
33893918
19425529
7248821
48703420
47006310
52925994
32736930
59060561
87128192
60851961
1514187
20596134
64153163
57458518
71248588
80938967
52455556
33023069
82842987
10678726
44980825
44491519
35803907
58617768
19813407
74971320
42274961
94477634
34708315
47431751
66246010
13965608
42000790
27754215
81723325
34848315
51073073
77844553
34702201
52192409
20738491
64529229
64841418
4936728
52807585
71350898
10890961
78989504
14454014
25401543
57458516
87423499
64371020
984217
20334370
90812419
23909955
79984259
90642715
60604883
3267900
42842952
48665230
6430334
84438415
86914151
86914153
81936955
1675937
52512734
68197851
73098952
86421439
56673768
80893957
34145554
82083885
2390236
78399769
35320528
61639389
52579315
73789913
58906550
91510341
67289996
61470203
36543259
46769696
10770570
79406967
94161118
61424502
24270393
31262183
36138152
9681652
78266579
19980794
61535481
48494770
4574471
1480582
24035406
89134250
55279689
15499831
71690456
20069009
74605306
8448351
41811570
23031634
83098405
7371090
1708732
63617118
49519779
79080626
23998277
21161298
45126255
32879721
34692097
77614118
47832784
70964634
33682633
31940280
45078849
55723166
87164908
20602181
20502370
10984744
33656563
58287611
52081879
92799407
51425743
30750937
28491007
24556714
91397303
70903645
43536803
88684441
40823260
32688943
30381977
50853099
27340232
78209258
73053947
57304756
29680330
38810434
53176521
9990310
33461883
71734916
10010737
89072132
59291170
56466310
69395694
32476757
21177516
70198963
15164254
25046980
72914260
