38290573
10506711
16124179
47669390
77833542
9511480
43893603
29772547
16661374
25861104
58707563
15076076
72232141
79190196
91314279
2893812
25708277
62680987
38183327
14441366
25420077
8797268
28567186
42971147
31110306
29496864
63937476
78628074
59658844
84670287
28864345
30979482
87657270
42082448
75667199
77967007
16779465
73567418
71480470
1684095
8660403
64716739
82744752
91997270
65267810
74249783
69276476
82435356
6073767
23723619
86428021
27362216
93896232
13897908
10767946
14381755
27547231
74039173
11852692
55723679
577508
48675604
38632966
3604682
9996402
80424938
65611818
35023217
25642474
94558335
58586072
50921612
53451308
49051772
72458469
21256348
1629422
12453631
93893308
39122100
66005129
17926343
59500767
31833427
6668798
64244723
20075871
94476130
34608833
4932928
13574587
27971141
75613128
55489722
58296636
2594889
16891452
92099200
57778120
20181042
68221865
43980906
44854753
341096
23832605
14874134
57833233
77839224
18957528
56254604
30102035
23982389
46488557
86379638
77329069
17251647
4041046
6807962
83983254
34519983
85072140
60090466
44846059
7946476
85545309
85545310
33999108
10630526
21330408
27489723
33250398
69387012
85938976
18170901
3551929
21794147
34885661
81047756
44841744
51925908
5079990
19193029
6091345
47840010
72594674
87358324
71254300
83722399
14954496
70210752
7278908
4030336
5781859
62692531
14262542
81782358
75429550
31046730
32347813
84799079
29820898
48070400
74904896
4641392
79832192
78864721
38196656
88118225
52020472
89594280
84517682
303138
93488716
54762536
64257956
65378399
75068232
94117139
46465436
1782211
35403926
10368556
48387358
81789160
64612384
23182297
45449889
93402842
93611380
38337104
17070686
9929169
59886843
47828275
43478421
3366060
44035044
91566861
17784650
88479152
18265716
65482333
31593873
74613155
9429311
32370321
81637669
54537230
5133258
65303230
48439077
28901820
81735600
32591478
19694388
53328576
28837175
21013787
6781045
13490787
71229974
770718
31026663
21325755
35928996
41011065
31846136
87171582
80024823
94247609
56461954
4677744
2324220
4982314
15789487
54007907
25498863
34680033
19551425
79692341
46180415
23274911
44751588
64833200
86847511
11061203
63611461
75503938
11951115
72520269
12572844
67598796
72320710
85472781
45505899
48821042
45218538
74636752
73271318
16526807
37191468
49379007
3772586
72520267
67098378
66617333
60392520
62378633
46317805
65401969
49372597
9746860
7547243
33646332
73765927
87505117
65093845
78440564
32465613
16224812
18967599
25152230
45706964
73685902
85689445
38536933
89807717
79013309
91291689
18080307
76730233
56015963
52310213
16421580
80965825
52780490
88556825
56507
2532334
76709864
94276148
56397360
56937606
3690387
13510990
83459211
203645
55384642
28213272
89124264
47782645
71134198
24645761
17693802
10977913
10977988
74255671
63098453
7952907
1635211
75687753
45792637
10163363
12788164
64389466
84254592
40833857
38402228
29749993
93808570
31367697
64937803
46457416
81914967
73871485
72851471
54528871
47053297
35513389
89777608
89397971
42987772
43813325
48859677
60990671
10827934
2810175
23044988
8901780
7262922
34554654
80680597
35526967
35397523
7071016
18569991
35855425
37331513
19834009
92900882
9560470
72915838
52669736
41242289
67393471
86810622
29348853
73560313
61402627
36684674
51925438
29374090
50281663
86075133
34935833
35120489
82176751
20209938
6535118
6673835
74910134
28602425
2342173
63237253
24221561
55454166
43637367
67427392
67798081
17027888
74034396
48118110
28758881
91608312
53631240
33050449
70306858
89343549
70050098
19583312
16652990
38185947
7214615
81717383
20149387
30014352
86330420
29390072
77012750
70232332
65158571
38886172
44851243
94298794
60615806
45116765
92444978
61464741
73028620
30341047
25362701
38362590
91717203
28532031
42252860
38346850
51568024
78236164
45999553
69548921
60432692
21855956
69448057
89869549
31580947
39358655
10707819
22580768
3881756
32593980
657056
87660807
59826941
48147345
90214357
94460834
7381063
72995082
83413424
82996268
41217456
49690039
9684196
77021667
63861040
40531891
39870560
46038162
39921138
27820871
82647697
53830194
35408232
74486043
29023720
40888583
67187011
76407271
87986933
35728549
54677881
69184832
8344454
4257
25727309
71665952
1909928
80590850
51834452
19990403
13905911
85126010
78609107
14371229
27224398
54089857
76729578
91554981
49824643
51438552
80840923
2678630
1189214
47983317
37054476
73781069
71320593
22941293
33767347
70020762
65093259
44663844
85414970
53289902
35797305
13375559
55644403
63782003
44152619
93203025
48544307
56619310
79358929
54568683
42606868
14593443
47989007
40384280
38874914
20413754
26516317
42445240
81426977
12109221
66067618
76578833
48529385
55615583
51478255
81271880
22210025
64224778
11308401
45617086
32129056
87450871
52850108
52514629
44385550
8648999
80526265
36097555
49964261
59979362
73334887
2769036
24237216
11309634
82435009
91998241
58667630
30579092
61943510
19251671
3165886
41829316
79365982
65800821
22518758
56133899
67781800
61922196
36299037
58318773
74559576
87711303
23537787
74740884
70012684
17131021
160312
82247940
17271164
48078261
19993085
27154863
39034914
3265487
45651001
