45306366
13978619
2142999
43868555
35535845
23956068
80624037
60192034
30545343
91412531
11998417
26793234
1618199
15849759
51425130
19917691
33101373
25997483
55398824
32312442
57230601
15150513
88080100
82879978
63986485
45681634
70343223
34074425
78792155
53784557
11078467
49050325
17105876
43549503
54255255
71705797
11233240
11355092
46895642
37133411
47658607
53925206
2805851
68588525
70975191
67990443
49388693
61948913
52771031
94319976
17827356
1842079
13755744
51299251
20947494
40686339
9206667
13170994
45675316
4545377
64863424
1298089
64896714
94363836
27094420
47014380
83289997
9218462
44501541
46235348
93947059
22001677
40683878
8822488
70276065
28034011
41397963
40951227
35784818
75698237
8046826
80429916
57098442
85430795
36549263
31599255
36597632
72789171
30562855
64869764
54826756
28489038
51312472
23238289
89363975
8627028
10461139
9787018
46400143
4414134
9573568
24163844
30214024
9986673
49215836
21763372
68854156
6251833
22875889
85566348
5716803
17530699
79392123
73350656
4632506
4944042
87707345
10636387
93356311
29246340
22904614
15337069
88533315
54078647
56956767
87731874
80393160
20879394
10344959
14940243
70940593
83651804
86775137
90884796
62142550
8424864
70165799
30271330
23492038
81297751
23217655
24919889
38506301
27017854
61119132
68685049
37882038
26245589
9334973
87477844
8019661
31213624
20561495
39407999
38953146
78132457
10856240
37444276
25817180
73684424
23506457
65038064
36867670
41086667
39361745
82602886
20899576
35623677
992366
35430874
74871627
21450883
82982745
64399814
13229873
32170398
3441387
28270564
53876225
14429877
73402702
28292171
82258364
82830740
90446862
36790324
64796761
14984688
25861401
57389569
49347222
16568989
38154578
50939593
73235200
45816864
26403786
42817060
19637059
40158704
73030855
25991227
90930703
2840323
6709187
44102866
49092904
79855949
37973148
24961061
38728621
77751019
68263119
93311448
79274893
35017658
22534637
57721791
72927932
24779375
15941967
54836103
18691957
8776826
37607652
33430032
58695945
38197459
34899682
22721524
42826753
74271400
40736262
62451314
11051286
89243365
18908889
63602819
77652915
70486849
64819761
4244408
15584260
38251223
34077309
434932
10131543
92683604
8978578
79247752
3696903
61429891
65099833
77652328
55172402
39675044
54007654
45331407
16108890
59098123
3065899
68266024
65074586
72109237
58321995
85125975
39284492
55726126
3578723
40496680
1253206
21852221
23103383
86219508
56541992
86886398
60146479
13129679
3603894
85478209
64637386
55141434
6230981
64549523
62488857
82885403
66617180
62431904
93670950
34837913
39190999
32767176
44795328
26947432
21237875
65383397
54475426
18656053
82059017
19052134
36673881
82501489
35871441
30823805
36778209
93936464
67316768
4168156
19550565
71106365
22203609
44656224
84593978
93412564
63934245
76684325
51253704
80183254
2159678
28234849
41840933
12562245
74755174
62723829
16087076
74737363
83988580
64686939
53414329
61904509
21027384
15881487
44873050
75942084
31958519
65851397
63671484
12960437
31333889
49187749
1822294
17434492
26425011
90637782
60847914
32907580
84305776
16101804
27455542
1707986
70195662
28990056
10535034
88411364
1373371
56167819
68729671
52062288
73703279
54905829
54260419
40762111
66188397
2245119
5767794
53055502
63659494
25406407
37940926
18535790
88398530
34586239
1381152
68254339
51787601
79422542
11039322
20381388
64246981
44123893
43166012
41662850
67221088
67239621
65986573
37829627
10208067
23604547
18746474
66968618
33632377
73696710
48151678
16018595
18770251
39539749
771203
8095227
79738257
43305924
70371202
76050599
5795320
69237464
87142313
11882887
57686187
15977112
26243917
80345079
41321631
41746098
91207999
91208002
58156683
75283614
78804171
3913023
2772005
83016323
84065090
53735954
8687592
30348921
17848687
37086649
11549094
32318412
44268698
88398705
47169463
92204914
26679874
26814330
9264351
9264352
2437978
85162631
47439720
60624641
7927324
63038601
84603137
71971249
38844900
69612086
2569582
45331834
28002032
40644454
51613480
7368023
85403992
31296526
52875554
61820277
59934379
52606860
12641599
79136313
37515665
34423707
63677444
6675915
66626777
10197723
39980781
19370913
2920694
33239569
8809058
42731791
79147744
80830695
89619865
63605065
29339124
56792487
62671483
32428941
54512450
77326323
51478714
60539830
35611178
59107673
61524641
67578030
65254564
24283325
64972087
30284930
12512992
16055568
83516748
85913468
26066937
9822413
33809894
30458492
66619673
89908450
53084107
2916445
11405355
41867754
63956920
90947160
77504344
54442039
69778677
13946287
46591785
7309666
68628767
85903410
43938946
27592606
83573866
88651312
21964520
58924917
58936757
30246698
6105256
26854887
55015397
4480654
36124511
46849648
19430654
1523829
69078538
4583807
72178305
10300481
41243620
16346569
8679421
31966742
11917411
59518909
39319435
52236991
640532
24689734
81438871
11582157
75848548
38403330
87347585
66849223
38509824
741667
49912136
7710638
8997665
1253482
39678559
31439079
9279008
92544994
65237762
91200492
52548516
33146784
84017777
20877998
75992629
23373716
44282284
14498365
84094384
52880721
783687
85391534
10078944
38809830
90084509
37572984
85029827
36462673
79657180
71746280
6531438
83935611
17459635
32175716
88551330
27632970
13145573
57890794
58870290
22633112
86005837
92762364
61260191
78337927
69140961
8904359
67814249
45361953
13956726
62278836
15173040
33253560
9937829
16608368
70251299
57720205
73526298
40742622
2573666
68702119
85863208
5485485
75179852
6801244
26934999
16455625
43519052
84849844
88313606
38748582
26336835
60331886
56792143
7206461
24939497
17748943
74713570
22196142
88069182
77675580
3773114
9544381
48829871
94175672
38047257
83184271
16365023
74070940
12182041
24380872
61345979
86712814
77885453
51766815
36575194
55044677
7063224
91666606
88500684
37033943
63821956
16263189
35457996
67132522
293519
68769665
82661413
30913081
92345366
72033274
28762199
59448468
69674336
13492773
24006542
86832538
52147784
87726869
44119342
30824087
81144478
58502660
77230969
39854962
88527834
3458109
31017190
87038795
32491596
88699015
74579836
77985327
86855397
14157422
40852673
76783321
71879326
81580495
81564701
45519391
55838340
6618343
16394568
38020645
73608134
7501805
60525189
20429690
78215860
40260004
665396
74901069
88799641
21344341
71577358
79462524
5065247
4702538
49953647
3872265
77913366
33712791
94535866
1927252
90181561
30722989
9179106
92763671
17060731
41042070
28456993
78746432
80963524
22884676
56071138
22550507
60092575
72153059
77877756
75865102
3166878
34096185
40005298
37889933
45187563
52348395
57818371
92330412
74470636
43740079
4167559
19765265
56382024
5884846
26514232
9517620
11313112
83677236
36381580
18894410
23109759
72851855
91116625
73706455
36967298
41880850
90501372
39055833
74366433
20494111
27134574
31252100
38245439
69845035
27548280
39488922
44769067
1553959
25996277
4648632
52605134
70315408
48940223
21334225
55833075
22033365
29086180
30295777
66501761
22687218
82074881
26291056
76123750
9071751
92011989
17190755
78687054
30235001
49210683
11696354
58802037
7593725
22517675
37360544
85742678
28699825
51275285
6271913
42028504
17388635
3298313
72303142
2736852
73145111
52917734
