74545428
86643574
54411625
14386189
83097806
56081975
78552010
47131859
76631096
63566235
14897709
13329230
88065753
61163364
43605742
18092826
21184567
66122074
86565394
77159644
58774705
48278650
65001717
88818287
35536442
17705278
61090212
69460281
21795130
67614048
8552442
88978265
19880626
54525313
46400398
79841316
89192551
36816233
57191833
72129067
36161393
86521598
35495318
65090142
1589194
2806434
46103468
30107952
14514661
81263229
81422054
29242876
70651831
82926315
80734657
61331655
85630447
7441825
22375999
29677286
12812963
16111511
67344606
19598193
81401887
10356535
24257605
2412961
31546702
11835476
68630927
42071060
41531763
79257828
653806
40793085
29863423
21562774
90982610
50527468
62424294
80313099
87958979
2055223
10606967
61073317
6643400
62604745
54856122
18676349
13737133
21215138
80531117
79856936
52334134
64026373
27124116
68305556
70959851
86381935
11333395
54078562
41689502
606885
60796808
38976786
39241539
86249438
88786662
87283145
45719872
10406390
68574785
56707627
13385090
65117249
78733840
74937343
1446807
69874341
25016371
44876179
22409193
22409196
82383967
64769246
71620689
41972196
37876067
2347344
23013146
74646322
16401483
39792409
64121787
62553240
33667503
32734476
31166305
53023642
44595154
69167962
41714458
59414019
58133334
50705257
29852682
36830438
57560232
82503990
89610027
65600671
63542496
9135041
57757613
13470735
6036366
90424906
59788415
68482813
45776426
44379949
45409810
48637492
2353644
52935701
12870028
55669789
6614262
18166050
13437711
22872567
80209797
7357823
37911836
61610401
10593137
22889212
19740120
75691597
4339652
81156941
41849858
11062030
65410526
25938137
76247772
62182168
7620844
9200276
39798348
91733902
8669233
21343182
2468935
33030485
73675197
5517232
56074574
39109564
9959097
64160234
36375270
85839303
23394608
17324801
52147363
15277204
47950343
75400709
81399123
56336976
41948907
90256150
30123129
44200430
70423305
29471188
44453483
70409633
33529439
31836499
38550718
50234617
1408947
69606283
20754053
84912581
23693204
62417192
68545745
38421693
42740646
92736209
72981536
87269221
56083212
966352
64800327
13115239
15269359
58086568
70248054
20247826
60656001
16922312
14739621
56392216
80720147
36376248
65652586
81157316
44429474
63723491
75868887
2930051
27350690
22383873
2087140
22087488
81588504
17876902
92875523
296502
76430871
72708055
64557730
67205641
40149284
86273534
16955883
19575248
51063574
79607082
8487187
35448746
49538205
28154102
92122760
17501570
84529502
49090789
88067374
34324513
36290155
80163317
28235866
62252335
50287631
873514
28166777
26861072
15444383
46550328
26059637
89653035
28319813
30682940
52284188
34728160
70678300
18525110
5154163
19122090
60985514
38805039
60599963
12781280
84066220
56897104
87298902
81757791
48944632
65642406
18557324
69896544
46744409
2505085
39204902
6436201
75401339
77143197
78308762
88605996
87340591
7306017
35134125
50733431
28869608
14758820
73667025
45175324
81389425
58707607
61287892
38911199
56707786
70700600
28115425
61301163
3673350
45428752
65932001
71911401
4519452
14915066
51382836
30978562
13015506
60147591
79507726
503311
67165578
9376933
49910576
12693070
84917449
22261990
26413988
25504710
90641850
52711358
47503980
75875259
25862745
13851111
64574791
40101611
88556907
37736544
5040190
58716914
39268887
66481937
9423745
19862006
54447112
12394098
83105747
87254538
32893003
61971531
67349188
57452905
49462187
80148890
12714585
43314691
69593396
1636141
83551603
27097139
69348769
4715925
61710057
40616020
16508046
21049010
80203560
28918163
25199842
8228251
34438813
66532962
35715254
24159605
77406428
40177893
55778068
78663540
75800295
59471675
1642704
61557883
69573126
34961025
92411400
71145057
32432055
22629591
23234304
60676466
74656229
9538391
71237722
45981554
27467117
75403471
87716207
32128583
51506934
61449094
39926986
19334288
89913493
81138099
20083014
56331801
90034840
10246328
78185
71006749
82297157
50969103
25484514
86502896
26693184
64701446
32141997
20750302
11872443
73083455
30211992
87182001
74849181
82080456
19711798
73432829
37216086
15466908
39014033
91196171
56714863
39139549
87199145
23258321
74157062
72071575
22634429
4819388
24443599
13830629
74411149
84149664
66637595
79405433
78088874
18074286
42791048
45320815
3323249
46584941
13401281
89861934
57072495
12315375
56547332
17795475
12496831
58257172
69436287
89785636
2419018
42539786
45193020
7575373
1986865
80495612
61316922
11673057
64592758
46244459
5757116
38300317
42400712
33052330
35315501
82108406
9258205
22967793
91736876
73154668
15345428
47243362
63930616
58720130
58840566
75332090
43618616
6241570
17101038
78988888
30698768
79850205
64030753
2035802
20014056
50927044
55469001
13355882
74363585
79496936
85468692
37217352
22263708
20997800
61500465
54327594
75051935
64158454
77012929
51351240
53353529
27694737
2256631
71910894
86539219
87540900
71622673
33549664
35476363
55613663
92522328
9986755
91015300
82389241
41775145
74250559
16884188
78918522
17650068
48145947
92896111
56494353
34910086
65423430
71823193
55549232
8060804
92719626
59063783
25988320
88281991
61145531
9390435
67666610
3203507
21270256
22222346
11073501
78371574
74647323
64596495
54048229
67259246
31478689
23122123
55472391
64406519
54490487
23771565
82242020
58461426
40590015
63820212
83776902
35091551
30144057
11532377
53636316
78208655
68645223
26124294
46778530
47253515
18612214
59247869
41095545
65236480
20622732
22696705
11822657
50686978
32674433
45299887
28328392
33644172
912146
40837962
51534498
63177639
24185224
82686995
3267038
38470345
16042527
87829100
80356468
35343841
82920766
78797718
13136924
36201205
38759068
22643450
72580377
84877427
4990005
13237451
39486051
21393433
52340660
32123439
7405022
80354924
60957056
48504748
21916276
60314277
24885754
43930602
60727963
65232081
67034176
16764750
16575775
78494504
37452350
84526820
38098372
54619050
73888371
85140619
42698458
76973222
68845726
39526134
81980860
19056874
91549605
73192206
39142276
5795292
76241157
81292074
44569019
25794601
65559319
61203246
68598998
52188938
89632796
51849785
69475018
81715502
34602114
31355187
13772484
45263515
19504729
6126794
83332961
11244731
44554242
45611094
48774679
57539950
79856103
19165315
89303430
52375523
84887271
44895419
69514425
38670435
52121115
54772054
25064851
90790636
65170604
67501281
61024829
5817628
56834754
18891226
85264263
78023530
30453892
23977461
72422221
68747458
57392473
46279781
48348888
68049735
54763996
6343112
24956501
4163165
75994131
55952876
31512551
70023142
10338502
5836878
57300164
69270788
29554157
73825937
82092238
71174575
46313859
77594105
71465071
86227377
36915024
64414797
65217557
29546404
57369581
31540082
66955678
1158770
62043159
57189535
53935269
92128174
73666605
80380521
40273973
52860847
28384429
33606674
71241233
59491016
82762516
70319903
45426068
71023805
89536072
35219312
55326277
45098243
52754225
53393272
50397148
16614944
24339611
36027250
18155050
18027784
55281960
63851893
3490733
45358840
31520673
26573436
69316403
77698702
20626151
88200751
68000510
55883403
66463701
8380020
799845
44508607
83851509
91291860
56241934
59560917
711080
52946094
3355063
65444284
84119087
79178216
3650255
20481340
10981785
64300279
67698079
40069599
76922497
23152097
54904454
64809711
18485400
18992516
10990369
40784781
87996518
79192209
81507219
49737465
83384859
32180861
53355945
11959980
80999325
7956982
10830641
49933487
12231785
35846879
58929791
31707001
29539915
87941948
36645685
13755802
69573399
30494878
64787447
63912573
68881357
