59378444
22744606
62927299
50884321
4710497
22385546
56587191
50735361
87074219
31599892
76241299
11796059
46993230
87413338
40433365
46742960
4834287
9183923
32690187
3006075
57595509
26420781
40776392
31290537
6596876
92793264
44669735
42408813
71640431
11742835
41997461
62584333
87946585
36657450
20894240
3419509
35824315
69565539
47416452
44745637
7540433
19919802
7284148
60463745
61214621
78212286
58249612
17802120
59952835
55838887
33798961
52919362
45077525
64034828
94008039
85946491
25658096
28703505
70515838
51224167
1541339
67786330
18336006
77807930
57506134
271107
75262842
15843636
67730352
82103327
89986104
10090938
52712950
11433731
90278377
81535717
94072945
89712751
31235978
46627541
81070539
79435319
5132321
74818691
90931916
10879074
68042343
52277063
65315667
454209
1188779
81430859
80946804
64508619
69102488
41259645
78112046
14049489
44742652
22968063
28346538
83387117
27661550
3863376
52027851
58391826
7329005
87639157
17491070
1596756
8239561
64624741
9317167
83007980
19045999
16331550
74273903
9534174
42329504
91938525
25876759
44350013
48615530
25812617
11655685
23261443
92513671
940617
38345727
67362522
5608535
57284738
31647340
4635016
86435112
17923070
77235009
39241651
23624361
57879478
78587227
86931936
15842945
48276759
80506677
91822950
94184322
75720875
70743842
13788283
53117762
44135159
15722663
88228654
39863785
68424052
63944022
49683592
33816189
84398380
93233211
89868411
79483930
62612656
46458716
7442272
6841639
49032824
41157927
80418839
79818225
85995336
54077661
22405658
85865341
15078810
18880942
11130227
58101472
56569128
83744583
55081603
52516811
11145981
64562831
16146161
69121797
54717622
65763436
32260930
60639871
91841895
36383896
66371172
1360392
11454508
67377055
48028252
18054576
32545543
85984265
86729809
80270828
32820900
789189
80187646
619623
2538465
6050200
80735533
49157983
31100679
81082173
53959845
94379970
68301067
48981258
5751091
16024633
90361636
57865158
8095253
42026918
45830424
33368411
80143996
39169753
21708865
8603626
31701810
35322560
17875643
3042311
8064901
73230744
92394577
29863866
26351036
90730054
86860814
78159709
60947789
89022268
7806555
63210119
46413136
25032169
81695268
78854152
16594863
54863697
49861821
67208818
48100235
87773188
49345471
37395605
76407168
26027699
49255693
7123296
72130043
91511238
66338336
29920168
86137838
92176703
37326258
20760579
83131075
84852865
45350040
50992220
800976
50197338
69334299
43502159
90954996
50896482
7340178
62698092
65142970
24580481
17393705
25769738
71568389
5102479
61817708
8481958
54919136
51569461
27254669
43437032
85243838
90625549
53406925
40247556
74606834
91826274
6856142
65918896
14274442
63004258
6978361
86908079
56729054
57356353
2199487
12844239
77697729
44837020
70312772
48957666
62477798
34302543
83884459
53751674
87708313
25607660
88238497
90942282
58966114
51097347
24011007
13143717
81920136
48227841
33409428
20866487
19234120
35540792
45174909
74885668
28370033
74689890
54078176
82943360
38638276
32813798
31140936
60461440
42481186
58308588
3745966
90571330
67347737
4886725
77973161
1110305
10104753
4676961
77977622
33345443
34716257
38544348
77199310
21963904
73961179
50592150
42245586
29199269
91120723
57666269
61399335
39888869
4605074
86135558
68307151
87718372
63855006
66659898
76631068
87404474
42529709
18637433
28621000
27140850
71355440
50225868
38612567
47437383
24517835
42196386
41019892
19239721
42599692
54745899
15541954
6732375
77511438
46488550
29741513
54927592
30595229
30307194
10650570
34544034
52501781
47535428
2291517
81541814
77399099
40033544
20246656
87094573
20331991
21997200
1175426
77685143
2365455
16794659
83992967
57486203
76758583
46192983
93602923
8247286
50245435
59681562
92315978
54079010
44175328
6125460
89189416
9596253
14547946
73456373
80750736
41065987
94569675
57940995
93438001
7427359
48411080
92593564
84604613
79223159
48539996
50822998
93382416
50616167
76599684
4660521
60064596
73470725
8740765
955612
94619508
58580762
79733176
32117088
48385658
17223510
92736254
40448090
18441124
46621420
6599916
5482758
88900418
25477694
87515793
21798405
58906093
91203501
70757879
54251840
32118407
