20990255
19464659
49245141
86426322
69830626
88703478
50925723
14408325
46544708
61519063
58270793
3054242
63873827
24491032
19699224
22606462
76470058
56922655
62483080
92806200
962135
52555716
88632617
82842185
26306761
57699170
37556996
25370367
14255067
46073975
7839109
40514664
34388143
28587515
67235956
35412928
29106829
20982878
4983314
17470378
40358943
17118010
75571051
64342713
12495447
82139079
5163467
69989060
56700915
69791391
961471
17118322
89063695
92784501
48562822
86918138
39183959
55980947
34558062
34857277
8958924
25264177
41500146
62787749
77820489
78179414
21707410
37803356
61613271
59123716
48901829
91912334
77436263
51185879
27803512
42042831
90766608
46224262
14299984
84997516
70167957
773684
14346891
