4452719
38942128
63441867
22574844
78024288
92855922
33129550
65560807
75103169
77932457
21200276
40958796
24068170
80979512
44087306
30068733
62054869
61594381
69111136
92688198
6099487
92511101
48956565
34498654
41554349
16194578
82282875
65148367
21662824
68834765
3662741
8112714
83880253
54129570
20530868
75110590
79059478
35946469
57185009
2886030
13258646
67980963
7387977
81893673
67772311
32647931
82396023
76964796
28084189
74499454
52383111
92637162
12748662
40193534
34412697
21836691
3810855
90139367
51007865
73339181
43526034
80068880
36727425
56343033
51317975
10073018
90194853
75910182
84543061
20530870
23727594
24273668
89745456
26569203
6758683
37807797
78399963
40482305
85862057
17760189
5945367
14909824
83166254
84685392
18572566
40657300
17525520
79631208
4321645
46476435
18929421
4649382
6544960
86226010
71724170
64136160
77535314
72728530
39928979
40471429
9765581
25967148
13525032
46531690
17890356
56637589
46570690
25283419
45005070
9327572
6566264
1508767
19892148
66722607
53481008
77420512
90815458
39917453
