4813742
24258067
11835520
60329496
7085666
39909935
90339903
50106681
64290599
60689129
55972672
84529005
78619156
89490080
29050483
23701180
49424228
12593906
41472546
35790714
25842537
59345522
31718171
6725034
49409830
28887196
55380936
30879059
62709781
2718412
81576556
53384813
13520900
21988654
34530574
23855577
87990149
36593278
80488102
42560350
21682628
57446536
87606092
8634856
31642111
67809871
70721647
38280271
34072605
34456819
46074936
42396661
57098345
84439165
40080855
63881487
13264589
79381253
55522806
15046558
2220817
40007809
12673897
7759785
76705083
56166369
87107619
24996235
11212030
72639966
82336943
13429515
27970620
52737680
30885704
11611487
86125293
15978983
93075537
31402547
33130522
69348100
8965778
40078227
17285886
33152816
64162447
21133686
47184343
49005839
25949417
24733559
20319588
31169000
34052859
66964661
64023466
52181276
89616973
42924393
40423950
19288145
2662536
48939802
36254014
15894501
22868942
44459427
499734
66431231
23434543
17731039
1953843
34279095
30179711
810941
14666195
21130233
92337115
28313176
9612339
81827012
50243355
82344772
56917744
36524384
82568174
26265130
80398590
30299569
8809256
61841465
88271111
56664988
93022587
29110574
52814811
22642303
61955218
18738098
70121931
31583751
61495930
80897532
3031543
70303374
78694761
33493901
70923056
11754871
21696699
74987043
43260406
61848041
17595113
35133897
21090760
93380776
7312286
23024857
63134429
90876529
8751389
57851844
4164573
35115807
71661327
21033695
37096812
25240134
7552498
82795608
93099900
66728608
