10462442
83898977
69185972
6836088
29525121
88923299
23125359
40071288
35063716
90882184
70777920
71861557
65255323
85010854
11291975
37461593
68907043
48610452
55093251
25482721
60510792
62626743
5222891
37307107
15822177
15359028
84337777
88042664
5736573
8845325
64718879
15108851
67642692
31409873
30379762
84242642
13427005
56846827
51535043
47532790
37079642
34525098
69921756
84332353
22832209
54518769
57818511
72254468
79575257
41900964
67679139
30406662
46576329
19059264
82113434
68670629
72336900
24299580
2558650
87084239
83096252
11076127
68628345
87411015
56550514
92679754
44035578
90341223
62774331
52894287
16472175
44422556
53228624
28820637
52421551
58963760
76829864
84696302
67662157
51914722
15434329
39585895
42732430
50771921
44802622
83703072
69286803
77937454
65144141
9733646
59456894
68000980
22983880
39120219
59500166
14385115
85880829
33058165
41740191
58890462
86988078
84489408
32091351
48016176
86129367
35792021
10939683
61593791
84071843
8085409
46227929
88469540
70517584
84930303
42697421
2254994
81569821
34004149
12347247
85503669
55831488
27971528
88503410
50469755
12025862
28826293
15313968
78469372
32155342
77282933
69921450
14671265
84116382
43866378
51800008
49520364
8494975
45512456
69125878
8991883
65223135
65067739
63049416
10065048
31344295
27797929
2700139
37406191
6931952
64281581
92872712
39788866
49636922
30797483
23875748
78188446
43300131
59787163
4692254
45190401
89029619
58503068
10731180
12852382
46424804
28188757
63434577
17012112
16980632
3104260
41773459
11167005
94092407
84527045
12917554
78370958
89690010
8225234
3706768
59535508
31618514
67411688
87869850
28324957
94236529
40657275
57552810
37106002
28786302
48042971
87230959
8557442
32111018
30624403
21957443
93481640
23214091
57922804
68979687
15335713
1782740
80738198
40764338
27976536
29911279
81046106
93516298
50632045
73823423
48096788
82126608
87599684
75432936
87433488
41133776
41133777
7841514
45127905
33398707
31110941
50546550
16997949
32988157
79069571
3020072
2995933
23553889
7034432
69836411
731178
9257618
740787
25394330
67412822
88562003
91625192
87205656
29784373
76202429
82738014
88434002
3455487
12327670
29321330
14458996
42686002
80362420
11846604
12815979
14264898
39007252
77755951
83492076
53582075
34668927
41855151
29292516
50591143
6039148
24505225
48241605
48135043
3402695
59122308
14249717
20044249
18934419
3260067
30908014
13791279
21968777
17257598
59839532
81189734
84991848
81718179
55154748
90368403
54981591
44563905
40474216
34394599
9580282
69482807
13894518
20182918
4138353
12516731
43312054
7488837
28743484
5263157
22450304
45284202
62782259
51067248
2183011
46074838
32679629
51345125
12189118
15599991
22446708
44359192
42716394
38315551
11445085
93715930
51971340
16076327
18323128
14454714
89498609
7365634
56128876
81223521
67938778
86885747
43077132
47730898
33689554
76904410
63957551
30412143
19605931
3196158
46455361
76358132
35962373
27969508
42320827
8776269
55094412
81883291
40547492
85307492
6100138
93178894
26206722
18085748
77346158
39784675
59835520
34945095
28807017
8575586
60680922
34556829
24421228
28045070
12142318
72879258
57779491
58758066
43844225
52266450
57709957
59010370
19399524
32096889
47338247
84341676
60230302
47428698
54717119
89172070
8403610
46946545
11442020
39339566
26249193
54400237
6511116
32625198
61433657
18820541
9165315
23155641
53984755
26249197
12054933
78215582
31597734
7212011
75269670
61171900
63616249
3658195
78497926
66319163
26091173
18942081
83173905
68867220
2977265
33217163
65920966
37336004
83092027
86683217
68301229
39303998
70307274
22976185
2419087
4911731
47329673
87844372
21398324
43454721
4223669
55241311
35088230
31994017
61381666
70336893
38808023
14590626
68175846
80368451
25456386
92261242
50971210
58015886
53143153
12570096
82908470
88107951
47837606
72024499
92222201
1157333
72666063
77178567
58462127
24735255
20326103
39854904
54302158
37719956
64165223
64576915
25244908
66748395
38001957
71768747
53243044
62898446
16415699
32753978
85067179
32276841
21015983
39445190
64040942
47342423
43618512
9258265
17516551
10967075
28765472
33260508
64215729
3185776
4132471
2571212
78068519
90661201
3526086
80873352
47952725
13847178
75442692
4234873
64460802
38927424
51322798
92560549
6872969
84786353
70877844
92897279
89895431
24572242
51138338
50448202
78557466
93534977
27091061
19253264
55125450
74677535
65907364
84873570
43826563
39583207
22003822
35144693
74416070
49254167
88704299
39463170
56811255
14493617
70250570
32194046
3328374
47223304
63471536
92731904
1201461
90544525
42976754
16326069
10379354
4769676
92091935
77423389
33780662
93967067
90658740
4968502
54667653
48702510
12661338
32514102
7156907
25792551
91745892
53986869
88891377
58919016
42274807
16898807
1985172
76881080
30053061
1437535
16323525
34172605
85581517
52232647
51988189
74332708
17716396
2724503
61923962
1462051
92218600
62352569
33046625
35645285
55625451
30368364
50898936
66921091
33263264
40283594
70335438
79703284
66713659
59556343
31462895
25653587
46967499
22162375
31780645
88615256
8660646
28133814
19748265
4309162
1984437
33254564
20483488
42629719
87220234
71145217
59698861
33292600
1588631
240851
3892932
496198
90049135
20993103
38843414
81793086
55278101
71001042
68027135
81134348
33140686
89736215
25677646
58047240
14781430
17146294
80965831
70026255
84358163
34357499
15642530
23035346
50772341
47851332
82693289
76033524
2245366
79615902
56109038
78224441
801414
83828286
32109540
11380828
58965102
14506905
1576259
54014756
63438719
23248161
75158304
77429715
50683406
36355170
64384447
12038593
45432004
6575412
91066220
9154867
80004167
64651830
73563453
64923785
48645787
77125463
62057965
32821695
80586737
39323986
58170958
88121052
93659477
43361651
26988880
54429583
10689308
51906644
