91113224
45087071
70406747
23773269
81874251
80275723
70650063
27465720
73242994
31015457
14479187
89140119
9953398
52697523
15813297
68531696
90280696
74379148
22834049
13248119
64048426
69870876
60537647
81672016
71549281
76396285
51331704
68075876
63357701
6510776
28683033
87630316
6280018
92604660
51024681
9191101
28482674
38508540
40538172
63013511
66540695
55407318
74058137
77337248
6108087
49932196
79050464
39497617
65913888
66496958
25846866
91437923
1173186
35277273
16321032
45553242
40396106
51234095
66990286
23999499
27233258
56732409
81972813
45369176
89539983
26667625
7554189
38916141
15415411
80577213
44531790
9504860
10069151
76471319
34589931
28205652
72363576
23922007
38018660
39442507
80729453
50660396
72305754
84620789
75253119
51049360
40796081
13908282
51862340
20001382
6843040
89273480
32630009
22256085
43023896
74567636
30142880
29339966
37533384
62627042
30363897
22259606
91834882
79468163
90131425
79799544
70341542
76485116
33958594
47439770
28616476
3556296
73480090
71385380
70059618
66181423
13465179
45142829
73571089
33632994
52940706
53450271
13879057
26967604
36761547
32838640
33135095
57838485
29343607
82009718
46381543
81812033
33028498
91894136
51078200
5323308
43035536
28688250
57171185
76144591
6225120
8074122
3320415
61109453
73350666
80681615
15023120
45986699
85347064
32237583
24228297
24349186
64240599
20941791
5636050
25004874
84228524
9478695
38756083
33606696
26724087
16409477
13065482
78212666
9452978
80339096
71552601
14643801
15370712
53763383
17880589
32773205
60660950
277163
3663046
36418049
20749775
83409458
36725629
53422678
28946769
63864694
13500218
30193521
56579702
29070421
86107075
82880219
18070602
86970235
8209746
91877542
65638690
2587082
64774970
17711289
57162426
20066865
7624640
17991655
30617551
92684552
44102335
50219336
27530898
73125833
59353341
12271913
79586859
16312417
74287075
26372075
73976605
15648944
52390971
48674822
65895443
33169092
63777
32589384
71584359
18997383
16837267
27259358
47544723
45435820
33920180
29874879
84769099
26459034
85700468
34091305
5699588
82613398
58964094
76586966
20614268
20353210
88537755
86276422
23447507
75529435
23277350
42107492
49124591
45347518
6775523
33717335
69898147
61288781
40396816
55454611
87921726
39430746
67893830
83026263
74356059
50551706
82972157
75969810
4687057
39495622
92042585
87925240
41589374
92782936
390639
75550128
34099706
22086011
91170090
70652407
31841349
26243470
32684139
35235925
42712079
10906501
78773360
55621130
31773006
23590344
67251103
82880216
14584357
13339924
7673443
42299605
59581286
79088243
63174974
45949577
53652675
11494427
87378819
52639595
43496220
77745886
92798384
72159637
38223495
44942410
35438734
55823361
4091920
11350620
4197092
83064155
84475110
77706671
8670252
40438686
56765659
12856350
56581197
37564102
29532852
51055735
31567829
21275131
29629129
27264893
2318845
11516361
46715507
59052525
47438659
41849839
25250450
56499524
73334712
6590434
90616667
834818
22780458
37796026
48580121
90821129
89842889
63120907
89297018
51628750
81281013
49606275
20594607
66322496
13911739
13278667
80866704
24124085
9786975
82520778
86313619
12284099
17143659
50145619
55236594
58013851
11229983
42287335
474209
72043406
72115779
70913181
34196585
45361184
87874067
83581875
73325338
78833910
17144917
32896845
43820194
31873457
43878483
88150073
28056180
75969575
51306405
91336826
83174927
30767215
64543025
68240748
26309939
8016672
29358704
9807036
29598413
24388226
45609625
3491893
35239464
22749062
8212795
39014939
33006335
90215315
49601593
88252729
26725835
60357679
45668585
57729514
73472783
78266851
6396587
65806531
43626319
50602761
80907968
19725640
38167053
58716868
31019060
3749386
72950296
55036997
42597403
33003426
6502084
84180849
61840161
88389346
36469335
35063819
39395442
26608734
59543342
62981998
15038974
71905473
6864358
4223261
13460306
31771602
30849460
69531578
23373102
40339168
16657756
22569092
34598877
43439560
13025547
38028228
34915180
23581761
26713863
80302176
27521330
16375409
34402188
36179201
38037229
41591900
77712934
21271248
11533395
89403506
26981917
87521740
31014048
10548097
69892649
29431133
49751556
50617587
11051929
90168353
4910076
15400523
3526392
91785948
14462365
7366615
11465886
87145045
36066462
34765822
79213729
13570342
76970437
89836347
70375920
8762552
54143216
42067139
39236380
6088985
72129864
68782418
18786014
37521476
69201051
24363082
31906913
73307461
40961044
43067076
22106910
74301295
47826955
48744254
6866210
1760272
6584329
69090030
42591556
80425677
31860413
18818957
57753756
20038917
64365259
22313944
10038895
53098582
60116262
7726229
18409440
3556835
17798339
92648133
25619311
65321260
14811981
42222083
