84713488
28017899
34666008
3731451
65615511
41804540
28292436
79624073
34179668
44750521
47438805
63449494
35182839
67032725
39032568
89786955
90822179
13193771
20069043
44995043
3466176
76023793
48671620
45942294
82706409
77258951
86250288
61500943
5156329
62802509
34066229
59482969
71594624
14050394
25183626
86644504
9556908
68701645
36759497
5259492
36000538
64965785
42920381
26830500
13658228
578565
48152632
81911848
10206441
77928426
796412
14311477
20036308
86482247
50650271
1414679
49667507
68105050
47289158
2048879
14668144
59904007
22254708
29773027
4969818
36057294
31353573
24226425
80931685
12779690
70737331
87678931
7305221
50995104
28236856
23674277
9652699
6863739
6264325
67140299
51346619
51875820
61526303
161847
29221786
34548176
3078025
61511986
70530193
70271463
13473678
64374724
79931154
2201725
71158203
44370687
73215769
77034041
61448068
62432519
88271203
25419430
20756811
88086053
77271969
42445002
57939584
72883178
60648188
69572219
4933314
81026779
4814534
471627
2019082
90286601
16556053
44469893
16657103
45735753
889847
59638524
81169259
11995168
64027969
21450920
17890038
12380636
2710877
36211269
10502068
13373198
34552550
59354533
89036596
20397677
43739807
57730001
14416770
44948102
69167895
55139693
36221527
56694720
62568078
30440297
58096004
78710151
58022334
57342008
11709057
14352017
92243173
61773837
35623236
55695560
35755592
81695929
16827645
12389080
1037376
54866392
33194084
77896744
62435119
76333732
19921255
60060863
76086497
9861564
12099081
66123451
25822289
47388592
36116858
45542232
818875
64866950
88400763
60746176
43306602
46488016
27166318
5634867
58113433
90188416
80456801
45924776
39524690
89599000
45964799
75231625
43902009
64696338
2716800
7393692
33554286
79847998
9133621
48485609
14895832
19913132
17247117
84703934
53855024
6239351
52338755
55951474
57186081
72926082
45383440
31031039
682324
64295706
91401272
89217259
31624998
35910233
22102751
49650678
8881839
45271956
16373500
40126085
91108162
56599482
3031889
61991555
73920688
80071490
81398329
78032480
81218130
15180307
62552101
7281576
51845160
46532882
46586719
37289811
66031102
56751475
37517168
83618326
43121011
54367753
72833006
54207660
57291848
85746864
52250939
22726127
56090246
8919826
5025245
36803573
84738957
41126914
60442545
54230135
83566850
23069018
91208831
21678552
70317494
19930921
24000586
2815295
8839295
21339188
63136851
64092095
48184147
45608289
40450472
6251386
88218037
5165007
15075690
65465817
4041184
90382041
57937256
10055115
91781164
79358940
75047653
90969774
13197330
91650681
56743474
60908669
22639227
69140984
21591689
44287264
70329036
62736406
20017584
11710578
65467125
60859619
52192264
2555263
69947767
44424598
34869993
77205671
6498287
61356986
49893522
63122977
56260972
55192742
77533694
40121805
45545607
34558085
89854260
44587702
43804267
79786981
85942898
26085661
14558268
8831574
39894906
308150
33266670
66752558
8445636
66757183
20121104
90067785
38644625
37407425
68566258
67761541
57004863
2167269
78104118
90670029
922210
14557197
32818640
50083734
36389077
75707157
16284871
33678090
29446862
27757107
48690874
12798935
41306580
84355101
10145767
54408779
37396303
80680154
26628396
26205197
71542299
63095663
56071552
13130611
40877614
45359054
28324502
34503448
33614019
44797889
85408225
52510534
14258917
21269963
11087111
74052224
69673377
51798566
84098679
73475384
14611072
2873908
64765873
22499428
11845434
64088071
69330427
45975259
33324270
242619
16708189
85498573
52999231
62341386
19381358
40531765
11146797
87404360
91872641
14841129
67220669
28980548
47025078
7078708
63864586
85829207
23855599
49904972
26790985
6113270
5611742
66174935
77699097
39152320
73649321
42617468
48113503
63617285
13151027
3153534
46975790
50905133
28829584
92973850
40048227
89824461
78014044
32725848
13437132
7062664
91647805
23769961
52729107
25968306
24281640
40853794
69631709
281349
70250789
35018178
32448482
8699426
21312312
88361718
63081575
49188477
77872573
44587706
89906375
86475003
92236633
24407447
4053586
67919632
13584583
87387144
75033566
67509051
2547159
44790019
24597497
37403448
52426447
5007571
64470392
5207718
79422894
52057903
64220627
41628225
71720397
6237604
50230951
32208877
42764634
84872717
34220165
74420931
53724779
62142666
26394014
55864095
27855511
20699359
