83584679
13519629
3215485
236325
13185235
89283923
77789738
50841730
24970982
31277264
40139016
65348954
1266920
52548807
45123606
69068461
63870098
19321062
8792418
86511696
19554462
84408482
45227960
27903620
24075840
92964137
2806661
91593585
90399573
43253878
78499622
10406370
20328391
86422694
1051470
67509204
59298042
55634615
26166790
88184291
46415949
64618301
27327444
36519861
50611936
81189578
79178983
5184018
23447276
39815448
73330297
1796565
80215028
86516742
66143813
86690019
24471302
66094154
86744528
33056576
68363734
9794040
50254223
20631514
92812646
22860860
34850287
59880690
21584027
45109232
65520967
11776286
46958925
61703895
21974463
2115969
89379200
92240028
46882170
42270181
12428461
44963851
706929
9270805
35240540
38466935
71903203
29097678
6345630
50247465
42854919
75549921
83283637
53888324
60555135
60253359
