27611057
33688141
59818690
374704
6198278
90133239
81483872
40742
58023434
36926708
73790528
34261832
26715518
64365512
245251
78137742
82373522
11234041
30308504
282323
70531817
42275110
42789084
51963648
74614656
16909573
5917959
23658024
70401307
26483268
52198835
87568475
70423259
3872505
40723546
2514904
8778420
43818164
10420236
177864
68625810
28488330
85901031
45630666
29548447
72719057
70058573
18890742
31342112
86910806
59564656
83914337
12666485
28635834
48882547
16549198
57588634
32831700
73085567
18103511
57652707
85222005
27361482
52298171
49118764
80458937
29246539
64725855
84824822
61688298
63259671
51671061
7711744
42743864
47955320
25470001
20741004
69693161
1282972
36218231
72118816
74476717
54787681
70853663
78156164
64799606
78568296
24992140
43447735
39838562
80067195
9635245
63069261
82328240
84329048
92151484
14164641
80959346
61536065
45332999
81897276
4411182
25861404
76283316
65061969
54952013
82035056
5269832
16700978
37111798
80526407
65177488
37316046
67975004
78041698
9032544
8273862
139673
62491201
77978402
18650475
5259523
70885220
56178420
37718843
29092558
62749852
79356808
33835574
76766449
19311010
33966418
47582312
24431821
31437293
10617147
76537818
42295947
35175726
3302232
78334069
10273039
14071997
19651677
44328361
30785344
40033355
7504672
59792906
82746415
17765156
77298364
57871413
69894036
1851784
33347719
81574646
4467257
31984276
914217
7010035
63881364
38303085
87869531
45460429
14783294
92277097
51768861
25686008
2804733
85760924
15770563
85873634
20191188
28762952
92522717
685622
58739275
48138383
26163868
90148755
57568261
59021606
56356416
53894745
42804910
20033199
26247731
86174685
30105144
41900694
75061430
91379869
50486355
54389247
8465576
65167665
80531707
55861011
58545533
90392425
69246628
37015055
57977659
18961534
62628190
78083982
58405299
83738994
72199713
38788540
43773940
47827497
23353603
79256413
15929083
8854161
46856515
34985878
50993258
80943170
69677778
69431262
75460365
76140738
31898152
1234279
78202278
18582091
43889387
19769902
50567370
5200067
86736782
82591794
14062764
61328575
48247505
90338590
42033505
71621957
53626281
11473487
24469144
14806660
86122053
21178540
92970301
60497233
61603558
9207275
71139580
86659339
46795518
72431815
33374642
48155073
39877098
23234654
14322559
36819628
32284374
1028328
46424810
86215095
64925809
84996393
78787350
66862204
90896564
16717101
59884009
22228221
67950991
60406192
84977462
39659354
85183946
43321066
43795507
64717901
41681083
75596497
83226767
3444531
28198715
23670444
33766841
62228635
78366267
89158095
29768779
85987007
20054219
48355686
88884964
31728862
47691518
80853174
58234831
34438434
63125313
70669674
53567210
69191367
83408005
72786294
54818102
12738450
35715667
52570133
31915763
55591249
66024781
57181715
64396477
64380613
76146251
73170972
75724154
18663126
11238921
61745019
40967170
82131550
87426283
79280295
77241136
28188694
76051411
83848989
85650144
33442843
63934836
28687323
853171
9390052
6176624
63508411
7403602
32527795
36563003
10172643
53700505
53009211
750077
63110140
30745802
14459358
62720298
16661561
32663442
9875436
32716435
46218948
28149084
23876215
4548847
8754444
62854914
28105886
36429191
13463731
92675622
33216196
4540783
3632259
52429047
29222530
69868466
80099820
27314579
19724312
32201227
19605460
70970412
82947838
6649767
6127063
35220069
26478673
83131134
39915301
57032920
69651229
128807
91103022
64339760
72130800
37588703
81388234
84497073
1802290
91366390
51337691
47055038
43773610
57551700
33108038
20515631
87021516
80812170
9175475
18720911
43799655
92926129
53161100
2006770
80300274
8958290
17468559
81879583
89442500
19082650
39472908
90333815
37190047
64777661
21284431
92217004
23265954
1209030
83772005
82906828
9928956
48455667
92998408
82400367
77935544
9721333
9950376
56416427
42893924
36102982
3485298
30693292
18711082
39822034
84908252
64086441
73453241
72752805
68746000
42181649
32760763
3994435
33702436
8728366
37644986
87692642
20353914
43609406
35053101
42020581
22082388
67887259
17548433
18649983
54351553
8114582
58174037
19834720
89646763
75479842
82047013
27512389
90803143
55387629
40086257
37472529
60545214
79663572
48326851
18464701
813775
47576289
69328989
25466510
10573610
21869185
15201358
60471973
16475381
80368184
25844910
36887972
35395855
92204086
73855474
251922
62151806
13470600
50758082
22184094
25502609
29564088
36410235
37732626
4798701
68849442
10758821
36409596
85484546
27093750
39470992
66779437
58991900
20630621
25371684
45862701
59975650
8096100
31009350
57540985
84910821
24051026
50156847
2745578
32955066
24305668
49160441
31191199
24248020
49933720
83779960
72297022
65409139
37615190
40922250
21177323
70209886
27851352
39254054
71290808
81416296
46580819
1283970
48713804
52783452
41541363
41870880
29653743
68466902
38120591
82556413
85043448
65724026
30015235
55466098
4158357
82924169
13576720
70071816
20691745
87376915
37632041
82020106
68237194
52090931
3122924
64632474
87331175
4395097
74945174
83825244
58019816
74933468
20130853
57064934
65464289
84704081
87903150
39710811
37628502
27783036
4778773
81121526
27365528
32527790
14725562
66532981
30682367
1089761
39193975
59987560
13295857
14966851
34288355
6158517
86816292
56306282
20119366
73889594
84787807
54074767
25882789
62729501
10740744
81960732
90208927
46255216
33080402
1908505
65841060
8994876
91192779
3439144
60500920
68147092
61653787
72290653
1652523
68558148
19384123
11719941
73503561
56776698
41127395
77162261
70473894
49119041
69433449
87997169
67539405
86545244
58642861
57384275
89895103
10030746
64747266
58486194
55609005
23610297
35714051
62211103
84708227
20277044
57476487
2993208
84584099
17532154
37539332
28880864
11305570
83110336
45669273
37589589
39025603
35325633
87962860
60565496
78222196
92659934
3431475
59116295
83170545
9620205
69145249
82887547
91847093
36111240
63847298
69871969
86051109
31930563
13174920
14907817
57357254
19789833
64543926
23988482
58883600
54574347
10736348
73503564
66922329
19204782
79423892
163507
9720524
51659780
58127108
66128482
41351342
9779095
33645782
86942274
50495201
30718888
5975827
47257640
92994928
85026159
33709544
23972546
16222726
62821494
55162362
25739034
14406180
31595552
26137568
4603029
91502617
53265624
20593354
84904384
29898690
90500833
61833309
16139332
77716310
84335052
43431246
76384611
77448675
32794786
15484911
61338381
90026388
66347334
37753512
29994403
9709305
85095522
29963074
85769800
68135528
66917142
28247922
88259462
87777280
75182304
42501957
62949098
37790802
29518836
43801534
49851796
33948217
51852484
57634401
39838560
22538909
63723653
80284354
85527412
41583650
9546501
46310337
9772395
79116626
48888443
82038803
4727401
53086218
50095846
61069060
80339457
