31133785
75626117
30732030
19310625
68380820
11004571
35659064
59344827
2094310
5436380
4868997
33455035
50146837
1917987
10263233
26597355
43386200
55938677
21386056
74267005
55276272
73543506
9147242
80322176
20200636
61662770
94166009
26018705
47151919
1098221
86514193
37640941
3727959
65369177
29521727
58889075
36112095
83156369
47044935
72010610
73491114
70762827
29789873
88901660
45261612
26968481
54990890
53113877
21330602
80622201
60330250
47609710
42551510
47446372
12629305
58820535
57405530
7342469
21429596
67796331
62807209
83056811
79225348
4613139
38266296
81616108
63828666
21165726
87961806
22340369
33074634
75369904
42185272
70937020
70677994
2840064
76238927
13549157
52448553
78005636
69118107
90181380
73043532
57416152
57360334
67895154
32048642
63168288
64354314
56680078
81634194
34526947
46488257
19745293
72976350
41883233
12243672
70266278
33923575
10220046
77393243
92226604
33637696
57137419
57964071
51191250
57662848
74297126
58739809
14093896
32775013
9255951
56453952
3992015
80648208
52629474
60714285
38831082
47742883
92420511
9427423
9898907
48451519
51915255
59431467
19220806
82650481
77140199
17872615
14199529
59163298
50398869
38754799
45760570
14026424
58298981
26462636
37346041
50742197
30424740
48204822
36012115
56612989
80388253
89512650
29200810
8192997
2773211
50707395
36618784
25233101
44636650
7204116
20385290
85336736
52342841
46528435
34657631
4139640
85078854
82235932
36522822
68386329
84286439
17235263
69382357
10343497
92831247
42129953
9230512
82104076
94470014
36044568
42383575
