40760262
45475732
37978520
37397112
12633262
10315070
36530297
69359138
66516511
61222288
49680019
22336626
90410719
17326682
25218441
3450489
92979472
8249574
92690390
68779526
89926898
59788486
88865719
2383198
42393887
82099082
26554023
11154618
88792774
84597369
78751632
69968493
52987982
35068737
6724055
26505294
4426804
63491938
36448613
41558006
44565991
26370819
11353083
18029521
19397255
29396473
89932810
19176803
2235795
39333926
89577038
2125500
24348373
24489092
10396699
90863932
50613756
15229158
64121992
2833316
67730940
18507252
46014700
