65929550
83164631
49717054
55312144
83652376
88217920
1069949
27979693
21475734
11750353
4279596
24239856
63701007
19209542
48008033
25457162
83998752
17643536
75844809
23564509
22066686
46456994
88373999
69254997
39465323
21877832
91471113
9070876
45119048
48460617
88098783
61332724
66967458
740980
17732429
59157625
4904053
15352285
79985012
66942253
1600982
1821720
92844396
42342997
10172400
39544789
8410841
68064329
9752972
37055384
11622679
46512193
26908112
82602774
40439439
82527576
54298314
93000742
20996210
94313982
5739005
26817983
40031046
29040149
25727806
19435533
13613365
68047954
63009142
93637308
88695725
8007275
36653549
66059111
47641071
56849024
20409023
62787213
72216516
57514757
22411915
43760425
12685550
4978953
2421343
62396954
63524546
75974041
39380392
63834838
82040935
52240721
94223642
87750117
953218
31934378
80906408
75314581
71830305
47592518
72159584
25386812
83875664
45671084
25377553
12884976
29890216
62567918
18235342
89981494
18781413
41152731
89235135
52473001
21393316
25010835
53038479
42069395
89539600
41271684
81853272
22103109
54341329
64138913
7312955
63452766
33106391
11101365
69709468
27678820
42614001
59719319
2294460
60635202
47749581
50709540
90163352
2671822
26335773
76225851
87759967
43835842
25818773
48542107
93324841
89527026
14650593
69267655
76229697
81708346
20017446
46773560
60140191
31752592
77691738
32640479
74814400
61595368
45836416
73291864
8000901
63674809
63674810
1389803
61969890
1404681
94152336
27108792
21277934
46992610
25202912
71225610
3044325
73620291
73883455
14383900
22307800
83226691
84152428
27828245
50549787
84849803
16524086
68796219
35949825
22276054
45691555
92108159
17054351
20345514
13070743
27824602
85403042
35766978
61332904
24076018
44495018
83600469
18250385
40468670
83280059
70055097
19891077
37467759
3757861
65895724
29805376
1848343
36327655
65337227
59133439
851528
77344339
84894285
24702120
19959539
13428238
10126221
37474829
65143199
5784336
86028043
63005588
82846244
90437770
89485087
19116381
38480820
2189606
46558728
4492644
15544382
28658301
89316608
19759998
13547977
11625673
51588696
30581392
1094573
71455913
12896482
52787253
90820371
26691337
77338018
89844295
19771846
90252181
54056409
80986984
61121907
15069209
23677377
85223999
16307960
76454476
51749779
1525777
4428353
86521256
63111042
21647078
80728238
15346603
89815842
21441509
13325458
22251487
66578991
30065532
21328629
75666199
53209631
18988622
41163216
23802576
11252867
4111166
48794158
52651807
86135111
88217149
56303355
90646337
65302476
65130438
85676555
71410602
31046148
77985688
17556230
83518312
38244841
43865312
29135502
37463084
22666999
76839131
75424912
33502762
46545301
79547435
28702834
68970505
54277412
19850886
31422698
92878803
50541875
27133395
24788840
61938608
29756474
23424045
82081164
22999252
8147067
80557970
20847065
3420692
42486502
17148362
29957907
29542163
42833861
70547636
71175815
58539418
65164151
37611815
7877347
3712621
55105241
53466117
27425160
85597346
49673800
27514511
51254720
58243544
49126335
94397298
74128414
7856463
46697226
60701361
47967880
47082358
74724490
69557638
65621013
94403017
62524648
67849085
49308533
31084988
4529961
81745597
1103898
79526674
90612233
88968367
69393708
83302041
85065480
3988864
60852551
27462163
93423863
7176220
3750120
47245227
67766149
94328564
31275617
44268990
81917234
72742004
76311921
57863070
69818540
23552036
94108418
22796996
39349196
92988262
88519262
14799378
16600824
7509887
12459542
92677590
75888649
64654868
63143911
72019920
92413318
51225612
68540951
14613679
86459357
43931851
71565370
5275552
68198518
89434327
83859259
35733873
47815923
32500543
38241273
87750554
45095061
69395150
15617554
74187523
8646651
93392195
30940993
49179330
45449157
35649617
79026126
28382732
174276
89612474
26807100
30779546
68880466
14542336
71111694
38244586
65408518
66385835
28336010
31013862
20785694
87535543
10137331
40585224
77726454
4087798
61345518
42174906
84881666
15899773
22052196
50582378
66963021
76336426
57262003
57290726
53623813
19452329
65876420
31482987
57393948
49262638
72455547
85274476
59210407
66210881
20253317
30505507
56389678
5895823
45245566
23998053
71727433
48556955
23307195
428256
54531876
28082281
82719273
25287542
57996787
78156861
68753027
43471323
50443269
13674003
49639006
77295190
52225490
10667405
31604054
63321652
37223181
45220659
45903836
73071001
13442189
45171421
11378308
84367542
25184487
61088336
56962932
56517674
72140556
5591897
17657814
56315522
60371097
90002590
19727335
41063824
92363524
86789674
72565478
16111364
56899475
30065872
12477503
55360436
85081171
11027538
82743711
41465665
2424187
52754466
75489971
41839369
46456971
64612200
4334302
31161898
4106205
12461471
35214187
52088886
64198311
83444481
68385047
81673073
27395644
81286661
58000021
13653824
52714610
33667190
80640545
3173136
20165303
50055204
57235400
17848194
61269675
3840194
27882673
50344571
77091860
31680914
18165444
78982032
73075939
14363565
49921828
58074140
25949713
85722635
72200413
65796567
12525859
59356687
44447957
91898899
40041539
42586563
18563272
26701388
76228765
72884525
56595770
16590408
74763786
19046070
72658094
41986055
64272897
71280307
29485004
851817
60793180
37873058
28136199
61058847
38773840
93888442
50425880
78620806
69716334
12261355
8294111
22999643
11595701
7081770
51101646
91053102
28152045
45331356
31107095
25625195
50882877
79871633
23545905
24724128
13049528
34394467
60467856
22616085
4368555
16260254
49193378
1104629
92987894
18735673
14179729
7591278
46553787
18405376
11699082
92189811
79756847
52872311
56343452
45018621
27615029
19738390
24953692
62870820
61428705
67161429
82814354
15460050
27036502
45637315
76671955
89370183
83260078
17807535
45038167
8487229
79209225
14472503
87965770
87616449
6159731
20945473
4021230
45648037
33429444
73127898
83687327
78391769
12044604
56993888
48654895
60536737
60536739
9367314
40870409
3143508
89938360
20947026
16409945
36833807
79800912
23013639
49430995
55215845
38118819
66736644
57272161
53317949
79147191
22600817
51538192
24655880
49444631
21249007
74876744
78349632
24587360
81823038
16914122
18321367
47636149
66403161
78678174
84827396
50494905
46249513
82039207
21168952
8654091
5609103
27519090
58782099
85717465
66151573
9104156
65463235
38064223
9330013
89482349
60338019
25265151
19732912
41898048
64949693
79042564
68994278
29588713
67213650
31484884
78909587
81586993
47404806
2564213
28774272
78685242
74629114
47643920
34596408
13987205
3905503
51667340
79495799
59447791
43608415
45641642
19389717
65057405
59745379
74384015
49617433
36570098
78298301
38918845
43660659
8140030
25367330
11207700
41506229
66928284
38973541
62947615
77277289
55015133
14774665
58877616
28585008
58747755
10678575
79210784
41093720
19716685
49183796
51209187
82983430
33510257
89377022
87575909
30681570
6085158
45380886
81601576
5893818
49260855
53714439
75624665
41633859
12883043
77345880
44463684
65379483
50724146
7874402
77004416
64495273
71943140
94625554
15552988
72285709
61088337
24421403
27557196
40778647
27707786
72027594
36935989
88710983
2299176
59831444
43187858
30155815
47183774
52754963
8135266
59567560
28962269
5793286
69954300
41164138
94114139
91911123
28611197
74376852
56202067
10884743
16056871
36488652
35284668
94179060
58369084
66401514
37022609
27682806
6962778
44562901
21300270
54127051
10718596
31375435
84562243
11045340
28054673
15573026
52644726
34649556
23298791
76559446
53928849
30875540
8941782
16918208
89165512
53417979
80425299
23501784
60950229
9247870
53580642
38419855
19613100
62716066
72716979
2706939
61828943
8901949
42105129
25878396
80648151
64451581
90921928
57234127
50807380
91210363
887279
3094226
81861187
19630857
28940195
30640041
79770525
44860780
87128426
91412409
26942131
32152280
71281739
80735935
86968541
81124287
87452620
12485198
78911398
16568685
33271353
17746671
4256144
75881176
20049638
87768547
74526377
33498294
60546876
78476202
31557693
12176253
50521522
14587872
17350310
71289669
90705639
78065371
34273338
67016564
54778717
46586845
75945293
17778466
60137284
88773403
74031803
23933469
20573882
21266390
84704966
37221358
10178850
37136335
89556225
736710
18974782
24733334
14577796
84148182
5656491
92443322
83830631
56295634
89976978
50241264
42436872
70706291
87042239
35670284
21245536
3141414
20921985
38362675
14855599
20575564
50205844
44956524
16599667
33281567
52722838
70495139
77491694
54172627
57755365
70039495
31673280
36911163
54621194
90251987
93919984
37988275
54242358
18083996
26211129
12436029
81876103
93883107
29500983
45802837
90960695
13453683
19040442
75203937
49488228
42119577
72004353
9294642
36340742
54580647
31320109
54354905
86622248
47771374
11307590
36873544
18028718
64157733
48772134
80966724
54704230
36594531
32357952
80887496
15534843
23434732
9641023
28326073
83800082
74025085
50954400
45357332
59561038
92694589
69196962
15226443
52600463
9762955
18842322
31273798
49866448
16686357
22672145
77721028
9204301
51472327
11037560
81989337
44566756
26234700
21490664
6497316
90793554
56385420
2865189
8168300
28798992
33775897
70476488
53202130
68945842
77030943
20333756
26265873
7084100
74942986
37978925
44524609
45093905
44988337
41397374
31968344
63656090
15078522
29521066
49588221
22528259
6499928
19237831
967549
21203921
49341608
42936955
49031771
41699532
11328862
52160120
92241063
15789772
45663344
57736478
82015479
9080239
26855617
52613942
54998241
10035348
19112056
45054684
68370440
83483259
30636732
14041855
81150661
13762859
19174238
94200644
61228106
75535170
84723864
19072233
68280222
13252742
37515281
9638213
53865567
31649554
93026974
79801257
66687427
16072367
22301503
54026050
74063666
30544526
36787608
52820709
85178662
13483088
82228581
57209294
2436495
27648969
64080487
92246713
14793691
28881735
63118906
54623375
85187236
49773219
80223327
34391710
17277892
33832443
28336688
37021367
75720522
6686835
14785619
62384401
15951677
49287145
77565508
78500683
85464863
84352356
78699002
30073344
79717899
49829205
7637283
42193988
32630556
47041815
61859355
5383425
24562889
38865243
47442426
52960642
71575114
62673409
40418426
73637483
33489661
55421043
8099622
16824479
10191386
88560372
51703824
34060181
27724798
57145313
48739850
82592527
38696221
19394988
38048654
22414845
23514414
89326600
32780982
50331352
8254356
67947845
44548173
23904473
31305363
10406971
78104330
32422485
41725479
54549007
55167609
15152358
2421103
22053821
35868729
64038401
58573204
14722470
49721316
25102096
36072758
62276046
34157923
8008735
71811902
9093561
56398054
60498190
71996265
74870577
24386220
16292522
81111904
10913937
9194461
61241804
65475830
92958218
29239178
91084957
8403997
33159452
84214154
27341688
90175893
46673530
72206325
75636023
55222433
62787709
25171132
84096883
12006475
73062111
63983724
5875987
27599157
61155390
49917630
42092922
46399580
57242609
27363471
49539670
48166173
31906741
77425177
50621767
30157809
87614780
64710313
6347505
44114285
69107298
4316052
16037407
61900693
65682069
61990543
75378436
59925612
22737061
70549252
84343295
77106302
68129381
52343206
45521626
69752826
90503860
51693200
60988716
37529684
93161538
28951495
21715778
61946463
24464222
85494636
81886642
17654593
65441688
11777872
13309029
79770359
73716376
30485548
