53123233
11799851
17831719
6172531
72258332
8586563
80309943
26173335
46795977
23052084
33498340
80688607
78363532
42094
55597905
7104887
87038186
22168946
32025771
12965272
12692740
73340421
19122946
45451615
3913468
61502298
56130029
82582309
66038486
84377084
18975263
41234303
9908072
2950694
76170465
28567275
11237787
74079344
61162080
40177464
67217577
67562995
55954216
22768223
39825995
51606698
65861083
86337136
20363780
39143234
8088833
48164194
78797099
74623315
53192559
61823552
82724191
29946157
53232975
44622812
79653983
19705779
43023678
56808512
31425398
19971185
55691309
39106583
82140822
89599887
84875036
42549140
19597940
13278758
64391639
20957675
42021365
84114728
8006201
51524899
1382207
42659906
64844770
16187158
22631095
70252091
46135820
21256900
63567585
68340116
50314593
7665275
3439492
45329175
3759489
90234131
59845298
33060200
15082684
90143974
31461416
40505086
40505087
54017863
79356021
18058414
35966059
35966062
85507891
56755035
17050975
30882620
62364368
16511319
323568
25378865
82338242
72666995
32628740
76948811
30047444
87139599
91447124
39677913
40882364
14514810
53462843
90579421
41357468
90383474
38726009
22102938
4170148
57300848
69025286
76092102
44521573
11874586
73780182
19875129
28487119
34251805
59627033
90629224
79713342
85506530
70974378
71264661
10994523
47057767
52854231
9696004
42519718
80303853
3869283
45268894
64124686
58398577
33773134
11666331
89926483
82421961
3614332
30977850
59687703
45863054
3787120
29269017
24843659
59159826
13727228
92513715
46922939
68828032
79607051
32276862
14173686
47611356
39584700
92309119
91851017
90756467
63163469
40175648
78102638
37127633
29537216
23889267
52381516
45232453
10895957
5278262
80717985
44564825
11793830
80431954
80675143
53122925
68999033
27301333
81259540
9005453
59607993
5994995
92444991
7513925
88050182
44559679
78627638
62558362
70724165
24388361
86318647
18446150
25430006
28082256
11319120
21465548
49223381
85764582
18872368
57945811
25499348
25499349
82118916
76502564
77752377
28980593
19782643
43994308
54683743
87086191
49081862
53019821
7147256
60635539
1540695
1455230
26408275
67761936
21043074
25514710
27372779
10859691
32171735
83974991
83865995
36384118
19535383
64561060
16482831
26595061
20242517
84960964
83942152
1299398
7261713
24855709
62126378
77984970
22172366
19947971
54760848
55991598
46949
85736448
74834521
59549128
85088498
53494892
8339388
24861207
6139048
32464808
68686826
16416984
19889121
30123891
69352037
69950882
71759597
33491476
42818324
72128035
78808142
24329667
9229075
5741217
56390095
88271388
56516946
3675906
22115617
27764555
8963983
14288937
6035173
38607851
60226374
71829741
12815248
31302832
24035577
40949948
11676076
36166197
13214164
82783383
41194866
414993
21165384
66820490
59289462
12340527
77188384
5844968
2682391
17055361
5646033
22116279
70310057
38047868
921698
2658330
10869000
35328463
55973502
31016068
84267585
24607243
19455594
88010224
12035946
64753688
69200380
43668276
92832991
79950652
55201911
52039841
71257466
16028257
92884623
77628750
35721148
26689094
53940388
36760180
5085049
17617326
79198300
10081402
12458472
65269961
2202357
72312146
38454675
54087734
15820086
370058
26114647
47224640
77796148
74760520
18390755
41708774
68901363
54875613
75076793
48596923
58301399
82141025
44402528
25156274
37462543
75273249
56588582
14551553
38057576
1271113
6493738
64625606
48266742
49560651
6936984
21264813
53794756
88492678
50690315
