48940821
25099739
92984593
17339896
74182880
18097203
83018131
35543718
58198030
58950211
19640240
78882953
19049109
29690802
80041284
34363850
48044071
3782691
5485067
81182237
89819345
94581384
91928551
5821082
79622481
77046118
41581450
50903264
36638681
73616391
46500580
15602905
39169300
40283997
8365483
27932746
49589084
43789579
25042982
72962879
38219847
4746720
10813996
24941926
92778074
46060077
44210087
86883489
75143350
71868303
21532447
86791062
24143632
57197434
1264582
12877650
78370703
28170072
83285556
92026739
75440755
41248729
67067596
3501858
89661632
17331890
69921583
39842229
33651805
29213195
21948115
65970166
20106344
74000001
59319229
85072613
22165995
11616910
20628239
83489984
32888848
14222234
86717612
60849607
6393563
48185115
27242839
79847607
64220490
23506460
18643699
48983384
42787482
65259826
77921849
69034219
34001601
75366936
60913435
8775094
27234616
24124375
92907514
9341485
88667171
84263585
55718287
33919386
75031876
3310622
21313407
66574427
23917479
25904883
62882416
41166633
39991158
52778529
16362003
11501253
31401036
80884680
32120936
67101781
31920074
44642643
33248785
10123929
5088409
51191169
15498778
7913424
2079727
31178448
10719003
52193945
44377481
67760418
53889954
4149849
66843335
69141357
77928631
60581187
32451108
1746363
46790418
45651543
45114106
39514805
43100772
87728917
74309147
18902534
82786291
21105847
62687540
81845344
6020243
6432815
92957555
7093207
31131912
49648074
30680106
70758601
60187237
93153326
91592077
39218136
12499628
77938254
74200582
33839613
66230141
34674098
35391274
49841489
89767571
61943124
83502273
21067059
66490154
54711829
16407549
51936570
45661233
22816977
92989256
73423311
15336609
45025695
85332214
46597937
71141269
89193472
18008840
82589903
80661889
81662359
63173794
80898483
24448382
16439324
27838039
51058486
542461
47658030
30525768
68421443
77856903
47577915
69268564
23797620
73781655
11545432
90362998
765249
26410105
57134655
87860191
56245306
46830686
48000449
57067059
4202263
77129352
43667856
92939595
93958192
42237579
64186122
33813871
85454246
38937807
81299600
