41222751
27228867
66153213
71624805
61411073
31404731
92984007
86124704
8047199
50198894
87825054
89174868
48241073
69541073
74751125
38251175
25602611
60852737
63765665
58962263
56444444
38164966
5987698
87687368
35901640
64189930
93339443
46372600
58665122
34663348
59129119
53531525
17219840
18560914
36385141
564967
1506782
11970568
74037734
28886012
5275733
56057303
38923363
53266107
86528618
59884547
61557770
10825033
48445844
61324037
7466951
58098877
88674895
18170925
68733924
16783300
82985112
81919093
88860864
89735323
63595708
39407146
36722807
53289705
66259559
59263692
73969552
2935630
26047933
13580860
62975271
19967327
14959989
67065521
28261904
40846946
65131386
52363569
69403225
49900382
40059021
6063139
1868571
32394362
94118517
93023908
72443124
76938627
89150190
23865747
34834886
27424629
10538658
55417375
9868243
91716165
51453078
5304497
92587250
17826118
73436601
87142045
89096591
79134619
90501884
41773332
83594025
28144465
11321418
13468499
2511207
