73572773
4575728
72587633
30319945
35950226
43761233
71700399
75826212
93991419
81053794
76925692
44676414
76446563
27571212
78956909
7406276
77946081
51382194
28082643
46434564
18121355
41887708
23576528
17449011
80128747
9406863
65098005
63249869
28800639
72535632
50928359
63015645
18269701
91618727
93202611
75249040
8230529
45483023
63519771
80899185
85751495
62985546
91518144
3260790
14320777
27318517
41110895
94330338
49425739
16594073
74775037
77306761
36053537
50173355
3950765
86869951
73573588
56619394
90827370
16639405
41652801
3163716
91659752
19860578
51568920
25652847
15972362
59666277
72748163
67895672
63129952
51239581
75243085
44426030
17498692
60321562
37753322
42107064
43159495
66777407
34463778
781301
50523640
86680545
93460814
50423101
33067382
52602081
9883876
40727809
24449875
47403432
81491060
