38538354
51284504
5228033
2249021
42359572
48347164
41842430
50488947
60026819
63949479
9449828
11594928
27306907
66401832
69597994
50449834
55268512
52477962
71219694
66070976
9971361
60386802
31524750
57515953
91199981
14931989
46259769
38172818
76577137
22286264
89872628
39040716
6964524
82910360
6439864
8153693
32849562
1851693
57563557
60984959
88240784
34139664
83455138
11840150
73362716
1373393
91235147
52677799
74799915
48672470
78726437
59402286
7532717
46324921
72927725
92640346
44640708
39577637
39272297
52773463
85286504
42897292
48894715
64489178
33618505
81287507
86693900
3271488
4796478
36248698
60815203
2181818
42118536
9439040
84342812
37473335
13109543
45728253
61637466
52565316
77772173
74421307
71028319
63932024
78585443
49646483
31649816
60493858
16565077
18126691
29684506
2609643
16989058
1493762
56819085
8929446
19152767
57273724
55792285
71213853
75157631
2027311
78834286
66033090
71171438
11744938
70542076
77894698
84579538
56487850
82827729
77946661
10956386
14661604
72675897
58524647
51901203
92545800
19089110
14275748
30557293
85518068
10024026
48447845
41958100
44146685
27167678
49064252
9729806
27884315
92199452
72714476
15710995
408514
80415884
14409107
15763245
38341524
3205942
87441457
35441447
56758729
72087461
155868
28034008
78266094
61652371
86998866
11817728
81883146
67805806
18447351
30661163
67530027
60722158
70226219
10753340
81633479
64148656
61904072
18828591
2710988
35669938
80207044
53400528
83671790
50199544
86764719
8912141
61056932
52290662
82654238
21114946
44421465
93502962
71391844
38197093
32977288
75951434
20626869
19712546
58946498
9966779
83748656
67924637
59842020
83745593
38578864
8320584
27688437
85968159
37572791
1045493
30296043
63997275
57660346
87747252
62128019
52089686
75088544
34139168
85594848
73637622
33796059
79086300
87405312
32421239
11218380
61193569
10707858
37252845
13644660
55707847
22242189
64656461
33675968
82552740
27189114
13563539
61733050
22945349
78061470
86617575
74134060
40891739
60244424
43390954
81943671
68481417
77673639
1241672
34349249
32094074
71398483
80497149
35036185
22813928
19978905
1642786
63578694
13147077
89961713
22457260
