59946637
51288117
71578789
18402445
3430080
51713704
85810847
89751172
7649334
30323071
5073521
16644699
55937279
28360760
78276124
59238712
48486657
52493718
39896948
19090359
71272540
55404521
30126946
30151392
75623721
12945163
66868158
67066545
61413255
90588404
89215544
25279485
8860468
25551237
22156106
26881416
51415696
41279851
14988025
4009170
77362944
70854427
49510485
18801286
21306141
48879893
88428677
77881925
52112229
70781551
87576793
89692102
42289151
47479490
43382917
55116140
17246805
10678575
32531253
73231788
15137375
78108714
77205021
51204387
45119903
89161295
43317458
48015757
54926178
27133646
16402525
59924313
64472624
66641968
60331119
30700821
37455152
8169562
51193606
5394791
90047914
75516645
34427372
72554370
8283032
326145
28691485
21725152
38192677
65075061
81094981
25307859
25125981
16021855
64778843
86584791
60631538
59899840
25820693
47775267
8552510
4268403
22974419
50844990
33864782
41344602
86303527
39179629
19300014
74782652
39803626
67938908
39610768
53705311
44943436
64524488
8628924
73049227
6412190
41272733
18967225
76747924
7414631
58624281
12084068
92607748
28880364
60234398
50349714
2029058
76139624
72265858
6827347
56761419
79664438
60170244
32548285
88050164
27479377
27565328
12283237
47729876
5294365
56636083
58327610
1882699
64091915
76279375
74170204
3869449
86471132
18236798
40388909
92502492
67317072
81449327
13951863
18549683
32416127
63157637
27157524
66009484
56195060
5470238
591941
41134020
63740258
70862551
31445768
83675195
15338262
18669116
91020806
84767235
66864796
89223496
52054078
75379919
78019867
88511246
61891805
19295424
37705340
37591504
56987084
62467128
59365471
67030904
12937697
64912883
20388944
7601559
46603188
56328339
76598085
179089
48087700
15691668
42630860
82176646
24546321
39989053
5480415
54154930
24763071
85059348
52973990
90709031
76499761
45027832
4905309
17726793
14570408
68302344
15801045
43723784
1682468
20094220
31518637
69355182
4546684
73433090
26768638
65268327
19390760
34520405
17679465
17063812
61413732
85742528
14778125
77535671
9078454
25217081
55825476
65707110
18428025
80507714
19590009
85055826
71898075
25417064
75925990
73112956
7403687
8009779
33184784
72844937
3515949
1928266
82044320
77846780
79082527
47993962
53330976
40720751
6950744
2622910
6066272
73754318
32405570
24176124
4559829
79143185
58203142
37595232
35836546
13658290
11011050
60636000
87829479
27516668
90844150
79823358
91718122
55671200
84121125
11045311
9130203
56047062
13538181
5305277
18088560
7673004
67325610
53223081
30392217
9957889
31665101
34311244
65913125
50423452
86436355
55411914
76708262
27159365
15695514
77373978
81409474
88719579
67986027
7302570
31312209
30095448
3764726
49479791
78046235
18695841
22496876
60643724
60039162
46496832
23991964
91086546
72756305
19553708
64396549
28117172
52630479
23668012
82894182
50619696
42824858
75036686
18435358
79012414
60760222
77529967
87825887
61735536
49681652
7602972
15707192
274350
31683303
30814158
70935710
78882281
30539029
83952338
50242809
9432902
67188385
66539445
25665439
48117083
53163070
26689850
35608673
90892061
46473468
14894517
7080651
59578310
37448243
32267559
19435389
73802009
24034831
37085306
88890694
36902992
70304595
40628623
81947509
45992750
55767149
35580534
70776205
38187363
40502131
63930741
50310564
21145999
81792499
48296561
87658618
69151866
79006934
22325305
54597807
82643620
30033840
34642448
70458590
61394622
92215118
42107945
87684589
73876215
79838825
81373994
47217308
91248187
33101191
20704206
74411105
32230655
12366979
12467284
79762822
6685057
26533499
34599101
22283247
72554121
53421542
83777487
31349670
77340864
82564958
12052033
6965157
9736123
18418389
46571273
56027835
25793430
17284856
21716567
41576887
76156452
71892272
87901312
72847755
40180764
59884001
54890327
43347640
16419356
26515649
22448605
66859022
32969258
57379188
61761005
85903932
40254420
64310151
79809216
34009503
53653751
2511562
65062764
85225716
28814149
43851776
25988863
40034538
29198230
22925373
55624446
6154823
73543549
60013637
60534169
8349273
54904283
62007941
55836855
47208972
31204674
2367900
20042061
8117073
61394624
71751317
8907324
67994115
7735683
21112251
8225609
42141340
38060373
38410891
8337121
48830779
1725552
71051672
32703856
26591158
8122540
57789277
88584196
3226527
53776120
7621630
22549812
61328998
25996251
42033717
24713824
77132820
43782867
28848675
81342996
8464578
3050833
51726241
28403236
37101715
92752899
31230334
78438149
78967879
51494050
69549063
12487957
43127007
28691781
75957150
46226730
2378878
36601801
49693635
67701528
91439549
74411943
58756657
18511145
67038500
58671053
65177236
11271776
4298464
66771436
20184284
67604693
34671351
64848065
54756605
31705877
82059684
57468099
20514664
74541245
84453602
49114334
54425344
13196173
89997063
42221381
41484901
48065342
87089807
88866709
44792234
52675174
42444798
91853134
28619791
22682110
88304992
9485158
79948462
71699979
61756240
51715056
83607444
8464575
18760936
61179891
2170735
36339509
70435423
64463583
81415470
31605729
7120845
15691778
50881091
48330252
83942550
87625340
85257567
92600594
73782582
23922856
81158296
54094283
69256765
13945472
53151639
26851798
8253459
50725585
21812239
75541192
43000935
79420887
66218262
27474476
27297934
92850752
16423725
85437958
68682043
86072691
83840597
25083530
90370456
57028189
33108789
55333544
37384427
33277137
39399086
56719195
4009718
34706898
54855073
83541250
69844979
39665134
40027658
30734264
40081362
52005065
32274079
45255501
79882172
42775318
73720768
53533938
67262235
90694608
38171486
45518929
