21421575
4057466
88382843
79917290
34975384
39612912
7526105
70841667
47711830
70124551
43548307
84047449
89690678
56536669
32504365
60170067
30782336
7752522
36476050
1002199
41632049
39741548
52876605
24285679
53390680
23043274
37466355
7208459
55558466
60549647
49472518
69084933
35022846
16735312
4815035
73634140
45709006
68477327
86733587
74107448
87349143
66908524
28262320
77689046
41911759
11655760
81308784
84287079
45943177
7047788
66695787
31714587
10672414
71701994
50496631
68479701
8980249
33031098
18627600
18467924
58616066
76711832
26947691
40733212
83194018
26536543
56806686
22873003
83864517
55000321
49255243
16998092
44375427
42705061
24438465
1420976
2063700
34695118
8413134
15204908
51750535
82554695
16795316
1381056
4986907
60081183
325788
55417435
12495146
5963828
38223636
16814019
83574011
92261084
44385584
36498940
8642055
18572822
54741151
76521976
25711712
18950757
50961618
120005
12040649
40914974
19171472
79796863
11981610
52560011
83808954
68691428
80738620
72549671
