47156545
80885395
58157771
30901967
43706023
77797268
79761251
42336613
10273024
89810552
59210479
43048207
22942441
63953354
35256355
60769567
42186865
58162620
81185919
35656506
69386359
16477321
41996353
44542665
57720793
39422083
21548609
86556680
44562275
6608823
61884280
71119761
73485338
8062816
40240810
35261907
91170149
14686315
59458608
72486175
90833367
37595232
57434022
80247687
22458569
2220091
90074331
85837245
79612245
21929102
90166171
71636853
16779779
55235947
35350759
76092169
79266063
59082956
77004079
66151196
89989688
86637461
50088075
80557152
55569375
49831147
34857229
85602544
84016059
45904676
13077199
82571416
727287
47515741
4458087
32808347
22311431
7056544
23252061
10620414
88618481
92881622
33978956
44198992
33280656
33257380
89691187
69146103
61766790
7267089
7173313
68225772
91534579
84426970
12621013
50229787
14376932
72894614
77119167
86745925
46802311
52751427
13380100
41804284
75404532
26907417
44347251
36929295
34063185
66981549
88977720
74804046
42270811
69338817
35321110
44407624
85994709
6405696
48735793
12726697
21240761
23263809
51478587
37947846
1323246
75974080
41569681
13840189
4120769
81668764
1512847
67574385
63620238
62782401
8969483
57883639
68615023
68891844
59672963
91149826
45759013
20956734
22540197
58759702
92942717
50632572
17192476
15183664
20148267
42598430
56085029
73786223
19547195
68410981
63840885
90191252
65417163
66203124
80157826
55915948
53863148
92129484
63848660
10310108
29656647
87349151
64275038
64040265
83297324
90130976
43372035
27966800
6812397
92095452
44651773
64381308
9689194
90849004
51031513
90042975
73666819
23790501
18856300
57540488
75541192
51039528
11548897
20582469
76112373
63019990
33274689
30452909
44619671
41629692
82274831
7399418
92871999
89859199
57634027
11215231
30533936
16052073
356802
92744414
2321470
76306666
63057995
84111184
74864275
53537898
40418513
73860083
38335238
62796286
68073831
76210067
64696872
32669931
29076283
75830643
67623803
66101265
55842662
66438983
33029031
91718122
77359914
76111804
39425614
30392240
29764445
47490928
46535412
41070449
59891770
2047119
18229647
12476901
37575844
54886142
75952884
73367155
1877746
13903512
14985034
63251594
47251567
21405841
53302285
39239423
88791084
82492532
5582835
64003509
64846862
74349033
69355182
39440381
92387393
81836700
11276262
44421537
26687487
7684069
40769407
33978766
35174945
69439858
44823307
16577010
57293435
50320862
35584686
68367813
21507873
27465595
27167589
6286704
12027421
5319094
58235602
41861540
62726232
74347891
22587874
54812238
91120252
43454159
67031396
82594952
37069249
64513732
62647704
9899879
14190805
24176299
56292095
79808600
69208793
84981714
32764602
66200160
47372822
12144896
53290954
76927630
62137905
32192531
59564690
21406730
53619819
7809849
465721
861716
50149438
47588178
39554635
39857805
69197472
83683564
19487893
40114693
26514148
4253793
74530408
47664386
75488526
80480872
17394394
33231222
79623606
19362060
84420721
82835128
79227887
43320186
379782
71750102
76121584
52342809
18801286
82085783
17388511
74397700
84697379
68607553
62842093
46048189
10731331
74343938
16531092
34686187
67364688
48268209
30530315
8310687
40676613
88395121
5356271
23736805
19101589
22250897
85460161
2872261
51116170
4800505
90993878
91188193
12731714
61426868
54447517
65944587
68674761
11646578
56449534
57235800
66666927
69153318
3017264
38002242
32066880
25875354
30090054
69661575
17215548
65037938
72407593
60450191
57833344
65889924
46232203
43816848
19826756
72194752
86342058
19833883
90294574
54175554
73518695
90694259
55413712
50949368
6175281
78214714
80036856
59097195
32622345
38585514
25294775
38389267
78244056
87826932
92625440
46216999
92101115
60755295
16003694
31893610
62732238
39168959
6485113
33885396
45883126
56706759
43589375
86656247
44166319
6420689
54094124
3697409
27448739
92607564
22751647
30231193
87095670
10232465
9084642
24183443
13040894
38913037
44860871
37614918
30828710
79826761
24995224
3053011
56678814
27567165
92730901
23551745
66393064
34513835
60134856
49387743
4106821
39168957
17294369
60385504
9264737
59782151
61414206
9565327
22914426
2530463
38355641
66603654
87222098
74943171
89196761
1270497
49405890
24061364
2799837
92086504
59697964
72040530
86742298
19991649
11051379
83365611
89561331
67830220
45455848
77289060
77892092
48785284
26752203
66272067
51988417
47121659
60286308
28238709
20354567
8298488
36794854
88766862
31331164
48652649
14220658
90061865
56009700
14820132
12896807
6594182
84282178
21605727
56104399
15517336
30860286
60818108
91894225
47966604
4065890
41923103
18177971
46262412
65934612
82586384
27964124
66634666
33734483
72199258
28945659
1187035
26417733
23430803
49002544
6818424
30135909
39998465
36627989
3701493
12165410
71173690
63518618
19696506
68327218
72337932
61501750
33671279
61322359
70230759
28004581
42585360
91940389
50523215
38054479
8342591
52813708
31204674
91152214
87568830
29714310
30322221
