54456070
76242156
21838663
8923437
89949492
26060587
46026178
44703627
27764310
1881420
46435320
40897654
91095244
20660144
64284799
70712173
47010696
841418
53445305
36592815
80898472
86023338
80772469
72229342
29477701
54378446
77461795
39217126
83039359
85132155
70047240
57370372
20176855
17272668
61531951
57116247
12496857
16125936
67544114
32219219
80119631
68697508
57182878
77032114
74764180
38405977
2764955
48843441
14350088
56924333
9382568
48083084
28130703
50332414
79833318
66182175
90922749
47024937
84362740
52535053
7483498
67451677
19055521
69530338
65224978
79186697
48949096
52731576
56206301
33995704
36521384
45022383
57840314
89321376
16337064
61525934
24933523
42189065
6493950
12733127
76575600
6618402
46700481
2074623
22723910
87172207
5314526
80589010
60919722
65305587
6182723
62119949
91702840
79113843
88782585
11904058
40839614
87568550
75885242
28302238
24561945
49663586
11584109
18304069
40185667
66544349
49790051
5637198
26547647
93117340
79138062
6503817
34701446
24420736
10847862
84679845
4586590
12714525
7569288
56714367
77734591
68497645
23799341
53989285
674868
65710591
