56252296
39792215
48426690
13612558
52334291
84307322
13170014
73240452
86941670
29706171
67076351
77334681
51496151
3644051
12158401
4472544
19654618
86521040
77750464
6667192
24428505
90992442
16251837
2642962
76990838
915411
38456198
48145518
26054833
52981745
25608839
3782472
34870533
91639683
74040724
8054454
86235582
78227505
18578943
23318421
78856741
19135499
74652082
79965968
3872876
5443524
62037635
37616176
69301333
69921753
87820440
15320545
36800924
48965583
45336768
41602549
62350525
77358709
60305764
67745114
76644714
2853837
31420238
83521884
25081647
74868176
42855162
46238201
66194865
4635294
56313960
4457964
675213
77782022
69874791
85945577
11799142
89500492
72187044
14562863
27885327
31914751
87189135
11505858
56355459
21156433
67027906
51326301
82748832
65834863
896156
6053061
15480240
37580438
22429717
52729509
47286125
26681507
72325836
73829353
21333801
28822661
71792748
72442804
55834976
91641266
80120483
51146950
56431458
43356709
10574185
45330330
85689182
54185318
40419455
28726244
16990535
38060678
85959715
44860306
10219825
50777966
22900764
55662595
9045515
59190409
48857479
30863294
47502300
39952324
79770652
78652158
11798294
44832339
72915935
1830950
91664101
47932014
47418399
91380500
74311804
46806900
51872889
77432304
72569265
48222092
22179131
46080682
19103220
61230042
8973646
50876919
69695565
22053917
45272425
59053083
64758252
47790235
26280965
399792
85749869
29030814
72170030
59652751
25556459
92582194
37908407
23875178
66201406
8123866
35103631
25695966
60659561
62237458
49144
75414697
52182586
11519841
36141745
16223380
80348268
58846518
12679740
39746387
21616076
82270986
23371036
25393945
14891863
78609021
37238666
35860053
44624925
88425985
52637067
59505926
47954039
43492896
89964980
34415416
72479788
24767475
18932974
34957525
67365636
21264008
83108163
27059248
82200731
89991328
20506336
38060386
56306191
83171489
43750537
62849870
46345825
58645153
16218603
57807154
57303263
37161828
65676227
62161672
7324116
33771605
66453886
46775584
75079176
76667785
91619060
80313249
68511524
89675376
16638598
90888968
45141894
20395302
11075984
91690333
41411609
43729630
39854812
4397470
72109374
77011458
63778049
37643345
16395384
93055565
10110495
36991185
70738684
61926978
66076917
66012307
8434160
54858930
36756395
32802396
58686887
44217444
44940663
87528780
51422104
64916718
92316533
15412246
23981843
7973989
22214869
87032329
14217947
24551369
63769233
22150399
6242072
46483135
73397898
63906326
11482950
66652418
35841922
15509209
40146111
36521825
57816130
65565595
39893637
89617438
73649179
21882368
20443837
61950869
62431339
44581647
45081271
52394753
19986680
8031043
28043656
75342574
52689080
90754917
20260195
85486826
35718087
36147083
88474152
4970185
10148448
51604359
80531673
70870016
92806277
29781585
29231176
80935368
38358738
61640513
26058554
51591442
87957830
58040909
61447994
12278385
17902315
4456062
75397532
34836187
40140923
89256850
92029471
58368410
2745116
18018631
54658878
29109609
63466572
85529464
21414470
83140276
7449560
54903043
51877852
70204691
13025131
57314816
70754976
21387002
76329342
55371395
62385814
43707487
46775687
66627981
52877028
23626613
64028298
10439057
15356654
17318995
12096780
84305247
1815132
63617300
91870043
72249719
86389395
81681098
77914477
65030590
545732
73447704
37123763
14848977
46535761
26219840
2034276
29851767
79964887
20606962
32221079
32461312
8043952
41052452
9407506
10908564
12516857
35261687
28387032
33945051
20646344
19724391
3485197
62010725
91220388
84780921
25262109
49200179
35350282
76723737
855105
46622260
13378701
3877984
52553278
7829281
54677747
44400208
57573722
28588706
90584688
33306847
89926802
33406459
63799902
77850317
28523083
68263822
84205715
428669
63381868
85343701
36832662
5051501
26383601
7632241
23469202
27173320
8312225
2904774
14823598
61384455
72356386
22957004
63752495
15018979
62205558
83745941
36609284
27665440
33026679
65846454
37597733
51819040
11407053
67987079
48244055
69087057
62674431
88602938
67570137
38914063
26226779
12322636
62472157
53816836
6245656
7794433
219281
73066062
79371202
50338289
8920871
1862517
29836422
57436890
40404574
84762834
31103140
28006787
85260453
80662726
5200734
87764984
92124193
23393375
34192211
6896754
177275
47713210
49602748
62521276
84878884
85397435
4887903
23129286
64995493
74468940
18889971
82836911
23573756
80455578
72567997
29151723
38210970
83266254
68513420
71825666
5344283
24545462
38742680
47119771
59192612
23960307
46994671
34648630
70445543
74089942
85791573
7317010
91324806
67996879
50045244
58799698
10721248
71558668
90231483
14142832
70250200
69530397
85735341
35333403
19568900
49820577
83617870
5449112
39051895
55530954
16999376
81063493
56243411
28190398
90776676
65774767
2876981
37427559
29859519
2904255
14674046
78190569
80953491
57166651
65036392
77847891
23262890
27198744
22175225
12951423
49456046
32871430
72910948
90957755
36930771
78843141
76796631
18334837
92719361
3711868
27468092
2607036
55684935
8245209
40359552
67726426
15109004
86039577
26250088
85556683
45238580
68516336
72161207
1824470
50535782
74495591
31237462
39904411
23226531
72439136
75802992
31364011
47463737
17410457
65677257
82910768
73178949
27612161
34345410
29346945
74794962
19822405
58636928
5167096
69844204
82199212
78073957
42767417
31515263
22982933
30814883
34053652
8758269
9446353
65430544
40076880
62793953
63287282
27679618
79849822
7117413
74451015
28403179
15881191
7679789
33268147
85051966
79177410
62100357
6714952
56870985
18382624
42721446
43421511
5883875
69017416
26216656
92939997
86662471
69790035
64632152
74140186
60384261
74900335
1964644
75282312
30744768
52608226
1644885
72710117
84078742
65694128
66012502
63128605
19226417
33564503
26202320
73747751
29435140
86490271
22699063
1994819
49556057
23384287
3404465
83322362
18897914
22209080
55445637
79590459
13926043
88271512
72714932
87212325
79991013
7427407
8161811
92615601
75823259
55223309
30803347
11381245
81272636
31079621
22152618
47376154
46993114
29072694
13930361
40228252
39697961
3120621
76607703
50500638
55193663
30900767
8550076
68096482
26374138
27804492
58273397
40569738
23517252
48988381
70624725
79953220
20275163
66359928
1962769
91157094
21977986
17929293
46232265
32201148
18755388
86092142
75236202
75209943
67296425
66951355
69363979
53522433
78114677
44185836
71775639
49214575
64867757
80348382
62357153
76550142
73000994
49340170
55950283
40039474
92284236
54193721
11338779
14118116
88731145
73775049
22866017
83697080
37218924
77130977
9778489
72358138
14188281
53428972
9868420
1172173
944135
23973372
75175410
42096413
73762039
67186905
15871105
47651144
17949347
9856642
42417307
42204649
22474541
4579508
54285445
35772640
88959558
47144080
12108344
68799180
36173449
86261976
24148382
82183163
89784296
47670308
5383727
14058364
14168071
37689844
62375781
38592530
58821212
70418468
77344764
56674885
35927019
67064780
21636117
45335081
10773850
28310223
1632591
88236953
87140111
26182811
11022666
24247234
57220342
25507391
73321026
19234739
65259784
7980434
36367847
68559353
46345821
44182472
61051604
20410635
52206187
91018737
72054421
34710821
81946547
13348532
68923366
31792247
75824309
44273656
29347216
52596266
72091873
20706273
24372111
13093362
30070365
3614425
72873522
69046897
74750495
63343024
29237708
31345175
90019901
52982566
38413295
6513777
57059284
5535218
66442812
78561939
24538593
3088632
16161878
83742928
90891127
61808990
7347399
53333276
69230419
75198742
73186207
86869904
23714634
87699696
88966996
78110759
43453894
86709458
59893110
84257864
60598276
47429394
10405804
17465448
85694965
20903462
60907545
67584683
18831451
47303428
87183927
38030306
4313354
4551110
9338287
53695048
66250122
44040979
17845571
57117477
78816870
38063929
69961731
75688050
69573446
41953136
25666805
69242064
89335996
2315394
41649413
80291200
43194310
87500710
86652025
44102846
33304656
31307759
19208382
11164635
67410762
45066012
29212985
57906977
60866906
79549462
