16964643
33593850
78985506
83981912
30656546
20317765
44418130
26158786
23373670
13864629
3932754
63005847
18304767
19979249
57241548
47046308
23179571
1454172
49565245
87490092
17925208
90798008
13033543
27929996
62033404
81725589
38240928
43864751
64012066
88976372
50099001
53533285
51071040
43708510
58313380
88969594
12874814
81408501
71967017
79474255
25592364
68631247
59968998
86965038
53066449
14031094
74318335
91839568
50282174
40017601
4319544
20696565
65229352
14537261
69855536
6356029
