13583117
67320964
32110211
29677000
81535818
27150498
18974087
42219071
45684128
556154
62285589
28523857
31224826
17976388
14722375
1624748
63924653
23655359
5421303
89407642
60853892
52615684
19083314
89959975
77271772
73467019
357255
90624502
75336371
35246917
81206497
6208228
54936492
47525530
48530027
21933609
11868197
47899138
28957548
91438239
55439845
63369975
46257196
14546967
50812405
2179388
31913408
24420259
45782917
54732117
39431229
82807661
84826341
70629052
36830660
14868680
34905450
11895572
3788954
66429842
28751829
61620114
36750739
30004768
77214810
1567061
22293155
92415861
14815684
84556956
88937151
46683831
7374170
24006787
43702071
8662570
91908734
58797275
768298
60882524
62621589
71474047
12742232
46100503
62251352
55556666
14143342
75472553
10832012
48563743
30939891
18418665
22270257
46709611
92237341
85333759
76507620
86950687
27998447
29303789
84812286
7828261
3061832
30095762
84365651
18364903
38478711
53985026
89888068
60887930
90684337
22228064
36744307
10280985
31211675
48619162
28268391
90833643
55159798
67865540
75789686
