54350024
17838176
46854238
74955531
10637776
82074769
54000177
87268313
38784696
83053594
77406718
40148775
56900383
24395246
30993818
55459153
44518510
11123861
84595027
74587256
81795608
69508184
10830692
64958578
83947405
75028214
86416488
39859696
63964490
4123488
1081138
78572584
60787324
80057633
65328714
69515035
66660336
40758667
71759209
8641060
92333143
54670016
93070050
51314698
35946235
39168018
31384753
86316589
54415832
51690152
18565685
54092962
17123020
62923883
14867469
16352993
89892500
83194263
85943111
27376702
39498093
62568308
52993731
30437369
85144768
89579034
77085096
58477885
92000781
80970695
5221249
52761397
47386334
6548239
57035001
7521823
82977039
11206156
57360713
75768306
86772456
9839636
93060897
16876198
32907180
43621960
49117812
55906588
87145326
39441245
33636222
43008836
5257400
31150415
71048983
43843357
37604206
67547219
81472618
11533852
21407642
29700603
33375560
86934640
22945958
59765283
24934164
79171503
4312981
87342237
48471442
62574030
64107393
84458128
29368678
27409874
15684102
58369027
19996468
91323472
9460965
68969212
72675223
11791194
41041467
45276005
127345
2249070
50849419
83423525
88438964
48396222
23921748
72997128
54061820
42499488
61567244
32489104
38719230
66733575
76940227
23317969
28706685
44025856
86855908
43765040
37885503
6221517
32420545
29101241
33156345
6761825
57683648
51626324
68579686
36063445
50060267
21403343
52951444
53869561
60972831
57891927
18089533
26178656
84325559
33677370
28004243
21020946
64351601
23592587
5318969
7512226
17511280
41674050
64021065
92568479
55706613
8360004
30096864
19848852
49523483
20587864
15215229
69601317
58909260
92008423
86424711
15947149
47439584
53507132
17850805
48931905
64478971
34715565
67572676
6806406
91923944
91279132
45118450
38801723
38379512
49947921
68077723
9023438
48473255
33439823
31124383
88661512
88633511
4202711
35449860
26076363
47589875
682609
65733264
80930679
87706711
84771426
51631317
20296445
33312052
9487355
92793162
72239906
85280279
69091848
67762227
60695890
38859094
55177059
30281719
1799270
37179256
40682726
44120565
74795929
13318832
22382032
68514141
65530055
5986962
46234124
15794381
7402367
35045547
62127627
33790416
91954778
62544096
41835468
1907305
76601573
77753387
3950049
71030966
56142563
46800987
45296416
84639074
42371224
83656905
91046520
3960089
77985802
51944631
42784396
21993682
74982758
27038416
17196780
37991157
53855034
32720592
63033613
5223368
18198014
72077416
30061440
51349799
15007960
60894960
42477041
69383337
19159570
52341668
41515946
33482256
48707863
64867358
79496286
66714436
39428309
28901406
12858746
66991218
44632760
74290145
76593006
48119788
2745094
78031490
83997816
46433621
88714639
44008361
50385409
42528624
60477076
29720271
26018323
52248924
69296101
92571078
33720820
62837107
2182670
91842595
42558667
9173987
2140491
23755043
44310580
68218547
74764215
21971825
75042935
51864118
51183235
32500569
85369325
82178934
90549044
10145161
82813372
27690341
81288452
12913172
37629133
29296714
38387048
16280655
16687856
77617909
66512554
1016249
13735453
68394809
24173391
55870576
64452428
64832559
87323240
31463283
12656134
79831308
9676127
33882417
30012907
6162034
11757518
11821835
36802529
80283186
77045541
23578892
3011552
80051679
17509917
24998604
87258664
80087934
89280008
32287156
12343865
11856385
89365651
40715533
