23218977
93634895
22664562
58595880
92358073
85047548
18561003
76595129
14280390
87712633
70908023
91387536
42641382
43875859
33488284
47421368
79402278
39841927
86225447
32183734
65153654
70008021
80630381
37118025
13018267
41663822
61607754
70503171
56537571
15172894
59811595
43539283
49260377
76583625
83392233
50644591
39775318
36119009
56113632
84731851
37831901
61491337
27404497
53671847
11281300
3049257
79695393
36455389
44638473
35274211
57422639
58924315
87922391
59403600
39455829
57173353
69130158
55799113
75754421
39964121
27864304
86544015
74774838
81283534
16771763
62952796
16402015
15807699
50503946
28578686
93253945
54073408
15880199
54558911
52398566
41408724
87249547
20140353
47496635
17639279
26386977
64054267
23038889
38270099
88107590
90115124
10551285
61054079
52791370
56868933
14953136
23890221
79528051
48039102
19577772
249703
51411420
51411421
29629913
67626154
82683067
69140591
85199630
10214372
32338913
839615
40716941
77313964
6261928
79455750
65155909
44053823
92819739
52659895
41091591
78850719
68410180
3775789
38054441
25763187
30372861
24323761
9227405
7405955
49009283
24424336
53110870
37734959
56126697
42058607
70575981
84748550
46243480
60939855
80178146
41787800
77295946
42102807
21498410
31742042
59312562
89159369
63518049
16615459
14658647
5366988
79566603
91753477
91004213
656650
3027750
64922338
1058201
8301180
24564645
56652067
73881350
51936785
60702213
47484415
40100127
32969616
2112531
14507100
76487604
40203166
54330266
27890995
44898051
17875028
84061194
85267374
94398287
37412282
90617030
36500992
41782840
68080637
85308414
36173746
63510615
3573425
55915989
83394129
1476249
81811110
19464187
12773421
47010549
7610029
78570016
59376009
30334340
73270843
79941204
5790180
41894232
43150826
8902655
61349195
54348508
3720904
47103936
82897473
66437238
62380479
88025818
29469493
25232855
43305421
54805083
66576946
7794300
29406735
52061930
30779616
5577766
11192879
29497909
49519719
34722290
5566850
60900781
11293793
30912783
41423232
26120811
