143772
44904003
67342753
47716289
47334870
84834967
3052081
54526780
24900234
50864996
49468009
31361433
89530274
26668048
80110632
4531367
85972178
5936956
34058147
68906060
27612039
77623986
75739971
50034787
25187244
8809607
54391570
38593126
84640037
19742248
28477474
16424949
4575442
47273195
46634166
50613700
37745611
78018187
76571263
15432785
80770063
13935697
40252649
9709405
92427253
20222444
88973200
54536154
42552518
89533095
40448998
85307270
42413229
86804173
77059587
38820562
32894240
89767574
69675519
81345931
92169871
89008470
45104356
65308652
62335919
32973611
50415753
82977184
5790970
60256700
6519083
21953191
79668991
34067258
74706606
47139430
13446976
718029
83448804
61634535
53365684
17169802
50893298
59984712
9826918
54970221
51971601
30271166
8753092
24169146
66147731
398872
3854497
34411537
16911155
37038871
77657783
48966439
60561890
40216620
7728277
9323057
8826523
31306129
29773556
79994076
80226217
3814400
89319188
86266987
70136696
9227671
46241463
69005159
72127228
40240520
56895273
23534172
26512248
84690104
77362847
33795083
71103477
70937391
72293460
75857011
6850316
88329882
23702929
82113294
90441812
88955855
18073054
88484633
18677021
83827258
54692352
46590729
84577054
58496350
72948498
73703528
25058359
73327863
9228405
210899
699493
2543658
21187665
22497083
47179402
78126010
42195326
37914148
15829466
55665132
35994229
76587438
41300114
64578247
32804007
88164535
35149200
91133208
16310801
27853236
10001141
21192653
90775831
42544030
82328326
68931690
57813634
22950106
81329692
13192232
41578042
63234631
54699105
52581092
650453
52354057
77396351
54629787
6694047
13905163
47196528
90298748
56642500
55300716
24792821
8084520
92805498
25982291
925399
56579826
22116829
26459666
70960019
68103597
4425493
31618245
3033154
14122229
11776692
36974977
34187745
65677751
54486720
57012766
84068310
70529324
75626216
23959100
52797882
45232295
65114843
87264329
61915565
51494191
40371604
1925506
36986756
47925416
70540616
1300657
49553253
41845530
19287250
32110967
30763265
74937735
42479356
87676188
74991891
5802544
30793767
89727028
44310253
427504
85936638
40447328
42470072
55032498
10763368
91650074
84749427
1432722
60289269
63721300
21048748
55608803
44120327
34573595
46088236
86168096
61174417
433801
56299395
77480734
3447009
24600459
72213882
76794589
63872147
70815752
14378005
81940163
30238053
39181559
70655466
34869814
87342600
36355741
32277175
13874294
26206730
43182886
42688544
43964016
39195323
9532192
33252798
14504725
92071297
85019513
40295906
55607420
41632161
21454049
31473582
24900352
13544067
19072243
7329417
32109155
10995244
4325737
10511755
42667473
78215418
8315963
59581636
21052866
29593009
27302313
2216164
2985069
5570743
1227586
68773417
52537046
13344832
31974677
34826131
19450473
14095122
16102573
50013738
47979202
64877074
75081091
26428189
34737393
58897679
86259480
43357290
72727299
37703872
53731437
38638612
68680835
84414828
28149233
38846947
15568944
63752798
87470271
56056870
11226125
11147003
22628012
6116449
76747967
86296945
51039619
36936638
26615131
72259999
51614338
35607249
19089925
12742367
87834239
45555148
60294770
7020075
54000491
84158838
49718196
39475242
50727174
720681
81191985
52533178
21286644
52271008
48963346
5262982
6882207
64003244
