1003998
20291020
34030602
36967978
34031468
76321362
13817891
48995598
70699379
40406841
77866980
82943458
89218657
83643637
40567231
162737
92590969
10477256
65102249
24487313
993696
74546890
90013165
12032806
37183285
57157847
47743500
11689181
70810348
12609951
74064769
49766823
72405597
26715687
67161905
10341788
4335279
38862754
69551052
56648293
30306054
33159295
3785153
76326397
35813355
89218659
10801383
76656747
83477452
73054866
47872636
51099342
58797328
70499131
24239695
54577083
5623010
5937047
35431213
24367282
48144941
72728062
11456652
68595688
34905812
48339425
80688935
19661144
50336933
91486455
9933525
39510765
47394946
60055691
8698479
80911069
81577326
19205005
68440577
31384622
35442912
30537079
39950120
83126558
83419197
43559784
67561516
17680502
22378097
89511140
63606164
34446469
42701669
84920329
73089002
37577370
53593498
2824698
19869457
92403208
45524183
29764732
58197450
43334486
7409021
50902134
25919011
44550725
27715758
11069190
23046441
50522637
17628813
9624682
34108115
79126565
14040383
67701824
37840247
533500
32063858
70354828
2901453
2117693
79834903
68492615
62218583
38674422
81424019
34283590
71509384
60017971
3161275
84364070
54507603
71003550
47088516
29665912
65213194
29053950
64139302
73784183
61683127
44098526
14434121
77607057
75132007
70425144
72507092
8127911
87714138
91038013
29164401
74756671
52698138
67634752
69897988
36476122
14891885
88371412
21439874
39879195
39719193
46143392
35161500
71983823
20005332
81467781
68762452
23921922
82034839
50679321
5343535
86567217
44827068
31757950
38462688
73033323
28103228
39868381
8698295
51850754
79206220
7275646
19829829
34988882
21857161
45330142
58754924
18332323
33648663
7916246
32001295
55560104
86829799
75570433
3371185
60417779
88450890
11173311
571184
91055779
81799316
86305693
12496076
33597901
62925290
88716576
38358008
38625069
31416013
59697027
82738997
30424969
82123846
58534827
30810170
7827893
13605973
53165888
85203621
62068995
48709902
49052013
66703759
51072031
33253529
1631397
71792771
90326522
65734759
88226609
77963239
21504882
57604242
40916085
48355490
39588601
28410465
2096365
26139664
89672731
53352991
85751099
40695184
42863410
69220261
63348809
17176317
58961916
78836443
57626914
75216962
22181787
43513946
7733049
12057237
50287753
29003909
48048006
64704576
17314045
9940441
76090758
30387691
45862310
87091410
17473000
55528537
57065854
22331985
39306369
43814495
89850127
61828802
45550716
41118908
42835610
39180974
90453155
72648853
41735818
24838974
43348243
3226196
61164077
67178000
29361479
39470191
46733355
40569526
64871510
15733239
44410957
85135545
40641910
3103081
66437642
8974654
2634646
86845129
54429256
26893064
29836351
56601347
86635185
74410170
37429237
50580483
60587748
65799568
20456457
14453107
91727706
90638692
870777
10581102
74413903
69896715
7547920
7076217
29004760
13924926
8159315
27742873
82865405
39467617
68637014
10778616
29613154
44006907
62410433
91409867
60880075
73017406
88258230
30158440
76205449
66994220
27353797
30406120
48623130
81436002
62370612
24354811
2291322
87688988
24701777
84878462
20782951
12595170
59408272
79133567
72471965
14344412
3919115
4053690
90502738
54369727
49551306
35361386
16563647
55818963
1964087
58010455
49503606
19860640
15913808
931269
80297351
24368879
9027080
19250331
2243500
5629416
23857724
49621568
87366922
33044699
85377249
42638570
67500625
11079214
77140950
9056747
11757388
90936011
72555186
35194971
3298239
83897782
