55331255
58539546
58474160
4056644
52841977
76302192
44216712
61632332
56549730
46880504
71146678
77928965
89499833
29305234
46836161
55089236
32939141
9203943
556964
42630895
26253417
61766893
65021863
28691933
69596437
6006343
37042261
19982555
72263952
24148984
36895692
26011891
86368869
85375434
86204034
70297392
21345323
26500184
89964271
73449213
82725585
51701641
64435281
39512188
55990613
52225310
20007388
3216939
32788091
74366277
4397513
77513237
35862402
58422948
81899810
6329732
11790488
10124615
67303944
35120787
43805943
18123382
37490524
75096018
21529582
60902207
38661932
23898328
56686001
56278081
34411831
20517091
28697257
15802769
6281728
93093793
14162192
44764953
80368097
77966674
72673308
76761912
67658557
66295764
52318568
6442874
47351057
14545540
91001680
10294852
31014593
48548113
48206709
23527508
1746316
34323131
89486684
38454331
17680286
84098911
72013705
53825796
28790130
56074108
23211672
92905521
2329582
25436842
26893815
7561709
78171880
83007486
91928475
40000475
91264071
57224552
59452143
64952792
55628378
36558424
83136569
79618928
4725469
87301335
37088373
27098273
1190907
64141707
49995807
55137802
2504529
83040108
8086889
52166024
58001001
65957731
896666
37403961
17309678
22956108
84417726
9769668
88460523
89224126
4707103
69603853
65621046
25684115
71025636
58487345
40727348
15006227
3007789
10435453
51987501
37308588
30891961
6083588
13008839
57297336
85445893
69348744
57337030
73752918
4151272
88110467
40331258
3841047
