25924483
82769938
29570675
87964018
75353752
36650301
67583440
42697436
3302169
21810968
28439819
39272430
24815097
48466978
6583522
78925516
39179256
37732509
64744434
46962892
75529493
4094181
30314875
8409507
42488661
47357710
21668830
56767934
62317130
44002423
19281817
75490530
72261606
75059486
65702389
73611137
6680988
77414859
44767107
41459255
43438687
11708318
69923132
70295244
62955935
38225096
56806700
61661492
45027583
907496
51965495
54703608
7773583
23214836
46396749
29077
15933614
72556693
48868014
21521050
3236468
43181094
59152115
16792638
81648902
8375906
7755557
35871293
24432875
62007032
5719347
78812468
53847383
59371112
54647003
81722331
12783474
78070050
984352
821935
91034097
46315570
35421158
58875263
68806284
2255493
52883572
21572289
12289124
71022196
73268827
53155009
39139473
1788175
19034319
17926202
25490185
27833825
20600204
55802355
12239210
59985632
4320466
24179984
22903155
10629131
86014681
11208909
23609874
44906142
47838084
34608857
42388995
34702094
24023178
45247113
86420477
10080666
73703330
5738098
56112360
30307714
43402290
77819812
17757587
27046279
76195796
54027742
83088478
72225970
62260864
73254464
36047910
82108000
88803488
56911981
35422206
8703718
61532018
21137836
37190749
64534975
21041449
15957367
49026679
16320577
24524593
80721059
87096996
67909919
22263120
55757794
31724550
68415685
48792375
9960824
51347543
78170914
26121659
50236250
15182500
72224073
47791609
20159547
84077573
13931931
28439817
10112961
64448287
23608789
52722293
87945103
47010515
44418489
76323994
51900302
50632758
69596400
18490696
52043447
40072895
35386238
83863187
9285340
86849647
12811032
30646411
91408502
16110096
78562013
67758085
19312845
66700501
85739627
2568137
7454390
34774458
48360438
73385717
26845928
81052079
81554858
28271288
91895970
83192540
12343558
79086833
45831190
67830947
44998246
8041099
73280321
56605991
2785325
68171771
12821941
25204619
41556524
57535353
9398455
86938246
32065374
36998471
64813529
43053956
32508230
77277776
45309551
30971307
86701819
54740979
39250694
