85022156
37155784
15606417
76994405
67735437
9062585
85190378
1575079
36342656
39830020
77105707
61128481
59982556
14418103
79406995
30466868
63430251
596516
89659462
81914586
80199352
64591621
63196165
41844852
6804373
3774764
64115865
84508695
45330073
38128920
47830737
7179475
30273234
17580080
27004577
85329718
10308046
77332722
61978606
92839138
74725543
44503252
4733709
77329048
8067784
12329284
67568618
51713275
46109529
39041531
72501292
77077084
58402088
39937102
29084211
67623100
31834791
91745396
87704253
9882535
53371041
86051949
66131674
5765828
24699621
46399481
49576210
80525864
75620559
69698947
28501902
8174180
38142343
7620500
2269889
9665561
33564578
38876119
55776199
90523322
87940344
6471341
34017248
88520436
27103518
50239950
31590283
46262231
3780869
34808500
25730045
67132509
81847129
4768949
88405772
48562201
25553339
17577065
24350668
90690579
66779250
83274852
54726339
2855068
76046011
16693390
28853135
57443137
12618504
13131008
29396096
28606946
9476460
35335290
42375888
60350098
77674997
90358108
24084998
90822118
2174415
13546393
27468215
10668756
92374757
83087577
66736700
59032114
29698154
41645704
45790918
90089767
78839529
14436714
86371080
59508070
81425146
69928086
68174632
83767603
42964909
91179894
56323770
25774204
17113957
38104712
46197999
39156298
87518056
14734229
16529628
53848208
14297498
22051720
55417678
49481470
29180127
39798869
9889334
48810831
37677798
32129784
87952447
87750775
48738963
29207876
41724363
16208761
83911170
18393229
9229011
87530414
28886734
41643180
2131906
84112102
65104779
18184048
30739840
32261071
39301781
76094885
80819661
76865013
63320227
45565580
78135995
67817993
51144225
53474017
34743716
72538572
43242279
7730436
81998827
6804359
21152759
47814709
58156933
72434392
35329692
42783375
33624678
26590563
80476471
64755625
68668463
77378568
44258611
47068556
15794931
69566695
77339811
73180695
82584783
71835433
13075832
57938107
80130713
90604618
87310682
11073885
71489161
33220547
4246604
2268330
866313
72073351
25909023
11483733
84937717
15460720
76175045
76531903
59430130
2182142
9781552
6080785
18477486
61587973
41151684
44004302
56109749
84499672
41263640
20902517
71666962
75001406
4473610
36443127
23968139
54197853
27870623
77837404
60475233
59824781
14715429
76318226
57079162
23572358
29589480
59703328
56049482
41724369
71274763
63936022
8159084
36412961
11221824
7153389
27130438
29990816
37949353
43221580
22506259
86290877
46729426
29265184
13911083
53699165
58719826
33360984
84526308
33464825
59162820
47982988
34158331
12609342
1348845
3027949
69957159
12368921
58510190
18693079
50642273
38676260
33563208
71769533
8796644
18214739
24678543
16561211
84790103
73335427
18326263
53778179
35941686
55400381
32433209
37014398
34176088
30712757
19179041
71009866
43992399
4113140
69164275
42815253
66880751
61914130
74912743
62511862
53889234
78348026
14865745
40973604
53974503
31174854
75656309
81669812
24488594
3285178
10729311
14802364
9257585
86435139
19573104
60386531
18444269
71591268
91445436
11436008
35451168
19236878
74944431
17002390
18080482
19731635
30901899
2923357
43587921
89607622
10309165
48744754
23499588
69289782
66116914
17542192
1422416
15881407
462801
70022129
19594934
40399253
83660259
5271015
21160893
38118851
29838800
25161491
69570459
28282112
77689092
27025743
23966543
80940476
12522062
70442921
21166639
48340630
70706930
49253539
43598949
76021290
69368691
84849115
70388193
52877085
21017791
3588272
74057226
76685874
37035583
30418098
70678447
13605802
37039393
5125361
86555271
2199477
906332
18895340
67239206
46019955
89922337
