3179464
91172970
85691976
30071015
68841279
13095688
36519732
3249140
1002241
8975145
60643607
87604688
17033090
34055240
37263555
84543084
80055134
24570017
18793094
49762284
81299799
93018564
1286406
57112622
58885357
17121299
92463554
65167688
41175426
14501145
71560268
15715793
1774095
65299290
427618
85205254
83514744
68763482
41262330
43153414
92719297
38128011
33158792
61778310
32278030
18976727
64729632
61512388
48065098
3456303
8186060
87796845
89680217
16782671
43196448
80042014
89240507
53372631
34823225
35262369
58316149
86012813
29804452
91511461
2776017
89437886
32070402
24267491
84454554
53487388
18299422
19202337
26150984
47649602
20797261
28312426
4606682
545919
43360439
86633572
8099867
54501032
8092104
32747589
134694
35656263
37413620
12498512
37621349
51204117
85448653
44017870
59303131
46603961
13592152
48951005
67089981
81647835
67527092
89145975
72310804
67714771
4222096
60687443
15562046
81000959
65316020
84435601
17884327
12760904
84803203
17263377
23181723
37962284
15667427
54584854
21991106
78898871
18667014
66682610
60784880
75482106
19954140
7557205
63598516
47315341
90186406
7957337
72961028
90723029
72824833
10073497
9697937
88391213
27674533
10724725
57998055
92463551
66896061
18041640
6008281
24469166
71393456
67718465
42214238
33969316
59542993
76431075
62267572
71386680
91232081
32722430
67043845
32722211
48240287
749249
10695165
25970244
5997746
72519102
13889336
80498014
79105931
19294779
38994408
21968358
92356198
15199890
86560691
83370816
59000152
73845427
45521209
42512203
16730316
85025277
6935928
33592961
52086792
57841984
70006502
71674016
92547202
15506108
71184222
36050839
64053570
65948183
91567534
37738316
67792217
34724405
16416875
79806235
69111722
46876562
4092097
50913700
72773948
87224891
33570008
243675
2703080
87905602
62546147
53795807
8426736
28245911
59035351
58688807
59400082
90973237
66656458
32269760
67157847
65611120
22732499
72256043
67026638
89998660
89546390
