90624990
82092681
50412677
51663413
9464016
41837052
46422517
37074305
50576029
87550750
75635469
47243130
90349694
37019898
7135768
74830138
66716129
23084758
13613091
50820280
42800999
50155960
47969319
77364800
79304117
62600073
36129130
15238492
87420727
35139948
21136419
64348127
29941128
56878783
87585675
38898726
12047635
63674616
69485700
57640699
43768694
92601334
17748886
50801441
4379128
92149925
81757246
10396897
26885672
68623899
67122707
24512136
21465146
58438376
49347092
87269398
52482197
39554435
31536006
6259332
39995650
11905109
7699399
66288137
37920581
27220826
15011093
54831729
37238715
67500684
26261031
12978354
85864728
1469986
90161561
58694460
55714980
29782117
10802646
38333350
13059029
65699420
18203078
43056184
68517838
23505754
69341332
83165766
65579121
71099464
43789744
93364278
45326583
15682215
86453731
1755952
67320193
19026822
75923577
50803292
30272654
112583
48240561
4341100
86075679
10442654
10161264
85754589
1072363
78894460
46503229
55401200
35557378
5554896
22349348
83916702
84188358
3996081
33022978
16540716
83730494
54422788
221203
55604091
32439657
93293033
67126207
54818542
93132490
58585704
27560796
3114874
9234427
19289680
47169927
79403597
93365325
