6412969
11223800
86146863
7904573
16931791
23926967
13910510
89235471
13407835
3821236
12319902
24791931
7732346
29650354
68687726
36968166
33067379
17045429
8273138
2852311
847154
45270728
34435904
15701490
67337793
14434596
73787927
70378142
17515331
31067882
36496643
74275488
92673779
66908133
159834
56519864
59819689
29882409
77290354
69902205
57932690
23559377
27184837
34797642
87198996
36696566
92417233
80173897
4329491
33139655
11092667
10241842
48462701
13774728
135368
77076197
81156508
13538962
93612838
36780108
18698591
4284932
86713299
12604815
11927880
85267282
92205455
28730511
10269885
92851706
31987968
17592406
48794445
60520526
45553644
90211018
73266965
67708106
19731609
63602285
53906487
43697605
53670914
34325184
44566466
4166661
93439707
54041560
79250600
77274114
44326856
62544098
71408386
54353834
12387798
31606024
65802566
5595783
89806292
70788953
63421636
47171573
65362321
8006890
2599337
18037149
46144037
58606251
48015808
69454953
52207237
28455516
55163988
74655573
81523155
45446057
75837375
76517933
68997424
9096095
85750669
84182803
28840593
52542764
37809229
37161760
85033539
28291498
30498836
72915669
45030074
83263964
62142120
80649764
88534160
74368501
81598240
72802557
16297046
20472292
56107697
19138328
36241440
65911140
9252617
6111151
22925433
89672602
76573462
89654395
81875483
79952862
44903109
83967105
54636373
17625797
19943650
89493453
15233559
58333210
30351637
76238625
89411400
11067921
53637297
35953974
67322831
71019616
87909267
24929030
7786866
22224882
44300384
88744801
54753038
19660625
29661137
35407198
39525440
69618129
11786723
40356185
23592569
89344154
2638755
64098865
51823374
48101615
48101618
79281336
15128735
71629742
87627598
2997150
90713348
31510144
36972560
76705069
14735106
9695921
69889271
24055320
69553440
5941647
50483707
83908482
85204249
3126514
87798225
75405882
91672165
21719633
47536296
32781261
77897938
85956932
63595890
49712174
29972154
29703355
73577976
84249450
15696693
69055211
92175872
18575240
30144750
93912055
67474508
74653954
42940309
70217119
20760388
12108184
33029084
94086782
48735006
85099998
80484246
22563547
29840795
4001814
46916181
57902956
47176225
58384462
90700093
11191199
84840796
25601349
11143370
92965720
42566195
55561523
68114710
77594140
47690933
47167687
83412234
93485312
35120322
45825766
14817434
53543869
48456763
39891160
39708912
38559958
92988011
19332475
90986184
46559102
33143577
72405953
63032460
44855818
1589261
66750844
5895212
18246355
7921142
53764697
58922422
75630831
20841465
69387444
67991154
58567647
92833847
40158501
77978884
67350155
16420103
44438879
4085890
86992853
45608572
52949923
30220365
70297571
26395940
28780639
22357288
71862982
341490
60929896
42146953
34390830
35022020
27692849
79617133
47788239
47122374
51636219
58230015
72187535
27993245
24844081
39567461
1019654
75854840
82596177
32889136
20238420
40167800
17327813
6530141
82154556
72719036
27542606
92440067
1707564
32059634
34409203
4435678
15755588
8458800
3811894
36955468
73685776
57669961
83738516
75185464
32443473
32600203
2357990
26432527
91739609
29662828
85542860
9198381
53656361
56705999
43199581
5231155
94038473
85290149
59763127
1982147
25999071
49071661
20845406
17516902
86188509
87957045
20491100
73470190
45491458
68828572
40564292
30412004
26190190
3910503
59190540
24094678
41342550
48284546
35967521
1126084
54728812
35390105
80813408
13751220
47075375
66997861
7414065
47802512
20410805
6818856
54960871
38196535
68303188
29098643
74164355
51722238
9289832
18147022
37654080
87744927
81122966
91083387
82088775
86933774
75003410
81039661
33790102
57248945
59039036
26504795
74496754
15712879
41811592
21715394
68907443
5240205
6152638
12504790
82090402
28774134
44661962
87959527
93557113
24503591
75930950
76818785
73931987
10246907
57977300
8023791
44835167
8462008
82301955
48118833
28514439
37709444
46316686
77077742
77231144
47849650
21189166
93349213
4197267
30865286
54353837
32946557
78641841
86563673
56551492
71834928
7440330
40427275
19764059
40820744
20095812
83063964
4014325
35267984
26208464
3295670
13296209
6418827
74771240
20079618
46973347
88948477
76054659
4909928
57511072
10300675
31706781
1498437
77252796
45404479
75522036
64465521
92420997
83696003
33018493
86813755
92737662
34449784
10020382
78241803
37367197
36124642
29757994
56014299
891080
70506655
2401462
11786282
9927349
71478739
47577810
33305386
32889138
17992774
14538362
35518086
36794946
70714066
85690263
26590270
69399411
24892802
47166109
22554143
94415100
48332502
45392083
6392955
87007593
94551000
79202850
82460843
65497648
70754206
72626387
33423412
16440051
28859352
74800067
1967375
29280379
23156576
20688618
46398216
45543671
93879886
66790618
36301070
61064906
32125058
90263252
12343798
46326122
54002577
84317974
79230558
78418146
21876397
40951505
65207374
94465375
21640265
86653353
90325273
61514578
82555827
52847237
70130747
23816314
57961165
4352590
38416488
41397162
31595386
68539915
57381567
55590575
21974147
27937634
45200183
59146859
94544532
55828093
56240726
68179830
74220628
49268796
37573383
738024
82765209
84437101
53689730
5320666
29666708
71493701
2074132
92117859
29661128
72968305
43168233
30259163
55448952
261029
44151615
68244204
78632541
52136460
25874618
7718997
74839903
72113254
72113257
81328805
92105428
87519996
43279726
86493220
46207701
83806422
