36029553
8883309
93623322
28859007
62452408
84836228
88374798
14771625
13521586
66066165
36707098
34317754
9546523
1548383
66314929
65406324
92414375
2646137
41900643
69371921
55472381
25649460
81762334
7534293
6724971
50929904
79816452
14998479
81381095
28759796
8347718
89010928
73408648
10890034
47144048
36811956
32916281
59954354
11485701
1982984
18479107
3185165
88730205
9107160
11287000
64764748
93509533
24313240
18804244
90868273
43418005
10574567
4142259
33426178
69164665
41655297
26492524
61468747
79186436
58096058
13085041
45951703
42971238
89666684
7307314
64560079
67530238
43104957
13611882
41780451
76911728
92517931
50236085
12689740
11556976
7567358
47876993
5366035
38670247
45308562
46451077
29846033
467931
16393327
91449007
80575033
54282991
48695908
25143138
86158497
72346690
15269994
36069174
49185635
82919765
52098965
84554706
22341006
70995495
15974629
32454052
77658919
64906816
94242430
43524396
77193546
90820896
54371780
87673978
