9582940
6981173
69978261
92090166
13181998
10917806
38445852
67280188
44942192
61433440
58741555
88955309
31619391
6787973
36191007
49856128
9349739
91565070
72697551
14800528
79046739
45482816
21489951
19414431
49629329
87040454
79034388
48081601
90063347
42501210
17390801
59768528
93094345
83500923
74485799
18105997
45391014
76364683
40123896
46184788
93526415
78331682
53794183
3633550
25654948
89805885
26947709
85636301
15779833
2748183
84249505
85485620
37303996
75101586
84873043
4472146
41184685
72429504
37573429
35078477
75940804
7088243
57192177
36497418
42852800
9838473
24801626
68210978
4175736
6373350
79267847
5466381
86083327
24839564
23720198
29422887
26577860
24470184
25810058
59063912
14988695
31121990
63441679
9815002
62549802
82352396
7010168
44267654
791244
71611549
94191288
41063915
69432796
41295205
68619174
50611034
7925319
36809088
50640521
74661732
19238185
23418939
42598886
74897781
35131785
15525201
87650522
54318471
52238799
76168075
24490782
40500123
40989608
56079641
83619860
56381621
34591841
15471601
9907082
35436119
86978445
76762344
19918335
77495347
44834622
37375992
42050324
25574926
88135235
54661117
62356112
566150
81634121
14104363
13384683
64430254
34031236
83734718
6570693
3296835
49836982
78707781
84418908
15862918
60496924
51970822
93685006
24629602
11405656
79610634
58246876
83818425
82194279
38313252
11003561
18358206
7370002
14760575
11668578
19203538
89578437
39705809
77219293
94452938
22982417
84101786
16900435
4762139
16129210
8148467
41998255
60976742
35176516
75038271
16624026
55132964
40503897
10151871
57558730
7123003
15237770
34777098
78764758
23798152
89161370
68255889
17652300
77762393
71739880
41217548
35490578
64825927
35051142
83946647
993665
45310903
85136969
14557820
63984397
13740021
47609392
73786439
84417420
20411547
87007067
56207336
76508049
42373384
12259090
7009288
88935787
69956696
67157521
1074876
38719653
47824390
83923581
84732432
48705651
87659301
73580411
86032638
49046231
53825039
64057668
29586620
75738678
80281416
6852268
79689858
93458906
21494734
45593129
65050850
65026678
38207286
19529381
37094960
30686492
10394585
90176388
20195267
66215780
74142095
54237049
12060305
52533371
90358051
92230325
6817282
8988799
54750645
73141722
27747023
5496155
80566187
44013500
65224394
58579947
5409262
41591060
77613579
84801553
39355824
62713922
5490534
76020763
68142986
26382799
78426343
92113369
13753688
15095363
5216633
87474971
70902259
79573241
67881500
67993029
48817840
44343841
92238516
68611392
78378343
71252345
37143037
34047153
37927775
2676002
54374550
73874848
6465818
92643949
79566781
43676514
74721396
87536161
10333750
64359674
20127669
77637261
86071298
6983849
66535496
66535497
5899908
33729285
45995590
6499617
51423030
30891826
64124267
14146645
92311373
62739984
35210823
54170402
63329330
46520237
88624281
40324240
8349201
43784579
85266444
22095652
5944133
7685023
77611593
25676960
31060945
23062571
33984428
48601025
57297915
80233347
65540433
14198983
40101509
65660456
69279157
25037902
28923636
88779952
35048024
53618405
37730669
15880319
39618722
41642970
45269368
74022360
86910979
37717127
87070605
58445837
83984289
92577323
37410331
39770820
64650843
16812620
15260448
32140723
10045234
64414083
77153422
56393068
74164938
13570639
46661183
28689989
52801414
71491855
30216051
84443271
69339085
57657409
91943909
8306480
11061152
28140217
59581357
76390274
82353145
8336178
41134508
53597071
31817999
12430249
82920168
60706768
71214150
29348840
71469495
81461878
16466057
70966140
17473588
71072931
15996425
48595559
642970
51220048
53827294
11076586
32589208
22399186
70169439
14648449
36065167
36601446
25348832
93596197
77046707
71044286
37347041
61991931
46016276
68151096
28446031
66152158
82658102
42275028
51212303
57193168
31027512
1642425
58965335
21503431
14228608
29281195
48328679
28659050
47627551
6286506
20208211
56066242
6053256
5678276
56664688
92781296
92162909
85014718
27053222
16112703
55921847
32475281
50399913
14870879
64997138
53625153
12621318
65624920
19207183
13855077
4455743
79036597
71474021
59715130
85472070
45255386
75536422
280631
80172162
19364470
16660988
39119725
68732545
20266849
55294969
15577435
3784892
10166063
27963954
64839370
91836101
93072600
68727188
93667212
42054835
15592944
65970059
1731949
94099130
57036480
86254984
89106616
22406503
92107804
72253250
51705675
8625002
62784229
55026604
34930224
58159399
14150924
79511582
69524328
68390850
38152726
74455372
61022398
15812865
88617280
39638570
8973137
64166979
26492366
8202526
6309991
70635220
71739042
68531926
18332034
38935927
71902810
8444232
47873710
24267401
65121917
51423923
32378438
10959777
50388897
57507101
42331341
29174512
45743448
1065460
65944050
20745988
44981415
80498806
46754154
21540686
69705924
91613969
91032667
18398546
57260581
5822199
45667296
76773771
41536132
8531713
67448839
92602596
9741941
13137900
79750432
56958952
68550363
79234828
64996692
49728857
58357213
34781309
37733744
32755883
56802941
16023143
28154488
44764918
2491121
74634384
34854635
76355223
7792991
27253337
70499839
38583109
2041902
92562637
37910318
65022688
5926241
40419455
80722845
38664349
48111056
38534696
48979992
23549412
63122313
19917927
25840085
45517242
49613972
92776858
17655599
36098883
54115171
53138806
69077850
27990154
91984947
51863992
41335449
53737300
23933868
44229077
51681174
15336782
39284833
58096942
50719432
73741374
11131018
88078172
90175106
61503992
58646995
66275278
87878627
11694112
41987750
777320
70279155
69820200
37861884
59167570
16934878
15652054
71204023
22693127
52472673
54482312
26061343
38603454
69821370
73009756
49547092
19319494
59080961
84529038
82290685
47634581
49739860
78086343
80043325
77111632
3435355
69570774
36375663
25286608
80327476
162280
37598745
16241738
16662865
76116866
28067036
36568791
27841974
64125365
78852686
69037651
80363016
83313610
65836612
57112016
68379881
89011804
56972077
65971490
18873892
30091703
52955055
61374540
83214488
74437670
3149532
81104134
16634870
8834547
57601334
34421491
92434042
29533272
85878215
83579551
30541226
50367308
78717807
24156396
69982505
7843905
32436852
83859818
23883183
49038250
36615531
25484656
5626656
73269453
62651980
39680494
72416284
18947707
34957262
41711605
94305388
7566443
24874136
72671195
12203101
74588822
44837746
68421711
92681664
64390704
49712239
64664277
44783961
91707748
88806139
57201136
60024320
65119194
43205522
88230537
55748559
33991094
63905464
87671267
62456819
80269179
15341777
31912961
33350200
62280345
21752564
12285097
80489552
65210105
1329216
2196950
77981108
1450746
45792015
76335191
793054
79113124
31847359
47289217
69891755
2673022
11018070
74339711
9368257
80847795
41203132
8852810
12825785
9586660
38624772
10754915
46604715
15262797
3164227
87686962
62854757
15660223
45037686
33296211
56575866
89086437
17559599
88078768
59615230
94567799
16322798
35935965
36685660
68210586
79494112
93826881
81104440
81255564
65648554
73032070
47066029
89640071
91715026
86182447
83736885
14994309
85533654
35594963
9301089
13756941
76342652
79116291
66217857
82071962
56920839
8024180
86748636
27330420
837666
70557187
68611904
86261370
2961480
75102078
59344505
25782339
9445016
62480259
59566461
61834400
88445925
30477875
58830452
89222575
22803387
9486904
55706368
2010125
5144259
30818568
13838981
42496122
92852682
52709240
85193612
33445923
17421318
19608490
75455789
80616800
66910689
6614669
25352137
27871560
24968833
61425743
38797468
93128513
66626823
8214693
79421349
43942889
74535897
25390429
12794675
33121830
51804425
39676479
15151033
75132328
87227122
81026617
20728945
33668244
82899502
27822584
81504609
62348070
71895266
47517106
9136181
7879420
59728709
68934660
62271208
84903572
14091789
79914711
69179559
36639399
40276412
55211169
48100997
67589241
94304822
42076340
59316428
37911260
33027908
90974451
44008985
5703721
27065545
13747814
93377264
27750913
68724318
11601075
72350663
47674667
78618837
87227818
70731016
86252624
8189264
72837222
61636540
21257172
58001329
93160260
35709474
50157440
27548361
88260597
64743624
55497496
23047506
59458322
66269619
26455110
70912988
70120807
73450681
9082783
48502496
51809176
11705144
16770662
51625737
46076780
54844945
65976676
83045015
29799106
35166151
8472241
15666668
64398913
69133933
67377328
11954592
57435559
39875470
21889918
7449149
57697730
21417740
88680602
94357228
78135025
90100763
17894924
58215912
64296312
53306679
24850665
55326324
91994648
46347682
5993847
47350103
19421875
31980747
69554664
30723408
79099707
78714212
33243482
80993144
31783201
10592793
56845763
82731017
57058183
71436483
225385
88197435
65790915
78016596
51124666
16251315
8877571
73137637
37516864
77762375
85551259
76589059
23052019
86165668
73726074
39652223
36674441
84358229
30864918
89558216
79873452
22829358
69141383
19152413
27811582
4229877
28023280
49916478
24123475
48633486
44324674
93285971
89085747
23047853
63700939
83830821
18956509
56062078
72502023
12240817
38633740
89697514
84205299
69146505
74575513
29295080
31069584
31712159
44112396
29618034
31932903
92174692
15874435
7588842
57686724
38450189
20757255
48574209
64809994
42875480
10549145
10722021
3723837
75473404
83577691
16780171
6155901
57343212
31905252
44155240
81422254
58688693
21958079
60189025
11440545
92985359
10371885
51494869
52707236
71794536
79603315
2931943
37344371
37465399
776136
31196390
63258702
76296245
12754138
37431112
42697998
93889853
55501889
57795590
81481921
64492474
36373117
40483941
3769628
7765612
14058792
14544399
13720775
51021827
48114641
46368049
59381971
8021423
18862478
46756871
12041689
61855516
30273757
93348662
7844021
24178660
15834917
43533995
61247839
47603725
6997754
11559389
94257074
10795114
6663081
55867547
82994686
87121275
42280539
36217133
14073747
26244318
15062956
44918330
89340031
84982245
33241034
22365850
44185169
88510973
75226564
66849793
46072082
47857397
74028120
71886433
6777341
28194156
30752870
81157117
94310584
88685573
51559327
62058783
41336852
46894639
26947782
15948520
34717702
83419577
1911514
2613953
52545497
36687885
37024125
62115708
48449232
78891103
43779715
32936408
1590779
51778308
50208060
2925105
86441111
10092781
81297319
453285
67074507
33214770
54410902
64788517
38641110
20966735
68175991
85912641
80012190
23177750
2270244
29072774
7312415
16485433
42595428
35667639
23592579
1339816
1624942
81447015
69560079
78662366
61789595
27991632
48903869
11235834
62436680
16072303
56818113
2296570
9330248
30321952
54445262
8037330
64821260
78561080
26737209
23685938
93727021
28593094
82263220
20949064
73277355
50157029
88315841
71888602
6033274
94215456
81141087
7294616
57396429
107850
51010735
74738696
78836130
75837814
40385318
37038421
90215827
710601
7214253
21108364
42148416
52337066
75525268
58276268
81830917
16161268
71636450
56501532
25181112
40128187
45614919
81575516
55965428
74992413
11774809
7279978
6384175
70416800
79925667
54552594
79754597
58170439
91289065
86875033
43664537
32165382
27038166
72855177
27388033
74100702
89240437
82238695
94670116
24878983
2356328
24156563
65449892
27547578
21815495
59900358
49947023
79122443
20543797
33512948
15084820
31265940
13340486
49975835
50799555
59106291
29944744
33472996
50744093
93732140
83820150
58867756
93669909
34114921
26082118
80727893
90076942
53662638
31134179
15343040
31905375
12299098
51328825
75188873
66652060
31832608
70277814
31030990
15153823
87552480
61500438
35132867
17534169
35602579
60628822
86560900
55376499
8710258
57533776
29675074
4554540
71097025
56797628
93156665
27161281
759882
20835476
78994100
84059318
37990557
52242235
70187135
35332129
92169465
74702770
32731672
47200278
5494044
37148167
40265561
33959719
51879432
19620372
3843890
60349029
37756730
33414051
59693625
53274507
80655318
85890173
67235322
57071127
18279350
71716486
15210995
320023
951686
38641974
44154391
72002885
76538953
46593941
2479180
87209562
79097757
3927805
60713639
13794156
52754164
80747419
44210961
51364751
78521795
26440728
62259813
9943707
93469788
41011515
81702881
36941957
79573691
12534809
63148087
78507132
56604154
62058784
71135400
93553801
38589836
79353135
21901135
79302267
14797568
28721571
8321936
26024991
49119878
6935878
14071415
90566891
30238452
19040127
50533251
46528549
22137297
58424647
39239806
58662155
63389892
18290932
80964284
27364344
37634724
88277343
73483933
27573368
48805480
31038848
24485771
6041461
4924993
62656556
24636836
6691011
54182955
40817555
21910265
19309439
58191119
93716608
91136551
41061739
60763020
17889063
67508496
54741459
75315371
7273211
27868810
3240942
36364843
32223869
68727738
53542532
52918760
91980650
67794509
26395035
77125445
54587901
55928163
79990563
12496011
35931612
37835451
26094209
59325889
14936776
4016079
74904020
20046159
80980712
84785298
30186866
92849781
85122427
68993309
44810365
90906830
26479698
63371613
17404366
7642113
12084461
44407204
73521403
25326939
90440200
32957064
59251273
60982526
47970956
73789932
10858825
6391249
49010169
68967040
8715220
26631368
3549854
86844820
43711742
81049769
64774550
30967137
91774333
68047677
63882733
36251213
58520744
44864965
30168260
44033492
53101641
17056021
29243906
44782849
11128529
82658997
42620060
6499451
48439775
78206021
1216088
76889099
46384531
79885034
82122577
5525951
36075225
45600965
3234738
10413168
42616724
23236993
93944963
71051934
28597703
27170900
16811311
67131574
92442755
13760457
36595824
26040795
1332671
9848901
35357792
17510234
81253523
44909316
29806106
63517301
4769253
79362976
49117357
2843519
63303823
16817910
24141970
39923249
69646204
731681
5108767
37167583
11779840
44589476
62796732
668075
7577892
14737581
21637769
89571083
53111597
40888119
35760148
29654533
22103740
58172407
65149065
58824413
38846929
7248478
58174560
60128344
17478892
92457725
40111932
18015744
31572595
47444207
76010125
68384554
34246140
46837335
61582000
72118984
13768832
86772158
32650873
72381298
89299291
78123709
79933466
16504694
16117755
71201971
12149672
78069846
34104871
68143832
53471667
30002054
11381906
84071165
56032283
18885648
66532800
66760636
73197278
26095509
56735014
13210093
70371986
92086380
60212489
52159905
48963154
90893330
66774936
90831427
59349089
28455562
59917835
92867501
82954573
7986219
11724727
55171234
77018441
50438868
20176563
27591738
27711789
51505327
79733446
58793842
25663279
89354816
77855155
25977315
62733803
68961392
92315495
74565018
58661664
44229242
61573092
21989112
23923229
2290537
35258865
73292117
17537198
49396826
72424293
16254204
21402571
43968450
1391051
55763595
36251091
68807735
42401143
81831386
84623718
18126976
18359550
31001672
38947811
53399005
29195081
24332682
57201173
67881696
45691249
45240354
41684080
83841471
68215708
75784647
65221786
65285253
24733335
63712997
36788465
22445514
32488620
528883
54069681
69494162
88756084
41757455
23404581
14355983
29956461
40766363
40934449
52295109
62535393
71634405
45063791
14706914
5985457
50492650
80368423
92370804
3155665
55908931
85171906
90640751
10149282
83499248
92436800
2097843
71000523
67467719
21197286
60366025
52899286
80593256
46684509
94078275
4580012
14213512
36909287
59500637
46506289
23492058
9382957
36136528
88452519
19845346
32127384
84790395
76373515
51848125
57007464
54974609
18653767
85518324
45641017
56079936
15285198
88450410
38089149
27168758
40768526
81947838
33403708
69259865
19230225
18650836
640922
33369413
23417884
76656420
15868229
55885668
13401042
38572794
42307267
8805507
49367206
6331879
62367646
19109601
13642979
79213200
69263027
15964846
82924944
34239565
41457574
78159951
56881860
7517368
83963479
84318493
51597827
70710989
68216903
24990788
1865641
86747722
90804806
60632198
23503459
84524589
7814381
69059032
72730828
2699511
66805836
63232882
31631672
68323414
7994034
63061297
22962808
23138054
85758750
56464360
18069765
84790446
65476168
44421959
58438681
55325344
84066492
92550537
20429049
12522724
21727832
32561114
77200787
69686454
64928718
51770977
84633739
10302808
5085124
11559393
46496152
1238030
69189172
26865093
67139209
54487945
60514419
43345020
41042007
25255821
88973884
52049266
