67345529
55815706
29547459
50390826
49705563
40866327
68501892
10649100
8117645
16824025
5951449
67608714
59261410
57832198
56009177
79050100
41314936
15261351
5809517
14974260
70481162
68247743
43205260
51968099
26191086
75819598
7824231
55900058
14314222
26275045
20774597
10794770
16504476
81782128
8676730
85237457
39046793
2034276
39648120
19915440
78792960
13439415
65565108
46287401
2293770
78344517
58764538
80844807
3087585
56627214
11323245
53920520
6746696
38959182
20579275
37319832
19390338
57580648
3687819
22880379
64860931
85597123
35703065
85874086
39713770
36457516
91395293
25574446
62971158
54191685
30241331
62400852
7179666
36890979
81854331
37939394
229999
31254183
23296927
51968097
75765011
51313989
9203232
4153701
33834765
9573126
56741185
15945609
6799075
38533763
8123866
18202480
20161498
28005502
91717380
46855251
67856527
60890407
57919745
32546964
45478993
29477990
86490271
74309067
6108262
89581574
63753156
74453032
9251565
17315039
73292332
67230784
15952237
46825831
77424336
38032293
87212325
3876638
1227481
32229146
68556684
4526550
51086839
27965595
77751663
32894093
55085153
33855332
51107479
58938725
15812318
17025572
26886740
91898635
35053164
65715956
62131393
87773497
29639996
52641094
37908407
51675587
13337874
32524901
42298603
24420638
2162
33741320
24278650
58118471
18866085
46275313
6131751
33733856
73677829
63073241
74700887
6966705
1629365
91183347
20061671
89758623
92901610
88207160
55950283
27882193
5372242
21562284
28200524
70449909
15982068
8806401
70691959
57552785
24818194
36735171
69331620
89973265
39406550
29331659
29569601
17724515
1114082
52849260
86443357
43252936
59249378
69545481
6846993
11205002
28608856
486323
32218372
63152688
5771404
36991182
2078224
37346525
25767364
13930238
24550574
33223988
83377454
85479140
42482699
19092976
41717281
3766999
34282493
27661363
62659221
18028611
62993504
49283093
59981646
18506382
16538884
24276512
23928903
448318
58774595
12376454
26655673
2334400
86318797
81819845
77212842
19261174
17218618
30440381
13081515
7379512
66194865
89848953
65756205
5649556
50285641
24234519
34317666
58556297
26667405
16192087
31286526
35584606
72766531
24816713
72240988
18800694
31132845
33945051
30784537
52769570
19029101
21350764
79745439
19834653
37401158
66997650
47551126
60267355
29099289
31611890
1845570
16166404
74080017
34117698
66444889
39350684
78095699
64789638
21583202
11437702
81345281
65128444
43092419
6178933
42241969
85233522
35623792
12759649
76436374
7868491
13791046
71612949
84784728
41279575
17079334
61022408
57842937
61072176
59556283
3893792
51110587
79952545
36180467
37675763
89576006
62004831
74395048
82372385
58978477
47441390
21013475
27778654
10239569
32451061
85876528
28321465
89829410
84740922
85835410
74518473
71305533
2757982
53366632
32213258
24238210
87803490
34153268
53456518
55616771
45210788
31670693
639403
74622437
74944311
53563164
39170850
23413069
78430830
75700765
65724295
35817021
41120453
49146760
52171936
17197732
4145457
46954627
55362055
74652123
1134035
65045995
62342858
58358607
11106289
57857146
31416949
55739427
64900942
44255686
2528564
13190708
40121514
4526772
35684416
69522231
42404668
5704068
45369312
79591839
18639961
77109735
22386180
73771776
78046739
55373102
62428496
66103838
29836420
47211148
33773267
9438106
29237708
45999224
32621487
19671764
92059569
89666093
62592676
35333403
49956711
43812039
41703408
6619525
55508104
64301433
88365918
65085285
38972960
36842258
74680225
12179134
15557362
33606732
63786764
26302698
55325453
67538787
16387183
90350344
26385277
60114894
62515705
84065839
72580589
91270349
80706971
46357132
26203318
26584398
22757478
37743396
25859152
19512326
11416920
28385573
3661985
69932340
19986680
21837723
89619788
76946608
53759805
78083190
56956747
54598802
54945080
61835983
5953077
19437610
79651046
26902980
75918650
23557883
70277787
35712362
92148638
62796057
33180701
44321568
69844204
28501454
18458967
71924263
29594367
22918089
6433731
23084113
85981358
46773027
45457945
85620844
73469989
14901601
27865410
28347564
36731036
23183143
87761336
31967160
1569067
40455243
66607489
8904634
36500863
54942355
82917815
64199713
8213111
2147859
42334483
45741805
70463421
3504204
32089331
71622195
24355204
27849799
48546220
20771318
78747841
16791698
35332116
26811072
59198660
7542139
71893153
22922607
24688154
76818706
951774
70367311
50578701
70077951
53913557
77633292
7191492
6227717
66397927
13174247
70247311
49583682
14865454
81740572
51391826
66996293
40492823
71010470
58230397
39910001
60141271
20180727
92003869
1554114
88287400
18169411
14133376
15531153
41723446
12627401
57716001
41344878
54752817
1282439
89703591
18018631
72058398
70042974
91350841
8797690
25360037
4786892
38070407
5574108
81125426
21485392
23346568
89052962
15627853
10017110
28887648
52161583
44865670
80271230
55810438
48606301
42783121
25217733
345561
71716414
30920183
24680644
30912353
69985659
87411307
90954810
6551177
79614381
26655361
49650944
73021725
86048392
40251551
23337806
88119321
50609401
35000811
30762019
85725829
28445956
20238973
39278987
62626670
30427403
92249677
55975932
61754738
10282765
12624728
72046607
69707410
91746363
82202844
24211372
34917611
8292666
88491396
2157795
64799432
13748453
82200704
17446254
15557085
60296792
39271350
86669833
92090262
56931213
79174541
15965493
69479022
26047723
79090082
19429801
67320402
35749676
17359915
17381328
36123865
64659709
25608798
70867234
50118553
68464295
15388645
65813780
18728519
29201448
58026249
65241529
65241653
58371344
38219227
9329849
58264181
25782365
72091276
39336344
47090731
55380411
13395001
92423084
3032374
15018979
49149440
82352677
69615717
52671994
24720472
8425685
15373354
24966573
45555763
41446548
82608048
5938917
48325079
44219938
43035232
52723989
13299395
44086775
71939689
68781324
4074327
72503166
85719542
80929707
49091921
39274708
9565333
62717666
12847202
57638309
2745116
3970953
63275997
89627376
81611546
92115900
64915965
72324521
49131603
57754402
72966709
32779262
51646752
29638739
15530111
38047287
23518264
14005382
42462971
32234654
57768337
6885038
21511785
35880397
48718527
52320992
16644813
72611267
73425953
88595357
21597760
56230422
70472297
35734511
1471906
42897325
33513908
84770579
8716888
34095832
67681009
62037635
84341282
82987229
67083206
27305352
85332109
48850708
63974176
72187044
22010130
52260074
8950103
23464999
32352734
53233727
18351561
41213973
84965071
8839754
78091445
66293305
40580068
24560008
19559672
86237538
68706480
9531121
22217596
76774517
73130000
6362369
49263845
30904727
63027591
32968380
63234094
30449827
74225383
65912060
43131927
69890556
40839028
28621381
62263502
19923907
38193012
90049821
31963582
26961557
47767651
20069307
13020921
26216656
49880325
67807608
55886528
1815128
52880745
19531953
23442572
10372477
30332727
86144816
33581509
52904400
72819290
25927100
22062697
55099842
18448373
20620682
23505046
88186133
49672768
6367070
57436890
11145196
36572436
7387964
43571606
27056924
65183275
88312471
52760360
79731128
19145961
74582618
62062803
82321854
83864985
82945690
47551130
87780444
1048860
12021258
61674585
44562223
81390717
71924380
14742450
75974331
18497965
86805641
30904499
67028970
41491968
89043778
50101597
16385385
92177246
38685014
15606322
15981473
84111576
72935530
43356710
19874027
79760153
76922048
22262145
81082094
43711477
3098812
37883591
44026700
91926959
28372106
68139455
35062159
27270980
89935904
32907170
40459392
71886897
11280829
3689028
32453621
64139534
81254526
79993065
2878111
21123573
85851821
66652421
67507170
60895978
34217837
80663820
81440395
13886331
27269397
60483132
45661810
23149306
74619733
63363625
25095876
61531077
64381851
45883846
28622014
82049830
31062502
69393699
51409032
83171553
30632530
82387540
24792628
86869477
45703403
