50524374
21351318
87534198
65800397
17618162
82003648
11313143
43744494
18561803
61865595
50044091
5744315
16955384
45077362
16120360
48002706
23104155
14976299
80245469
24474133
63514943
91069674
67285751
7681810
80496708
10035651
40670009
78257017
69892980
50461315
60664075
26971147
89314623
50112956
1240727
62081302
50528057
36707153
5821592
37395693
72599481
3874863
28120767
41330140
10376512
85043212
87363288
29942248
65648734
69038327
47747076
3576217
86549812
18008376
55609432
13879531
56326440
13344573
30938175
43772934
29906011
2764629
14878462
89467908
86839581
80935711
23961357
21404538
67676734
44284242
84085948
91913821
43669421
18476783
74895176
40514292
76230289
22219534
6616524
64469537
16641820
54842528
67518969
25106333
5850330
94451946
89376204
81648143
27566124
17992365
15693580
36100730
84548103
4726649
87861306
26264075
60793132
94232569
19833356
54178605
59347441
78647344
40410290
32758691
561692
25573153
91637914
26455549
84320429
29468902
4618725
77100257
12472854
20361644
75581264
94371074
2178842
38689148
80993455
88275151
46338324
81350496
66894519
62465602
73978053
6397092
61677440
55039605
59016284
36557928
11941060
9160764
16854023
44749087
7033406
69576466
44470371
90728024
85364013
47160682
26858804
67434731
21748470
9283489
54784334
64904732
10477283
19155718
72479927
57447222
56774121
57801178
19976257
51170081
1259736
14274974
23567885
5227892
94066691
31416055
7061517
26168619
32593244
19950282
26855911
54752919
78739507
22249977
21897816
13262811
52872624
70409577
25277473
37267911
41984716
17196996
51761110
53957518
67771597
48307151
23793262
4489024
45118904
24754599
80016932
75551574
55691571
64220023
83755359
2766580
47236115
80699393
65555575
23798975
26455547
67563919
69878276
60538577
41176197
7123329
83382463
55727775
42950893
90841288
81470149
57819589
93846207
90596338
82372191
51538806
69148177
62218273
77175942
8094703
62247510
11499567
14353158
17380506
88712297
92416979
23838121
45790381
39263428
83417105
40175381
25078640
25278720
36711825
15946272
69460299
67180944
27653940
16657089
30192752
30903865
65423630
18078093
83868428
28098277
90056760
90391360
13376482
10364746
38006154
34489899
18398413
49751305
67365437
59640032
82613318
91847779
26480513
68773877
87711175
55357820
92006724
33394387
56314313
41796332
43037322
20081949
11515691
1266525
25770466
20287104
33745281
73230712
40567036
537988
87422001
65799919
14797175
26967606
11433561
77607578
78810471
22631648
31176168
81668361
3313889
8739043
45367137
84263054
12408717
85461715
75023951
8270929
8577130
42772799
21530724
19916592
35620217
87529582
16194288
26839242
58954459
3982148
5790464
79371503
3885789
65060185
39948298
62643029
69477489
17803803
17336272
71519729
53010789
56301105
25470752
89219308
33912507
23147990
14458481
10027066
79258106
34514319
36631117
82977653
33550363
85945118
71091250
10252687
14828239
14656177
50890590
41744120
30871856
79277733
82594071
12911081
83781386
86889222
10454709
22907773
87293240
28479503
83735482
83469177
68226509
41275322
74917885
15150202
53780794
50371795
28697369
9286725
88132671
62228592
11218404
37858949
57161030
61933974
92318388
61411411
64471516
27516299
14786836
28485612
34351097
26095804
24862112
89081477
35817878
46344513
58553401
17016022
8341599
70724588
42543403
46192566
46523695
40365866
48754373
61775400
84283733
83378286
32425203
83878782
44609160
68346732
51839556
16188900
74956132
33301423
659656
27853345
71591117
20997275
13833454
75157737
91683542
32734349
65541046
63369963
43795271
37179924
67921323
440272
9491979
33164092
88623756
57036623
10210634
64903503
76855444
41159666
136728
59786899
5540287
86685650
4586704
50894975
39645454
8793166
71366574
60331206
71048210
27952079
66676233
20350486
80276372
69873637
27692081
46382658
60001907
90519351
30112620
2398517
37829491
87175116
9092471
62598815
23264022
23016828
17432808
59809910
77107849
66806948
81930879
70055775
49338795
57015496
58749399
51929274
90678803
7274369
13988636
45701672
71242835
88799681
47198826
23915183
20905134
55237008
83110533
8012953
92821012
15892017
38268464
14471054
45258237
13434717
54477564
82394807
52035784
60083572
37569047
25156148
41119959
27088320
46506944
93895972
73324103
17873047
14889701
19405232
34787991
15547829
82031549
85042935
63084349
1310629
67912558
38802740
2604478
80639527
79028811
80071295
94620948
9048577
22822264
65248227
15018358
72792777
90940601
19106776
64222428
49413153
31029894
31063071
16853918
62313325
26045903
68466029
66746964
82114043
43465715
91855314
40530950
28432356
92379577
40121910
93496018
9631302
30610064
23296935
71099344
77549905
10458822
22916614
60113603
76828307
12336670
26796464
42482222
4196501
46870866
37605381
48777039
29947023
7939601
56676172
75510718
14314944
8917916
34350550
56395538
80966148
40135473
55226878
6189886
44592839
66477408
89411171
59509360
59893469
69890098
57457418
48715395
4333849
17562529
73950619
9623347
78786615
39635698
56668874
59137421
2913802
87845401
10385000
39605864
89909900
64877941
31539
27777512
36827509
14063655
20507404
42074630
41159668
60994766
70817475
66248266
50952679
47226426
64598418
12181163
69174429
5514855
62521545
20823002
10847538
25966288
47217610
63464323
44331546
8231298
42108003
76668228
26276346
55754512
91426300
39018827
41718700
36885806
59372575
83917325
93479206
38244936
51824753
10127607
43953104
102785
50503455
94457541
75971084
60223397
62379281
82896644
9028131
90277715
22619127
65321710
33468747
10882238
75315384
6975557
44115465
66673719
11648879
55877858
20401906
73901223
30356078
35966760
34570141
82812602
34785804
16526713
62568159
92755568
55622241
67930029
20445963
82798391
71643470
61015143
44243358
89005589
87375207
51899711
87911709
30865261
21012920
80483961
82468208
30916269
42471750
81543492
1275547
39078965
4298745
30452768
28851063
69454749
91846205
9419114
68767426
60579784
38937774
35811290
86088196
29381872
49689650
52352114
39572228
16574138
84537691
39783501
32642755
33634829
37464531
2037992
74935936
6657364
64898547
63213512
66085173
74261809
25133545
20023365
51567827
25880583
89618184
77381076
15904645
41657590
4924296
45813009
49117448
77551380
68669528
39130760
19649719
23674367
55754513
83010903
61879338
61193134
31284839
52623442
71554363
16379316
50024607
14514266
56348165
89241484
6204786
4987026
39187
6936848
80608974
