56943493
65851399
50861013
44809527
62843040
60790955
18623770
82759479
8805128
78095647
2409897
18070795
10162054
77811752
58007795
22505666
66823364
41336058
46921201
90160440
45541864
24593175
21344553
51463840
43677185
37880635
31170847
10676968
52461393
16677642
37006945
77647710
55348686
76260040
27246432
81293444
72505810
71142258
32102426
13106281
25964730
5424114
28639284
56282531
30295435
14230313
81583002
12253404
38277367
43382951
44526663
81705149
77642992
88645043
186209
73850880
61324744
3787535
43314270
60452600
79771062
15898506
76198486
42801692
56266475
18381303
39633058
82350887
91279939
50647394
11971050
39756528
28233412
66591527
80418202
20042837
90143534
63271659
80508632
14001493
89297900
89477475
45529067
53875724
15873948
24962036
63470047
36276266
19355801
22985370
44557720
52756948
29636033
9464058
27932940
2594393
2746423
87153841
89300328
62563129
81007516
3980277
48356708
82823527
28056492
47916595
15785230
71102260
67506194
21863161
88034823
5801824
22266802
67777699
7822227
18600916
30553834
7796711
14793209
9515946
2223402
12741755
70391958
59095388
72266852
82779794
39559140
36771126
7512864
71502156
55855316
27507195
50601672
26813273
90711121
60134101
10083371
91764635
82442579
70452632
1535139
91426420
9378516
7333615
86568925
87872459
11080309
6974062
40180975
91911130
70891235
51784847
10744948
8103627
31558617
39806460
13115244
12917684
11218454
73258462
67121311
91051085
66083969
47534320
37947352
396617
28232541
78232226
55159887
10749030
34504285
64551163
92141649
15544512
70967901
13085244
14787379
45529775
48721976
77449880
3954205
38236061
39627159
1668493
18429047
51492519
42806713
82580206
88209658
91408871
52756362
61179493
84607975
90157753
56633770
40710012
77588805
52180088
66982018
67908286
62975796
66268667
40613297
10800365
6583430
55259531
1914774
2471258
33997919
51463845
55197295
31113618
74834781
451261
49059833
55564886
44149590
28361310
92424937
