43725399
13503997
19909310
38618455
50435154
87642155
19679904
32572544
5191907
58801462
50707744
82663580
44183355
60138008
89358573
31708029
20252902
1031808
89774803
18773848
73745609
75702919
65071379
28770978
48286165
11515182
33728837
70464374
19595243
79037177
68673873
16048847
47581079
80403920
65362159
84404593
52155465
9613821
67088805
36782968
44852996
69911948
61912354
51522844
48163313
11882251
44488503
27084441
15211430
90374011
37554133
8842705
76341599
89294
75438626
3307673
25848574
42747118
86685546
3468709
63491781
10762040
47031805
15146947
35123728
86291775
68437545
40692494
30896122
82686513
15554392
52363286
34562493
54235419
5464938
72595246
44251851
51598808
39652235
17969710
51573849
20037972
64412830
23969301
67630764
26081105
78688262
13205761
30953011
34782811
39391515
50377708
7974841
51151205
30344043
36914620
53675545
53736449
1948976
69926559
74061100
62769801
58082943
92924472
20595967
87496035
64408217
82361361
57209255
60761979
