1023163
57812829
91379287
26639723
41528668
20917819
33303661
13773278
722732
67920686
6390878
10439658
1454128
68761628
56885097
19697671
9746146
57644679
92791068
31876262
81004026
37121717
37631589
91659072
68773454
85077196
80214414
63831965
85245330
88707187
36783471
77685255
156105
92703176
12804942
33806239
6720144
19183947
86778593
78453642
50853679
89549998
1886561
64984303
66332651
34528397
19166424
89562796
64713753
1646823
2066415
35101991
60993653
90050225
19535484
44825021
4367960
71800552
7937925
11030990
2578063
56702034
52899891
52569308
13228562
74713760
79093140
31194133
81690881
15427769
54088406
39066573
7824696
59814471
24689075
27958047
48030230
26844467
13259938
33882486
61229184
9248936
76096114
51144367
61089045
83511929
81469902
29850772
48630550
53602898
14645111
28183984
23215297
65640346
82502803
58051174
68199558
14467474
63392925
17185516
88163229
38689460
76256546
85709152
89220804
83031320
41760073
25338917
47092035
49377649
37751375
10580661
49436652
47768198
48001680
73050928
93035024
6407327
74755527
81836046
86425530
28719500
58308639
1432866
49591474
81098516
18050955
19525825
86746754
43567842
49337552
19838221
68216041
82864727
9456969
17260429
60031418
2928161
18882194
79565695
59040695
76488332
73116216
69031426
57327488
3065323
42382444
13873212
28869295
59996060
81389945
5478703
23706811
60633862
28736955
20452901
33638379
74030005
45601735
27396208
21113488
82381249
32847119
48842240
22523127
66944553
52176810
25739273
65047793
23062330
2690338
36157753
14764993
9397924
85891533
6036698
57642673
92709511
15208082
82189322
59998022
10550561
43380640
51494419
24423076
43870696
4329668
24257575
30044588
20487176
58343893
74724384
77833607
46589660
39738576
29716621
68237094
85360979
92964384
41144841
76674501
13125856
35016092
47002837
15211885
61960937
18614591
41383447
67971759
32462063
60528626
10931379
56145929
42439514
88741208
23843643
46757294
45386834
12260190
67896918
38386582
28832739
22576369
80599329
73441768
92936750
52676353
90017649
24586021
26003135
6481294
22733582
38524990
27252399
10988215
34689163
46545883
8701318
36792751
22940231
88890883
44015956
48680959
45545966
8026085
85997343
35111481
60312896
30609428
41630736
11255280
28062975
42393575
63500689
54053480
34343677
73502172
55994727
40906647
19023868
81383885
6107045
82949096
14671048
61833173
58237745
51121970
47008340
5742607
17537841
87634562
42279321
82194715
18028151
74721950
81738114
69554402
34417847
88029310
23566893
38443172
71632484
62713549
72293232
52528977
75759487
88405819
1571163
40040787
32185290
36773678
32909255
78081006
9419532
81308438
68877084
34411088
17566637
5222111
39823410
28164557
50956741
2795443
64788687
91058034
47953568
1319179
68605597
88176645
12011208
58771131
38031744
3887676
4681714
27782999
39969658
47151402
7710674
35549161
87941333
88282015
82045107
88620186
78724842
70848076
10321460
50203262
46745555
61777496
13442917
53979141
27267011
66753855
82486209
6512906
85991122
44209793
67565135
1093135
24449246
23962809
46028212
53384629
662037
91905481
22434992
81063595
32342338
29732933
65925456
65263933
58240490
81067232
44624245
28672696
28672697
31901877
48173342
16219583
31556294
48690175
2376780
780140
38260923
11860810
51198457
58726678
1706431
70676625
205706
52253773
17494737
62039185
22891872
14476461
33447972
85874876
79493441
3712359
13648746
35624512
89767395
49511292
27235200
19540028
33287187
65595271
57701603
29690456
19997661
23308685
66691624
1470158
7299821
45889
47227392
28531442
91755908
25778608
26848550
28816740
27671642
69505741
89092642
7659505
23335432
38641024
44283100
18018778
23228372
79867883
86886434
88009857
