19909508
71320913
68690187
71193432
59264177
83469397
28526261
83684485
5038541
39040483
46408952
46893974
73685443
86484572
84135107
84001956
28569792
17383243
27275499
53064802
67539721
30837397
23663815
88162804
56721198
74705940
10719714
18968249
23785069
68049922
45337967
74629847
93944220
90401805
36545003
43586967
79651442
30754353
78934943
36969637
45650805
13533906
7165480
86400339
44890372
93114303
81648853
93976975
62820526
28478925
7393959
27155300
38708211
74404740
53873598
87014123
55592896
42059982
65383490
86267367
18742400
27157409
87359921
17655018
7486047
79292488
56880874
10306913
40207038
37934077
26297822
22743208
32123224
3660099
7282763
34414862
81044069
41193344
48076489
81982047
41325886
50999566
1309500
79758398
17177818
63414015
70277065
29452021
27753161
4609728
91621728
45130794
71684970
46878475
79419599
10222835
70095866
71650547
48409853
76947904
29224545
6795277
22698129
85359211
