60538184
86088101
21709166
82349038
29409050
54234448
57819548
76306248
88393893
59299244
56859522
64553832
49011297
21178508
52760075
22006175
66018094
46989063
42928433
36929463
11188686
80914641
88522378
77530560
13659827
58370033
48512775
1104325
7954121
73229453
7862553
87681421
32097542
90855066
60457065
59539256
18676817
92370416
77805604
17265957
17265357
15441151
19054265
82146090
10576358
23065346
56702386
45572972
23941167
87890731
66912134
37241004
84573343
15809651
86822286
18193432
80326160
17394590
29387415
34044714
69707484
17503894
28037357
20636551
77303952
43669903
76399823
35192639
72268568
46659350
70114121
93526661
10438548
39171057
84224702
4593476
57029803
50869503
13153479
52565076
36753658
55761333
543033
43603799
19335623
20034743
72532456
91585503
23405765
36268771
22489717
55075773
76913629
26032298
31555725
72536968
30429728
78829596
64132438
35582417
77352872
86470258
58412092
63918055
18633415
74311753
8429609
32980547
19762916
77902052
42656033
47429670
64574679
565043
7318080
37628547
86134527
90701677
14337
81300330
3377591
62381556
10458303
6861289
78458111
25682073
68152247
24544606
81063900
63281862
92893194
49047861
42538924
84180660
643077
81925032
82796469
62942686
74434059
45715034
83579539
92525829
3885626
35625901
90488405
51469481
66493428
50470554
79325638
67317380
27608432
1605647
72996805
21265454
12685350
16610248
7342979
82611657
55495945
38281256
72992099
33260127
20246928
94323324
78648443
31843900
