81201709
80121185
66150424
12373193
15727275
80561482
77935340
56641664
17073308
56866809
33961796
57966125
52991322
73031038
8864829
46045616
79520639
8022543
47640750
5682720
64322222
52603103
54976861
51393627
57754879
76875026
56700524
55292977
52265094
11014868
55083692
79433626
7961548
82689966
27201217
25622073
70269420
69257471
24889875
47883266
84068570
51364243
22083914
58049168
35483319
69587992
17640599
57443846
11780120
92399263
63425766
28007464
57032749
91031923
52587854
36732202
57230832
63402020
30774261
88645395
42558373
71838530
8361429
22993686
8633556
37327490
75709376
41001372
52411956
56718346
70339356
74100647
22132794
9570648
13418611
30047175
77864503
66855287
60453874
69213825
44444888
10947382
88828643
62241212
3888360
33628253
40668106
57821297
39581203
51531750
34473088
35091936
53875922
78815757
75139681
69395733
84855232
82433155
57718621
23197124
10840244
50703751
32447873
11471503
82268354
596608
38091854
69584873
14288767
24310276
6814494
54308065
62074629
52058528
92551376
86994155
56832166
13389770
30629742
40056761
5878709
29892404
49010733
28620930
80252721
11646558
75937680
54411054
43744782
28750654
12005718
70026037
90314933
12932468
51384437
65385550
59302075
83306682
85336421
26554285
92843082
56376476
89260150
62464021
84550266
78274312
86907767
69247056
48900758
49868595
26349388
90850520
73221233
47825889
51009406
37343406
24000939
60101659
63734182
26376284
41768267
76923908
42216036
6844648
59233327
2295503
16671345
