6344786
26564676
69460059
77091951
79665849
2458224
42423504
19798158
22153414
44968159
48387486
2907084
85937273
6047738
37200329
47822619
22064367
11420867
18159056
32175356
60978275
63919663
43757651
48712621
40567517
82183714
14471746
72784263
72314557
76364789
48540230
29022142
61130286
4947616
24315360
20569691
54784997
48544922
18732673
53523619
37375007
60166691
25302899
38756977
49401717
58151860
49034444
7502743
46643352
9737652
75341638
23169901
5862248
72325882
30923834
76956665
48564886
41451098
51127185
74161995
81157345
17917383
7645599
13943725
73509924
60870620
91558855
54085054
8026782
71256312
29507786
3196754
65852007
20646566
81258056
85631323
9500608
62494571
43857498
23680808
10040249
4817383
64626542
20991399
67681251
28606197
19731434
34705239
10375257
43801747
10548818
71080349
18328685
24096903
32248960
67499468
81136369
59789118
32903531
912983
55704328
54584500
88234600
11617970
23275888
50303594
64255851
8506792
31847126
1000141
29637880
11941897
53212643
7628187
62133184
83390775
7300144
64848866
62043096
4892130
55289894
49825603
33150835
56623501
92857829
36879744
81719422
3907194
4311462
18354543
51809620
41448609
84254863
89898845
57139434
27809202
81943437
11480801
86782685
72132462
19301151
17989275
23390288
23346795
20619606
14460419
91694825
64026515
4969749
61660420
63241981
805671
37654641
72441835
3446702
12857003
73636760
19219791
33524974
34344418
48986067
8521603
552203
37116104
17155158
59195889
24151442
85152764
47331261
18493039
27197278
12151297
79019455
65697145
70011307
33249413
29003300
80708472
669319
43757648
90519370
88084560
53983213
77623403
36880738
3260392
1556283
58642987
91945968
14961746
31476275
39158898
85784990
62672632
31497466
91380674
52626864
6774200
29476919
82017156
66456262
6303941
91788499
29244420
13971630
21050427
71416494
78994995
74342616
25101415
8395467
81738613
92418339
42131350
82394828
22293460
46049835
5651934
8996447
31375337
7781457
54040482
21304288
73559910
6961867
24150586
25078034
36145633
24848859
27267347
66212084
29817847
43148171
4549880
6466442
27264610
35959214
11322071
61614964
16451420
8327134
92036251
57225234
8458583
35594822
81170379
59876610
