64730572
45317318
35021544
12606013
58753095
71860968
26959988
64813450
23412714
15055681
14137598
39910259
87397461
92811182
63970941
66274983
25859728
64437559
24764775
75610427
27334775
15420134
67141965
82664264
46117201
59374080
89657670
75495137
59647383
21462546
9025519
4590160
32406275
10133378
30346603
89457266
88780208
72996086
57321259
45292623
11903061
8135624
35419722
14218395
54905885
78698178
43519247
50292988
10195692
73224997
62535266
54929702
80836527
28326801
80906240
90149128
39789132
29912508
44879909
51545383
24266189
13103018
41586658
71492363
50832276
35888589
64662701
75009912
37918429
40947419
58693332
32907138
86852852
18043312
13708527
17783130
1867378
69058782
92710808
14683858
63054069
63430928
5250881
6095388
58131952
44284249
35449180
78945285
58324160
68106032
57743243
10870919
75103332
17190547
76709977
83329137
52546727
75373397
90097217
41276501
19790064
94505464
89873027
36896001
74185766
76936982
46194268
87044262
85537338
93820548
71549627
61155489
56770223
87031711
26846839
89918971
58537762
17536893
60880911
39923693
54994462
12419268
88888265
29296996
56448372
74028321
7486052
93626901
73680618
30175738
73988980
44720985
8396898
72623543
13315044
53141412
83494995
29508301
58420902
7537555
71320476
53528879
4527396
60714958
8279869
44899526
77936075
59349008
65291923
71250748
16356120
39567420
37243093
78193872
41941746
79135918
58855921
44609626
2255162
2409386
34961649
6341064
94411508
54905578
61749237
1805353
88828289
78041753
75596145
37494733
37494735
81075497
