5798222
80549148
53616727
89751055
19354993
23193949
91405816
10789105
10594599
37886992
37339895
61985034
30686348
725017
10582316
57327993
31741843
92260349
58688691
34550185
43642783
92958608
25916980
52744197
40864050
59665708
11810228
40970410
6597336
17996128
10131843
1359484
11706336
7231445
38264211
78535775
57813964
21932785
8256005
56029886
39631753
85968554
69252558
90570097
85067257
10034935
82023022
58860431
41641129
92614796
41811430
36910898
32177150
32563680
63924557
86065303
59262488
80192704
51163056
47676432
50312539
54302702
6926660
2205757
50436806
35137275
