71371381
69338128
62275915
17845765
56736163
82379255
12076266
60017682
90552191
39255799
27247175
79853245
85883290
17394879
4840983
22392531
6369297
61653609
85299445
86980374
64093165
85279802
68807670
77487241
31985185
9320317
4327571
32990158
50246845
70288504
58162866
59352389
8409177
53233070
19252082
80919688
21381215
52440141
1551213
60383892
42864434
34870116
34080375
46145484
82978698
14383835
1203871
85400199
18231100
88353015
25858249
11143904
7149535
21251352
74893764
72604406
54574811
42469641
5783178
61267378
24269922
49717642
64771783
32829133
9671948
71352055
36504652
8072545
56973519
75828561
19716285
61879814
53720801
49564944
71426112
21096974
48567219
9817164
57820113
16613805
45151915
13733909
31154335
58156866
85172497
59798539
5114145
16307091
26469849
66796406
15139144
11331640
41502416
67520476
81258868
323877
80963345
52315060
66073873
39662545
17827520
64050619
37172077
17373845
62192955
43887808
22550569
72592827
58193535
18641201
80815218
83688778
90030883
74967542
37608028
86130255
75616858
88651576
82304296
21628173
87462563
44117883
50433619
47036848
90812616
34299752
10230011
27656240
54472915
76609852
83215435
37234148
53250587
64528486
34966298
84963491
35856428
152558
39290552
26296471
49059072
86076371
16031663
33852568
47186407
82587101
1962268
78626498
90399304
83754649
72203393
85990742
14309357
77868240
83287910
26421127
27397907
17275908
33586503
36672644
19303838
1890679
4540225
71253751
73633224
34571549
31582644
19898769
30109809
20287798
72550004
71820515
36195073
20515672
22287315
57837140
59705929
59308987
69440873
48116043
60561516
20343878
71306098
3046556
77196207
46155916
78527405
71592294
79066123
36800996
46198058
70605161
67893017
63478148
27874575
20212565
6112472
79270593
61064198
51815312
31478359
12615275
27482743
79741490
51540540
1154568
66034666
53943232
7280220
10029147
59099241
8734924
72006772
42948740
65429934
39476608
44651101
52321747
66385010
5971494
34936165
52962502
36999495
46562929
5409768
28788620
65012255
60749922
25601386
83458229
88684402
83542258
21107990
22179154
79014782
36442836
27712593
38895741
46204063
88911876
67856505
62679866
69441768
37560882
69957154
25583809
32358763
11200837
15102175
41226185
17867008
62780044
61645180
63779867
45474956
56968855
23402784
1170326
92109149
92098905
85360273
61890200
16000357
63611624
38671297
85737869
57673400
49488216
39116999
67298353
73343087
49704661
59376133
6398278
70001652
37605726
2721241
88628804
37776065
19780297
45931384
39961009
39414359
19532220
44405601
11783540
56933676
40882834
7080890
15074743
24487483
14399258
8937276
56168438
1409765
73196773
31270219
16535780
22821059
25593096
46135337
80393068
87665819
64975526
48356996
55891544
52598977
24890078
35690451
23447186
81653134
59038213
51199798
196314
28707142
83998331
33369829
8803761
80039416
55498968
40179435
70675663
26386756
39998263
35855277
17499503
33921979
55071564
22642680
7176419
12863640
21932818
400292
10887156
37706060
69500443
11355101
68222615
86668877
7962964
42090355
48110275
29178266
29820864
7932646
16966077
7768072
37866520
68453372
79591036
47927324
18037169
14980502
52578189
89234049
6995816
35010723
26611197
30205397
69249985
79184531
16296899
61504374
2055055
78459321
28173076
28612595
73424784
70241220
83401552
79176262
47935632
49558986
34200648
32968002
49796117
43351697
55064191
72740874
41855122
86466670
3481490
24457347
39999598
63708369
6650441
23855302
43159192
79986872
58984835
2151099
33954270
65787603
45293094
71978724
92670180
81738267
71268541
51638143
81088210
53216703
88100879
53003580
90482870
61565148
22378493
42622703
39595905
75261381
1800464
23223321
71478988
58711456
86480729
60222332
21578460
65445201
14166588
66344857
79950651
90594319
50635639
83143027
22319383
897098
11037196
36915710
83243187
48601086
42949379
51403658
13191010
78546977
24031831
39106935
353873
83829257
27726265
27726266
77679718
7975780
12132339
24602382
77461549
50292149
22108373
52187909
83959448
63904881
33872394
18412960
29678063
49100575
36672830
55164225
4884988
78907478
10179847
67962702
61385954
55658489
6904975
32007589
64583522
29925357
55793386
31901738
80434332
54533665
69548287
89779778
4078261
33909866
42221878
28586525
61543980
58208202
32293133
62985388
12361805
17151437
47639513
