29050044
92095615
68216265
43586313
14376248
28504813
61929280
18670037
79814969
18250360
62649051
480947
24321494
16600819
19203066
12016363
24813656
70746933
82557986
54415170
21646411
31720595
9801328
62747505
21058048
78085339
27042613
28442052
41100072
27762720
64127983
81508913
7021688
66526559
61252611
4019532
61027870
17471715
49732005
29017236
35117315
11421547
88183949
86818219
14254873
33579685
10455271
2771887
11232451
29708549
45977682
4542782
34166239
5161573
82853733
86039651
71539815
68041756
87311824
43744210
35884475
2541489
18375034
2685424
18912590
72358614
54870068
31019586
12567117
16312102
54332890
81358818
51822123
35099629
40830867
59713974
78577817
8320830
57556471
21848794
85850690
83898959
49371787
61225084
86059909
42739502
27449244
37485244
21480381
69482781
22410162
56041375
49184778
30571528
59627622
13441344
66924054
87052458
54679144
6689123
60140506
85249531
36033980
66247951
90276303
45720275
42495999
54107505
57014044
12287271
83412068
17911257
73146244
92728196
17383663
70938335
94638215
26973156
44445141
64992786
754794
27473555
29283417
18513030
89401755
39311370
86189052
83864425
30548515
30356275
44548564
14522741
41461496
44185161
34530155
91235998
31879084
51133428
74238835
85993961
53488516
70014213
60337302
51904863
10947475
1569572
76051934
14070663
70258065
31063263
90728426
67653797
14678371
4712622
53091324
74234757
27722352
27922533
31390508
65709891
