81609975
61551661
90217833
11808871
1738070
8909708
76763157
53007068
13712735
74270183
74523473
87575623
85170451
13834855
17412020
20231499
82081800
34243655
47214294
17808254
10339614
55034699
74803481
75321727
9825713
224767
29681425
71745972
73831038
12489605
43838552
48151748
3948662
93357519
76850446
8449723
63637721
81024608
18774000
80069347
2860750
31303561
30645590
9625299
61437488
8542014
24993360
78211857
68721640
66697874
80944252
48553305
61139683
53329685
93791614
66942145
956221
30253862
56807075
19616541
81924639
43256145
6655889
52186506
52186508
82814572
75033927
59210551
8327267
64632438
15949852
63693382
80539255
90974057
30347964
43331247
78652066
73496315
43661359
19792499
57669439
13359621
21440516
83323918
84436937
32874456
3601941
54870894
8383520
21804333
66466400
24907635
34408565
71274333
37371966
48706380
58571422
49975571
16527355
7837242
72688718
76100011
53913517
49061396
84884749
33472291
58353890
23807531
63439318
46587886
12928023
37098793
51495348
23372117
19462822
10612977
28417105
66455667
13703352
92923631
35049253
12453290
68864593
36058058
6406357
58163032
66531954
82352872
92424402
15693781
7148191
25649246
68361800
1470109
19352761
71837844
16970527
15045130
5362029
22963964
24065849
81928223
18765952
70365158
73924517
45848101
67366852
53922648
91054054
49001345
46425308
18456808
63274393
20227702
7257943
27624158
1586797
19193435
21047142
6621346
94511812
84767954
60593741
4597453
19979783
48089197
91867320
9238465
70349052
35100735
91362186
3162348
79228887
61190252
57079912
48952815
30716471
58075563
56432829
71156324
65433477
15593058
75053056
48724822
40979981
13319537
73050763
39351217
86382143
26457600
75496941
20264920
83694273
55406020
7592154
43967918
31161974
70123468
39943567
21123289
82317944
18564625
40157245
4874150
77254546
89685909
2344087
5061130
87398842
28769176
19569956
20221336
63594505
21442903
9978750
75766544
31881331
33054946
83382328
39490960
27221395
82161951
6510894
1550802
29182739
16635249
73541944
80132681
51392351
657046
93381963
72935272
25582843
28391610
24371153
55924378
1978614
46047292
10330009
74129173
19473480
71396601
55037107
85484071
55760327
25442316
66941964
23247254
92145083
80393248
18164755
3398584
24993830
17901101
81780115
38940276
39264683
10301497
7950797
48382354
42143009
23919703
66849924
70275481
31719491
42577721
10511555
50894801
77754578
805531
32113192
18603706
55515000
33520126
29524244
9434032
32894215
39331157
86572790
17519711
91038472
10254880
78667542
35532855
25528865
61143950
87023241
24119278
88656961
44207991
94159063
74325991
83121605
40101492
32601590
35795950
47551902
73741666
85477898
13879888
66785895
11670711
6217792
75881363
1027238
31065975
88491585
34959642
77961661
44350754
38862232
40123529
63054151
18264585
72747083
71156281
73081250
76119837
62204458
36435816
70757740
64258973
78074484
57282350
83690767
72795387
69181391
67125056
9071549
44053262
47114769
57041409
50102291
34141089
10935403
42513000
31525878
16551100
47073238
58926131
15833936
76632962
40816519
91698456
2908521
35246009
73774111
7715605
69556119
81736351
35405121
66265960
74908096
82725442
63903128
59500441
32861802
84938634
42066070
71196162
80962051
42174197
43266435
24930372
67858352
93287770
45074069
11682311
26941581
26801598
61877029
14874668
3745967
4330913
66366517
68171552
29196100
75644583
20826098
54741599
64958130
37597751
14967186
28915117
2143047
33227599
56018049
13372377
12941808
31158878
4757410
81223585
29394439
60961280
6409867
18749746
1965898
87702308
29152737
17748794
25362235
63010113
58295326
14338432
1875707
24168199
33067848
20813161
10429621
80319780
25244508
27909033
69853174
71337648
70448446
24068420
56521536
6319170
33324582
52578385
13659429
39915207
78131047
44945302
42408832
34592148
61905404
23141077
21228967
56708529
75759178
46243565
60317310
7372367
52393791
33952272
84080407
15935612
90787526
78426413
20763705
50069440
92134926
68027249
15607585
85680945
1093268
72940654
6884623
91961939
59856235
52325850
17323398
38244504
73101813
10230578
63918905
25305170
72528210
44917868
75513448
85705079
45086128
21969159
12362448
94317662
47991007
9372096
7616655
52702940
48370874
7881914
23281058
56183147
2360464
47925220
328120
46620045
47994472
78050970
20201658
59650493
1685013
40562539
35682068
91369020
25081077
26925124
38050324
21033454
86147360
33920935
6787458
24484924
43804351
20694855
94106938
79033136
54467019
59399654
56636934
10140724
59521581
28774956
23605480
17506528
64992765
54560564
19896578
93412785
36375493
8098100
61329896
93169151
66734180
15740454
74962872
41957146
49179118
34323407
49246697
27933500
39708817
37960146
