2742171
93135974
88163191
22678847
17938732
6625824
12865218
76061920
50871395
26916341
13912410
64754070
1165930
82692235
26983278
33591985
75774340
29089696
41658075
14990738
54640530
76000647
85759926
67658264
92448063
1635422
51531076
72967149
11641567
36406410
2175820
68105038
37195624
54212298
21765129
13621985
79589273
30944233
73243391
21145026
88850856
38140311
63527874
2574368
36449327
15461328
46007386
43951888
64577999
66650521
18174792
33556713
87926360
56543390
54594055
33451388
94399024
18411865
56535320
85494847
19700645
32537174
90154372
35340943
74810120
80134123
10508529
72465423
2508695
3095949
88834166
93231146
87164865
22397804
2147848
23015819
14618533
25047764
74677268
638517
2617989
85711726
92302300
9473485
4279464
46760708
8201366
12357927
24342216
4948799
10795597
84062567
68938391
18738447
61435879
73005077
78289513
66770948
24187517
60067305
33014751
23103630
71954350
52102403
71690961
51632331
11113779
11476064
76617855
967324
65941614
82219248
65302152
31639556
37008143
28584168
87929617
34226871
55681208
11323203
831554
843350
73643452
92602081
8129294
9033097
23353824
23353825
33580021
25737000
646779
75192907
19527393
40725130
91771884
61903735
12587781
78525655
29621803
7904200
54828249
80535274
5059896
49161878
55980344
33368046
64335836
72179346
38480197
82513957
48685603
70816138
74182625
16851414
27946149
51659946
43305317
75929945
16786708
82237328
5849044
27986968
8048
42292197
40051541
109330
83191474
59537077
32556951
12888902
28802522
78642755
43169796
789199
41549986
48531643
27303236
2457248
58937944
78201130
856899
55865868
91627439
58171469
65067553
57240759
58768092
52132780
36333926
91412131
61873618
19804371
90834646
22757209
81019336
24679643
23532465
71755511
16721321
3551959
30809979
15615539
74986910
58212116
55852162
62542416
32063195
31393245
7953645
30420826
13778733
74624413
8858907
91075757
82406389
82508774
15307141
45932901
49421941
31460388
16428742
39158625
49957939
75403344
31902995
52821695
8000019
4890067
37701976
81957423
16939286
70745308
71925855
49405776
88689610
90020740
74149363
42447833
91740384
63871374
42441192
78023966
70264877
50240533
74151913
72056461
20117144
47949056
9622414
58646829
79051681
6832926
31244352
46421113
92876118
71571160
83643728
51510266
32234549
1980285
73388771
94649177
37475346
69704848
24504898
2992483
87657325
66151489
55664198
70362848
62072264
22379321
86640993
66883797
23323917
34472430
64889926
90554455
87465472
84956614
78955756
33967966
9374544
23597550
42187708
88493783
11224092
74543727
78912085
78211900
92374447
13634513
76830473
34625359
25380779
61812224
9815123
87056564
86287164
68037610
65076696
42076688
64191165
57982781
77782664
20448802
90013990
81415188
18631122
20806967
19141839
53423263
1977898
90728704
35750692
49671593
35003393
89219423
30421000
64793342
88547800
34468537
93881892
58638454
30099228
13643243
10295060
76645792
82259385
39197088
61477259
41511154
54199883
72035983
26819809
48425287
54554313
7681302
4798655
62525282
76036765
74474807
66346730
5668845
17585513
85075302
26125327
22897789
21984065
89692649
66151962
71720284
83842827
85693193
70723295
2972748
68078936
33692250
59392422
9792340
59485304
75462390
49276860
41346863
61704441
94341706
43793547
18590122
78031769
46082995
5893655
88926712
57550604
42720830
41805202
82069907
15554614
88825507
48302628
14985605
33173024
92911083
75005823
24944147
29728566
29912030
42403062
2075866
11725598
81992616
76697683
93763556
20882378
21230228
26693380
71635451
86960817
24174709
70076878
88754818
46600539
30053700
70797662
72965314
94240194
25332823
57068428
35687015
17148184
29192041
88704725
29496703
83731393
57460313
16976210
28829016
30561362
25793356
76760352
50518962
37308409
13402598
72609875
58142541
33389703
81367464
67284369
34755041
14710380
54022754
29382578
81805720
57593536
88156412
52839031
20601768
46217424
93831857
45805506
16351198
16649679
83879784
1419770
21788252
58677988
72636331
23790131
50134162
48488532
53926027
75144463
72422053
23701101
2672720
64077142
29065867
5552369
63455223
26507255
53767185
51186099
57112898
89835527
15888370
61441583
7213744
92950918
54153947
85366655
58533400
8279572
36778064
44546055
87002343
41019456
10572882
51834408
54415783
32770488
2561629
18101603
79235414
82656995
4364677
11160511
3023965
30624620
58832486
34787047
68856690
52072513
29850050
1137469
82441946
53337883
13224694
31026923
19011807
7386636
2815711
52516247
65978291
68161923
58472407
391797
54490416
68473893
17350772
49909948
30228120
74189517
88547131
77897062
20682495
64863040
64073664
8827165
13607500
30569565
87466140
45700390
90023240
19252194
76878687
72315410
55509942
9240456
85364770
26548064
4665818
87643739
67261909
33700797
16840931
1828561
8618144
52138671
80402805
58225425
58571681
93320298
25309638
9232966
9256068
44054929
69794635
60080172
48328201
89190558
73780727
26852914
6684450
85112244
70893018
86391253
73250264
30050110
92219678
34953716
76061941
58381924
76725070
24368926
60067052
55032307
86081921
1599662
32881368
73599541
13093161
12693477
11312647
7060746
48222551
6542837
83182422
45991342
6039680
67799520
34316414
69482938
52668569
88543455
11117464
26853592
37442689
30783529
37120706
27553467
44815626
65209781
54231538
86605089
79271277
26633236
29137299
78256211
35148194
90294312
83192047
73225236
22722545
63692301
25116361
58725038
91354050
17943383
48622840
50681770
91344593
76201757
8962702
51285258
33721941
67832159
39822721
81116118
7457561
50933201
41170863
41675336
58188725
57657932
5079015
61355061
81554992
7133908
5545863
9300270
50630080
52352118
46821528
91109094
53345447
62336848
69991854
16922311
67858238
7400256
72121273
77428962
4443790
63616936
70388385
72278035
7098261
61930207
30858191
17732215
48348059
27201899
17378870
33490959
60971255
79174506
51338890
36430460
4336914
51746229
13105813
54081961
69608083
40100650
17200622
13300691
50089943
2859275
81825588
31849994
32079960
62440849
79688168
54178435
25827947
9105634
36432164
40773284
25770976
69756767
52229698
37318823
21201825
51641865
1177841
91201799
79871750
49288950
43534804
6443694
28526195
50965295
10765535
65097896
49931881
10286095
69699539
64687547
56263389
4903417
66461734
61547105
89608195
3921427
90458698
90794672
76303330
81150616
249291
50990196
12223872
63670846
84612727
63217486
43854093
20094706
91643279
90417130
72167333
65570494
79541411
89588523
90908472
49264291
15657724
75246070
1487790
67593460
89791438
49229476
12790439
73811196
973129
21366449
9827061
32549038
86932842
78567070
91344751
32868329
67669577
16715536
59993163
73766081
1313127
44102684
27809984
50152787
38728713
72974501
43361417
35925582
49551781
93112872
50026656
47032504
50674203
22620504
70053809
56803038
24753885
84223227
39772894
56753022
60071903
29886709
33707294
68245368
10289716
44387348
73324073
34296689
17691295
9503078
90639476
58786448
89418162
49298506
2112788
450450
92197169
22009940
48237512
49739673
81942193
41018381
4323705
21820121
2485154
90441122
39305419
46805248
55914361
79684281
88743287
58489300
79732108
45237895
50322674
29202026
74136007
48761497
4867096
69106020
65842537
11077080
94159997
37546274
81532458
85870715
66857073
78169921
40882331
17676111
86805606
6727477
300053
52378112
78642016
46893481
28982163
93426881
49731855
4885193
32399127
41454441
90765909
92110626
74520103
15772878
36816449
41119005
49648591
6183313
25497298
62707293
16155375
64116659
33990284
57466542
77210752
67201061
22290299
41652143
35799965
7523971
71791312
90853331
85236134
45434469
51073954
91942576
683877
89064601
87946992
37781350
21497854
83402445
72724282
66689963
57388713
73310034
38964774
32361817
13860206
3914215
20284893
62137701
14564071
62450502
35628731
42455683
14424719
6901050
38212710
74234955
84816251
88305077
77579635
47998728
50148757
19405651
16457486
11391121
13275414
37151659
64850382
44302480
44915829
36983091
52065553
25632187
3960197
12749462
93064374
28843657
31631929
23474941
25299312
1215624
81082104
49524615
78455563
50344201
20622145
94500262
66644617
88702337
55722278
85424752
25552052
49386803
75612237
50363400
56044594
75010829
92532597
68205951
21115554
49956397
31570629
33329504
74505365
52768766
65711071
8354018
85730559
18400749
50663265
58095298
85135220
84142276
81277254
2642204
4262618
24265112
88793379
43490921
89387716
57527421
18841385
15346894
81611739
24613147
73804163
85878766
64150119
78744866
6625871
18565702
6820108
63412474
43492012
10814318
65228779
77135982
7449332
50774082
35547644
37865054
90223417
61567086
78199996
15529584
75740055
72724990
91717294
47716718
49974344
60201413
501291
16666022
15413771
69572805
23975929
68265817
78153208
32809879
9727424
49833353
52739188
3825847
61076820
71047530
14016814
86740395
29273078
39656629
78056361
61811192
51866438
12635707
73064808
21040000
85434386
82771829
29068624
49794218
2738531
87434601
39214983
18083595
64230617
30685477
79738321
82660916
44764475
4258489
60562786
6490700
69518271
53449287
66580740
58622292
59101440
69870482
19065262
83518635
34870820
62364655
2161838
73601090
36853060
41116765
21624273
41205266
53731258
63480064
8039942
174941
59932214
72336331
47868119
55312782
757928
91523966
76445244
52893511
74135696
30489018
62598472
11441185
45757869
19792343
65512805
28777357
79006317
18499243
85217193
92357805
33327016
92513551
72787886
63722602
70690741
57614343
82155427
59140536
54938066
89025840
41630673
94516532
69532909
66594839
53163865
53786600
25603838
51536383
82139247
54828281
20498276
57801828
46562462
4705221
36988974
8433318
52907804
87621157
38042134
25153782
43728942
57602338
35580730
57067703
86952766
86157844
91344849
39168707
37825707
75223917
72911050
19904188
50999765
19263592
45082775
80595966
49048735
76846142
7671185
74005405
36740418
81993323
65409648
86189564
28063225
89345117
8369892
3118391
59350029
91920169
60593867
57193984
60002300
8574492
76375449
44989060
12553627
50687793
65085097
55410072
70108772
68632845
22320383
71930519
72762498
73169423
36534506
90112085
61684407
77524110
71161036
1987185
52130620
32454136
45984449
59729567
27974323
93976371
74172385
18446414
38952936
92510857
60474903
64048520
87887106
51042684
26947209
16903082
76304214
89056795
18324355
91069281
24205262
17849062
6141911
9150606
33013489
67809675
32379055
27380455
13796803
80356203
33502211
72639116
27740419
24685997
27121510
56480534
10915182
80150080
87087694
49352549
18792530
17982325
1573281
74978897
93519313
17729158
39959179
76517591
27590383
3138169
59176665
44767822
44883956
11765037
24418041
70525835
3503038
57087298
319342
87365939
20557063
67990951
74409447
28630880
75192948
55127257
89538210
10804300
81548973
66323472
67427737
20324882
83275585
39607555
33339063
90847032
40128170
28325159
43776176
64665150
90056968
58583869
35066148
84599395
32497018
7719977
85596198
35170837
93523052
38051882
41970946
57345301
37432871
11105465
25322208
21231174
59405854
40476139
37983523
92421649
42649440
57923734
12513327
58885327
48028586
5648136
84113887
45680808
3345132
9091348
85718011
50809855
54837808
19480647
92466423
52212687
46608457
47479949
18185453
69053159
25413412
5809826
20443656
2557202
2785019
13018322
42204095
43693002
24587423
7071078
45775272
77615458
72428580
75784977
5500524
55312813
36859515
44393647
34471056
41488093
36216038
67378362
25373480
79339545
57450524
86515432
54678218
37996982
25442518
77937114
74728876
83230598
85123472
37891978
39000413
66515165
87836254
76229659
61468324
93900457
33874844
4751221
26101661
88861444
87334017
58742289
39511098
51005656
47911731
75210044
1506148
39118667
55385428
91271811
17647763
49405446
19629930
44151280
27253753
11223552
59868352
12090349
48304741
63825305
23953757
2298663
66591480
87412724
41475354
83554086
93777147
46919389
28949373
31156649
9660605
44083621
39454787
6521916
58697926
36021585
60162569
86705284
54685137
42420615
39149310
39573128
28002086
32598433
16403264
29486688
89691235
32415939
63106692
51860311
57019491
76646876
82757121
10311496
83523122
31176495
72243237
21723562
11859449
81215930
1790459
65175838
75528995
43945877
74478685
93242397
54467289
3944766
26077604
24902792
90580325
42967857
81377026
78366024
44728796
38213551
48400938
14370375
89366605
52738769
90407683
70242663
89091486
91574322
62851211
81942975
31369785
74028062
89643547
87065132
62049506
37709809
70390319
45875180
74792725
90279135
93703725
64952089
53762878
47258011
72695180
90486225
32038522
36279974
70412134
71361254
62941954
44719133
83210538
60016448
36430607
13693460
64777139
54742281
70636750
76113084
72540281
70016522
73198225
1120012
65454532
64495906
4622340
50338811
66658170
87167435
18506229
60391120
32576828
24474130
18328985
60326673
85138196
90258962
92052716
54955429
41382758
33198304
42623100
38021412
50221638
56414370
30035665
15887600
2682808
2914708
92605840
3597968
64857807
24202507
33567634
29987236
18866778
87647236
79300988
45683120
10859869
20417144
38818372
12109302
69830199
52645834
86700083
48790185
27413177
77106387
25420717
47579471
25052601
24326762
4122515
83833768
37735799
34607523
10286764
40881882
86937357
2499725
63718183
16724038
8575689
57888945
77719284
20779299
35151480
79874669
23000488
74337940
45500272
20252312
15917702
68389873
41563322
13434515
37696281
16070928
82292252
94486164
73729014
36918852
90779254
2277578
41816707
13906196
54667722
68463621
16884770
81658494
91504648
2794137
44078467
37978592
33186785
55314203
25821159
87399193
35267890
50680624
10596311
93636376
14312803
63608757
2083541
5674043
72882386
88940536
8016469
69332988
89269808
42679192
54701202
70908285
36810259
60661466
67461073
44790031
18944134
13103076
64831091
83687917
62030031
45483442
62608141
2181845
31130087
20085215
15019127
11024975
64603205
63298207
82618111
53971183
33175245
84384725
16858055
56308733
94620365
40823025
58491402
72104813
15482930
16099768
63870677
72950705
22506127
83777628
53697015
52029839
48979829
36539759
72492744
38950360
93264206
48905316
79621679
34013868
29505270
56139989
12672558
24499972
68660253
11567891
76451320
26578202
24375116
83573659
3331852
2565619
58736287
20779697
63769711
73131166
59986656
18593353
37415552
28083629
13249718
38699841
93966368
28203775
5301518
35429915
15245681
53250940
6522653
86914217
26219976
70497069
69112364
6863516
1436239
17251032
31326842
58455588
65757971
66670989
57987100
61746563
69055610
89386975
57857932
62015637
65371640
45549269
57755419
29290565
30642689
88379086
58412456
59303295
2069170
83415317
81822242
78024911
25762092
13961012
6851333
86510016
86777803
90437085
49953327
5265184
73450657
4711333
93367631
75632830
30856322
39842511
13658031
57736818
31054729
50477723
44049128
35381986
8772196
87390227
1762861
88119462
37628154
9676623
82108131
77856092
69699153
22790018
85763113
84144825
82519703
82094707
3439616
32915652
80347364
80347367
69457503
59478142
64511957
32202265
17577229
15333032
40819537
3983351
4483497
15005369
42411344
86696711
17050421
41022645
78373020
22873276
79054455
56679201
85250916
78483085
54483441
23645624
39880737
90718343
2008651
22366386
31515125
37184239
75823107
59131808
66468571
12503380
92363702
13541125
32013889
53064960
8064404
86305725
60518456
76396096
41593482
38525134
88258135
88872073
53412358
45039
823876
92903766
92813374
39318692
91050452
32864562
22726556
29532512
90366203
30413977
76398184
66084661
20184384
41507236
27968776
79427574
89163197
91283036
63435078
7676151
15558885
25916410
37872479
10874006
5312697
19171457
29481791
5891736
28484366
5017216
28814389
93905958
43536351
86647819
66486636
1207103
20074349
35628244
82976684
76390411
34679685
12486022
67690705
78305292
73365663
20257929
86491091
41402639
40161319
50573063
91591539
31215906
48198799
6178434
12589262
17152508
88689270
72773521
35828394
23783690
63467488
16853312
11642269
32327940
41467050
72210208
75676047
84408830
32754504
29458500
92597461
60629465
89488563
75079632
2481167
33505861
83858641
21539021
72812062
40925012
74877858
7217719
88586260
58889143
42393983
89396901
54224594
24246212
55309704
12114303
54732336
87194637
49388083
47142777
60807939
21898857
15986023
9840295
35222340
49366615
71155801
28024281
85731101
89114741
3808588
42784790
39480522
80416775
18787434
15503384
30043470
10645699
60703518
61199799
61398409
69994599
47093880
8457985
25382839
62665352
77447437
8157700
5269411
12462973
29152092
39290766
11769742
74587030
60021642
41520952
90672206
34918813
91762365
7379775
87822835
80458059
34443951
15088241
69646947
17649180
47237682
52626820
58396864
58197938
25076557
32378800
22344067
9387414
14828783
53834538
30694166
12103982
41046439
14179182
26147236
82499090
41847721
91397208
67367600
1914461
27783048
42093473
18881001
9894628
50801898
46435877
26461175
29007469
3428552
47496574
9167002
49829742
65317905
41178055
3502787
49852711
23414972
13880710
11774033
48978114
261346
13815699
59470746
55887765
4592980
88782565
83961699
94201417
54431335
36699987
36704308
13331328
14023
5125957
29507499
49079932
77062162
89268185
30485941
5762193
11155503
80812628
54201384
69801248
24493862
52228394
47457596
78061680
84372897
42361718
55132740
9779975
30335259
93802848
58806336
41981753
22320387
17419124
61589270
51647536
15212050
31297946
8509666
75465268
42855513
37444913
28280390
47014717
40157548
80338554
17001947
74719899
69991814
18344662
56437440
58321233
94192073
57368738
51647735
33664675
40206604
69582175
64593124
53374795
85953449
82646480
45694358
4523326
29516751
70778820
84229034
54221499
62817012
59129541
87961241
58012496
87232760
33897729
78260386
37128479
27387563
48602197
54349048
12087445
5477253
54704133
81029176
11754941
52482675
81825354
91130351
10503348
22913375
55132892
26344455
4902771
69191932
65729142
52314621
84848201
20624003
29563422
49669355
16726153
74330239
11781007
820638
21340097
46695218
89538857
35967719
17485876
27818517
88837418
64813673
82117787
70185862
16761602
25719843
5605144
64870004
73017560
49560493
32100914
91701589
93847823
38419426
35465503
67768758
76724824
9140184
60040117
15382282
45843603
47702947
80459191
23265358
5343916
88290435
48515568
6536408
20436838
13686648
91612349
49590772
35354735
27995312
28818113
31218404
12993403
82793894
45490135
46707725
50952067
49260460
11124958
28318496
49018667
30717155
3882366
81793891
12040215
9551929
64152116
84943352
56861728
41742588
18948338
65587893
37243739
41476350
3115000
72395607
10197082
14020095
18428821
25552284
28802753
45672473
87012350
80390160
17910470
75434006
7210964
54654762
53871836
11419244
8845940
73559775
85740862
94520233
44475578
85409995
14450987
24774723
88840792
67699928
71713510
38198916
5469049
34075446
23838516
39184574
52706451
34695787
43807360
88266599
91047512
33034310
60306938
52636244
32388051
15871149
76989631
25583917
88534920
3119866
42311436
93363576
39937463
11540523
69990073
75253963
11280585
64570331
7786922
68692162
57912716
27588529
763673
46726929
50584613
91979873
85317938
14966450
57583566
64946308
73430713
43416679
47945228
16094736
13793911
56260465
57004386
45752151
55817935
58431912
61946149
51074218
13548846
70128036
11907503
4333924
35206450
15483752
85003030
34695729
67172289
4688945
49047331
64593290
93784605
92465903
8821409
69743411
60344898
90954824
43774940
92204162
86115481
45729267
41202151
24376689
24481167
41782796
72394112
62966920
85863479
15034525
5438003
20571584
78127820
1148332
56656933
20110517
57521258
73194910
52118468
69633659
42711616
71526557
75110489
48103645
85357260
54518363
26031067
76085768
56996727
49028470
72208327
15900448
6249581
8577035
75498563
55431999
41995648
13838106
88951651
77409771
57226789
20260329
67678352
17202968
10443623
90687183
40487096
61866300
50698970
3831163
30583236
23828525
86453356
62372730
24137781
75221528
34800797
73930607
24875318
9886098
1297509
93091486
70614549
69874917
32489546
87653309
12985824
9201425
11040728
62221019
77738194
41055837
12900793
67592271
21937326
23762136
12009517
54505722
76695890
1462255
44708178
49791577
74294393
40629052
83990043
6794349
68146288
54191738
7402918
70189509
41165482
30585865
27029578
59489269
93661941
66988688
47654716
20948726
65076547
69529764
42538206
29693520
3197019
68222934
42110917
88171200
94247143
72969520
61184056
49631482
24321328
844162
16107768
56132306
90985893
9730955
39126172
67109687
4868416
64728388
26063169
23531529
77925300
49206539
68631718
82344398
83136437
41080865
68418661
90485425
84946158
41005456
73135410
89609181
24630477
69531365
7373974
78186477
71882962
45767599
5622658
41665185
92553199
45369530
35348525
1533238
94588183
59557903
80966855
62715076
32038064
60279917
76105139
78092400
47755949
77082502
14798918
88402622
63114171
64068655
89411909
76026324
49094199
54402999
90062949
75603221
72247840
1428711
51670623
80996220
27016995
81397425
78135909
19134131
68148223
7811856
14845430
48132304
59696769
43378625
79470278
40596880
19289491
20705952
27376562
73118416
48115483
63504811
89473184
88009476
92056212
61899876
92947399
74616142
75163203
4723562
69999176
9648714
37948182
17033896
53078191
72018538
65606877
29043548
1380478
85942489
82442591
48347083
82511530
32817369
51430155
78390309
31226921
39711853
65473440
68912190
30945451
73090092
25029035
22421072
51195996
40459415
81916088
34845645
54311730
55665161
67636732
79909433
38661322
23687160
50969003
81470269
57959211
72452373
83802392
5785857
16127130
28957124
48165427
62184166
74466928
73870475
40138494
38444155
52404167
40707690
94237625
16334758
9167352
30973177
66406649
42864641
68301648
31506415
89074843
34038389
37446157
82575860
50631915
57969814
68425217
78824750
20143231
1254382
80182312
87268983
7637613
62912218
92210136
65412724
74854026
46295664
44013732
3510423
20552126
61253803
55266156
35564835
38181739
6797686
37687133
36692429
11097875
11103128
81696267
49905185
67758842
88060066
37371611
87016911
41513984
30898476
12703105
75713801
15195817
22560861
86276694
27236983
68260286
41703235
51910469
27375553
77422156
10383478
83716366
77618884
91191149
3403771
74834034
71930322
93041575
49559925
31267898
6917733
84884669
58358879
65170151
68004625
49822447
80293677
52140991
46381936
17776653
63597052
26859387
53551808
51065853
66718276
56962732
16977186
13634985
43472004
3051440
66278219
62077856
31788395
68214388
7864836
48451054
50465899
90725541
24988581
17174237
84795819
15495109
46620400
40280829
23933723
23545757
51473940
41502170
23428729
6537255
68657395
24873922
94350218
28691538
58018544
36322457
40274201
65845779
30456434
89890757
85190292
70660322
84833591
88314862
9138868
86898081
23247985
18493410
16810219
71017199
54647172
5224382
60774493
54108039
30495586
45775667
36460338
2933218
52923210
47891809
91566434
29573688
80842313
60863560
11541149
32055465
24371206
13336823
18497680
66539598
88962344
37208304
68475611
18542371
29179122
56079313
41325188
16290440
75868664
8575917
39580048
91293383
5606988
68843040
90949299
63887759
45841337
15827171
46228914
16011039
4273977
72303252
22329621
85467573
92380138
78126262
31196759
14138883
28363160
69171408
28699508
63430142
63598045
16980613
3645779
82678918
13505677
75756188
18847565
13906492
81067384
89356134
11856462
85638035
86613087
86286494
47531686
58993654
67870891
75291288
90872381
87053744
34177702
32780671
4381244
57697311
92894858
5119960
3023134
74475671
73064119
61613870
48750419
48882884
87851862
47454389
3633121
58766912
92584052
10035436
19737227
55561362
76301595
10818651
68697323
62133557
6679065
33887540
32523744
14238799
48670980
57105140
62228273
65836081
31816122
70958291
68487723
16558967
11474490
52406589
55914266
57904777
93891273
36807549
80917577
72472481
62376928
50674523
86983965
29890757
22567886
78724659
60997077
2433236
49202683
49484098
76697478
53203063
45731981
60952121
15204681
14174929
72138319
11992236
68067458
8223275
4995516
19276694
4045205
12873048
6338119
21722386
20476433
67821722
27447138
79535543
44505956
36391149
67265952
66741632
56604244
5498013
6103460
69049937
15540087
8069603
93350321
56039287
21151683
68466969
27683848
38449657
3533189
61477294
43239060
4382432
77333319
37224576
13742221
8424668
68239160
5321190
27566852
2388853
44980528
85610734
22606252
28917006
66248184
11445091
77631053
54107180
20400686
91835899
41934185
17381302
38831573
49719173
56889486
16989251
78494068
19439298
52195716
20333056
90137259
37791361
49475259
4339380
42391818
71450417
24272135
70227214
78152875
33965167
47505232
93921484
80977732
74525760
64221501
41116043
4106225
24739444
87645886
92866187
94048192
26242376
13462782
79646845
46021512
54721431
65702332
75793100
20352027
18680598
88174279
39282993
37956515
70775412
75974871
32412505
62881292
82662206
74296956
51185343
54763307
24098739
72510799
19841702
42403798
29758495
35207915
72584394
81803505
41412360
87372017
55565104
80358468
87744011
66425211
14387332
12898930
64244291
10691341
52750697
15115854
12479261
74319928
79826703
12241575
59821025
60757083
27037714
78392704
53084832
4210808
29542536
8116758
56490757
78902084
49349823
83312666
79663361
29010101
45926239
85180334
68261466
76915438
23628838
5819976
31027184
2600950
41891730
44662231
90374948
2787027
81335131
13810746
41012129
74371676
42636743
71566174
72312986
57766871
19057030
10623874
78612876
40395050
92810623
65869093
35680793
9127556
88440277
34705589
87552498
27987883
89384327
53927789
753225
15047392
10437225
74729492
28244305
1900289
42824677
12884703
89516720
20522170
51169344
26923913
4401483
4452217
13812648
46275661
10314964
75102659
14368758
87635781
10538509
52752001
32890374
17464488
71968392
60628775
13586136
20399584
57905575
83138062
45933649
39229171
49958831
91022896
10220024
9783354
45712868
42651461
44643417
41807588
37253474
44024350
81478774
56378372
76871656
18778993
1938655
45879375
50052406
91434122
40460109
6703587
41418470
67903129
59637842
72181092
6019009
27551131
78727796
16562603
83091109
67008003
61168903
87975359
54403776
31622030
44648748
69055501
54152777
27099344
34039522
21364447
67543044
47714841
22756035
25451927
29416761
67236301
33851818
21355595
70005224
56962613
73354848
61735149
44185659
54901904
62974896
56433622
92410742
53169701
17755679
1082135
62953073
44947996
94473373
47647849
46286652
92270776
86893291
19891869
29651278
28969787
60175630
1037997
82342255
78119161
87094322
56683837
64056756
78219226
82109519
94200000
326589
8718302
8057842
82522718
35200973
20328423
13876023
41966052
91898189
58583824
70625059
51647709
72397746
31269772
92608300
94482995
32040936
54106676
67856270
79908794
17820467
67208139
56161055
25881290
77725067
68954513
79984951
2531486
72470098
90262538
68593804
81046493
17399163
46430865
12889911
15321009
93607038
81859880
29171039
88984807
29904961
37384570
48587640
92603752
2765745
81077373
49833197
14735228
6088519
80572468
87604616
50558296
71549755
77645350
77831380
15485359
17486898
12400076
46335994
94032900
46652009
49130294
46227799
65551232
11700341
34215860
28038292
78862583
38944111
29478455
79986705
46502824
89059902
48697609
86713892
52924674
61330922
29569670
4942573
42180265
40675062
11352260
91353311
67755229
61605593
83100445
92729663
14054706
12516899
82455118
71160983
49830244
49182381
92992405
12639436
71011885
37370189
47497189
37300584
49669700
83058368
47969137
26184735
29942524
66141490
1725208
76165961
35861862
152593
78942433
18942675
7602461
1182515
65532825
42663554
32813960
94355412
3651290
74047495
32067419
93708255
78622234
26895198
27497009
4401796
38453018
27064799
90021641
59574265
42079925
60450907
43437716
90803681
10141835
56324152
593118
10856343
35018664
57155513
52620342
24864593
49280100
40474139
42349614
43636986
34719132
53794498
30331727
35156691
92863326
83242100
94251035
70752852
47245067
59038910
39945212
1748636
88158054
20861928
87293018
39467647
14491993
38461162
89248613
37485914
90204696
34638598
21788663
69222139
83221799
90581849
40199759
74015706
27049349
27568635
58858274
18294994
30601462
48649271
23757892
8719071
58071963
33495506
82587506
15585689
37785111
58263540
74250482
10732213
47933945
83738984
17365593
85112003
82214800
92999605
1489018
81724885
77518573
79928294
31063655
68378201
2958996
60951524
38137464
32164193
22207121
53777428
21764820
6596904
21946497
8695913
65141620
82126194
77188088
71977767
6074800
3063976
51571089
36563012
76207204
45015833
47734597
85415254
19582562
1135373
6824828
49984438
49890009
4411277
45939776
70008831
1447734
50590470
18972955
7343394
27327293
42701610
90301905
92710531
17316922
66131779
46117234
61414511
42533058
56094343
2112929
76115317
50508229
55848350
56299470
31262036
68511499
18679571
25499202
69565747
10748696
80226233
58451344
38439571
86084351
78216128
58867526
25846134
21264649
63657392
9894212
5498956
11349598
36454407
11819620
2482361
1416270
79228465
15443549
27349738
81845426
53153906
29835145
34564149
12741893
49296060
8954971
24585512
7150077
87744635
79359586
51806976
28297994
84189044
67370406
42107489
15598089
40576799
67704527
88932437
86019957
86128528
85560220
48450661
73982100
27976961
41010881
41411305
54466870
30900496
66777385
57019952
26927096
82934502
36853426
30438121
11141494
9616940
63999367
3289144
26237986
54253690
44215200
93721512
12588429
40538499
64086521
8416404
94536803
19190141
87721687
94625389
33010983
68968832
42043905
35775454
27626358
15198301
38226913
14348080
86434186
59631982
75394087
80016200
88674331
26806140
10206386
18809835
74597193
34592057
3329860
57637773
53511194
56980678
9723860
73623776
40027930
62199707
11492256
33892478
69527182
57764255
55213526
79238716
33170174
31971216
9947221
27541719
36590515
9962861
72513588
78226502
10576753
49496006
18153825
83312667
4852998
69696875
28580491
33757448
57589818
28549294
80726083
15543346
61212954
81903372
82128828
985399
2909571
45179487
88392957
56246570
26265350
69072634
88050539
41486024
82738251
43833414
92024787
4512286
3168560
14508482
19637102
69352076
3861766
2986229
10151680
35666550
59471854
37615120
94548299
25699195
22461094
30148186
64054717
56183010
68202590
12663926
46743475
69002476
81012890
23762656
62718140
82266969
37208626
23699580
47833546
934185
67819230
62578532
31208952
51303569
78636985
36900434
13315594
47069978
86652309
10756264
28241995
21296275
12543768
35307990
13620955
61000701
87287517
19128988
33939301
4972925
28303035
91985641
34550316
54993971
77786386
16776736
45743937
57847069
35058722
36001202
55340954
16678703
392105
93651681
44701846
20322332
5755574
36897937
92562251
26706847
92806878
72068815
17672820
38143988
34955141
28340824
54249082
37496798
47239751
52210340
87122012
4578717
15259143
47412217
34017837
87204483
71568209
43749911
54354769
47654886
46740885
64140014
8550420
7150865
49878177
68783005
27676646
83952987
12291010
19096215
92738098
64556907
39877444
73763336
18905462
42762526
75235697
48468539
77831068
41004781
73692478
60508380
68155601
18551936
13781325
79297394
45579241
22015135
69474546
722780
30034454
69623824
58090126
90475329
64076565
75053681
64121145
45862983
1774872
77321202
19982893
37602168
34496326
17676815
94034332
10193993
65140582
60638957
14230097
73611136
91197663
37321264
13289636
57254830
55370242
69961921
16716040
60697667
33246035
80979324
6826533
73613560
78972306
10346334
45954595
50371054
90056436
42799990
11693164
37413208
78830467
6357941
62164745
42772408
72238527
9396264
14468600
22512614
19715835
38858131
3758299
3547966
3044509
57268707
15115874
37309797
19218721
20122570
6587720
21946501
63155733
94081068
90039550
83422234
81939528
29173444
58284769
5902262
21344677
4818057
50577588
37345678
68553354
23352785
20477992
39708680
70524328
78336679
64946036
89209053
66622364
70418328
91671823
65791469
83567495
48305006
68698480
11590679
13895889
49686104
26165297
31583438
40852978
70327843
62372097
14109496
29828814
72677622
47639531
7303937
89650528
3647039
16472316
25693874
86702674
5641006
83413843
88809234
1023836
3318621
85145748
92442706
24970692
79141294
66151173
21023679
83539327
26266744
32176889
1325786
11684973
27064801
44653190
36901852
62339873
69344940
78661316
49578247
59806527
93082150
53638176
55850245
7522399
2992962
57477899
40827845
62902939
72094701
91015472
74462984
83055592
30898857
17372362
68473559
36524753
88509062
41311958
94257572
49483677
76695581
40234510
28398487
93158702
71425271
17609340
23175737
8232592
11809302
89943215
60085025
73749695
68094385
31092608
35579601
79740182
22142373
78559189
4209006
74515034
62044439
83360683
53177324
77648907
21567471
89237892
30291141
72131668
4271696
30185670
83242698
91261260
53155340
53765199
10974832
84288451
62873038
44563133
17718622
78636612
4392974
9607581
86864282
23124539
82721803
52337187
62164468
93520114
36291007
73942870
8538206
36006971
25338975
83673536
32970857
7583312
34886420
73751084
14945901
62860994
33377711
14910609
52245159
59379532
5309425
62008941
137592
56062959
4031244
25783302
47558308
73696360
40778474
34398411
35492850
47159857
574477
12792681
9643352
44541510
25483314
17383202
17399766
78306876
94178222
35057991
79087068
4509178
67090466
18500496
37393566
63797980
60028982
41917531
25536174
15455021
86529917
39229170
3730440
58180146
36244602
78135824
8131037
18229966
36989720
18732630
76362381
77959983
1001829
3064475
18868121
12241410
60005766
48342811
80527420
49845006
4900015
67808024
46302691
25407492
89865862
76333329
67498265
56080149
48023178
22044200
84757618
79685159
44510819
12485947
86626945
15850262
31478113
74121744
41152949
608193
75583298
43808789
32033346
59571399
7507091
85482697
67416268
28560418
80516
30787795
27591503
73518277
366928
92314373
43618473
60832401
71339443
54925009
3341382
615573
26551249
1548414
50740724
44417181
2198427
73574737
65230698
10850062
56079869
68706820
46865010
63875362
85096295
35122369
12207477
16825308
80088590
46901316
81064158
8826310
22429219
7717325
82425402
38899914
54730413
33645843
84806124
5380873
74482713
29531668
87066787
45588957
20493744
59561466
57266903
86215596
49025363
64665902
55933779
31478951
89856720
39379964
36293439
33368614
53750502
16887564
34442126
47432760
64880267
90367975
85403197
41621168
44088154
27353559
66424311
67180990
69750838
43741800
89395542
47600711
63336064
73260458
62164752
17401038
38677079
1597391
67609810
11971429
252814
13166945
58891392
42673975
77154583
67333868
50060472
68789738
11340125
87475155
69237408
14993011
670372
6816284
43181306
92606612
16150721
48450959
87274501
75821423
69531572
26708364
46286892
67261801
4698565
1886221
76427836
19110709
11037345
35803860
51585870
12703108
58544898
77968095
42495087
88363465
31246612
31380939
21497275
74049744
3224662
63672665
77890697
83836343
53695315
62590980
65015383
76960538
36384499
12339613
70234803
4464645
69736661
90107905
45945353
54666301
33395856
63962440
3733148
47776202
73684516
85288665
2729113
53712181
66094777
12329560
70550549
40382425
63365483
82041306
70361219
40295822
12925009
17388724
13184548
66018530
44732189
64849187
84472161
61802797
11265600
76312673
83827655
17954192
45314197
21993077
37285364
83233343
3976110
22048123
39072716
93428118
47838916
5819874
9446921
14579976
84900137
57967902
9297342
46441870
34841302
74320031
55624221
30414575
67960051
56632786
88448312
42121085
5789075
49828150
65800585
15204420
23322351
66623433
60420426
56134027
37995841
40734074
76316732
73090130
83323289
67678392
39303244
55192141
25287998
36212814
4555226
74005308
47578601
84988081
929636
55274053
49806837
15640573
7217833
9470641
4313728
7923085
18594890
21107477
78725619
56801531
31641948
40560480
84802314
42616853
42964642
42641866
62341776
91994883
55478470
66938634
51841112
2991795
77573293
42352994
20409282
19300259
63369314
10146606
90567332
48633115
42684299
4061449
68538132
20387532
54341152
39409478
55998765
78255539
23076063
77462445
33795247
84379547
11737909
17171423
24867603
42005475
54621258
34574196
41938560
4600475
42262023
3793711
68063892
80024914
74782531
79293095
2961774
37273549
72159553
42569891
73211199
3477983
70549160
26922100
62078135
2882627
12798009
42112213
33210985
20590903
25734216
59953865
17960319
53509065
6175285
91204343
76032728
27196526
17178109
88912821
932949
15465333
64765497
63194446
26622313
53016912
80387402
80913011
15969295
29750666
82412743
69086016
85281025
14737241
59229616
31093449
70005409
39600406
65904044
16953576
63250600
82513360
27177144
7884157
23151496
10502695
2130808
17642446
33465532
77486677
25711928
39278187
53106125
55094452
85827599
32916637
50234457
84941990
20961007
84467694
34050583
86506499
50031730
21837477
2040956
94286789
1602616
72246271
58312158
87484724
54155896
36109437
24219243
52378579
93905422
42184529
82975765
90284778
43083408
72644246
2622459
21669822
33582906
77840043
43660128
1697178
75838608
16921905
41119301
51705730
72500323
25838384
60112482
35669158
15834111
39565678
81840065
93744835
8503489
24938377
10617850
26169495
80615508
74670009
12399227
25609976
32357285
33887498
35431337
16493493
73442673
51794068
33337728
70614551
80571711
66773270
24563044
15360430
90994355
281005
16737182
26189458
1082123
87857588
55304303
67404701
61388747
85892743
57159522
33576178
40778773
51840965
54177097
40731342
80059986
46419219
72694161
10239768
17846898
84004591
38498047
17299577
6623406
45817398
37333443
11292249
65732208
19319266
42210921
51533221
39792954
8152693
72935258
21375569
58684683
76310889
80333724
8276471
6473552
1584159
40571459
157389
61778161
53580197
77193616
78289081
31149792
16970282
54164806
59994212
80795713
79301347
18751797
64997116
68840661
4736141
84596010
79952985
33413191
20677420
2876540
38938011
11669964
54419617
44449942
41807204
75843260
19291587
86982498
13059365
82936223
1484026
11570644
28770448
17735263
11342727
30919955
16681800
38972629
85172793
43734915
33325340
84020734
79380543
84682664
93624254
8494003
3520167
2585202
70476870
31170072
74040615
21094583
55778940
80548245
9871436
16692034
33892118
17648576
90054893
21032340
59469255
4088304
79803070
4353609
36693679
3056059
89920956
85621627
60389544
33084004
4449232
89153636
8799660
9750393
8310064
47677683
68771501
57364591
73737467
75559036
50256951
38127896
84328754
67984070
14499773
21928728
39062856
34517631
64284202
7577078
61199962
58448683
60289375
87914800
60310491
14381444
43368591
58811122
69829437
37852152
77077785
74494858
58377267
71296097
813700
47310081
7753496
81245068
83273511
66512867
41660956
90670569
4142316
46637593
57079002
90152043
57190534
1974903
79936129
67650468
70791082
1556488
54657119
56380433
87314419
67434113
59624141
29354583
91950373
77362374
27399254
57289799
25471203
17599942
1028876
13457364
49160912
68063186
39570102
70242666
38824000
54632841
59191984
53688834
67709801
88111142
41478977
24802859
55627350
64241989
63716923
92531945
64021214
32226082
58690011
47986784
42080806
69447730
49509635
59572317
61675721
16280699
36895758
75823792
29560589
56753298
50313355
72507272
10326245
39517688
44687825
58776774
55735286
46308898
71877233
73735703
61061159
58246739
73821077
64338872
17777117
82518623
10455982
20640193
91123662
24774653
36296551
92242202
40324837
86802544
9908341
92706790
77350186
3331511
2984720
82463925
64446244
22659121
54694586
8941278
32880715
90182521
36464088
51959397
78845937
41711271
43618743
21751103
64248184
13561145
37439764
40908945
75379788
43578150
49761347
55240272
34911611
52349406
5479889
77460702
84291761
7591279
25230996
76118772
44253450
41203774
37404510
57912102
51201812
4038525
26024387
1752747
19784930
72339559
92686936
13393586
51707019
18506211
24485349
74895752
17543895
76785398
89054036
89544911
10343023
9207665
90354688
75126860
52127719
81272822
30889088
38530280
50040044
3435655
12033103
23102282
46865634
32464814
477994
54984416
75743679
68114350
58404414
35440366
66110633
28004832
40816624
79768522
5754985
9376645
62678821
24046197
50797189
86347844
57741073
22026434
76223123
75976744
13791522
2821143
75781257
84368180
75483585
25233110
65214454
37810609
34155686
76155295
31205879
38329890
87835905
84755253
27624144
15937847
35071412
28137794
1683044
91702722
8642383
50915606
73744051
42215517
24249444
29657065
28729983
94192662
79120919
16910792
49909325
85746659
10603344
34822151
50092172
33439633
40644716
64704008
51848506
40422310
64682041
3466496
62817170
89677510
61289083
27932241
60733520
59367886
5700234
9374122
83836329
35753849
62543233
30903761
21161762
17472967
26134125
77331801
15476683
1472856
84980743
78488674
18659012
44646164
29207570
45812548
78532706
36015673
60628648
71766457
92137401
70976993
57678773
12696799
26904548
83272179
51780413
66298634
65814559
81211183
83505778
26493534
39391169
56840254
1175657
88850349
66248112
92573339
9847890
77463417
88111365
26101091
27262655
85201590
91006203
55525645
62654451
42459129
93485990
17411275
59432623
93473278
73865614
1890464
2327121
78450043
46864755
55539768
47556785
9585641
35396903
44000358
23321828
31311798
73757143
24470514
81010921
64156675
32687064
88982345
19757857
36195032
34625782
30260232
54864539
69131636
8209488
42968919
34927071
73209228
33003199
75797437
81341872
34417807
1047843
82982567
73197377
39451647
1265295
47060835
56737922
14809662
21633384
43661577
70321460
10435720
38696537
54418295
79229758
7222529
38505004
20402671
90370380
19936953
30539093
51199949
41438747
15921463
24417438
44834118
58005645
25366116
76326202
13860457
85718015
68909000
53221314
88809088
70247021
36474181
59771847
73767491
46732606
19910838
42625352
83542035
71863455
38594442
23491327
33801498
14671736
48825586
93389360
608762
12546562
833282
14108913
72912612
92950415
63330154
33103967
17036359
69466515
93821909
66681356
58359685
11508902
69484279
81495873
54234886
37541288
90716702
50436469
31578003
8217142
83326478
3065149
40044341
74450591
37366524
64943057
70138894
87967908
1842735
17473937
23383012
81047409
3483741
61331004
74125255
17262671
42237125
109380
88162064
92322249
23790365
1081393
20883289
62837553
42755198
6269103
49243009
90266342
59574167
34486563
37437404
64658233
44468204
72236407
5497969
20083339
7187303
2116506
71768166
20134751
61234935
12726946
85469790
85573182
29942570
26998605
89777589
49344258
78165570
28287051
16216201
52543846
9490837
72317419
76297826
14069742
11537617
25128310
43944401
63933007
57264017
83248234
14296621
70626568
71107082
36228269
51008604
45783670
39889835
34203665
928023
50888386
82100380
23038789
2768445
63116862
43208479
31504938
11692968
70876782
73046224
44328857
55574916
3313158
54510916
88616824
67052962
81763360
88232385
20785244
75263747
59629889
83550877
84091983
301878
51336947
3415538
60452934
16731201
54238591
81518286
33470024
5220896
80232529
36986635
31170395
45471596
41364183
39458582
9682902
13847371
57324193
91202965
20508704
10040182
3551890
35972982
36418976
29182278
9987178
94597895
44387650
60387791
59406916
73712932
13366008
7225830
34351544
59949350
43488675
93531878
76887722
41616844
75747624
79998650
10825472
14475
9738789
55375332
38607714
37476712
56805281
25107454
16872931
31585724
48661843
83434728
18375411
58459347
27503299
32840669
1112509
40007728
70527647
86006706
88632076
76004165
67367730
63133034
73551761
33217055
33916573
106082
19058006
47958644
70636390
77460580
77703659
39208828
61609477
53551842
20856650
1581417
576704
49815143
87018957
53237877
41572555
41278824
14627033
43471146
28890636
48912981
30971673
16220282
3124732
32100541
63584762
15714423
546631
70430693
75843044
88713644
53500881
73684089
60284019
74970008
72590792
66094932
70632325
25475766
85453631
27960533
60104428
8780813
76542577
80550638
50899482
15747961
24209111
93573365
7792925
85987749
60921030
89968063
73236000
31975693
27085632
23706007
9125097
33063127
22736018
62175872
36200284
68546897
28254935
38623141
86175622
34697440
89816320
26325423
4408984
47176428
36903073
49016484
18386891
410519
5146229
19523780
72332068
48738940
25234655
54615506
32668770
29872590
30602906
62778587
93463495
55334201
65592295
8716342
71516899
61670579
52507094
35478696
11880749
35757742
36485185
35666564
90330651
15787106
13381524
42342901
39590737
81110938
86711958
68531300
31763979
1784440
60401423
39069611
42186963
85153534
75814689
83706877
67779455
6940034
42279371
81493492
27497031
80125224
14366937
49126234
35705574
56006375
86576366
22735187
68628279
30266517
65519071
37528451
43664703
26018624
61709956
87703107
82796229
57389698
25994067
51268926
61752150
6683186
62487938
83384913
61117982
10424536
80127993
32708699
81766960
90719228
28060559
61237895
53294220
69342180
20266142
80271195
51515960
78885300
74556578
57047865
26745643
15203976
73664986
9455208
72656341
42266396
15481428
29603160
16436106
94297733
86544432
23488774
20685357
73094884
86060060
18842307
10386324
81329708
791888
24709367
65336347
25281043
39198973
84716699
80109856
83205163
50849879
23317229
16534825
13580558
19619882
44614295
70031602
34640117
63562619
58942001
44131658
71239747
70444079
34460416
2500283
4498234
29974517
38106681
64641481
23369955
47272566
67904606
43244766
4999449
11022682
80932979
8703581
34142755
64696629
86708892
93901083
82004363
34971036
28803493
92448865
84880504
32885331
17889860
79194467
77630550
78289901
82832207
35793245
36314051
52846465
771244
89425864
64054222
76555482
54663765
93093343
20564010
88514972
20993029
6521645
60088994
42168151
68534785
90539077
54349425
43008327
31245033
63606002
73929627
75617741
74365183
72013802
52768788
42157303
54312535
14007141
15831407
54731630
48564452
13649555
2451372
87614470
81589320
83383470
16598529
69265559
44040602
25655494
14107666
41768181
40859018
57931945
65474492
69716400
55286180
69573186
90298047
54853583
17881998
17134824
93550469
11238770
49421508
2671750
42294154
75163126
65095040
51779824
419286
79255236
74459892
92383450
14984439
22810032
57278543
50451885
71075889
44410050
87176717
82118053
61111154
22689052
44737509
88190485
9253539
14029868
71940566
14023412
19169106
59782631
34522644
58664540
16545905
63888472
64365017
50420947
14004866
20845836
67309598
27243036
10571585
45557498
56143528
38033850
58628407
60737421
44798059
60483018
8435959
22076233
92476052
82615986
12251091
49912951
83215118
21076028
73761143
32461807
10288986
73910725
59849481
24159847
36384258
39478569
51000609
8892296
28118205
20942071
8639165
4056509
18461472
15384032
42516787
94234532
24025919
34571293
65653719
33764014
76342915
47783603
69128447
83799700
36693439
4585118
93671240
56960994
61706124
2735518
1848586
60157389
55509433
84371395
75584081
4675928
39118659
87024890
48253537
62749309
34932892
32718587
3109591
61196339
94378420
39471177
64958969
13114436
62934365
5791646
94344524
56376200
48212033
48893913
87997856
72954472
76444000
58146069
45824004
73052229
27251096
79057883
40118266
21882483
23660661
7311125
42073689
20308234
31915653
84747383
43295199
13184355
31891895
45995358
42649719
75153665
74302221
14443356
6893423
78276406
19836162
46516391
22941396
82525113
59603243
29754981
76750716
75430730
39349591
92296382
92694442
59635259
61772789
6196540
62389050
70894713
72695661
54121399
2586915
63869289
6877405
44796993
37893511
27392973
11154477
16439342
32004201
24429402
23798038
67753590
53117671
53330628
88170367
66379130
76965560
82058458
40948925
20711648
77219309
94205228
9989673
44981001
63055351
73377231
80227210
87312286
39539175
85123795
14860806
58963310
84736747
67916508
40278681
88316868
90172968
29662404
10794032
7529572
29923501
46029318
24768246
69256989
22499138
67591239
36891608
81489167
40949062
94007905
87587091
37343688
46509414
7763088
87458201
5617304
17609878
75763998
25716313
41519408
45097900
18860552
28031745
61240101
1248069
5063374
39179657
10761337
65235722
16694746
39073891
47160685
79784347
53051470
4328921
12822379
8923665
79066300
29585483
87913329
72734650
69464796
18136753
58954438
76505881
71608635
11038945
41664596
59217980
83180793
67234259
1903878
34748051
70237965
6031577
4720359
97540
80464572
53032461
68252628
61428016
9405503
8061178
291526
68251362
44810928
3612371
46646849
9001548
23644720
24656781
58788486
10935673
18227057
87971776
57010764
6607258
29882740
72186484
2170191
60007908
28440646
5975390
86829773
2624123
30348069
32801333
55238723
8140510
20029869
31917914
73279265
38224392
7578804
48399272
7402333
58352711
2035080
35405854
86949030
82663447
29030783
35264300
44895712
53795269
49771025
92453924
80293300
42218990
38852758
26040319
54162857
76247824
35728349
12187294
25661666
64676679
16436319
35204018
79181539
80159430
41485043
58599250
40540721
93156043
29399626
51512992
31261503
31586136
52156879
6745542
83225394
78397408
27883103
8463244
65300968
59297252
49335208
63108845
79150026
49285825
85029944
29625784
60454401
35119328
86470979
46455744
898985
87005386
62003481
46588073
5111693
8798829
94067300
28639483
44136293
91221630
69536551
39355591
75155064
30679674
15920297
82289660
53078490
53498751
41763467
14450762
79326136
41261549
49877784
55029774
35271527
88431374
63909033
87344637
16399786
25588414
87430156
47906508
7313675
86870262
4725026
38888016
21999093
20724005
78773728
42749644
45182279
28556212
83774638
53456920
85877274
36575515
55676217
92211625
