17478340
20377044
59435930
74523311
78609416
31455019
88116849
4457174
82769365
52921454
90923904
17207612
40933596
26334144
75530794
21890979
87929549
56557221
75271564
25572373
22200286
19704327
78331376
22583585
22397369
70046856
56923866
73136841
46899919
74901039
68807435
92892391
87402901
82507209
19908968
65159503
52156312
52393584
92983545
63372992
34552997
30513924
1955775
32315476
75399837
84161268
43685833
12034222
79469052
72953256
25496171
56720946
77402225
59858912
66526850
29425933
56891288
65720281
46814413
60780665
14788426
76884884
38676091
24342776
17554775
12010887
71797518
36630398
