57913145
42360216
29761540
54724486
59682155
26416828
88165275
48710441
4629086
6158808
56661832
89360605
42765732
50427869
29696938
23139093
48775400
44446859
24866628
56108046
68605237
20601526
77027016
24920783
67270534
80841287
69482447
25971582
24250772
58705393
6622917
80245235
26519427
23246841
33085498
66863582
4426196
30721983
46055033
12448026
2915879
82093787
14928595
44268322
71025806
82469524
13048382
40834165
24104012
10897559
64353704
12756537
82031271
80590256
53563228
50505510
91238065
31760978
80009377
67290386
84599040
65906219
15669149
57476898
85649719
51226849
12463085
13119203
4596456
53791545
73812250
16420200
85146010
43820292
59661841
68954041
65760100
2827337
47679673
72937605
52328740
50005090
5316288
24272188
35631623
581479
54523562
72904873
74058472
59550827
47237650
11990316
14916620
4951191
80685142
85164914
51879297
58316314
91445808
91399694
59554064
