56251472
30288815
19349217
77987240
62636018
33538544
31457534
58948060
69862896
8584167
66300755
75063987
43612632
17420928
29678294
91502822
41820680
90166863
37318541
58874735
74404992
50728174
94205436
74510268
40250311
29003909
44092661
12203844
67693640
23045673
48824277
9499186
51751774
53338469
3514499
52572012
77083881
29974256
64333762
39431955
93545597
8054734
89046103
60040380
50031179
59649078
31095662
63290105
91957187
11157406
47220498
82797338
70715496
87382102
19996015
2078228
66574857
4132262
47413744
51528365
63348844
43162511
61938110
48510214
40494940
84946579
14241435
7767756
75598208
27263716
8605561
28611300
8263285
83361954
52266599
6589798
51233806
8837660
31255219
70180231
52367832
47228668
30519919
39734002
78294961
61337095
2147379
67835524
8119024
55342045
1200580
91041321
72319801
2258856
52096491
88538511
69714252
45348702
15023200
25316538
57907076
86014184
68684743
54028179
41499228
36452644
16959127
85817202
40299457
73229676
57025809
74789418
92527988
88384857
85041056
15118811
25618772
90639913
93945397
70840462
16587271
50632980
87637089
27970211
52542246
32513757
83309445
84014981
76686400
31776061
445104
32759737
30780253
27259344
83274744
67326662
77485038
24479324
79859105
82665371
5586199
50461047
16125699
33084229
67365728
48532463
94302750
40010566
28470267
12369299
48792104
48886643
91508937
91319086
6777576
17212247
89707627
56755386
14431486
74902632
11541759
93331969
41070717
36719732
3390465
71284697
62633183
30787251
57460845
