26727848
91115101
80626528
78346466
1693454
33917479
71213589
1893754
8741991
18642506
91553819
39295287
54997989
48613602
38356458
74677447
87614830
52721862
46403186
32716087
18739374
63379993
70723567
50703923
52307312
32891074
74121431
3928977
80133830
48389135
25710762
81891590
81254818
36992070
58042648
61706478
39171339
67162921
5662803
62264947
25252047
16717296
2888664
88316104
14947820
56148638
51085584
27762681
15713425
74775094
408337
91988081
14364118
60307968
35433649
27849840
76258655
15560870
48537601
44731695
58883638
45279164
12284053
41298975
87466929
59982363
36808445
47408910
64810266
28252875
50156568
50134222
91789336
28648591
2212545
78068609
94437994
94053808
52964503
66860005
9371221
10405227
35156288
24924345
89538450
76333357
27944315
66276982
4564321
50723548
19648353
31802656
75993141
23567921
23029640
89286175
89675822
30911570
91662028
28305800
85865740
32321709
60427815
43084835
90472987
16989858
52358513
32201236
55939270
91314366
47170580
54956052
74251040
90998439
37384419
83809673
25194682
37762025
59728696
5719183
12339867
74372595
71742822
76989823
11812024
39546288
66836282
11379311
15106431
28247594
77792314
30157138
79292480
57127561
28816780
14276551
83941353
51539764
47522543
31936101
87438799
3295045
55877944
64831324
55842390
58418834
14372393
65098644
63256859
88830648
88497989
34561415
57950500
32564333
36851203
20546843
39295281
1813157
58693333
63535283
71779231
29980888
56855607
77152641
27333872
53206214
74981251
11008716
11440196
35972013
53891697
74151811
28049634
78424735
62847450
46055160
21732225
22394077
62461858
29112058
20229175
19940847
45437009
92100594
46724447
91180392
58025629
75114394
55093356
51871493
42286796
94581611
36190934
34054718
34303191
71214037
85502078
41690285
54756418
94209958
15157863
69276994
92533760
53429884
25388081
8785009
75924172
86829204
76865735
27306313
10162354
69618098
3322990
66753942
26886835
33184543
61270838
44015998
25104558
43407683
68757844
21463271
10180625
65533814
69614661
85135619
28252237
62307304
7391383
50544871
38199792
91268694
19440291
56457946
16230224
64971901
79916357
62326425
16566249
25705798
12066987
76569350
31304182
8450635
29001294
34787319
11995012
17874687
47120211
83485251
66110788
5028396
16308920
55952330
89975275
51392388
19933042
52221759
82248976
84752281
33946572
29685917
62951440
88263046
80015238
14369661
47096601
6960563
44280497
81834633
38588037
40267663
2915735
69648849
74805373
28210641
29987428
11904628
18122578
4053775
67242493
82667664
15938184
94053211
4531080
56041052
58163994
61068674
37349320
5813618
3091976
11896909
46221373
38358788
76342714
61046756
13339706
77733333
73319103
2238132
45605611
81984720
47494335
42382118
52645914
22166039
69979558
1212451
41375836
78638077
57883495
65129894
57882648
22662008
42133695
75755062
781812
34226250
86829210
17807447
36079928
28253145
23286080
7364945
86020965
44354846
45445239
63148348
66982951
21288469
52483809
60152426
22579493
67997677
37270743
14087989
80277792
92189822
94447106
11592944
92302637
22013751
7024402
8070872
7675111
10662948
4015584
27244768
52051037
71663135
77128597
51488690
51976411
6289582
11769534
53979226
20500253
17707548
85350455
65501625
87588654
38145364
50862637
63523875
72696429
50570699
3205418
82126554
84692111
45070263
56153955
50146232
92964193
88912745
59208629
30172022
2958752
51997408
94502936
6891783
15121749
6907856
12568982
36040694
69506867
78172252
93642530
29337159
67089312
35435152
55164607
14432800
73889920
24509810
37260887
92792923
73875845
88040254
49283332
31630073
