78269097
61440143
53984622
34972228
4001506
34568994
24804764
65832659
64250608
84208778
48323723
93859593
46565241
70695042
68367004
37868200
21610326
75690727
85688503
80915965
38085599
87907679
52744475
73288508
29209631
10279150
93430331
5592281
57841478
14054216
61397541
15484111
38762591
767917
56889872
16000357
21762524
16464030
41850661
18914270
462540
8478073
71377475
412215
41614989
59825253
87772467
15364644
51140782
87308703
68789436
18543703
25198180
24633657
62204999
50358983
76373073
28831250
35116953
35760361
3713472
85376090
32770070
14131038
21646920
32722551
69735807
31676390
46587313
53121689
85481524
86721641
6112289
26038328
89724840
12784417
48680540
33209689
57388274
87920384
44729982
87168518
12474944
24884682
62218443
49867828
56045083
57367162
57610697
13566400
44504124
66041181
16772011
64072880
85996351
86146654
93222970
32418824
61874798
1427543
60609457
71818517
88187572
82018199
93996174
23518054
58088944
28972665
569233
91083409
69932832
72598924
38334845
54463645
1220353
1930652
69434221
36217009
49125797
