92959019
8473871
86921827
80878080
50642407
35416809
3825477
71242865
84273893
32747985
61021032
65843669
23995085
6752460
25788613
32625740
39935437
10856547
85524636
86939620
43323543
92630821
66106398
20661447
365617
55806254
58279733
90957381
27415055
89199221
65133083
35162717
41773131
61151873
29174582
25703396
84213133
7935630
76130233
22648632
24645597
6675053
23835427
10322474
77125267
8352237
93598472
23499901
94369109
43165010
56005890
10935863
82086600
43219553
24868188
81138978
80040017
50890381
60063241
19006952
14668346
42871879
32100848
28754069
12776891
62778762
43630852
46077874
643094
79569994
17382837
34113440
88197809
55934676
60322208
63173860
74875294
50714149
56523738
61763865
36426130
62390860
1011880
22203203
29462462
50328550
74176701
11960517
29694236
46890170
50662388
67783705
804226
17881189
93233019
1041304
32599757
59964608
5747006
78608962
46409173
26149830
66381111
14295823
85388498
53937122
71639386
50114535
86704266
53153199
9916932
17912120
52665064
86603550
44038079
46126995
2793091
7754593
76686825
74484157
19837432
26368754
15734798
6764336
70363896
2572393
70765484
3575480
46264897
76222593
74690271
21542846
23500604
9618725
70506210
46482831
75482114
84878109
78607754
38494952
11462551
387868
20590218
20631259
16300777
85336786
89429283
30972436
49290334
41122907
54937137
5844966
54349016
16711431
47257534
39645102
19674024
82376118
9390104
58853408
64605449
35639176
5223269
58113862
60624516
76020725
12879410
56805842
646180
42919392
70506213
91959985
63651733
43993433
73353382
88983193
54343253
50877313
42954130
87785794
23632389
83431850
83110061
56094210
11878519
20743460
61328898
71346504
47722764
63933749
92854450
65801332
85497529
67227493
44358403
56296375
51688641
366806
94423066
81752644
56923701
60582490
23330590
60624512
31268076
84157947
15344003
21666428
70348249
50484817
14304626
55690322
29247055
21390760
6113038
81046342
10679513
82378181
93745585
43106914
84439535
43617563
5711535
75658512
62410473
56984898
26578455
94346040
48670914
14965819
14058312
80707885
81182948
76375704
658148
20878675
56139696
60675341
94620117
71686808
83145100
15122733
82502987
47395688
28334391
91368488
50987258
4943045
21092213
2893758
44837212
51303698
46689638
72197462
44553120
75926378
67498002
90060658
35871355
91539967
18641247
41639213
85247867
5014959
53539064
11382833
16709459
11081617
72751692
32731014
90617507
75863511
45818134
14220043
25791334
83436477
37663684
43575038
29992398
87320764
86892588
50357212
54995582
64479808
24164945
94237299
80074745
83774944
39884811
46958646
9747010
8598355
88824174
55447706
4076672
4683493
51746738
26042074
83876054
25376938
67862552
10458470
3306422
54645143
79619735
49810693
3752786
74146033
72998267
