71868896
84739348
91671694
5924705
55346801
30005535
68083415
56666406
85432142
42160563
21300310
66029657
37330253
40399421
55387849
8297049
59654956
64161430
79822270
89954862
15030386
33651889
39830618
82673050
7538097
48885206
44537116
48996830
58815122
12677544
76453003
45690838
64096955
51571469
45394417
31036822
20910119
89962441
2866667
82220922
12252586
9890172
71454459
24261296
39389879
28371507
73423773
9661072
76926129
26753503
45485658
51982109
58430944
10030427
92486707
69748566
47820292
28256356
40610618
47413723
824013
68686195
5233489
41246938
68263364
38244158
3371810
84878551
89134470
17357227
48246171
25435403
40718848
52324610
881317
92252028
45026576
25980327
34705369
40841979
30124998
21840845
12040529
51725135
83865997
19904053
83474112
42129980
23132723
65120638
34174228
34573442
10081189
38553212
41906190
26409606
88057845
14134249
10551211
82184857
12341660
73478799
93017663
88599046
56277722
20733362
53661661
87099266
94390265
80206315
57635482
92531746
47153348
88463940
80137224
19964917
81802721
43185737
73424924
63329431
46311107
39813475
23059968
70376629
41525799
81260074
69798083
72028527
91535385
47728235
5562284
77463803
75310405
37312692
30686709
58351572
49361652
30111520
76821583
12995572
35999412
92124206
25815344
4029723
39600419
48011174
45457178
43478104
43548120
41745189
79467296
41908495
47130483
20676415
62850738
5723656
39622744
21953108
30231998
2260436
60411219
