72929422
40329144
36375379
80710884
2774559
51806929
4368969
84142477
42753542
29815477
14103754
62456899
6984758
38443575
72767190
27709348
22864655
93341851
17435243
69870775
39821655
29390483
25254809
20338241
39787044
41240156
64499204
16518165
88541515
20693404
5425057
58959837
10256482
47572085
36060779
31931579
13791951
52077692
63606382
16714287
25460865
38904803
66861875
89794628
22206478
17246130
65353935
73039268
2768595
36956638
32821462
60792739
5672206
51940443
74059008
63523132
29848406
41430684
28185227
46817933
78045763
7005974
6821592
88056868
40368591
38822560
13323499
91343540
16979893
84592505
72877443
35650458
36545378
46108107
60927077
25461179
27890149
92683134
62630335
40176490
34519227
49856320
73289622
70847551
26034861
62287315
41890336
85979584
55394787
20412403
67430779
28742786
7779128
72193135
70874875
73066217
24936616
8465997
91310484
78712282
86728833
18973824
88349210
22475009
61299759
7191083
