50827869
9921045
70153722
83893775
61164596
111050
10168851
25336963
25754511
37879357
69355725
91324813
72539067
63238410
52727560
63547489
82510183
39104567
7934149
7526466
69547660
13803478
5424830
61774044
18476420
45631360
52559181
42609750
45887652
74370358
45524779
13653933
91021195
88299360
56257619
21717439
65241789
84113479
1408867
6007267
13301615
75802146
74492164
16239972
2764128
82018871
85385481
39407932
44189968
88576350
79885519
10001241
49463476
62704959
51546492
86895157
1255103
25183057
91012354
37468685
37899533
24614692
17841373
13406759
26781600
22290100
34111399
32798574
14223221
28859581
42494880
91622373
29415952
32501874
84914027
68441766
7595600
78036785
90347823
62856936
32494560
7807557
11121304
42328050
492929
70834967
69265372
34952545
38918583
15155740
45121990
19468100
11370221
48637593
13817732
61873265
74076290
41954872
3610725
90824635
13560359
50815270
79576883
79123187
28761759
70180557
21061102
73337933
62199297
83107532
29852165
82845388
73450268
24349980
17916336
69485495
45785535
33952666
21496086
77617856
27740663
