82208269
44905398
33662327
54157584
69300122
51782360
85408242
41500143
29593623
50398513
78926487
90155994
1540162
71350361
44274418
62649236
67481582
71254915
41706430
27680315
46342879
75030333
82110723
33687328
30938996
3319522
21686469
41500147
60546103
44736908
18213622
3564535
79329603
66563426
91068438
6424927
46321209
12737844
92716536
85207767
36960299
3365045
72317948
52676354
92991154
40282173
77719154
56922657
59058003
59306735
25354900
11207523
31039190
80765983
14255680
33746470
39200204
64338524
75364429
43918451
67109544
2634488
40309420
73755273
5016717
67330233
62769091
48064200
21508362
28166236
74546973
69879182
30929245
77732282
79992330
60330622
58090443
55896762
60229565
83519760
29359595
61848417
60811806
78700296
2931658
64945546
29962569
60583004
9426140
