92874344
42966487
20569440
51624513
1324440
29358352
83882244
57420689
77454985
39928531
42358764
34553031
93003593
51458166
43428347
50599158
23604178
12619268
23323095
78754229
15895741
5208677
88874626
58713094
92078560
92223537
46941816
26038937
28577022
28309835
7191055
60957427
189330
16049056
64064902
41297634
10527934
21790010
21511880
30774357
16486452
4698542
43754273
4376986
66236935
16998816
4864367
9623528
26931131
89000116
73932071
20093610
50587581
81942489
75488463
31648824
76840606
81909731
76295446
36939861
55463896
83919587
70713497
68401547
49021506
84715620
29478939
74169732
73810923
7150335
70531009
78725628
89417497
5153533
74375273
51954722
10495255
19277791
13836942
34353216
27892185
58665679
8326644
29846939
91354497
72660704
65808299
92990390
11077812
87315983
40140424
36898079
26121531
56544237
38684288
74622871
74154308
5853724
54169160
14124865
53240175
82609493
45461494
68722760
39439448
56209138
50273144
825468
41169279
81819395
46546472
6477048
85516031
62881796
36967236
51850314
73563248
24032153
33136367
8570006
59908226
63408169
39978045
53489236
74549889
49750377
67462245
20703733
82461097
5480719
35065328
44865171
60860282
65806339
85129779
68294933
10024445
21619781
13416610
17929950
79536945
1829233
47660169
54084061
83572912
84112890
29567157
7694900
85998014
45374048
9809447
11511398
83422133
25045245
30080426
84966149
8120035
24653242
9067286
76064678
47600113
77457458
20479250
20099658
75218803
69693743
91791466
59550147
91868267
52461288
59468536
43851507
64527350
54310796
54370333
50398969
22391873
18696663
29400401
76793384
32701830
15556465
67313937
35074708
5606626
87073532
89911555
37804723
42168264
79007654
7673209
25444319
81183
81369661
3138365
22559007
38994613
44983339
9957532
87590257
10945818
10384334
86954868
15402432
39071133
64843190
31637346
5580877
84414638
15582426
21933402
43565366
30482444
65156698
17896469
60377723
67816448
75449026
61983757
79654416
7969671
70174677
51446917
2220130
26989195
10794460
16426118
66852452
59421461
11488638
46590946
91258619
989833
41613283
1755931
66503285
51055304
27156877
54207130
37361532
35862119
36506899
86078843
57158634
82535124
