63682663
42190922
87496969
82898833
29878324
78616930
70678154
42283070
32341242
63467469
55238807
69101681
33051029
26101876
4140265
91922717
30151735
44296094
72105423
65877783
22182834
53230592
24888394
54846083
13995010
49678985
73037969
25441078
40848120
59128231
40334396
85146940
24396799
78709531
23357177
35956638
59217548
2762446
37970508
56976885
120724
89902520
40105421
45882579
4950237
9518023
34505503
29325359
24843210
54469887
59509226
34680371
20727391
6837464
25201153
73399150
6402313
37430853
42724486
86387632
65268431
8885440
82276088
47581756
58230789
5447073
86432770
60697818
85776701
55502652
20053874
24862616
68899453
24625592
4074216
92614982
3029413
70768195
61758951
44155503
73727383
56909822
50390191
79010536
35328453
8738689
9563455
1360380
9271111
14772812
88838815
76368926
77460780
78678050
85487175
13083406
75661545
92236799
12453983
14214786
80880175
78998129
26700900
63889301
66051360
12918590
88649386
52269954
79446793
78793967
3481863
29215721
8716136
60360493
14156538
35855219
65196218
33338059
74737918
15635742
58534900
58568224
70916294
14946042
7578774
68444313
18212936
22763511
25386318
11641847
74683005
59629112
50552228
16523556
55268242
21661259
42726212
46427722
80258459
60607185
46994388
25538404
36724461
31797926
13267013
37131801
89932161
92565017
55062813
22172048
4201601
88840816
21885770
64824471
17946423
51112261
90054398
26780208
60316514
89597830
1424281
32651657
45396771
52665749
11095612
1620828
60207889
48996516
77666524
9518651
70060255
64687305
18999143
75264634
24807676
29359866
82439718
35906787
2169662
63066683
50339149
62649830
60958607
29973309
1814542
69010581
87675645
31380138
20894111
31854825
63331556
14570046
11691328
49621640
60834755
20851861
11044931
51000452
72911687
72240523
60299224
28627124
43493540
81816347
85946502
49834642
17274149
89352380
43883438
16952905
12588263
67406894
76867683
12169417
9398176
44578623
24943256
20169807
50197667
65912567
91888817
27956059
81966546
45341210
46648581
62130739
78921755
21241731
81282267
10294143
82874653
71549891
84812656
13907041
2132086
79097993
16125405
38507115
75545936
68708051
33140823
15497124
63770934
31217942
72057615
33139787
41346823
85875204
19521313
44532523
6942235
18363585
62468082
37255666
50458981
24407369
8301321
68569447
67073806
10944904
61864283
32818815
86218481
25756859
22204810
59492599
86569823
66595850
18569882
37246628
6905208
15612405
90617216
51580806
54028524
82009075
87611377
63411298
65500600
62243316
16246981
46820428
19716177
88457634
26766100
51774228
14332415
89054269
20348417
84536166
65943016
44482191
59892404
27214902
54653989
1372075
49778645
20897329
6024905
87599591
4745428
13249526
86523712
14077890
24157318
28612262
80766543
22051426
46676014
4524918
