23289421
42064410
57457297
18880380
43887570
8276976
14104271
31668611
63247832
11876770
43118616
40418816
50946838
87541688
29662332
48342521
92986011
56532267
58140825
16142792
19729168
82100094
56314433
66042854
33341898
23962094
10086700
27627445
75724061
49924226
40873893
15254962
10299730
58222990
85566972
53152131
87442658
27757577
40845991
51474578
11311362
49733196
1010297
70114428
82414926
42243349
43543202
51747763
20349396
5995940
14778187
11345821
52080408
74806398
5516741
50286861
60235610
37006003
8817736
43259918
75891870
33226602
86664245
69752836
14355630
74165150
7777448
81381636
1906273
68812504
37159725
2870602
53258540
74470423
12422621
25145388
11754965
19111282
26515593
7249829
38633870
1975363
