67184412
75909856
40702191
42326223
75422016
23936391
24336226
57253221
39075448
64196663
76480376
7122578
76680966
91887044
84225434
33998703
72317548
67973223
65479700
75981372
27865930
74501902
53853202
55752268
18063730
44934096
61591192
32556793
77734431
75999907
63463458
33736614
605517
5585997
44314076
49682276
50418632
33510806
52759430
9564836
55861894
32633324
57768469
12111280
58082030
4016796
69527991
5940175
3120826
55469939
56992574
30372681
19297586
51602152
75195062
86768109
43386578
4969632
81644705
4873784
60758419
37095718
70135485
80173013
15768655
81119821
61467257
12118669
57684487
84448588
90006687
5908676
6139344
67887528
63275398
91087140
31834186
54024199
66593116
50250009
3037719
28861363
22572506
3686137
66284478
3501518
46960062
407992
57322094
72128590
6775807
76964480
19017053
62337517
69849705
82537156
73097231
58266773
75346356
31572287
19179165
34172230
57958006
48301224
8218804
78457575
71903052
3208068
40727501
54568542
35247658
83697903
35987999
51450425
47274399
91353582
25820913
61395184
48821000
53087601
45160364
53810576
49557752
22504833
38189712
73387647
23811559
47538701
34249623
55992768
62656844
64514808
7439774
79821998
4225659
3343223
57695300
2986660
31869951
82774193
79888169
42054311
6577228
19125846
26322152
81564730
69717650
18046701
66577174
43488161
248227
48649795
13184168
16703564
91924858
86613821
65299754
64075117
23204151
10415846
45628206
37684806
69456729
25774386
44612110
48483770
30576860
62302991
69837528
53778140
29920775
26757041
18551588
75953650
74519728
61828756
55521862
74226407
54376297
67464462
21754381
87195777
90195400
53307779
4841647
57414823
88454713
53011458
56410376
87110297
57210228
65578093
17304395
5393162
29056186
32962174
586379
52688875
5121659
89531267
13524267
39376209
76407998
84226949
38742988
516638
65468289
63338574
47862517
10910723
57770595
1446523
65598070
42447424
5099953
18393613
73095965
58603808
59320714
74392978
66515245
82397884
57795797
75363752
47877120
3865934
33922986
35958087
52219224
45782295
14545378
72718921
2852259
29954770
11940033
91798809
74824953
23400017
81984272
66058108
61191306
39165227
89631847
71319887
6541319
61080507
22872214
19646956
13025252
2664644
16451435
1537270
86921413
25007606
16252442
34442391
16808640
55239419
90974808
91883776
36452208
85546417
68424460
34187996
23342219
50939608
86392098
57001294
20483026
16405462
70301793
26122291
88141631
47424478
90503983
10264827
81879237
73930917
44845722
69635938
74802859
74138596
24354277
31277636
75965058
21253752
32510829
2040524
34149429
46086983
59985364
7342132
30208049
90742797
77293581
21922919
32961640
1857294
23413608
64459362
61868600
49652226
79815427
84959853
25818451
25867883
68088401
73724037
47874518
49111357
32101386
46920660
7970885
23052399
61410261
39647198
23446310
54348670
14807943
63138752
83164490
11841126
57099346
8887371
37133585
638473
26770512
25540121
24403233
34383109
27365517
85152744
23653167
15746796
41213775
83926828
14148516
1201818
42041037
3522496
83954916
56362551
58131469
77813016
89294074
5472111
75880261
35751183
88471431
47753909
6840428
3354698
90388446
70608758
60740928
43619648
30333024
13906253
14135489
81015643
91005309
89220368
48366938
57416166
73246659
328918
39152910
22170946
26461169
35695384
90710345
65948348
64759
17839397
12715606
21768657
77753371
13344465
32317618
22487554
1410729
27688292
17694448
89566776
29693552
71684546
7308837
12618927
49382562
69855153
58322223
84060460
29628971
23227727
56519748
51935902
447477
19459300
55078289
35306398
20401812
9108732
8820659
17163994
14923531
28622733
5595325
49243415
67538269
65123923
7541525
60387708
40561579
89755574
64995540
21042350
17636965
3637999
51955250
26196056
51319886
3488322
25135182
57525188
73697667
56194361
4665513
74158409
19824917
57606798
22283910
62214091
77844471
31749494
50460216
13263010
8648422
17109577
43446510
34186171
51295402
19868073
36508026
35114663
15164857
32080447
7044551
17803459
65976932
45131747
106562
7015049
27262983
78851171
42937199
32808623
60167348
63762130
71192224
9994654
60229355
43635349
9434934
26270898
68563666
6073848
143467
29682710
91810561
72491617
24996854
53470644
70268107
90137355
89280445
20599093
54602338
69349853
30102975
10215126
85478203
25774439
42721752
76635737
7553912
13207042
35245772
2391685
87427496
83080284
59076026
39419742
23664593
40748658
9917991
71906580
78263888
51460052
88899936
27577118
2669440
30178977
34049342
14684858
86229168
54874389
23295976
88696385
22698826
88137636
45507364
6383203
18376427
43499849
52495920
90790308
70510815
70203
17319076
45979398
20107306
10493265
63748429
36886740
69915243
56438292
38895879
11162733
56910983
50971532
8572763
43094582
84563373
23737434
47387221
9344982
48488195
63595238
5018875
50644368
60685306
19237192
75793530
62177165
31015692
43058921
54345332
81626666
46408479
27393805
32073241
77961752
87686794
56402063
2571902
33390122
86911328
28369245
55058344
43084172
33702001
49399631
20366550
88063577
30287224
67446614
49259988
67857366
19945839
22181741
50197670
63160604
35338104
30168326
17399527
59469489
56783944
90818457
22089084
68733838
92367125
17672255
78214383
28380823
86781377
42574925
82078634
80832116
24500502
15779936
45806924
68137322
72814064
86536441
14065390
64682852
32777109
74560567
83346518
87625476
52593325
58092320
8806081
88436423
34104220
6733539
46820514
10263652
75955392
81688817
47219624
30194466
75407600
22361230
50827702
90869344
41454916
90741096
66896415
85486392
50027650
40648507
50271032
86364333
80134012
53157426
7460795
42130787
58797960
2762621
51116898
22805260
77923316
23977306
29625504
92525611
64417653
88705489
24397033
38613023
53844794
75529061
42506250
53142666
65109057
86021769
59830290
26764804
61509260
84334018
78966154
82535322
22068268
53121020
34148238
33246726
85937222
65812190
7292660
80676135
17117679
69570542
89630550
35576097
10701940
6597218
10749047
24312467
81551470
86457831
36174531
371734
10024005
55000022
90258922
14250329
23185783
53005747
41362947
30128202
72235944
88840794
30032083
81964956
36278847
78221170
40221263
66818489
66958889
77228297
66296639
35710072
84431008
58036475
23184356
53410902
35731581
65661859
31087329
69935854
1623386
50509797
57350442
42819380
77010827
55617455
85544572
4047483
36394413
23370968
8441657
6995914
57448653
75731916
59291862
41817683
87382052
7882613
29031475
70631532
26763779
37214346
73410532
37830313
77121371
88083209
23762684
60989112
718692
85074597
8942665
52615776
33187589
85252650
87533319
76229546
48351992
11072853
48340481
80350718
6929150
43662316
53794030
19088730
48320731
92997133
20213695
827181
9445004
54274720
18444257
4194027
71702945
9150913
16744313
59211295
17267521
32226140
42845561
47508439
7411549
17165450
7458753
52400435
44141237
22807631
89290489
5117684
12844289
69476932
79854155
75697236
24415716
8532947
65500493
44141343
11300644
88467072
57370219
24195338
28317469
59396747
88608521
9437288
64425328
9634867
86587542
71167797
51893093
75121243
87180398
14295358
29984971
28825106
4561625
33291021
40010063
20487220
10707309
59303840
91093000
8609654
63562256
72352174
43656985
59324666
33731572
86422076
65473074
25896619
31357142
78402154
10086511
16187376
3308749
90383433
51531278
15160316
68408619
30607769
87862667
2448371
55275689
17640186
17401947
2785306
36836105
45204655
35632505
74006868
43755056
15653615
54339228
58119184
75337083
48724798
44311452
19936013
7115729
64777176
19159681
66783021
71874536
27162563
56359243
7852077
85370237
199995
6200465
68050990
26800987
33486123
39804379
27296197
15812975
35236885
37520076
68382016
78703002
91419144
90184269
46858533
8014111
92545913
89541335
53236082
47787221
6553885
39740448
44676974
35525577
29083680
54730881
56677579
3578880
20457281
40926438
40990461
57500214
7740065
59868720
70575389
61482150
72230008
43401302
15056348
88739972
67860545
16357050
42672172
72936165
73407438
30970204
62280101
30620458
63140728
61736284
3512479
5116678
2239003
43868064
28763567
73630541
2919299
31942134
50754898
34885529
42162422
72676648
38684184
40761814
66178976
92852421
30363274
4380752
81850008
50946831
80062268
53569952
68021868
13923913
42557276
75936236
7879694
68057359
41947189
613067
25687279
64879360
75346572
12751954
34992120
14988710
20004254
17523947
70176447
65085549
47601539
62249459
36187807
53101188
51812208
65163605
11033828
59656757
45649547
50791240
14051911
6165733
12023331
10898905
11553555
29916593
43424059
29046955
67427602
52838058
3996304
44260784
22889337
89512247
40101710
30344450
63772057
45519378
80945331
52686473
68168953
45958713
39318759
35406279
13275407
39356084
70571698
87517088
76633287
39019456
39638333
30623398
69153482
33849430
73870549
61680632
5182077
1340197
63828460
44563199
18148940
43335896
90286895
849296
75032014
6985334
81381807
59808015
70550063
55763664
11723025
40679165
2432738
51346824
42047492
25403891
62808770
21592746
88944164
52620453
12139013
22661878
77664790
19879973
51712544
12180846
3960725
70529234
71074565
13132420
13029046
26928682
60028241
77416410
11728902
60207465
46633623
6854728
32583741
67817977
38133529
12118606
66882260
22377891
16756397
89942626
78581843
61502544
39969370
71358787
15045656
60171903
61158434
64440732
83340920
60217812
1201459
73075007
89317047
20457858
50457818
69892919
48316776
33404483
58599019
19600755
23624665
72157759
80187242
11184452
82984727
43589206
73680662
64403647
18494774
86681577
52269400
55742345
19467388
8183768
19118372
24581701
61325737
13520965
8968078
82157747
55787779
16498175
37746237
48165770
19210624
53670389
88038918
83839412
5742664
90713431
78227043
74138170
81202182
38779087
786593
34266455
11465575
19699935
74922961
72647663
86550373
6807647
58400221
83800958
44877408
18682470
56575768
38967285
12569009
10914207
17486877
442438
40725369
55920794
75836085
40964999
23185782
10022051
67498969
80447171
89227085
16267356
81243918
89873718
40415924
75911576
11802793
33527192
31731165
18796090
2404792
19085711
55742103
32641975
62852584
965315
65181838
51503286
38837731
9480348
72601538
43750096
70070637
75311515
23657859
67063643
2443792
59195385
33529549
48549685
53835284
670633
5328377
83970806
77554216
9654018
38267409
66630347
59928022
78826959
85030064
54563932
66345401
14183991
35619576
50831715
21620034
26833326
22277705
89937021
65222231
31067953
86462618
58669872
74381851
46965730
52083279
52902284
2988248
42417802
62711763
87487314
41109627
70026066
474438
90344062
69032385
75786674
42441868
74592765
39930825
72433329
32692842
15025008
48842916
51597269
74919576
80681098
24347991
4739595
28504173
33600680
43627357
65831861
81379615
78238913
7289965
56071425
35606209
69785824
64480266
69382405
533207
90655255
72457636
29859894
6613251
8329023
26911840
47395221
8932523
1557362
91785402
40035812
75459390
79095374
6977430
24679283
11700543
59376059
79628099
53406470
46891872
63759139
25939216
73802030
17662150
85861068
84369097
20006071
87326037
36040798
89945260
10653663
89593330
91301993
65772608
84324130
46434233
71137515
26469706
24961935
37172928
35980492
43029896
12904595
54690497
92492994
79755895
12066223
21665740
51592617
33310231
54879100
91935667
90961290
76022727
31064335
5620901
12357091
81729955
16927710
43845834
86809305
2054974
79675833
33457862
90102371
18187035
55678345
955231
6837501
27724277
90560639
85651555
75675154
5476746
32347897
73054474
55848215
37856336
87904337
41356053
38857490
84349655
69618144
33451497
73971847
82946909
71361695
40567662
71275782
86607526
75595277
18273749
13386503
22602921
4829599
57181278
67271583
14493601
78438051
80687586
78388462
20936175
75621549
41745170
47317999
38213849
78837146
25856363
67542171
38565261
2900607
43986077
32497788
85951197
5157223
44568777
81575456
92020608
19074899
13303330
84656511
20554804
36019420
66648040
22439493
89369715
38217651
91984698
74173819
75736207
79000787
13933185
13243758
51960486
17415591
8004896
86898765
27043626
48701222
72444013
41726622
5262932
88112860
26722559
32393723
40347289
20886792
34475099
5772356
54021132
69025559
23140412
12014890
88769422
53465020
57776352
10148543
52332083
65837393
66820895
68296892
50025470
59894014
16809797
4099241
29053582
81564735
77656539
6789869
35732833
77269710
21502055
8526180
59396036
19273030
9538537
61784284
90921568
78342322
69427977
21438717
13581574
31305398
11953018
52504654
69248425
62716809
24206110
68267912
75893243
54463129
63314655
12217528
13385640
42107130
3126210
8326362
81191799
60484185
81017825
62757379
14586225
1339134
59636001
75904199
46374310
72727514
47795990
84859955
47874043
4878842
12254697
14230215
49889078
63997224
71230172
79498951
14934028
83116148
15366341
66708378
67343013
80370280
59361252
295670
16902574
10635890
84892628
11674477
3504129
76076283
6327749
66549128
10217440
17012091
13766426
69277625
23603544
35091932
84131479
85776308
81024447
73068638
22605386
62666555
7697755
9286272
59309672
20304617
9696907
83445533
72404874
38599880
61199881
22008596
12803691
2148786
39273334
5752954
6232339
13519947
62395796
79648120
56608280
25663411
49365836
23195034
88721036
8915972
57764050
1535168
76586522
11861821
5485194
72557088
59809881
1759642
83930036
62113272
76561742
12412807
46037446
83612833
37287143
4334266
4128255
39473804
29438473
6575313
92350992
65780973
28714959
11739029
82884170
19287130
43847683
29625389
66750569
30415692
7261046
24719297
22443393
88777403
54081804
82122207
73814011
63062792
10956739
57198197
9490011
42925567
68884149
3078407
3776688
46836362
38712503
69451050
29333233
19645631
89046385
4913804
62858312
10503792
42376614
46318927
79801031
48300137
73886744
9490254
79272431
34989795
81731797
16737122
71618653
5570199
48552219
32162359
45604950
32017032
77019388
3614898
55682665
10980888
18489929
54312213
71817968
7181056
90863925
30327193
14398668
47736733
79005269
9736008
41985396
30495796
28538371
85409177
70670929
66851424
5524517
84004753
52694498
82172981
24224457
56651849
17186962
54940815
70740607
85814686
50007761
2022434
65522204
2180826
25558418
25571057
72211088
65650413
5893878
41315166
54045936
65857702
7772990
67691792
44420360
7977368
16335499
5985579
46461642
23734890
13688569
32116717
49005681
2803577
8748144
34803996
15589622
49043098
63593238
29353256
72475261
37846479
54372795
856062
33371451
6879537
18891891
19183733
18597943
11438589
35777408
26601010
77214342
9786485
73286584
10474713
47942742
32593884
88346602
7026735
35034475
19608024
18473519
74336614
59650571
7930695
6326501
80797323
3967381
53179636
55684548
54242442
3760458
1920042
90750278
64442511
67024199
83948099
69115819
66088983
56365169
15391687
51212684
48009191
574016
38098200
40067574
75563516
46405297
67409691
41602038
77045687
14334589
23658515
80642579
48153408
66849866
5845893
29337446
38668329
43758178
16220316
54781490
18398390
23024542
5444958
46011368
2378132
14769109
67009299
15607448
3183271
74951185
31252385
25923619
64601597
31165305
48932805
84812045
47149465
17652267
58716941
58061622
15033226
58466631
53274432
982146
25334512
41993429
25277679
50418131
71246273
7595767
83744707
65386879
8869556
74148881
31474466
19449426
3700281
39804696
61619823
63434197
65966952
36090258
15038803
73874379
81049216
32669108
53939373
39681649
68170459
51836891
88691970
83889430
54281381
11487287
18274383
61733142
20689455
11956057
67274018
29048643
83155211
91847457
70231292
14457280
56731010
18771800
55885802
54505070
84483785
63849000
80785561
83319392
86561407
53331441
52588404
73618086
69632796
47402714
62622544
47443075
20958606
81641081
12533774
24307899
81365770
32251721
5789729
72398318
59763923
68303138
80705007
83709535
29548927
76777954
61920051
40833283
77680642
89910969
71406565
52434
55837941
69603081
86287268
36652665
36922922
62214895
27750979
73904210
40684755
83142031
26100029
41355045
29931573
57396012
4012366
41286956
38374891
59167234
86818563
82038769
26687121
78779797
41177900
39271721
89347772
34572312
21987704
4074514
11976375
89620339
78157138
81460037
47362629
59014316
91196629
62255134
44296361
27410790
7316133
17684527
17670800
55657843
66705985
42376619
19394310
42760159
79243692
68011620
18737176
74063273
75914663
28720338
81331127
6497900
76008409
51786115
81733875
17007587
1648156
55045088
71037812
71651517
5582220
4314323
49367730
91794376
17415962
28041026
84925643
27976978
8937541
27382258
68856147
29388401
1106262
2283076
40637893
27366003
26189042
3563425
26981286
5723623
15930433
23340755
87716290
68023414
30014031
52996085
85471958
34177373
16480077
64120303
37517523
46357894
34765044
81421149
20548
48650043
83587614
23978829
87353572
29416176
71746492
17734620
67867998
72748223
76345890
78295703
40070442
58964643
80663425
59335141
79808220
15815397
43756358
75501485
17143712
55206184
12245216
75629746
14906572
4951059
49310517
19401769
80520967
59089907
74280485
75748167
29640588
12773935
18786719
4117665
61299565
428926
28920727
10661763
66426765
89804902
30407813
17525018
67651182
39670079
64118354
54615903
64970400
86605596
92037629
85181610
65704267
40905796
57993194
74440127
33443379
17144164
37889841
86928295
25449624
22659328
37792571
87948198
79143834
47877400
30398412
67271580
33821673
72738547
27118160
80732251
20903926
89094690
39314864
57203273
45160056
62008610
88901874
63551674
69240260
16253548
69944342
22483475
9364160
79383989
4549161
84853316
44982335
76857128
54072093
62881746
50894698
76841550
74267940
39367627
25993987
8309002
59211240
70644995
64191457
69191780
71050574
18249291
61530716
52183261
84087144
48263814
4862756
64024582
19684398
51942356
25485114
56793416
85840284
24397927
71440852
17746799
16282448
18331679
4352066
62969119
38740051
61195151
75327835
11188102
1168441
20947672
1909035
40352373
90308957
44534303
4516077
4720470
3493542
3654728
4604292
34390158
9283958
65298450
13793435
48870237
10886653
14971888
36047792
43053537
66326874
76650427
70758921
2408539
24070116
41256285
55779
55366679
58722393
10823141
82887513
62295307
86081720
60471151
46834736
72663152
82407999
81832696
38833562
37734164
72382677
4995527
4421139
23068724
91362456
88268913
61119300
19938661
5920203
51583912
8038628
4022152
37360775
59140600
69802045
28818632
69347044
71226899
29967181
78270358
8613537
84175492
5337429
25243364
88839877
7510330
56108858
45837993
56002826
39038000
6543081
61601403
6981478
12267338
1148968
83998613
78677940
76603148
83852326
75581950
26015581
16124098
29474578
62438469
60333314
16074190
4446875
34447790
86477806
89967426
81750314
13924532
166768
66196880
89109730
5225364
68383931
59566560
6725591
40285344
42110488
89278741
10776896
44111521
32106812
15943379
87614899
34998688
18337848
78412906
39760632
70527612
80599052
24541230
71667482
13572095
65246621
18867672
85763474
56046080
24415740
49897601
65133709
71864912
51105028
21210098
40865328
47551865
28052594
20291258
45813863
6250128
51729875
48567761
82258599
50984647
43222805
65442821
67652458
16459965
89856943
49376174
59443440
39639404
78878990
83536872
56999041
20442642
9417296
38190912
69852726
78772675
16034739
88832946
61241371
30384570
47141968
90408196
20783725
87902473
53612227
51214058
13468795
58475785
44551937
16610962
53530764
84447150
28086337
67016224
71938930
13630166
11474358
86535305
7009709
410612
24042443
8908810
19575639
36295961
78478217
19255271
41366286
12005456
30481938
16722469
91247244
73392954
17072928
74770569
69865997
76965970
72869677
23917083
12960351
75933164
45988499
7217695
7794250
10056025
35427184
6056414
57148632
48472688
84180389
33666171
27238736
40082363
19883674
91662707
27487955
14667416
23379287
51878141
65863858
65749768
54706450
9841158
83292273
90532752
70117982
86439781
6826380
51656108
45441501
9784926
26422264
35159381
59319154
21400857
43293052
23438569
63648063
67104670
82204015
56258584
81878571
45519300
28523262
33718747
74089375
54270753
28259801
14531941
7349325
52813641
73033404
42987680
45772373
39580349
4664820
87822273
64531485
49635857
87868284
12182826
85385057
12361298
67000906
77296453
35293830
26613836
64574966
91469747
10131036
48782395
28097855
54269129
73198003
70535881
7949382
3213354
54125212
57661645
3497251
12411017
34742738
45483518
55566747
52439766
75973423
91915123
63981271
75848015
60928191
14804835
87602477
86997362
32494539
14049297
9315226
46390451
51456652
844239
79114186
4791393
33377910
43386667
54271889
7105437
17106901
77622376
59519226
13077251
1225987
55559076
89842712
5795179
75029072
19443415
93020641
90507426
16208445
23286764
36539121
51891188
15983606
77550022
92854954
75409963
15626074
74405894
31171264
30085472
76066128
19929441
27263883
40334377
67872478
27489997
10986174
7923920
89538380
63170479
8021410
31594558
68655083
78653233
5613958
21153300
62148728
91621674
32089644
38935940
43032771
31598691
2334006
13900757
60647087
817373
67356745
75492167
42627408
11438268
54952665
86855079
33165438
21746662
76788657
30276693
69022395
30687424
4232987
85219878
52381496
82344031
6799277
85781424
50336306
87286398
13285637
75430486
893834
67956374
31446510
43138657
85269335
68166702
26607388
43024633
31424797
17465865
62659919
84915906
67288059
24180616
71328499
34944955
31993228
55405540
75399467
77932529
32415278
67428259
89930468
6807803
42062155
69563581
14501478
27901059
40362731
39587907
19464765
13094544
29686491
6560798
41711578
48530461
10312691
3841116
87082205
16740159
38385530
81431596
43047125
46631613
27376961
92088164
23162182
47762819
44604833
61964132
1275122
82541606
50248202
87771136
11407493
76478747
56524297
41619641
65970860
64480668
88039959
82687364
69419062
14720431
8899399
69448335
73028817
74906616
72016795
64980241
75367191
27288006
55915002
49690573
66576227
33622388
34444269
45540371
83639567
27425718
23815173
74515955
22616249
38229002
88697601
77421971
75510560
85755940
38040916
55038635
47339680
9977306
15685116
39162486
84133069
43405979
59167657
10246855
23725570
28574037
22771927
38541318
85290607
54253683
38899602
7559205
29996734
10546541
24448176
9861199
49937568
469271
22924004
82472303
81851034
91071020
73132488
88604395
13500869
10235518
78491598
53716825
23844894
48265917
67259833
24568817
10592233
79539111
75274206
790692
42518061
36428399
88033651
84907529
21932334
48802351
46779806
23681333
22619801
30231186
84964877
55241092
33757594
502317
80747251
77989490
13872520
49421247
74824958
16810701
69814018
63901302
49124553
74996136
54065500
51382735
44808484
11831289
81202159
393388
54063129
24161612
77199901
85558373
92914055
22755950
58547051
51493948
77778817
51553547
20674952
24519549
62331831
43034366
85154377
31401719
33669394
59077566
3713814
25703555
34544515
71814120
54428826
76304623
8235818
83595380
11969755
88125843
44113041
32598905
70893904
66965247
39836715
49798245
44229942
73324650
27660882
7972023
82829484
22731039
8859954
78739903
47314755
43576479
48054721
6712221
1614388
29047573
74854505
44670046
66258147
45481900
65225634
5411222
30513570
47915327
20179202
26792725
79948673
20276688
43425325
43550914
58892585
74745691
69739300
42268196
44326797
58146353
65138428
34801471
44797407
8360853
27861822
10169168
2335865
54577008
83348879
15840014
42764773
82454673
91749606
5890545
72939353
10004530
64586600
76385864
82156145
31900755
87082257
85518711
14771665
55683045
52628380
83216868
28708921
82076697
90979062
48034634
11494963
84878583
19069740
46577826
87117879
24330658
17902435
68272845
2095765
78966980
36415940
17204972
44517609
36826738
85849305
56756932
86741423
91853245
42099217
72522187
79891451
15815699
25629999
37667037
2290943
91053781
78586067
80326664
17543545
60072085
78206685
43810095
83780248
35920510
67446091
28919792
87707762
9833143
70019159
35463176
28103965
56647420
46752462
58760682
21928533
5715968
69529707
59663828
6233065
60600515
38124710
43700192
67940674
14097065
22286152
19253143
2888418
16629076
43725656
14907594
2065396
15656632
9185216
24142418
67313332
12602751
28769304
12661902
1914958
62264517
32159253
78356573
52700644
33288764
46447490
66193846
25200219
57870191
39704787
71650781
87265682
87328114
73596171
53442269
25226266
85936000
35052158
83692039
79195202
83533317
27447775
79890895
52341527
83005342
74740958
37399035
70689380
61084449
23954165
946249
54513740
11334786
17871004
53923764
81936116
5706160
69122052
6660622
22645416
43745404
74099160
67159722
60744656
13880451
88574161
53314627
22670881
91229324
54736278
20083820
61369605
45196771
2857234
79645361
70003628
82246324
26035003
66699126
7087001
72505218
18444894
84490385
89595462
5117265
46687725
13316069
79624075
61415159
45194045
46863884
44495428
5598649
92530021
23048279
55246503
50533888
3735758
28835818
86300953
39873205
38368327
58470523
20553731
70776451
81970526
74582037
1724380
25888400
8180897
12195589
62691358
84123697
86361260
25660901
74335677
67269846
29971613
16830069
5247440
67110842
36054976
45399540
70043872
76682417
5138534
55906634
8312420
51139216
79570394
1871849
90068067
68105662
58195091
12726887
70077147
37153783
86481334
320388
66947727
32979979
21059823
92537129
33168545
59169643
26196073
80398443
70226865
58324921
20128243
90880171
2506731
6175390
38517939
22118860
12760402
54486614
23010021
88576195
81227363
3506479
3506481
68416149
63060891
75541649
55878401
92176647
70659582
30825964
43528216
90175428
3843052
29578572
37150365
74335021
63751969
82085970
58994595
28828252
79442258
28936265
27302014
22543132
54672474
36534967
55799272
46193130
72319760
10990927
65394216
14865764
3163818
52288732
4129618
77270811
9547225
51979361
52459613
25420943
62390411
47762339
86622338
84473063
8345215
29148240
5998298
54307459
47932462
92958033
1177497
1177499
91209854
45493724
4241539
90254210
89825581
38462324
36334900
206182
42251440
17768306
129992
45378108
56134382
83286793
84087998
22859404
64695846
10003844
77073252
50123907
9027597
54012661
90723906
37874713
59614741
66825181
86277219
47870328
89582926
19848803
15688429
22345873
24325761
86361718
79301582
9914977
7228990
10041816
5491711
1252255
39172892
10581077
63520684
40091300
30806505
70325140
89370431
67757957
42784810
11875752
72200687
90786023
105687
50898028
20853287
32504899
86088390
11162062
48019939
4829315
55592219
28111056
53731410
54807784
20020254
15993151
78569607
34470290
59567213
45037063
76409627
41890360
68963188
51181347
13732430
42829823
37156949
69970891
75475045
19340661
47217710
8137590
24235476
64210509
4098896
64053860
62825768
59910472
46543337
62921383
83806489
37723658
7950564
13437570
10756402
74098472
50935549
31408571
78485716
25141779
58923218
67302937
20813797
83494722
73825083
66154884
30799261
10941094
29734078
12249495
25471120
30536307
57369203
67952938
20551459
71976727
56304681
47484114
19329600
75936492
78452223
79141654
88205333
18664132
88125715
14614559
70905689
57613599
66666131
4780112
71982135
42176523
67230929
49131200
78585485
42281193
2930240
31539281
84262632
23334705
68596612
24351759
67242148
34859327
47798457
29578766
38662830
34172475
49510594
23135754
25245925
21869658
65723523
78335648
12466979
82485096
55591836
50986109
48500827
52666131
62204261
75908451
60602943
59496094
88424280
60196759
15661403
22754652
48044467
66884298
12862134
18481367
40312151
2284504
46587172
2456932
59861718
39740614
86386428
44744060
44999098
73725022
42147068
4771429
58511166
17326021
38891138
22425628
17543544
63893251
77137549
57606150
25187879
59026500
44408744
24509751
76081021
46704059
56733835
91652955
84048772
7584112
13021520
85397396
53875788
1126751
13594364
68272728
23889352
29041158
59153104
17565451
67719566
90549281
67567277
80360170
38036696
24979224
72565905
87369074
75355125
89575103
60050385
91760250
46885850
54782609
19757015
58471337
62635281
68190178
64533607
21739862
34473429
44399927
1077533
71220339
37617848
78644551
86388314
17928470
78440591
81873492
37232352
10731072
62544354
10076133
84435737
69045757
91431760
12365506
46153003
32490942
7568768
23099111
10461793
78976618
3995490
72852906
80898925
29341942
76451236
62214613
24541761
24910955
15129161
43172133
90737853
79031674
21013
18505317
51880686
12201646
11580762
79931039
19974437
75620948
64281325
56016028
66438432
74681785
86303196
5943683
7275682
6286230
21645553
41767889
5236252
79791582
88406396
80299388
65968463
24354665
30543137
60616173
52653146
4691464
19803235
25651233
25032612
42176155
24551208
17770204
13155911
77600902
72624536
13054220
60044837
25535121
92120778
71243595
38240581
42313141
52550884
65336016
82311143
385598
47090686
32672846
71366866
19629823
76423590
87993062
91400166
29965740
46569275
37322896
81042434
89444664
15057210
86963141
10666003
294182
65631133
58076625
67229292
92655220
37636719
61349269
9018462
27304327
62958868
63177416
14375686
76310996
92934521
9668798
59675104
50151137
13717551
48886560
73744961
82123247
15632927
10989135
22046112
15686327
17735042
80612727
33888544
18003001
39204374
91294966
56675208
87098416
77285872
90235574
41346657
63381099
17060010
86631238
82636730
26989602
19773963
80781759
72641211
9930255
8719633
84874800
37014951
28667246
15918170
19457184
76558559
49529953
37878001
71292315
69592194
50066774
46876515
57787574
3019739
56008914
31747972
68580181
20537924
66688728
29390579
67193771
50888825
91875914
81081740
91961768
7162157
4941554
71539793
48429438
56839771
65912356
40334521
85601366
73536376
12240722
44397510
54643709
64861015
5927893
29845029
72385259
8618864
87079199
87285296
29160835
74514015
9371139
71082765
19215356
3409167
64333536
9713544
63636505
54299320
62258726
23770963
31292000
74855082
60914496
76212202
86296652
27386989
89651929
536724
80398034
83735242
4116191
83879426
43380746
56878056
27207217
64036820
26576154
46903865
20047433
76323702
57875225
34633713
65613695
79768621
45367882
21919470
61962504
4780555
47222591
15047963
62154752
32955142
16409051
65301517
82525111
33754060
72045548
70983044
73713421
52487686
61087841
22524795
67281106
55853824
26535969
91355099
5591737
35195356
752718
36699597
17601977
23927542
53613965
27509203
8453267
8001972
46565881
10014574
60727960
43456534
61347972
39998404
73449879
58605250
75960118
79593349
86900823
83355149
27798999
24567397
87835211
59134585
70875032
789121
39741291
55462618
44241392
36173465
78050159
85035874
31824168
76736163
57366791
15821699
24956104
57149384
73869524
56825314
20594619
74400094
70937639
26232036
67715325
7935421
44283277
73566308
53804782
82730734
90073957
37758178
4616916
83782891
1838793
36483841
11830145
9946275
60798200
23615415
91961842
68882375
9202490
74760943
80103133
59757817
78990259
39610410
86362636
89155195
24802789
81530788
46965728
47273524
5756842
86657041
33548917
39117785
19953028
5655802
7517224
3193080
71430099
88801239
51220752
20045462
28672060
40446811
23424084
67006205
10729248
81015153
5452117
57414555
71761460
19487272
12063740
58946866
10991094
72636504
48121075
52394059
16653365
80904103
62147564
76252780
71059654
61789917
35008885
73451131
2268476
82174843
67260145
32667736
52280276
62761961
57519038
78412684
18645059
63788864
19082720
62663273
5218289
67274650
70770650
36166858
78782349
1964890
4187497
76129708
87146166
37075363
75113523
42236464
47297739
77501260
62175151
29002747
40633620
58515804
24134997
11369714
85154222
49174814
9699921
4060402
8607598
80827184
38596207
52586998
17343063
81399757
44975822
64971383
85609932
21926382
32284540
62663713
24760173
49046148
84686767
21876155
34818630
66715377
55422447
6982258
3522830
2223492
63938733
69285493
62739952
41906665
56723938
28637301
6200872
50914223
92826415
73551550
80927972
13563361
58361258
43526419
41962668
28423321
5837209
6404936
22635949
27108626
91754936
15989028
17160510
69429900
60382998
70363572
17365459
24024887
83744103
2401095
5919286
23084720
51010540
92080885
25949155
54624689
70227740
11524273
1603740
55717198
4506401
76564889
10370037
52356035
26052970
86903600
3833142
48217687
34448653
63338703
34980903
35150229
65905347
33062839
2121805
77743121
44838863
21709354
90013952
88717465
135339
55894569
76135814
40235076
1169950
29741197
5908137
21595794
62539585
78567655
17518771
49452071
52499589
65769930
59904861
81553929
30190
49121259
78046585
91835574
25925132
49529421
71148848
8890843
44811053
33013295
8035315
49856729
74289403
44375321
31116753
66066873
15698817
30823303
33893128
41193512
2251958
27712499
14840234
4190731
74192934
61599777
49994724
37699644
60837152
92491884
16846008
80540418
82778858
13557369
34344606
32298534
36602775
86841260
67701159
41743432
37307567
88584887
23834027
27740592
19187811
21073539
88328736
90099618
17300940
67947909
46785994
10303669
37784871
5334212
74184687
60999148
23247427
59549193
3347392
45945303
82912840
68978781
5338993
20338506
15372411
73632548
24914311
73692672
33028556
75025309
30459467
59204448
8287861
73174163
71537303
80560251
10765168
56020634
18941051
78310318
18399279
74462327
8036720
12619633
21510249
73776236
22591796
90775037
72885071
73081387
32981350
23383309
44998376
35583754
78241413
70845865
31422712
10239598
38643209
67185698
75934829
72495856
17238666
72356860
17170755
19055927
36100929
11708064
63369569
31719396
62283048
80437909
17484434
12668963
52166215
65713659
32095101
63191317
12842393
17951478
64878884
71481279
51953249
50685717
80830043
5988377
85341401
60738019
21761432
87244411
5854080
9203713
78506922
64884977
64331583
39655510
25128490
74384877
12874362
87732491
63352754
53408260
75206781
39611388
10111391
54670615
76739899
12048832
62274326
34178103
45255868
76686557
26915455
12523081
53223011
13612170
40638941
80697569
44513760
65735914
272307
815484
13338272
77507984
12750057
19756850
30489036
88821576
43937699
21006736
87594678
44390073
16054215
4263407
37086347
79734041
61937473
7594095
49271638
1093923
23063472
14830797
26580185
60412925
44128020
72562264
71778946
59890924
40618491
92808637
74958275
30246241
58858626
59739011
79663086
11889825
30985701
52757677
34714617
43494035
72063486
6664338
25932825
87528770
70852405
62786373
46313306
28092238
34768401
43627586
50727888
38444487
75617138
1038710
70713453
47864671
33009721
53668260
51401473
48129847
7328577
65273775
45615830
41901791
1658513
53072326
56704900
51938567
284483
2872157
21565528
13934108
57628353
63014141
73220914
32189486
42888005
47756624
11499287
78779761
4794220
17074526
61198530
13940231
16588231
57026273
84560405
30383119
68204692
51527956
47408842
66077543
87370053
38449552
72597980
59675317
20257570
15340531
24485032
78762622
65240372
31657895
41140796
31227313
157710
35156695
14484787
29195358
41110567
68788997
82049706
57623481
78333612
68095425
74465739
63551601
17480957
41410072
34766812
73265762
60028243
5796133
63289239
4384799
70750649
9538662
82888007
86811082
34426374
39950665
80051595
40597658
19842765
13201423
61474385
65996659
78021930
19884728
12158102
50587462
77440868
6290877
3463685
62208088
60614387
59822896
16856895
56048062
72308661
31142782
55840035
46226571
70079199
32185667
37491789
36261991
53521967
64450456
40969677
85985754
28082109
71568318
25012531
40948321
51506940
66354575
67493238
26616843
83730307
19899316
3635403
8998299
48967315
34206091
69256391
63189041
80099955
77436292
69540192
89624796
88790098
17232078
730899
84407793
67006440
20705535
37945601
13065203
28359591
35454827
6300922
75580718
74566947
39759953
53230961
25176488
6414912
16950078
24843549
78415483
27945706
14138184
79810072
31819303
90206666
25657706
74096191
64948214
88007492
66729698
42316810
17635275
10582159
27491203
59134647
16191708
36059515
14702602
16313852
46307504
30792462
76328191
25516597
33098584
68309206
66490987
5406982
35440687
57429751
43027961
91541401
91992685
52975295
48438212
6235015
47546539
20861156
1077249
77506878
79937642
5397101
12656468
84204899
49866297
90920335
1980070
67519671
13098869
38952604
24490709
64117040
70101348
76162241
67671379
14539915
13475202
18535626
49980390
51997741
66566883
22172650
69123318
77903049
5218244
74349986
74525834
84793396
81506486
23979184
73992325
64907829
60702469
25200222
22206718
24186515
77245632
53613964
81561114
83346519
18748069
10589415
28822727
32165922
42496257
53153604
58580934
83661063
27524468
65388325
3191137
66372150
40002903
74192240
90589513
73136832
44135019
6246751
29862728
67895784
1859242
89848430
11151785
54801909
47615042
1979818
62092143
80509981
53506290
23568290
92777358
12450002
77546214
90520124
29754315
77415164
45435087
73749853
84238869
26132721
16674939
60079679
82635519
83626823
87053553
49353004
12921917
34540593
45237925
60417343
70741369
91310227
68363544
1984322
87502674
46454545
84723371
78233915
32359018
85026323
49929292
252728
25849256
26684204
90611095
6686370
81771227
47199560
50697824
53873807
45538831
1134249
57009943
761644
65962361
51715866
70604126
59841714
10712466
82292838
3212601
66548815
47202847
87713429
74738754
28763729
4199746
27603423
87700020
32477153
78870953
59154071
66351562
44091659
5875546
80881952
73231874
30550993
88688383
24282729
25400583
82679404
42035334
47070972
34498018
35203213
20685616
74485579
28616992
69024701
4645284
6995676
4005165
18553211
34156086
13139352
6705706
32007950
62869701
16980630
25961487
88334021
74656838
78449716
31891489
27525510
21143772
4862486
59896065
20858494
92630721
67802046
84480523
82895574
6957112
83197722
33253146
28441158
88035997
80053065
89546430
42480699
86722316
25852020
64671524
84487280
72186957
49522227
8157795
1088561
45200946
82099757
49876732
26820846
66856055
89758191
21748481
21154668
38854246
81771074
12740459
59637014
6413441
58163037
89098681
64231043
47673038
39598309
74536024
69347246
29977166
6317327
22123954
29079274
37939169
30317045
12151202
43363983
33618743
68884699
9515393
39188688
68499393
60533267
69448128
2113911
12553508
82026525
2747064
11223578
92870957
20151705
68536752
20996243
37949171
66642165
29450177
35167057
5693904
6650848
64878026
1952033
38588958
26987291
756396
36028708
69741512
29835442
51598598
25501514
20670568
27435549
12544832
16123575
26544101
55297401
62686841
46117531
51573835
27002909
90258851
17891434
71215767
92822820
6358166
15080945
82764671
21286914
4660148
86154037
79855803
16730236
64154604
86398321
51453011
22770525
44002779
5516465
70172015
34051519
17518462
73862463
26390127
28775743
50022250
61848879
51930227
33414056
13177241
33314970
45189256
35227448
69943550
66294447
91467436
35921993
44274483
50907392
88999816
77474017
4896671
10927086
58924223
51051634
40433110
82449933
49391278
70176051
63767959
61712996
61055200
4828186
16957611
7360802
89720193
32776328
81342405
20752814
80753899
67588695
65106887
76867053
16525233
36136845
38427465
33416759
58650889
27187319
48263811
48839829
25707751
92075504
85599334
29980484
69687805
36002432
50981141
76276065
90377070
47505838
29753737
59932403
65192396
69767609
33376992
9110161
59151693
56818097
80299052
37593525
54054701
44291180
66420449
23621615
10788448
2480362
28185157
85464560
24535380
44939397
65413988
43841936
3817854
27400512
40717295
56270115
4967623
25528632
82574543
22535936
8721028
2222304
44733616
38681401
77020371
17348242
43843202
16678751
12698092
25197966
55357857
32867160
43440723
10645082
1005807
46370106
83074791
1060003
37770872
245672
68629959
80411018
18245201
41727634
28985671
59110112
73972661
69134326
36537840
35163872
62428957
73210409
58785858
73773638
34000428
22771287
54096784
4981006
55421203
17344666
89740490
80058309
48958837
35730574
79004178
16434731
15575422
72382394
77572537
79317099
41923934
72752896
70476522
31257650
31450619
37291312
31406564
