82856263
55414103
33430396
9057621
62507127
63390621
21712749
44996538
36880612
59908199
3796830
16208746
22302354
46976408
81390820
67132282
84061788
92107088
84407264
53563545
8627360
48015884
13720322
27978070
47597088
26193586
75435477
52286968
25143566
60291487
19792405
1104442
90330362
71954201
58968997
87231922
23473459
27003418
59851369
18919030
89600605
9466465
84640025
38703579
10893056
21188235
44147786
36343711
58056109
13300533
32531319
4122274
44408118
53568497
65967843
89702438
94225614
81811147
8526546
28177370
69655580
59542229
55634521
58128940
12605820
58263927
77761061
17400682
14138061
50968792
28094065
187436
9016320
16887459
48366954
49161493
64451591
16967987
18919033
25246795
5396592
27026284
24867761
87285487
