78828781
52068588
17703163
27481280
89829845
18056491
91389446
26055068
20296736
53773026
4769657
53631048
56562432
10336252
15016523
5287332
11147591
81251198
63993067
90253628
89703409
14812462
41584718
63373861
33675510
70998579
48524200
75796163
55751039
2474924
51334946
12258798
74886361
88256305
73304385
25141228
2380373
15989485
33483337
65816081
2597484
67272834
7989499
86399667
28117339
81992392
30216477
27396017
24717947
57193208
67264643
74252503
8189383
61785387
15302599
39580484
20181559
12906917
36910651
86312079
16961866
65906112
55188428
17528133
83564923
42922245
59781584
6356644
66472336
85119212
20535421
90826889
73728285
68297867
58408604
17820088
9610765
38882944
61727846
3302010
34983383
61167161
3728944
58890603
85161409
75127384
59840110
29494454
86328258
57375357
74753071
72516993
26781676
87561049
75514488
10813160
16628393
29917146
72524843
22743382
92947875
81982472
7061805
33756123
13331074
2698085
7153915
56930157
28598764
74372524
74750138
2463230
10591069
24061680
62995732
30687739
87715197
28505304
37626541
1371942
84015149
44102543
72650784
36917276
20614227
78448879
553562
91132441
35010484
87970001
58717295
58180265
51247704
42161774
28489886
53801085
53894141
71642134
91188507
41546875
74541845
48714740
45819400
5959185
91110909
75435000
62772827
1364209
1712591
28491940
3238384
92070239
9461772
20299135
70534342
38366871
22810180
40106361
28666420
91726137
10786979
12628177
71344
89136281
68359436
