36977166
6641141
72362459
20946533
14710095
9012207
40253619
17198939
10425356
26287142
82798068
39359895
71409099
34223358
68061793
1008174
89773125
6471675
83421037
14011392
13206470
61126101
24120624
82468806
40928139
34242243
76580733
80577036
9167967
18396714
83670741
42945126
28404931
14888945
67457587
72109767
32760497
38233936
20534226
32218939
34328415
4478805
43602468
44590164
38690417
29310284
58575512
15608179
12669990
21842829
90341038
40867779
79753743
28130795
56359861
19357339
78782618
88092397
43530880
15128246
40179639
68197181
64288885
84868113
9105769
36511797
57041642
32146165
12568707
82933402
12840532
43173093
78171544
87879315
35966868
9402223
