68042323
34206538
52903748
35245563
55199078
52937491
87358738
79714752
85025243
40956138
11477027
53545350
24963678
35746198
49377594
66210772
42511787
72514084
92552296
5990894
38688929
76160242
85085586
90851657
49136604
50689398
34609503
10806833
23155587
78998673
15452086
31227320
90566284
7821898
69452551
69236764
80176099
81891052
81428038
71935371
35456265
56797127
32814236
94544527
33392607
15538023
77497318
56544535
86181558
44525229
89451252
52387562
58786421
13149337
91242591
56949548
5410705
94306611
68700278
63753191
89465923
68162598
92347558
58309815
55821979
81182319
47183107
53292423
57564333
21577025
93438134
47468126
45935939
10692713
36535865
36928249
23668159
71850122
48978128
29243230
71846113
44986277
51332041
25044397
42031202
73429920
15927157
21588167
73402286
20193463
74354133
91945876
19265510
85116984
88357161
63444939
88766926
86599833
2761529
4100317
5249646
48003758
72360678
83898452
7361014
79985379
21931151
42402925
86294550
94093188
72894311
54662937
11224673
11804731
32556665
56530120
6689375
48759144
48760924
79748043
24258014
64239054
54660128
70249684
83098476
50251349
83559716
70950145
35887780
86144206
16684436
87038615
26471140
1377859
94596876
29414662
85596001
66061464
93603849
67387439
33710245
76744964
15261217
13565246
61968086
82758813
6927337
91443636
31179391
19759481
37289245
82602831
52779979
63867968
10671226
76661645
56303655
6050069
89215276
10118739
33714464
90954652
9019800
4725836
66197457
9804599
45765575
35185075
86396002
63854980
46206543
32716577
40602259
11434722
28095055
92545196
36469691
13796945
94669022
61239117
64464357
13474190
13474194
41517111
90970266
45251747
76052646
73032843
72009116
73694567
23301206
27366301
301194
21826974
31357468
58530894
5468966
81836687
85579826
12354905
29760778
24450120
21258239
62524204
5203070
86942730
55050623
85965798
27962661
82063315
67085969
90617520
42880059
76737892
34631685
85231129
45142241
30340074
20113545
62830902
532066
88764524
72766365
46787526
9050870
93482883
89744399
3345434
58001200
28458145
67358738
62942126
4515702
4515703
