33188950
75609448
59439752
8461060
23582471
82091865
17285932
40002885
39270402
36891923
5300871
42916612
73125963
15413019
73257503
36768527
56944417
22645907
25967591
15756456
81366931
17779864
74542966
90601443
17011887
77713322
47659567
68673954
81627663
29029282
90137381
92604298
67826859
76628458
28871210
33010881
43817730
42386846
25500735
36265544
32914097
88649185
64920756
8077733
34884586
89011842
82169572
2009660
39981703
20005783
46366033
4064305
11742377
33500382
85743798
78918162
53024997
814910
79720454
39803504
83851778
74141721
80018839
10100122
55913771
44813575
54877086
77807903
18254875
19969351
40376156
12873660
73820516
63968090
42726466
35716373
51829
75414781
18591869
10843302
33823866
40686405
36258148
38957026
78370780
29915341
68871807
13263582
31270052
55156987
29044803
76074913
73558567
4882776
85709908
88057717
28655489
1021311
34976565
28450555
5477278
33325602
79168196
23807275
70742814
61371762
69337834
64497093
28024815
91401652
38426082
15605570
16647833
57510592
22113963
20794121
49448100
63955221
86309212
62122715
8003852
68521635
5408861
18347107
87823920
58358585
77655122
40677569
19534775
235262
83728543
21148740
1304264
16632332
39962866
52501792
64711069
22191508
53275536
41516546
16186824
24595196
47885774
72442465
13818849
14281732
54945958
28284039
89078641
82212879
77730433
20004059
44813577
60273814
92738301
22907366
39975243
