30308480
62816983
24648865
29873284
33895555
17479864
1278989
48035348
32578687
19420596
29470772
59877089
90815138
67506109
23624423
13816493
28338901
36193202
81125014
27624353
69596692
57533059
52560313
92312090
87191290
13456501
39782883
46637985
92179338
53570388
40894279
33503578
38444265
71232067
40609713
89413604
75097115
32934107
41386630
19711176
49990200
11967676
7101057
91495038
35431613
38413717
40512799
25035364
64371592
38447560
58423813
67825434
66017812
50475435
84050345
20354510
19722417
27730822
23597384
6418693
31817658
55209481
23615252
23262054
66351751
84697615
58235014
57174030
74617696
57568702
15588876
51043370
84082735
84664455
91758565
2554115
55744877
9386575
7417036
43435236
73557991
69991218
52776923
11182727
1749113
48524700
15079200
68768037
75763282
52096782
31156681
19623611
8651183
15616112
58737551
62567900
43355177
488937
47167163
2019414
29667751
1489151
18984394
