16470058
24783016
82390412
43630823
35279237
86485961
14096433
10383975
62096127
37084723
18096759
15186982
44289763
76453819
18906520
34261298
69140054
38468286
15771873
49143626
85195784
80101998
65207549
57214920
86041738
73069404
41405443
65764879
52342651
5900416
10565998
21250740
23747733
36137286
20995850
62227886
22329280
49554338
83166747
67982818
10372606
62093132
42675913
20137258
65187359
94504978
36948514
67545113
35541683
38579176
48916111
75823617
77687445
20350986
39709090
64887436
60989146
58308155
44407412
87812270
40064097
6862757
73526790
56269562
93470657
14915284
63479008
62506835
4329415
26214976
44120331
59096304
14534400
51908505
59822626
13214825
86088357
37219581
9074208
10263508
32130619
16135010
10353290
26563000
5871336
26657799
20563178
78839696
13079680
46575314
59946988
86024095
46401099
24112472
40971552
6820304
1901994
40685980
75870090
69060728
26678389
93824369
86651378
22241241
16898748
12001354
91731569
21452113
47419966
87351725
51093354
6415679
28002570
18869849
13753541
94028535
55384433
86729007
68064942
49135543
40153048
87879159
85333597
90877096
71854557
87823443
79675511
94328412
46744373
24061651
70936145
23824814
27440156
85805047
52464734
79139417
80542937
16956862
27059605
90355723
49975979
2691694
26930184
36622765
9912761
42540194
91253032
44111946
35891819
7588728
25421621
90177512
73810569
53757658
35450361
70580839
52406750
13667373
27098600
64404246
24963092
