11814886
22310248
52580804
83470509
28283285
11391605
29594741
26815864
92168080
67761982
39513902
63697667
37028525
39329952
5781816
87678258
5472335
2741564
60843305
57310750
39205707
86148864
65351992
76619521
55060465
85272693
22696638
78103472
91869174
54350724
62117447
38487150
53184514
83493641
92802341
20953144
5773619
78851722
73521561
89553678
84666523
791868
14410064
89792606
12910768
76310272
65940865
20089720
15834857
73423148
75533806
2822976
14392051
59235440
68552906
87409288
32969093
40583197
34182581
50907148
49628411
37590237
14025913
4184012
93000039
62992745
80996252
89927005
77016102
60810223
5325411
21693594
87955084
74989127
81652442
91573824
44244845
22589205
33591298
30060481
34897888
74857174
5681404
20390485
56271464
52943447
58129611
8029440
67321336
48467782
30974421
70778364
53178598
44003499
55161645
77574083
65455036
52363350
64686229
41168304
67439041
2346546
59250491
69962451
80330591
21409796
44113325
19026889
70958110
41143379
43209080
19122503
56725714
42087487
44314853
4746744
22933664
72825712
4453683
44236254
84481458
34971902
48904990
31901908
22235551
38389032
7577855
87967082
37222403
31462316
70449015
91791141
13184001
15752288
93944601
93443599
67028446
27049904
17051139
55088112
46138499
10828257
70558528
94652829
9607324
17896232
11578850
31693278
86613505
65910977
56062029
55063924
5807662
85289236
42902583
46805392
4605883
82621259
76544154
91708210
86706193
37696976
72676557
6248856
81652107
65336166
70799151
71514529
20142810
13573419
3276374
87435635
22217998
80236609
42068264
39534939
75924532
86224604
49693337
85114331
79894660
45322580
50237088
84912148
6753072
86517991
33137601
46620437
85837872
92293407
44956216
89003153
66404742
491847
75160511
60454870
19515262
86104682
694666
7837220
84818641
1916572
40900588
16594766
53088995
51496076
60526506
65527452
23129846
23880970
2085390
40523017
46920810
77102487
33433658
1456054
59646294
14076733
56463701
14407921
63834784
90668028
1916569
76952740
64266248
39533175
62483455
86700725
49939358
15224285
54253551
14383554
74166098
11200731
59389098
93726094
60704420
55001606
92005902
3356938
46386228
93776334
44314469
44724505
17781099
55964997
31683804
9113896
48092547
52612873
88705973
93295875
69993481
80280210
76587921
41828381
30180490
63368921
19561451
63736728
5765229
73654237
74828983
41657079
33421207
45022747
18769131
7765250
53117488
41344867
59678473
13090927
40264475
61770224
2762814
90988815
70684538
9883093
59774509
11781840
20514926
10414041
67861692
21779107
15631636
37606803
27512292
9621719
36739764
48755749
61070602
10223752
74254894
84173973
93939720
63907044
57687594
61696789
57797977
67173082
75232472
12458765
77630766
43443218
17369023
34738269
79963660
7157205
1774569
51189494
89798939
64007929
30273528
34686985
47163968
7079436
93483337
49667845
20502881
46561157
54550180
36718675
43748023
84150172
48230696
31751952
69362837
19520041
56715356
58424683
42029594
31991742
83504504
11488560
4026329
88018771
28222441
46661060
67156914
35457591
52372885
38423913
25077860
148954
82637894
75663037
90160138
21005619
54718982
3612045
35125898
62819298
60888976
21787689
55927960
53304480
59767931
4015183
81840700
91726500
16452704
72844336
85879896
21829355
55333583
56706207
9906845
86955775
44790879
86059527
72108869
32040078
68861990
1632190
10312167
6446332
88242345
18213070
32780844
79472575
22489004
60352392
8952340
57616433
75561953
36512511
33711379
19776011
77949833
55745516
50352919
6583507
59817887
52601130
24098055
18527496
44947078
56009765
89831949
26254811
71181004
7566386
79035290
43571705
71905358
77850544
39756425
32728315
49473044
45456074
46710663
7154804
77501053
70409340
29369404
17551318
94486458
32778507
37153188
4204815
16922110
47473270
9839723
28802880
32660116
62685388
43817341
58260335
32401004
35042562
8191562
27606422
65095486
63844080
77729240
14506936
39878087
74399978
20800042
64907684
47367926
52359063
49669359
34107898
11661342
10793927
54050706
41922180
89316709
77055723
41223072
7717910
47086795
43053811
72396938
29629970
61775477
89434126
4947995
28075063
36852324
58555602
66126197
50237953
85218304
242528
6030918
82823938
3439575
31369841
52428827
71221134
53734612
16856550
85568084
79879726
85373510
93104943
32333799
1601366
77331252
19961238
11483242
32023
46837441
88505888
22415401
45190266
39152447
15767716
32504660
59235015
44635497
44704936
33939676
41559837
51374130
45269621
69117182
7378516
93091715
58576675
2470062
13912149
56828022
31298836
46486348
85133202
90870207
38293738
1073119
1073121
31785892
69397643
78396140
68157984
70057761
71050584
441097
76037480
45571962
73547784
13561045
51026542
84887604
16798109
2352729
39044361
44885290
27519188
51666751
4437072
50015741
30700137
39246050
70259930
65109650
62173255
49021904
29578833
54970137
65694930
32034117
44298519
6448456
48246374
74622099
9584675
84846163
49401552
8191565
27283521
2841125
15796080
72829045
61268279
37702789
81575458
52468152
43407132
58373924
28574420
70863758
12534365
47585667
26722908
31515896
92572847
55188832
39943199
21180032
47833623
57214383
3920938
49099116
53541596
21718072
46558219
54619434
34999764
6524709
52040625
19221524
49210006
83903580
17419544
30696853
50696647
84267525
13226614
80718799
42053520
55069950
89378728
25490914
16505249
92002152
7749642
17030721
52090613
37937231
13264492
29170770
60776276
82917078
8967840
75804268
77752262
25602418
92805017
63963612
5020401
44574159
78041518
60374520
77857523
72882957
24004094
7566391
47583825
43540067
86898763
84812764
19971180
66123594
43484042
87511495
19693318
50096666
30943652
30050443
55952354
48068531
46160944
46087528
56781618
62329926
7111992
386042
34374169
26408790
81694664
30355948
10424395
2475332
12491560
44036150
42695913
67712562
72907830
50952555
93459924
91377918
15019292
38501228
18450648
54885326
60196613
24804333
29361325
2427905
78894539
27421852
17031805
61041221
77618457
21367764
17327708
50765463
13686327
94246219
7307518
80938328
72916053
63356566
69673381
71055015
90998444
49868356
50644271
17062120
76618379
86920912
69896846
19245347
20899181
93540117
74244803
4619704
76222246
64950260
84844422
26116642
71702126
82925290
47622323
61551439
40383351
21332274
26563917
24159768
27968984
17126371
56017078
72658233
22182508
21739890
35508399
7034589
23967458
40417499
30946674
66003599
80381609
52574036
44952717
57480529
37295787
1747029
77680652
63222502
86277661
83478547
49932759
24466195
27671262
15962094
31286394
74359057
34589359
5227654
74477894
84944016
80433469
31747862
27142299
93611645
87985147
58617351
90001770
75415243
21668463
84226986
19714784
8034063
9540170
79440646
28300448
64042079
88825903
20656488
61014876
93591727
75347828
44207483
53049024
31585280
63843027
17321725
72605035
48165519
13211108
45917605
51284103
70168102
7479648
85150946
43043901
55189776
64189814
82439133
13964802
27921958
11967497
8834362
29221832
58940851
55750802
33535842
68150379
45303279
77633528
10285527
70785701
12680467
21383521
35957414
60966544
7819858
31179860
54137043
87813082
82139966
37368537
86402088
49076879
88185826
12749300
56360209
40715797
16877823
55777881
38078940
74819784
41876770
58474438
58474442
40340362
29561217
19603231
14403765
11189645
82362698
25257111
78595574
65545156
3806236
63839112
48244080
82159700
46875045
46388304
62565395
59757912
32707454
82085148
8888122
16174466
31523977
21861113
55367063
76837502
38430589
16231269
48613695
80068780
87454674
64495844
67847288
35552851
82612492
63803988
67072024
41672637
16588713
70653472
26260834
30218631
15001140
84481829
8380441
19053231
17426855
45571732
4430499
41350256
54180943
50907151
36322179
31273389
18164529
77351058
93686118
79795223
87000074
75335165
54318630
66595118
40753334
28144262
73273798
71864111
53165982
27491836
