18751772
24615582
79981704
53343780
46428145
62050966
45481634
21495049
71962644
62428406
29809970
26657686
6373576
62647892
6601944
44627247
46742255
21501842
81988099
60838672
62274948
23595240
14721922
28860058
72407037
14288817
10036104
20962085
560943
17842611
51676073
3366108
26103086
52269652
63301746
14625320
76961147
72847011
63940084
30597082
88149604
93762341
16838119
47227499
87959757
47267952
2599736
35754566
6019042
71490145
51217663
2807813
94285121
75251454
9665353
82470275
16213146
20784216
52242599
37323418
54313764
77998552
34615704
19229328
1934770
42588446
66344785
71733999
32108238
15332029
36553774
55976754
34092229
84802057
13356905
13366225
36840469
32592392
2739860
21926512
90189754
33866202
23282520
81235688
13366223
66453193
11619457
14501642
49473551
51058010
51514892
28528550
48705704
68584717
15035569
60845957
76098933
90510637
46924918
83336488
69118747
1706083
39310646
93647505
68846168
86664189
45358711
81955114
47317056
45977292
41584817
11725229
91448888
49549283
2651947
28660935
31298811
53597621
24250107
87447556
58221834
20210141
84220808
89764289
57507523
56708408
27037450
9720858
66094337
22834927
15276456
84880362
20501404
49581631
15099005
91640366
80048780
92669996
91112116
15676183
26266263
42659510
4036155
44346909
61417726
32478945
6614934
89882088
86598912
10954283
45932203
40145203
31594591
36332883
32749910
46528241
45514880
85009872
26249344
17395851
48015265
38985968
79926363
61930002
18606029
52648613
65180252
72559185
19085872
73537855
60078877
8251518
1926769
68542787
9518318
50103745
23005655
23268595
36007579
16968674
53188014
11848846
28294323
80687066
22107448
62906365
44640910
13298877
21137215
82113617
75684917
94447433
94106926
66194315
72925640
60894364
94323825
33898078
29087271
90600659
57370773
69231500
9221033
51298579
9968368
55593598
31381499
54533586
13478951
37674471
55139491
65463715
6092651
4750770
79145083
47136792
25302275
14345468
19397265
52386950
4266729
44651541
57861281
74985971
27163069
39272632
69099563
26471746
81074258
24943536
28848533
41248539
79128190
49626242
81027205
24933335
9329382
8357880
84633611
2748257
70050866
85174156
5649207
35675421
94393227
34529289
82996798
75768270
75661755
2603259
68836045
73446905
86467169
77536343
23525546
50668954
87682501
51308197
72643797
72235129
37443733
10438116
94587139
2185491
46289333
62135946
58884950
38627985
93929639
15518512
79578325
26687928
69244345
72119831
81178848
94264636
31030067
57147393
15967820
64695543
36439997
86784883
53162348
49353406
81091031
68193683
29351369
24025764
59444938
30130992
39997292
92491122
6415209
79005030
