79330453
88606639
14194626
45081637
7325492
82925732
89652224
91396111
49571979
25583816
86147648
24666158
24507862
61390061
25043498
90759463
90224403
14964551
5318529
84295743
85304843
77487198
83929462
78602424
27285711
82984032
50357274
56014157
78216788
78096868
28479817
20038192
71923480
5723292
74009411
24431193
86348238
5420042
57328405
54664837
34807296
63769932
14570161
57423282
21567768
66067765
73820641
65399197
27655366
48099176
56014375
44699089
11853515
26077130
44686009
10149247
59467525
44059880
44943816
56103378
593238
8367002
29365926
45209090
67333523
39459284
54256573
13630192
20078245
3300114
53882723
90390324
43128326
5861811
23997674
90870834
31399223
68423295
58602752
82910445
39867792
25583822
50862052
52549092
13398252
59185950
18201544
24190094
43339729
77619230
58686793
40320792
47157175
8155249
54074093
44171676
18612097
49605578
