1269977
90944974
38396319
53249324
1882840
59774564
86308218
28763432
49301711
81185401
15925324
40440217
49092293
66057353
86846118
53428719
54363017
68585304
56409721
72357365
13865797
90176654
59303060
85989849
61218652
83704213
62057941
7441191
64913590
77433700
5505823
86094189
18263054
53063825
89984749
3155453
82698814
70817349
32086966
410291
26652575
69436506
19339130
16246098
12378502
26642299
65588960
5506
40346419
85318581
53682885
32109361
57937627
14261574
91716586
66035106
82252808
1104145
54584473
42152136
33286787
7797626
55828463
58509560
48526108
44484966
82347770
31844568
9243122
91897574
38634583
22175924
27418004
51354638
76320902
60181068
69496646
10123595
4815557
51395566
52038290
15850237
42103904
16111207
81147662
86981372
58745849
21428968
70398485
81138524
12404768
51400308
17334761
70249950
84264456
64617919
39868616
15246313
51036302
4886226
74873267
12390412
53633278
23736483
3669960
88788669
22259389
12230429
75143695
28619555
22231581
30511894
32171339
64486778
63827878
63787555
27914385
47879134
86381674
77440756
46667468
49206430
40253702
4979804
4082835
34992100
60231215
75609806
13881418
73842243
80599509
83969075
45380864
81217066
78561244
23476515
88633625
79288523
14802971
5493039
28376223
9848177
73405110
11249411
40033763
74943667
89403409
74237764
40327949
705039
55970278
16164681
34730435
30901731
89585957
61883182
39847896
43939665
71409213
35852054
90165525
57227915
42919755
278826
67654096
76790026
80133135
65537457
49023528
47236024
37115374
84305909
18784845
69150708
51672468
27546986
66452745
13580751
29109452
17467243
5307742
33119042
32964305
84559763
30438224
21973299
91309445
51192829
10261486
17601088
40329740
52318548
735910
15735501
56181384
48744035
13368383
8472602
12677820
69361957
18898594
72704160
66020493
60248614
35298369
59077507
9240904
46557782
28532634
90197984
32757290
78800240
19070238
608931
54348838
75049741
82386708
91892011
81359928
60883508
70838210
73199784
91799725
22730905
67371471
67568859
49373551
73220080
49163125
20161340
53409669
31105285
87385697
1958954
67452460
7334182
77870949
60069287
3984728
15993762
61759208
67343399
77929092
76084048
38506379
12545953
2167574
75626674
39870693
30049128
69463262
73212497
75385425
88349844
75432579
81597414
29758825
18784849
75225124
35169136
24827454
40409797
55168258
25344950
4599941
12306699
73852437
24546185
45799705
34536985
17500850
61964568
32188908
65099528
55080377
24250908
3581842
11239810
50266836
46416735
14644943
67322129
2863579
33630496
4214253
60124226
80782226
29346275
73751277
76883157
84517691
87358666
58391655
51324092
25248259
52148186
58455571
38246873
81012416
24989714
80073503
40365519
44672716
85047047
68509255
57761982
10159819
57808331
26090594
21254583
57934953
50365785
87761363
35250606
43613759
36444276
42117420
59456667
33377562
21682844
4138232
52169077
12033585
51776663
15394824
81038980
35677195
51458449
49923755
84252427
44930258
88085733
39812110
15944933
85897786
91736990
81802044
59289214
450526
64772047
89104935
64511497
83938004
10420168
63622326
72374256
52205796
16024613
79919275
69143652
42605380
79346442
77819534
61995677
83040412
25063405
31685846
53640174
32409339
17616366
58256982
79892913
79224696
55215890
59365798
69768527
78285729
46685009
55652191
70580176
18326527
48865231
24466119
53616327
76948681
23945670
5694177
17200502
54526470
7545465
79711472
86880752
90460968
85796288
7755499
67891197
38791932
30921082
76244211
54336719
65887065
55271445
10265515
65157997
18827097
84619341
18260755
5135248
7057079
66693296
60311
83428274
86685554
74403007
58404156
15251278
5326274
