19853667
14009649
19917459
54327614
84065436
31738065
42158529
17287831
66700177
65020637
140935
10801850
17149110
73860450
58195618
28949843
59853110
53264324
43441498
62542283
74339727
27612252
77104918
6151538
34278190
49104393
45978866
73602503
8441715
8177024
41520321
14999909
25642865
35971377
23862216
84366491
80545204
36760696
27098706
66793410
79305500
18417582
10255271
57063154
10196109
68890271
25991586
75193615
90167377
62620060
10006274
23083683
19381951
13526340
13878608
84322778
76684036
63386690
15814033
11368393
67875842
36532112
28568331
22857125
72465322
68574491
34266343
28915689
18482762
72642398
50548472
26781760
52355325
43469303
85708721
62877708
39286405
49661148
26713668
60207325
26537278
83826470
85546440
73631579
51229471
89886561
35486417
22394482
70431692
12379502
46096041
86961136
36055548
13535640
9622809
63564827
38238528
420867
2772313
62551067
48597357
79357323
27915527
76139555
54797535
64304981
50225525
17491330
87251546
29392307
26191538
1432871
21553267
20180344
54411921
3777194
9277669
7099128
52362059
65728244
1596851
28745298
69637676
85717113
41154727
35437479
74374253
61220745
33066436
23941013
38630583
5800825
39259172
45462729
80969371
45578031
82040896
74421217
49175081
65899373
61770918
45371301
22878239
5087404
6952045
35022780
34235594
75122406
76470028
73602508
27370421
33489162
51080802
69068380
76140452
48261251
6313593
67266620
87784794
78375079
32887282
22882450
43188345
6973846
65084120
3875801
72883589
13267620
42682317
3751875
36034415
64091430
36547362
34607126
37474002
17046770
50529598
29808929
80232238
18720119
44556268
18357609
26509017
52016747
21169081
72582016
22963015
75008320
350308
59608775
86877827
12611629
31980816
46603833
90875979
40261493
92652546
37118013
65758601
13132536
41548043
14023956
75261916
19662941
54639257
32928385
79910178
1846697
4223116
76128529
12738974
10034501
13737793
17583220
51601056
41977302
19600911
43803158
90276159
46692727
64573890
91639383
16765815
4588208
83116130
42202443
54643572
1640406
90300961
51293127
50131153
7751751
37317303
20866889
11674378
31364961
88584904
68353457
37224158
45648951
62516079
1652829
62032540
79900711
62053564
28865070
53643685
20383844
84988674
47569744
41031387
25593395
40515240
81818825
78973337
93037717
83371599
18258119
60120817
24327092
6674489
26191302
31163341
52293376
59449865
81696476
1149269
44194139
79462008
7436997
54074590
69939208
29959385
71752199
90249170
79295078
83267134
26681734
88577903
58180412
78471473
20588681
55015622
10826161
35438471
69061248
9723562
1814942
85891869
88835777
14390392
71172013
61359084
42287539
52876650
31547745
70153195
70638543
27710950
74157641
42031842
38943655
74284031
56614030
76538504
64148039
90623318
91526913
43323879
9968103
52227423
59760640
69247741
16844738
45180620
36687769
49042263
47856307
4350897
47186575
38802041
40377647
3322593
47798043
23687287
70691608
84517188
51615245
69603589
78986235
53603521
46977186
54185687
9099615
67106142
62990844
19069561
60157285
77323549
88243658
14719045
74287232
2796446
58020637
56629930
23855824
78211755
74032513
52530899
81354821
32485813
44136072
14564668
25262104
56871699
29891266
5011803
12402594
23060479
14025643
75066521
43218794
60283744
47797824
24173507
9055965
62329730
53146208
74648452
6816356
32620768
82684143
33813566
21829402
20160936
81343073
75932524
91043299
39408492
56927835
85060658
80088927
72077938
72815081
20193798
3789590
1052885
5335262
38249300
11153306
74829594
86535101
8444857
18947288
26063099
12764858
9794859
67057774
91842034
40563120
67236108
28052556
91661047
79341950
3811863
89550765
90365036
5139995
33190298
5189100
39579193
53622203
74894218
58004615
17283254
22103438
8595192
68991448
21844446
59468862
20307403
13157094
31239824
63972477
53836899
36854746
40598110
8046841
67159862
56402808
11315531
23369271
75148066
62224253
83308393
9107863
92779778
85113337
54892120
50290267
19228574
52184150
63383135
50591548
57422731
22020717
43727766
16552859
92554008
40502257
25288021
54876919
80259706
62442202
32719714
34680846
32613372
10165755
64849565
30966561
49790143
78541426
72260811
4797111
46156209
13040225
18385268
84760236
30247929
32378471
