7747413
76772483
54968009
55203272
51702999
35210006
31563581
7981964
5862119
80299051
73683120
2520271
74173026
78438511
2961680
80211999
61060632
80140812
91124042
54939584
49239847
43908215
52374132
15646843
21598799
32869310
59459341
55448335
54523823
27143995
27014422
27014423
736995
19920719
83777736
32390940
15679846
67287391
46469977
84740241
93062609
3213597
14818206
89878336
61116597
17784546
38262081
71558215
6958456
10006637
74697973
59812278
62122738
35471892
72422791
14548791
19630729
75019631
64060301
63182815
86648698
42848067
46169839
46786270
45733543
69324912
41690980
10314188
5183348
89030265
32610974
57815993
88101501
75865423
23025440
86971829
83217134
92374626
33218538
64123538
9019382
35165691
31105953
38429531
68310187
79540133
4667706
25096943
76302614
91643428
84935975
5141623
83800109
64041246
63357221
80120412
60582755
82535363
83481464
55278883
51702975
16905874
47858838
91735402
23653055
61457763
91204341
15558758
87470985
85729955
51591043
67795116
37247994
32854947
22071635
50651558
16008483
12774214
84251027
8950169
69268650
75536202
65146279
78439323
51586067
74845124
56585598
38767857
71386390
32404312
38006881
25776199
598569
84375434
54622666
4578597
8908212
26458821
26747160
1461781
36430792
32097247
67656327
41860981
87857767
55806556
79869660
1433442
