61074670
63090556
57922
25646587
76345628
58119579
28690710
22833097
70403434
88202526
62879367
7640424
4637132
77280480
13939754
86729324
29362704
31226847
41282797
9377034
38935216
7458083
69960250
84794503
8521310
5632781
68712077
10163767
88978040
583565
89107512
54822657
81929771
63849459
18453367
5921572
6923308
53768074
21059246
72868092
3876021
36757459
41209336
64801521
82938412
21704407
3666234
52430622
18177904
32414616
8654887
6662558
81280835
1771478
26617777
29100423
377804
21445675
73172714
52914720
87567526
65691220
89470512
58895588
47347117
85305562
50355527
56423121
14298883
83041793
88795574
5481508
84772547
13383557
55271849
67589838
64983825
