61762490
51437104
26412730
29422548
23445363
7544019
8468171
74620280
49526689
10233018
73110636
22013607
3043755
1717099
49740337
56790
12629731
28384240
54790300
16766492
7005528
1200190
94296748
37144669
85297862
33924281
21010035
87948670
88912229
67717702
34176066
86315709
110495
69672415
48489266
9833957
23866596
63852190
32993849
40644478
41939767
36607527
76540909
13797242
40656591
47667187
7731124
45114424
7993375
55304990
28233415
29519462
20767318
43609293
46950248
41202086
31957177
76592592
31406967
16620434
3923946
92117340
41147387
4472094
12579576
77238183
75917167
35808563
32545210
92176583
70083250
53885252
14429564
59490469
47898849
75297683
50553142
34483962
50283471
28210027
37074214
54804907
12226130
71624240
35183834
32301278
93286340
10877145
87632051
46754980
57168323
90595569
38486230
32767454
88853016
92066160
2203507
14503765
8482161
93678366
36906290
72136429
61098790
19344247
33903533
30846530
86266058
55096714
16006994
6016710
69005701
36048774
34719701
31364977
44296267
10819019
54374762
62032180
54248003
11519759
68704484
19595671
38458326
18517052
85774715
76884990
89954107
84792489
33765427
23164677
46224421
79939044
67549960
89749965
70872195
82915108
8794430
79926706
21791243
66734478
33908099
1951918
1964362
54473613
72145851
26657983
38984504
32887894
46330237
81924173
25157998
3406612
15652879
81267662
49083453
24745270
73948357
10535565
46998604
7120337
5453079
63438414
6815320
29794457
18376971
13259291
17342855
4985279
17484515
46254098
20376545
27273145
50459863
11422463
34902974
75843104
21951655
78982993
64160093
15800541
49594394
59653204
91618566
2623652
20509691
85789435
39792709
28589660
37224690
9159262
73889660
62802775
87660873
56191325
72992319
51667747
24052639
37204668
51252179
44048651
20856417
55119597
63177281
20371617
7627645
31399184
51156255
55498808
53274374
64520648
38245676
44246420
82119515
52258147
41572825
14820824
55885682
22307013
59964762
75374889
22682766
93434114
67626320
89437279
54787212
19226732
9813211
27759469
25046200
32543866
48819747
29580375
91528297
4600497
27753195
11935829
76548006
14231901
67871104
32729943
55974734
45825490
88420481
58747379
52936139
79435845
70478780
59337844
31450548
8199841
29163817
62662641
15755368
32669571
59211882
87552494
69339893
75350446
54621858
66625495
51758848
66324414
74572314
30772111
25799106
50271326
85419882
93113363
919385
82406430
81315230
34378094
65490209
14101031
27250536
76990947
25539449
73638045
78135938
10106847
50486795
65577921
76811449
6057187
87686410
69172635
69110699
33267505
6278856
39564142
83934417
30019509
10635371
68874745
6212068
61701356
49559645
52101867
65167048
94019150
83435767
65625872
45498553
80998975
30831329
77044580
37025942
78811883
20026750
46569674
93369383
43844460
32719799
807966
100582
48211352
40156887
85149768
27734294
24777515
35429623
29578766
26056435
69000421
40030396
34829548
12145983
60320392
29436850
31835773
88174812
36661714
12831315
91507138
49531302
87161380
47481495
30222864
10077666
48647347
81522917
65749862
22121026
6052958
52392171
