17340519
74797207
90710323
38118753
10897384
75559660
65940627
92757422
60557606
27932920
69008063
91616690
5293935
11495319
60981807
88776234
17893856
63737275
25086321
34432265
42198240
28840967
36104941
78076645
6312796
71811914
91176902
27814050
66280120
52084348
47891954
10969240
76189610
94647325
84219399
64318042
26882905
5238426
90277864
60587027
75781443
69419215
21405106
52615479
2648022
73793379
33337348
34680798
23961934
7920006
83099555
31669550
68742632
77308238
40362250
64843453
79925520
56139428
43579286
89906124
86100536
82652780
29543936
47666754
37000127
53818729
43734636
53562913
92656357
88498157
46591389
74331053
84025382
57631627
71592481
58840113
2211846
21994671
36802423
47686858
15758658
29693503
80624078
25737757
32980817
14536759
32521147
90974019
71577365
92833928
91441520
54817044
489450
12638592
6446269
32283677
16235217
54275770
43015943
51404820
85834924
49465365
49465368
70080752
39418840
71321821
69622556
82272979
30840673
51802653
15899757
22935005
67929652
4139845
37934652
40250364
50319771
10375831
51434351
26440663
69413351
16111005
50983195
10329731
79291711
65096964
83923552
86295071
12538435
5246219
81130024
34795954
60104796
10726507
68993672
81208360
19390001
44005367
22736864
77619836
60470106
50419156
58929073
64558664
10836914
45648072
13526656
6986829
2879075
63570689
53517576
9832027
84741174
37600645
74374815
47570971
82698851
71321524
11499006
43106661
4186146
77265258
79773191
59559663
18940463
81793758
73726045
38293423
60666512
59149004
9300489
27881538
61999711
26204744
94549827
7023278
58194023
83337633
55482816
63733403
9403398
10972944
88250079
33473198
6419517
41633709
22541313
16967667
77774219
84260036
24915502
60762226
34447370
30327816
7674685
25354332
6855981
39941599
13854833
8731297
7539183
24889576
21177164
90481103
31313745
32242548
4366686
77955557
63373339
74085824
33473524
87063804
1127052
45759101
56895426
92976249
74989763
8560997
19016511
14054276
79463068
78739487
30220643
17297468
50906590
27321001
4976277
5678010
14818625
5732483
28766032
19064134
52042310
33825146
40598416
11168389
22564101
22968838
35578763
77275815
85431478
5508999
75322647
4613050
75323475
83034498
88490976
25170095
17662554
76762032
30657493
64738560
42790285
27416355
80809414
18285884
91168585
72660163
83254207
4896198
5436257
10235257
78612640
69377296
33293332
37079800
7850264
65358422
15454068
29842100
39745605
86123265
44717149
82087065
38983800
76562555
59268
26440659
9839262
77202839
20469983
8765215
62025510
59334032
42186595
49824129
42657129
42657133
88267847
85127074
31784545
72684241
2484317
28883489
9676906
80718903
72240889
9901654
22505524
77407615
86363157
48214225
18648888
77351965
32298782
87411648
32527078
10310216
57721179
52564911
37137637
79381793
69199827
74345010
93616425
25358876
67387631
23115247
22709356
58457967
45448222
28718799
66325416
9357155
39495091
69101120
47632100
17036956
35360590
67658129
50606976
64893051
6720197
21031807
81290378
92509813
92581029
6495742
68429461
58066993
4669020
17932452
91019493
198987
9290462
47026511
18875878
36584891
14061655
79271241
82970849
2456665
56605040
16847738
82557759
76128147
51791080
84288635
41942528
32428648
47546841
56985875
4545237
14401349
94284704
62009932
21304285
21088432
21822041
1616865
963329
70004120
20178853
14496395
65241032
34136102
61858718
72570990
14484509
70176852
39056165
58387943
2851771
69279167
14539248
91486140
21753366
35699771
38182531
22937240
62122566
4470662
56744311
73179273
57369489
24564472
62783457
62500753
71949962
38405595
70072983
