86863731
74982748
35765524
33218502
22210544
64066297
27569390
88559111
3916175
56421718
82814905
57018164
79483843
71939226
54353252
59528753
15768234
29458053
80926265
69274340
90794603
67107811
1545907
68325061
70807496
33480321
51696493
58314857
40095928
39250514
66821743
20125162
90461615
45253523
2198999
19395054
79656322
89257829
76585998
44769696
43655354
89661868
87149638
52010801
4838336
77113120
3249218
42532959
77778870
82855778
34161514
15794557
60776205
16556253
41760524
33830740
72801439
41510689
34159939
70622619
47668562
79556564
91052605
3121048
37215091
15737069
11338496
62319164
55084758
25112799
10291314
79857265
82914284
2783188
36607561
77881335
16172335
64272253
98406
67947122
53644848
31937341
73783955
13973106
51561789
29451578
27136908
20072704
5697336
66597237
32803128
45427690
15722974
71433909
83073459
22310161
26188391
69194669
60896238
7553509
5948300
77663238
8718104
84115486
8482884
21874842
78152799
45041459
46580574
16339750
82003369
30950471
39163215
67630442
83141313
5795578
28380294
51978045
56957455
63658047
23030221
48373418
3241399
24399883
15710394
32089167
11712618
663982
77475536
24215312
48354465
13606309
57965748
70209353
88351072
75245054
82831958
87905935
38640822
61246219
33078906
13605947
2770836
9647979
88283126
88283127
56920654
28803461
67193408
19365285
46272095
26208509
7566580
39715804
26049774
31841102
81919034
71801559
76155181
36868878
41655158
32164471
42191336
71894779
24512967
39991781
15490290
18251681
11532576
62517172
5235261
12245344
3298296
89622036
37611957
45014218
32333630
37945089
93038768
32639342
54474121
13214529
62950502
43069248
15137160
15781422
75129217
80972238
39468115
64093026
65717013
19717476
3157286
9436712
34134612
7685043
40354746
71465441
458349
45659376
67878056
80675214
25222901
62536458
5495832
6330820
31785151
54449295
24205385
23439615
6305509
16231929
6866440
82374486
5588718
77398670
85279197
85378959
16797498
85938384
40261112
75333578
79008837
74598574
55950728
31485360
55230569
8181197
55116046
46958591
65676609
85273297
79211743
2181753
72410177
86475384
71730928
33999822
24749082
61385236
38492097
2717256
50186921
4607702
87746842
12961439
83257527
81403599
49764739
43769300
84254509
79114683
3376389
68389034
25906197
69719935
37256957
88443477
11764225
6852762
71294454
76819637
55796350
80016842
73865082
5502559
8644237
34089184
9420684
22995991
12794580
33545902
40593666
59417843
90014906
81945448
30813141
92861328
41160718
9291149
2849804
7232780
13944973
2468318
52965523
55725720
92511939
58403765
92721715
11588695
73160653
13267357
7475593
60810913
56860031
43366461
87520576
37816774
26967326
3014893
6819709
89662504
990658
33834228
26412869
1671816
44235817
46413595
66516973
59806716
77208906
26845913
23146787
14008807
27920217
12095617
30896776
55533863
43899222
42333650
23966889
74228926
54971690
22356055
75507391
14560843
57018110
44537845
89647007
81075412
32303921
63771247
12788376
29297033
13992557
33087198
41429029
66046420
1551881
59527346
25463005
5650703
65862810
74956177
3169322
38627637
43346328
58891663
35578702
39323805
48126602
49666943
37661094
15271620
84114462
87625256
40518968
81345526
45074004
14418464
90814034
59461375
19231026
83359400
24703186
40312709
41763770
3540046
9027487
79463505
10047385
64983999
40121741
29022683
54469090
8863634
6924725
26662639
70926021
77804927
92898370
12106462
37894068
18905392
33739161
34601927
9027926
76295157
85882409
91618749
70953590
14467461
68724755
83354679
87420733
58553726
6559361
30748646
36702924
9160154
61877092
75061252
41527619
45770971
64272982
50559251
84358712
10248104
89714678
66262668
27481678
1705165
81285086
9738858
43577624
21660985
44466544
25509219
34200502
920935
63633962
75148315
17553063
88454489
87327216
69901491
20149905
68490633
38597260
