78981403
38160472
69073074
27927474
45062682
56574277
90637967
47841239
40103812
74938271
41119252
27906992
19458945
63639706
92510515
84319438
66670831
45247015
66261899
72434017
78960943
40032584
3148307
42681193
61847998
44960304
84047965
59317414
3500731
58835522
34666567
41999591
41578059
63042065
54866341
92318887
61815999
22237633
92128412
26109510
58767932
32545228
63175952
45032325
74383386
6355822
75304258
8523725
37649130
79090349
66095388
91108381
72170879
60290721
58662495
17478059
44614841
48955283
43116282
51785835
4010271
92035786
17849580
91968341
52698415
65012965
70619776
40523995
52330152
31550040
79276238
3033766
85913020
82553695
6028318
22999120
85379051
58281857
30206967
70935893
26405225
31062201
49817373
76535223
23183901
36960247
39077537
54183859
20764499
85586023
19300156
74920172
50053690
48171242
87868029
48323567
47808330
37851407
12566155
48168329
85863263
38245325
24198534
65275916
60792282
64703448
77485927
64980656
32506408
79156380
64813893
18707972
30745932
16023001
33533813
83042114
72875340
22006423
29181682
8382711
27350720
85760840
18098942
92395504
37251436
40281605
90415505
30775914
69110465
90263055
61820425
91930711
91747266
