30978417
49459595
82239566
58901184
1822689
21547424
85461854
19463034
86157668
20866608
42143975
8338402
1206702
10336932
8543542
75414566
54518374
76823635
24271291
67153962
77742548
47319752
56168750
10622320
39585173
46663699
43060058
83857810
84188088
20047588
72240351
55589109
54318256
60168652
29608686
63300359
48869658
79191657
21206496
91713104
24493021
5735114
1976640
40037754
88459329
81400179
12662458
6916136
77926828
64460308
35457929
75978819
55422005
2009687
26821078
63459953
1078896
40040291
5825928
54269307
24305490
64895697
58378333
73128223
71770879
54542296
34025278
9279412
80594807
34766984
47213515
48204614
48560534
11435538
16112632
43816728
51628743
66008718
66445755
11651219
42798780
40826485
20034256
15825544
89821625
33081163
47676108
62453465
6107273
68809829
66482637
86887783
58398936
43113894
16554331
11481421
23740837
47309310
7250175
39875565
15881415
44805740
32934214
29713093
15172713
51178912
40298904
90318545
60077507
54411011
35904332
86193370
10685633
3994040
88050918
85076357
43640932
65380326
18334497
39407564
47624050
24150160
68009100
74929699
83704759
1571323
56020459
52232041
68562381
16278285
63494779
37052294
69479831
14611406
49181220
47238150
69289206
40445657
42045633
73090866
19697298
16453059
77196890
8040944
1021686
49816051
40034935
89669055
7597097
81828644
25167990
44010105
78612083
16285746
53272366
92872107
18150766
18149467
77366652
7069071
32779405
59212315
63618152
82276839
66382502
5243193
83876098
63625201
77226575
59386927
70481211
73510046
2647783
14412628
48777271
60825236
48435513
46590232
89957388
15265230
20921824
83686279
46946336
84026106
15919743
58106854
88111083
75870004
77246
27226826
62021922
17794285
90980242
65704542
86225853
8967942
47003029
43305427
54548262
34378510
7122629
72714828
84672472
76439415
25795554
5361101
88639174
72786402
4426463
62262842
38191897
7200440
26017227
39442182
50980127
66382929
45795319
53799825
77572084
11813225
45348956
6313984
68188793
9226136
19605093
38037418
87170263
42542216
456306
77564445
704970
52943731
55094543
64834391
1785087
86290034
79514012
84411200
10786629
21580855
6811954
55398736
78934293
59087085
80263961
60861206
56125822
11801402
67152203
72865455
38951641
7100360
88543462
25968738
2429851
560114
14483876
6402264
60481401
47951770
8387318
9372999
52625529
43667836
77562931
1947555
7139477
41827842
80998820
7029010
83536560
78594101
7539016
84877819
53691128
60719600
52628476
25917587
63602959
41969357
76903723
30726731
29592148
8993331
57408106
55770399
5693891
27310702
48705638
68808193
85290622
58510539
6884162
74477648
14379762
41998384
89016448
82066583
17500460
51465962
25831816
21807804
66871052
58003754
15448676
19133866
60782676
58415263
59640813
63760278
87303285
15104519
59512468
83513734
74882855
1313120
84650245
69812089
77254651
54110524
6742738
73125227
51780588
18670417
13828372
36901349
35836777
34299790
61554492
17059959
87598080
89245475
52634261
58445462
86420697
307979
8552256
1191314
57111393
22333490
15725748
57279584
36795787
6153092
71469647
78642577
2982011
23384929
61344633
79852429
70627211
22433351
22134528
83386695
11260333
66592626
76212014
9075533
3074554
91235897
1431487
92293250
51000730
7133747
11910940
34103151
49202263
66108338
28902056
68525552
19468377
81034291
522616
28418161
50684629
22605578
74204026
72396275
71425807
65160984
2997274
29318595
5324593
52782035
10308706
18382582
70982333
39517442
50087218
71170591
36253897
89623361
17411463
44058053
77919442
27798778
29038280
33864192
80757003
12966019
63740030
83196533
71946531
65816413
7796983
3701071
68837155
4496948
6598804
65076192
18149799
611162
30975617
67515888
24696767
85358804
18104171
41405753
49669230
26453513
53540466
86861612
35876116
21063081
64428411
50771443
12677264
27663174
45155906
56041217
91072430
28833616
77159944
84842102
47245629
87989767
69825133
3221471
43459399
35293167
72298286
74497249
75665092
65059134
56270714
38093582
19735262
33778201
35121713
57380818
91548694
90471325
71957707
16168253
38314882
80024705
17025531
79725685
68664116
22006164
23697565
68332852
40207951
39026298
25369970
47423890
2754723
70524955
57732923
22352347
90815681
19593381
26037417
50085211
65890871
3463074
17006223
58512896
31706007
73253280
7877592
87436568
20664452
64962678
59567509
5325843
11667564
20065779
61645988
9002463
35350968
3658642
10072149
13979934
40803454
62088292
50805099
75934365
28791243
38157445
83109046
92105102
73789777
66029577
79081260
67383557
72054305
65490016
25793731
20295556
57156700
32618213
34214594
91381160
92047319
20063342
69794629
10984228
67882025
90854669
41660015
70575944
89078523
10900618
43575298
24545658
30457793
4149587
37440996
28936097
64661750
66076488
16755743
65408657
48707576
18616288
23653625
76432276
84904532
91802711
71459577
50914867
46052485
63882918
57968530
9431980
31555258
19917175
53459432
44523643
54890997
6689912
87394964
47213511
47991112
21888643
64458858
33688608
65396405
76012065
62556858
31815168
52252525
22234627
20059149
90624689
28084443
28630174
39056978
6617839
37532424
91649076
27842139
62461949
45575207
59834615
20388977
91409207
1440324
42722742
59254661
41302012
92227297
88006738
42038941
46232320
20904841
53121876
59294615
56867381
32087964
87329531
7795458
89537141
67835254
58717085
19563827
68582884
89545733
62847087
58786544
90880812
67957101
68361287
30447283
23567448
7603022
3165336
64878300
83667498
765050
67673847
34487889
76055489
76686573
70975684
56121138
14068992
82020616
89162360
74540846
53638270
70587641
45589821
7890861
11101936
43334957
45649245
31197269
926211
57471735
84177347
87952634
83281567
49560978
