57358206
3616714
91488461
32831214
35661022
48566609
5161358
2893074
75979039
33324492
24520008
50096933
68712447
45268120
8070731
78319228
17636922
93931434
90528538
72481260
58167429
68691984
40782667
61033696
84502258
9923029
29538858
24416585
34415206
1961252
20495262
34288801
52131163
17756955
86289802
5644914
3300126
41623196
50113124
42086346
64602937
72519140
1504181
57473063
76793827
46279707
51895348
52316019
53546389
44884740
32866048
53894757
55801966
22858667
16820583
15294366
57486738
75360868
72280718
37935259
12108578
38759251
63148742
54716752
91983599
76570660
34960532
93490439
84349834
805374
60830330
27336133
33064209
18009313
48111722
88796138
89709894
87043831
41691924
5918351
20001085
8163812
91075554
7694132
35183383
54639379
40699674
32488684
36565339
64571552
71088124
52617894
82570754
50676950
52318327
70178580
42259850
61279591
88291422
92711388
72294904
44840398
86286446
18083151
94367910
33056012
77857781
81225808
64851751
81962012
55799242
70365065
8685587
52586554
1347434
46087351
12453251
89694946
1195015
89315576
23245629
90131815
19365031
34590795
20098825
2458568
4911483
44268855
46486661
8134469
54586055
74707592
91392806
29071461
11816070
44856108
27190251
19246443
23641643
66443318
16444868
22862367
64115672
69277037
2114902
17320016
77274659
93770209
10231474
32866463
4940476
40711909
50308078
10046843
7745584
40993320
68962012
15137706
24615800
5758756
39727270
32581678
32720122
80262439
14568238
10602006
41079438
20464052
89311215
33884742
60295849
40546823
24540399
92919053
65498865
24671098
70960594
15298870
9368215
51489669
89584600
35062421
60525747
77853913
88390619
27328989
31016579
8762061
29195365
72582549
3959225
33180659
9520911
65897435
42747217
70970219
94511242
67779936
90846321
89410419
69367269
83570180
61300725
9071138
30409317
48901835
20809358
66187626
28356500
19426223
67372298
7858155
64329310
29182662
5264230
88135901
93765903
55016479
4026508
37898143
91828424
59816599
93547714
46372934
80160276
52363743
82569120
89765913
67231229
52748845
30556645
89830938
81021113
5494155
79983943
88615165
27353982
81478566
46781964
5373547
1511717
54404347
29198016
80568378
3683886
77264569
18908945
23318237
85270991
24389809
5356563
11303382
15682897
17214720
2329158
76886418
4417070
4417073
23247685
61871807
60563786
6486197
93902201
46164395
35606388
88040342
65920159
46809324
40969810
62117920
26507854
46774251
16308801
40197427
9968142
25275475
50193422
60506534
20592309
61354323
5313564
74313560
22222316
20668575
35071596
35201295
59348866
53261812
18876487
25860356
83209766
13947607
5711416
25947917
17454607
91780406
86329871
58837011
82094420
56307120
80040355
27992362
29156723
38675049
7050979
13043911
17430319
88974921
71937758
58751481
17261225
45655550
90308090
