56036551
49513223
73285288
9418054
62123250
3851840
88505928
53238777
3870906
17117611
89502782
32897679
40339850
23835842
38108830
59353487
79727931
50469425
82272275
75242986
51362926
2317823
4665307
89275768
52692216
85542009
33428819
15883729
25480847
47746904
94226607
37001682
71290209
40060479
74797348
74078435
2602050
63414595
9731233
71732204
84174595
78821699
34865469
50681110
74718963
24273709
59938526
23122636
17003110
14103628
62155497
64552920
12693463
80273854
21347773
88195843
12661398
48634065
78485735
68444632
36240673
33495331
33495335
93623144
46515739
15506893
42753866
31332950
92967681
42618513
62115802
40746379
4014919
3734782
26040379
47923270
20380254
20475599
57956963
58162677
40141135
52011668
55508766
691589
7304932
1802912
71195568
34005771
49330758
32332931
67886716
44948313
5186131
26621992
5453784
30419103
92491728
18111085
82328257
47843762
63745186
42443113
32583872
36024757
33537622
40646182
28218791
64078452
71994997
71883366
52213606
56446481
17929018
2690180
12979676
79843631
62377959
73228596
89477230
27167465
75750625
10148238
47318262
84358157
38778016
79006167
63383404
49903268
7224900
93622985
74289217
7749354
25565385
48982323
55249509
64480579
89626623
85543044
35044574
55552189
60870901
75845143
79883576
67836903
88084250
85026688
22486673
11791133
64559874
34149332
78713297
85141193
46371145
7865038
26736622
18428011
53251191
1436840
53481811
67669096
42491901
62430016
58136140
20815274
36577820
22364546
78173324
45442148
81608283
32869636
20475382
80887268
40572702
48839455
75426258
28996474
9802222
71767973
8428806
32200312
224103
10304923
40701380
22733886
68992872
22730511
69739810
31957712
35058937
29276965
4438981
1946264
59983517
69998728
17172533
60222809
21527820
38028414
65924792
87128998
31120695
41681392
43000008
75425398
24072086
705774
13457927
23680160
92909122
37588016
28406781
38058023
70237804
34786193
61365633
67659241
93729210
