73973071
22895815
5403484
60524587
20039287
41133911
32307578
40072865
3470860
93070669
79206524
66323082
59194514
26148043
32357186
42922211
73903353
42671065
31260686
32982957
14170982
20411651
77459141
31761885
24395157
54559195
52694886
68802929
44348036
87045697
29904947
2053716
39166850
47967202
13256822
10150135
23324070
42445192
16848511
73226870
16993666
39585122
73055044
83234245
26999598
90772530
31276151
38143162
33769991
34773945
2400133
63959166
80526056
14301632
6603071
9388054
34160036
86529525
75476708
78843805
30530790
40940161
17802289
70383827
90925339
73555601
92004011
23217118
39921681
49859410
89882567
80074645
84456765
46135964
56750928
3688983
87589583
3873650
37071984
4134498
75376394
11711909
78689645
74719060
15252878
6062777
41056430
35322427
21213531
31843441
50667701
68343733
10339545
86113878
30171839
35522697
76043452
18736380
1724323
67160581
65938753
66583675
60929664
77827545
2463235
22017146
39300417
16670965
30462601
75851927
6794552
53022991
1314404
92777206
2242523
57030242
76156338
9880138
37579299
44533848
46333480
86571929
20640515
68813508
13255247
13331547
88660527
87702727
77505888
1945797
5930718
6198447
79220842
22524700
72542144
39253999
58709974
35446323
18588457
50146374
81862266
67472800
59537489
18439353
50787446
87852606
81317075
53671195
22451931
21385490
88501461
11878962
49181116
40255087
3549464
47788602
21830002
89936474
8095885
30096518
82021346
89428127
38489516
11079863
70635524
79878430
2278528
44364197
1813622
11670263
15192363
90916939
54045093
73981649
1728834
14104851
38478940
28799067
30605423
48876453
61072158
18268951
24033837
54417030
15052711
22344331
35517124
74350995
9255950
81381940
12711693
39138228
31614266
55789099
30921167
39305907
31897623
3035511
54355704
64589259
3345266
45488709
26078286
3358624
19622745
85423333
86454577
10091007
1045692
37985978
2768262
81624843
58176312
75135548
47898436
68526333
92530139
80627814
43889398
72584226
46038337
3346073
49457131
31737345
65034926
64576454
61014324
51947573
84043154
14096341
77847712
53435096
2236428
17580650
14099067
54406726
66502558
72559893
49476873
23906387
24536140
11482953
56750690
11528272
81386063
92679483
64595645
54460133
47380111
934875
17235999
32038936
87740652
50789672
89994379
47084808
83787903
17560620
71446678
42329820
4891768
25274798
43220333
52114357
35935740
45830850
22759798
23323632
66266091
80167463
20367694
51586182
57773758
54427756
26681270
70441930
3374605
45307434
43726234
43824839
42460678
62510392
53912335
9003986
7894481
51540452
90908013
12923481
47748595
51223627
2739074
32138156
29719741
37604662
75939608
12185818
6775160
34498912
80924312
30674317
70080795
12138125
52489788
62526330
5286546
54365949
76642361
38857189
25522536
86332277
51317944
61691578
76190571
4715538
79045133
22984545
47537294
69450959
26766617
9700628
55002620
77553484
89203470
87348817
11555462
22328364
78601160
2349917
84472004
85850740
9681516
37323692
16411048
48764023
41628697
57066068
2299512
64745098
25306298
65436733
86987184
23986320
7228302
10068258
11541157
11600158
25268763
44247222
90320786
75035323
76304918
49393901
64533270
29006821
25274399
46860647
8816840
47702456
11171365
33303720
33811090
35249959
64338349
89510114
89531169
76365356
33941591
73869873
72517687
16353270
9627898
30552424
56069297
5071899
10837469
14588604
3122444
68418094
58479215
2646684
36698324
52756302
63640688
32494275
73868561
34244161
59210819
7064997
29659380
88084820
38453966
5031490
15832374
85603831
34388980
27016056
45071638
68407319
67293866
78396943
60279574
2438175
47673094
83178026
33880544
11749703
86005067
69306148
15881621
26256530
90089298
15449059
46170889
37745936
46063055
71468377
88906039
53675753
73901219
14716057
85052617
64113786
18658475
47804299
64207612
34482481
31193226
29900942
76811393
47289578
37650078
45049152
53135231
92445323
60414470
82458348
12321599
53831820
75210473
49497793
70154043
12444804
63640136
50943595
44950261
84896527
72670414
36555014
37827098
29859019
24476253
54283039
36416689
73505221
75435016
32694191
39341241
16684939
85324113
13871058
38828837
68131947
20117206
76888775
28921649
42001675
16471378
12747201
59759474
50888782
56424904
15555181
83332796
90140655
8531877
177641
91976710
44365032
8404285
86076664
88433218
33471843
22538244
14236472
90445920
31072039
63875309
56838466
91763038
50607596
553641
2174699
32159908
75343636
70632366
164539
66101764
87308193
78317765
63665517
58056320
64491230
68051811
18097533
68141641
20129203
11085945
15389976
1972245
60974850
36664926
22435867
67232588
24678219
12592748
62146906
83780362
45721602
27590723
37907846
39072484
52500226
33197431
64133962
48661612
24661330
4583833
75477149
60818035
92541448
49780237
33589217
60600406
27875590
50441758
68361426
74520594
9688632
19321046
84709934
42224828
73684471
62513405
11147892
14418918
64581190
78018184
48257347
2556456
88830208
23261864
