19745096
80638805
45468143
61602536
2060281
44395826
72929591
76342566
1633027
29487018
38962048
74373215
7131324
59310689
42493138
6652961
41529058
68481327
25238802
56661334
22078746
91378890
40738758
49499195
432978
33713010
15150005
68113785
80620489
66105611
13691340
54576533
64569031
7195397
21762328
88622792
11504536
14892161
72834957
47662197
2888289
62887846
55814793
17438729
77825752
15636830
112267
57248208
66462208
70546419
90322349
47769008
50182282
31667293
44429461
28436808
35155111
1928581
34900395
67125533
82295385
53512084
60793378
31618045
28582223
54796065
58646366
31771140
76333787
28065292
58793209
26966975
76861323
57653936
8791610
69911752
29719500
53240017
11020168
3775536
11782431
10617130
70771555
25743911
52026104
61561679
21238678
9997251
78716493
39173155
79207567
71858066
63891381
60439881
36362108
92072300
15834630
52771621
17224211
81819720
14374715
27006772
17949549
79739941
73076147
92829928
48999289
2766422
50692645
10513244
27059550
59197037
56415812
76561084
57527383
46972560
92436131
37454365
47553863
31436130
6668648
24653002
68198035
33153846
33272806
71228694
86900670
37702211
24753564
83459950
79113
71355417
20584094
18709274
36247101
92258254
56283136
81823911
90004839
70772654
86047906
38956842
76200336
41723045
30716661
64023835
39022153
9160737
53356957
18481557
80980717
57924055
506211
56424950
45454934
80262668
16938478
44875375
7082017
25956347
8123234
64245676
87525654
13703661
35845412
54367485
10192542
4588367
72015849
65389920
5184004
59779536
11995843
13506527
36517938
79319744
20209847
77909455
24904595
7307377
81406089
26995374
79992895
43115028
78208854
52757334
54411482
49618922
37906503
29423068
65959599
24454072
39661413
40000979
10839851
1011441
22001405
73125332
74689643
25874423
37102843
48502669
14274376
13879931
14601778
77125334
44608402
33892407
57259595
65313310
86045483
39017844
59301211
87053230
53916748
22437630
53724832
17415238
11060976
34661368
80250409
62350512
33299473
16049587
92043995
29362852
14425126
