77907949
76982812
53347644
41637542
18058037
4040746
16995414
67554157
50721874
68399118
64590183
25027919
93755257
3962736
62339451
27997835
26831206
45278209
35229450
15336130
51315236
56394061
16712212
64894038
28754411
38331653
10307656
91765696
48228970
14498930
77697359
82265348
70814513
19037023
46363691
12143262
70004372
13226581
1656301
64168452
15488499
16286921
29442830
25914706
16827560
56242203
24143076
55991631
5077315
63390737
65043783
44239206
3848429
92393475
90941661
13398558
81131474
14825059
57664828
52901002
24312921
30337383
69762930
73128244
67965419
24899200
71275089
51600597
72518786
43911476
17603578
83341203
27662291
44429898
22649310
1681359
46216982
63192957
89636105
35189562
40409967
77818587
29661729
81046717
978652
30119003
59090547
70040863
74769371
54262967
89566117
8943904
72273597
28491987
56442446
22872886
55112465
72837149
59000688
68321276
87473886
43821645
59462851
71296921
66195649
22423424
80257929
43996680
40600974
68054307
70619500
43351715
73353934
42180840
10994672
84460123
76995807
74331830
57485715
44019739
5467149
49987665
6839264
28140483
19891124
79426260
16256947
35425607
81817811
23458247
72683733
86508746
16933934
36929908
24196447
12069079
38378645
48278203
57110671
56373193
40130244
13699806
11662689
7552891
64319026
8424074
25023253
90029794
34755863
24844239
23425744
3966797
27715992
21991861
2707325
50974634
7579477
94101755
62212591
50417966
35176747
56346041
69776526
66778856
44827385
41754508
8134383
29933152
8028608
30999176
3788617
62159393
12368071
940884
44829533
19192252
467639
44717104
74941140
33637538
49761351
15938775
82923764
89602207
89490225
84811749
83550901
50639423
2782280
80334862
14882114
63987239
35428174
22998367
10969500
10969501
67301844
13181475
58808171
80828157
58767244
71234460
48522448
43945257
42942868
71482447
51904040
39253628
53471038
27444289
5699692
21068101
69174584
79480288
79982202
31533185
23011675
17269622
44762248
30224301
39233565
25691264
52990947
22063471
51464892
25042482
61859768
48256391
17602898
69491798
83243960
81982216
70541801
13660739
18991352
84557280
1828819
15415522
70297523
87919049
52814756
23844651
38435305
19565826
15163901
42823335
7154369
62362198
54331932
76935603
48260604
88081975
40557938
88012986
7037528
23798066
49962442
10399080
22683466
5685265
47462987
45001703
28081740
55544775
27091855
11528767
45475542
8475869
57213543
25486802
7633832
49280211
26353844
39823528
10027594
84769968
11488049
62765773
70814830
89227702
17134199
89311290
93689895
17828771
15352710
63956606
8229844
5916951
32771707
16806665
33998571
3818926
25882332
46313361
29532243
84397476
39531476
9848048
1746885
7383373
82397820
30623748
1574765
53010353
83360422
88151589
39434355
11583875
24109552
91995403
89010880
10969498
69482352
4313894
33510811
20958582
47446424
72107082
46120708
35011877
81021474
21085519
66646620
13222274
47981852
74237448
44099113
6016996
36165151
60188573
986947
38162242
29037029
30685533
12368129
89000849
75667282
46315891
73981350
66286548
85830998
59798633
15226272
40142937
54575805
15626265
41262225
16154891
26854480
76486570
39558317
48235922
7871737
73932932
34093120
44190462
73264505
58160332
31012255
43829225
71644673
53809194
59239542
67349835
44791513
82958279
85088735
68291929
3239473
32523226
66635020
15189298
9712832
66784587
82735257
1314099
15820920
23953224
72457827
75488421
10859611
60063564
15384466
63065513
80615151
43338966
2831905
54902388
17432916
61132140
2238215
62436713
56570393
8179652
38224867
73009118
1452270
21937356
6369932
32385915
63042851
92831513
88277761
29544903
54462699
72306352
43223836
81251000
66343305
33003237
8828723
11895994
73123737
85088731
44642947
13857186
15663884
58464454
78231173
82646840
28890002
68105216
74326058
68609536
17022190
42229030
16081069
25460302
79430237
63869640
24794122
14541745
60924537
34166067
31615746
58711089
71475773
32487294
41614395
6564618
63226557
40120230
32947678
54885939
13355931
78701930
68479725
6127956
94423067
26063304
79684663
33313051
35514876
2634236
77799021
16493937
33259796
3251375
10783573
6911900
45525278
44009170
36375713
63925778
33225929
57529899
92665919
15405500
74110123
41920234
58856151
62405660
20106999
63084558
60637321
67738504
36820831
70731945
65945899
72167302
90789722
81365138
75283253
26274930
44348579
65126795
53668670
91839662
78687878
55061827
37587786
86351529
5161629
70422554
91182108
62694547
18404862
41863280
37840088
32543596
80012641
54140974
65709017
67487053
34607303
