52174639
75882645
51782789
9216181
72655042
4737109
3798130
89740562
32847629
66634798
494862
38477693
69633462
87378972
28114333
57529263
46648479
65089909
44503632
70557152
67359025
42893653
92943233
12166153
8046821
70589944
18978888
49370123
78837594
50941577
40072464
75281475
57145703
17142529
59540545
46913546
512015
19173457
83293140
53954151
77616832
6966322
56848876
55718483
15851926
39975590
86254544
41573527
6067961
11288735
49137006
57206647
62858801
61219280
10635541
88282126
81315678
22410027
48745417
8532604
10984067
13614877
90311499
84313253
64262326
70073481
41046056
50865884
59588650
6200439
17295400
7810913
51507763
33937434
69891449
32270035
50639943
88367045
36976393
59421639
44956192
29872533
56338210
50507334
18086647
89729728
89199471
67970702
76559003
33802956
56441246
43143056
49745738
1533244
81825100
63351722
89775777
9101215
72861519
11631068
23408724
41280411
49886386
53531682
52768466
48370792
87962864
78016819
9812641
51187422
50630478
22224819
2867217
63357970
75798067
4126376
56452050
48129290
49813240
62618234
40596609
42908024
65943060
19298755
66587008
11807069
14859844
75873180
78859498
80528185
16288527
80484622
51019466
48056883
74439194
79771499
17451547
72815238
85434538
57376759
14644766
46875048
2286010
42283751
34983888
42061565
39962662
73906050
7776462
55584747
659073
61397768
9999266
18683461
68598138
56909297
63268702
53214960
2089938
77905770
62357803
46696258
64735460
93022820
43946027
74566469
24936742
14575372
462176
47327938
4153438
82403465
84588321
13493033
47289725
61083364
52208323
68676942
1749993
70975279
48802947
66048760
31622958
42296118
45633544
87399445
81978841
34918499
25388631
63577979
75341819
17175959
25424775
34908935
16778755
26952430
66553775
33308388
3760479
75281487
56094429
43533836
31909037
45649003
72724699
62956795
67123519
24430381
25398570
286711
2428929
63065285
9930463
27520440
66951327
87214915
26663088
45136148
78668215
38051140
80631385
81741494
29907129
80416353
18849365
69753840
23471789
37280921
44463608
64730944
84106519
13879985
65554605
30745873
78571263
24855746
5846109
92920703
73547325
40026828
12490372
37927580
69921019
89361798
9587310
1521371
4962035
20258461
49919044
1407706
52092393
8008325
13355006
12743460
64530077
53657797
38140182
4661153
13513084
56594608
78378115
69536974
90660822
28358625
81815931
22887460
26351984
36859992
54618616
56601694
76559278
9072597
85780095
68937098
81493252
82658734
64812947
87659340
90347278
92092985
61961709
88024999
72876318
60341956
28881438
30252583
13866973
77491267
35435079
23851399
10678724
72659785
3841082
392718
91715163
18339725
71153469
14724405
61758591
78146803
9971460
56634516
38829923
66047430
3893185
62867810
52454183
82087682
63984093
48597287
4207548
77814463
92128321
25867284
51960813
71583889
36042134
66558308
10988517
46195757
51663391
40197631
69778311
18717231
88458030
89529949
12809724
25195489
92248663
34115654
77781418
65696237
36335758
6098501
52517200
53825533
62989313
45272352
83987375
89034372
71625202
4011721
30417098
38062413
43209684
64017715
4227377
40339999
15658206
31035441
27970916
54329604
53351209
78377963
75089149
20917280
68093766
4900517
40799414
83806765
79848064
78944492
92721112
24493660
63770105
63011153
3571946
24621324
62403793
54671818
88039087
27475841
9378255
93079253
71255233
68653673
84421161
30492544
74497164
36326669
29898670
62511043
20290868
54581446
79206509
52502404
87854007
79392864
49372302
84495977
17061660
22460789
40868926
69014399
12098268
53954187
84323627
10149366
81713078
68859450
43256203
20627135
85318428
28328946
69411364
78428953
12953427
38525394
52908741
69275518
76372053
49531426
82705449
22646397
85956003
37589270
84506971
73189972
79036858
14936193
77596456
463680
77046269
85652826
63043317
39868101
22507337
4622806
49530737
14548639
21486739
62855602
37657735
28079805
76420247
48450582
48237363
31163386
12331056
28622619
56678494
27927649
10016563
45166817
83014824
18781839
32270656
62894958
71910221
62821118
36324113
6980175
59740785
76002295
10807274
72433840
17952846
30210308
74998795
74004810
67096810
56220250
85764321
88190313
79351078
48994835
46557293
82282635
5304598
32246967
49609215
59173158
45540037
34608931
10911310
3031978
92679481
15535308
33734879
64793140
83422918
6014003
24271487
75424247
12727123
6891653
65073566
38909576
81920660
86063191
40357315
62037790
1329815
18469792
474277
43159242
60928438
86802690
61307655
77394215
17931869
31107728
41220617
1364504
42634526
28245323
72430368
66034472
9595050
22397521
13785345
92614421
31315862
41771011
43763387
77468087
77659793
18841567
4286797
23310803
32669867
40575202
11497650
39651898
92251711
74761522
52145418
42327578
18846916
75853992
59659904
39892355
86783235
35665337
24563786
3404520
83490068
88848835
90520034
92871502
1788972
45948929
66275354
31732590
80515723
25533988
91685094
848659
36489797
19766628
49367828
84804664
6362318
33991770
20978724
58997303
29052091
40254482
70370811
3073093
47910781
80322147
24665754
43755770
80762893
76397797
83104473
15846764
49733013
73922869
15028060
14887647
53778083
32365953
40429446
57365874
42349941
5020860
47902452
21368015
84085688
22193881
19109984
57548141
61477807
13172209
84640495
17881091
75700801
53704532
70096762
50581248
262732
32684685
80403879
73743903
84502908
81683863
55802525
10129985
80784553
79417598
42930073
20742783
83878337
50039890
28575938
22700405
87469618
28939576
33632601
26883412
75917966
38610476
37652195
66124297
77383047
29899914
15485955
57074950
14657973
33934885
89551320
49186434
41579722
37422295
61438513
36296451
89362457
4268621
26100238
60296964
91508224
91011409
7556406
16783285
37522224
47071312
46135219
34778491
75489715
58055499
84585161
9104681
44943929
80769210
46822239
39763971
15413594
17299888
44433986
49393957
12244714
66356550
42432150
84616592
85598103
50499854
63487749
22106599
43139228
11438435
5312342
39490966
85137104
27054338
18808627
53173559
78226382
77313240
70016866
6340496
72459132
90434804
80568376
17381111
36836251
21569825
83425226
59036636
16189370
79029628
17425079
71188811
10331278
52530710
29579988
24728206
54160426
41178755
87692275
90445610
58919897
12334360
13195971
88255112
84931349
25028270
7685594
59682141
91058233
34688992
65555917
36604105
32518473
68407679
87258157
1879079
50229552
577585
74409573
54653643
92580974
22401095
31055586
70263234
55378506
68957354
52928631
44002994
67543436
69765527
14989826
48318037
21714441
91405821
62858537
33370708
40166349
79730829
58158915
73163163
51234118
8799099
84310320
58173309
44005259
88519807
65997168
83977485
34286072
30177780
52062675
22133768
29194744
48537320
89399590
75249116
68469788
92340254
77832683
51659171
84625756
18336450
61362486
46299252
91654293
3351539
355839
83977435
54436879
31676229
491109
41664099
48615733
20179151
71533223
39646489
33459111
73997981
56103604
64825038
20033141
2057381
88982636
12536387
22672943
28163243
66841464
34005666
83901626
24176757
44330288
10433785
57011541
7583275
28865313
70637174
17957942
86043430
67634011
47983695
42100282
60745037
68509970
66120491
55726797
15942832
90967731
30049474
76456811
47967537
88893089
51174141
71875765
34187743
87489745
14985960
79454521
34048984
34230604
59603889
80824962
36428528
46678395
44775901
47336818
20428426
68799173
15776013
64648086
72527887
82787679
50706873
73343467
55105738
74205550
36750813
77187354
76286267
83095622
44205419
18532324
27534071
59368354
55819845
22058659
29704377
47190028
39914023
63147704
85372209
80607976
1883187
83693665
19465111
67069010
41565052
14151244
7236284
77593659
83437218
60263593
68378737
29856946
43079901
92828066
53474689
23005987
63573035
16390278
64131293
35776482
88290003
63155901
26602489
37601355
10329304
51262615
3440684
62425840
85418478
83434945
79451592
79924861
52682631
23190191
23442658
65207804
84251230
24821263
13195761
44714327
47452575
34481353
71570985
29996441
17196888
68971205
77508474
66165479
43840757
9191077
62269116
21541660
51286621
703674
50349075
54327965
59966787
54439929
68114462
41080394
49510581
53846994
16429042
76078722
51418952
19364752
53116108
59808337
60171785
7295914
37314881
61191345
67395581
51581977
4834289
36802258
476848
23681358
10220519
36116501
14569555
27296007
52397488
30037389
1927953
39931184
62626270
82875363
50512737
22085198
29913884
7803520
23829177
67826906
65449089
3054957
1603809
66009579
60344038
31428938
27535801
32441765
13371652
76830617
31385530
73043723
84076192
85695562
26239863
15383201
4859982
26294390
73172477
67876202
39518781
84770618
32249630
66334536
63352035
66615426
89386697
90653905
11321489
43209299
43270859
38653375
68084939
71386458
57597720
30881220
74514685
50256202
24847460
6484357
749898
92292312
3954987
35142216
67352452
36681113
85406999
26154664
54633843
86442857
9700038
78914557
46285326
11500421
69018239
38963049
23127058
6772951
76568130
32094332
81506860
29136840
38355408
41834062
59450903
80927262
57280395
19144210
47618871
85888014
74735681
81718284
89565266
31042357
4602845
24004202
54507371
43023617
20635137
19887675
16488337
23254072
85576263
55040116
44031176
47817356
69638491
20280345
65023921
36546839
89256807
44870339
