22835629
6524692
81460952
23686512
40675082
69665117
89035006
75745368
51732350
46939813
70658681
65368444
16245258
25221689
32763791
81212856
10333665
42059880
64955779
15577674
37492078
18552651
11596179
84188779
50097028
41419521
76776762
49544249
56810153
55137293
9850961
37412704
77061340
55606682
53922161
7540291
37836517
64013068
34752613
36124266
20863932
30334150
73716105
36209771
71286286
74748190
38074317
8476462
82663669
62898961
50494122
13826556
86558961
77027449
78318969
56175884
79041562
66668478
46421670
8157193
26423361
19794894
60092660
60073608
31008807
72539676
47702191
58828471
61366788
49214674
21418727
61616414
82312738
15896208
62919936
7454121
25019935
29334432
24289782
27917587
32720713
17891251
84192400
48704707
73123217
56611621
17103610
10487407
29747064
48905581
23395271
88422126
4095563
33231745
69061784
47460518
9837253
46950823
51942534
25580890
17491436
43430354
28649801
10118925
62838883
32983315
84341430
90524881
17359444
41526007
21257581
59850068
9018325
21312277
82642437
67866559
57174759
16980170
79928638
82204475
6257155
18463996
4832106
50503101
11431228
19882298
31346225
2781034
12388602
26165747
31670356
79293651
85007243
86049612
23047991
2960577
35431498
92235056
76856528
8090538
20574576
92297534
61644213
50618107
57869784
20457552
57610247
48640598
78264750
81614555
68646656
45656676
27683974
39183134
28180672
9520019
29500134
54195501
46987369
8977710
85741908
3776831
53451928
41526045
420223
81589793
90533612
52041448
68245329
85012474
33279761
50090921
3342540
73342458
55500092
30440058
51422150
56305944
63279394
84050041
73311080
4642689
46094506
29318053
15697570
35544054
10156400
4814971
15625428
63288929
37610927
46133447
27919456
17975182
25871556
28953056
19243136
17053257
29412591
76059267
49681188
80497601
10180257
62184404
24898645
56950083
23005573
43422467
52687658
53632133
29912695
71593767
57822167
80581637
67666302
60822982
8151217
63231630
44210469
44921065
85837553
82843341
19733809
64612649
77175988
76162376
40639629
68190095
55410556
60367572
38627039
78529705
17433220
12800832
47887863
76969368
22941501
66310644
15976358
11583775
21549990
53980359
65215850
35680364
29664908
12631535
32259919
44891219
26590878
22839432
83173398
14713458
5656637
