91297973
86302485
79884808
81452520
35207476
9499883
51876725
4288261
92601725
40387057
31987316
60264422
83913365
73514261
45087453
24040448
21589586
88628056
30202584
61414957
655962
43747084
2191574
5712209
69791265
93478976
87778040
14962983
41358058
47051824
93725974
28460702
17175904
56744982
11670816
45249142
54739765
74094102
12318183
53195912
30132031
3109674
20555763
51569627
773185
69872248
93788431
39783894
78895542
6889245
43347436
41267703
57860913
48830470
25203931
80628593
53600071
47783863
40932417
2930934
27339890
26931091
27353871
11709582
28990153
68471664
49393942
87608542
6928864
3957237
37055676
15509541
1491258
51331762
63366014
92799925
3356099
79518240
49520862
60375215
78813879
19672089
9843164
94214029
54276236
3690789
16629359
78275417
39668575
53491228
71230136
2397144
60848262
16809136
61077441
69471574
67460879
81115474
72146126
77542082
36164549
10344961
9482042
81042847
73254099
80648678
76457472
39767651
94315790
81188121
54716849
64936149
28569233
94579280
66456863
27122113
46426554
13620112
17417843
24924620
45646820
32668499
53307038
49720060
66028915
39431385
45415017
60303682
94484575
60303679
19088616
72233766
68895264
73064584
65703153
74975313
78206217
62297643
57303010
87472843
33163174
12201172
21764491
17192818
47298000
91005662
78931249
80458356
43844265
76033786
7380625
17614814
