62272893
38192065
89133387
65789813
3246711
39623214
46337696
79047260
25319775
11263948
24387525
16824852
57149893
11696259
10376313
79663856
92405142
48379246
19476176
6217773
58287704
50238132
80758064
51282557
3954233
82525765
22523394
4717609
13453651
31805100
9451667
84278058
27013911
42309342
52405330
44730702
7594245
90225975
45687829
90152126
39236680
93789245
11539009
90838359
83202888
3224322
24525955
68279178
81960653
82705369
7171335
66449679
5795113
6244899
93736320
68301485
15800085
9110719
45269055
79737593
92866418
29085131
447284
17339370
26869277
29638775
46629037
87299898
40544511
48982184
78499926
46499430
34100648
52405334
21196823
1951817
3049608
52510280
75384016
