6587673
50877898
64810968
85614273
67006842
16574606
78484390
71120988
639269
41207423
85908362
24060472
31050859
16943638
3470699
8077011
92387183
84172172
2138059
7259163
87657421
45186684
34595988
13539625
69623962
5011203
86090473
90872594
57848274
19181641
26954113
77809222
69848044
75353827
54767065
49168397
55038986
54196656
84340497
68251707
56274463
53225762
65270235
55556044
51535718
56179771
89551730
61859733
36315801
7334842
20321782
46628283
69587330
61843026
2563771
27598302
23784962
34152767
89982205
40063257
16122306
13628922
33365747
76553490
26861479
29077373
87038543
41905306
14413567
66272216
58764462
44122254
9304601
6287629
6392061
2333758
11458175
23024338
21847137
19067388
1023145
71705807
76493774
27750166
25116194
55908062
14524534
5777706
80929635
89134383
16414750
5827080
87836307
50378433
86344224
90017405
30564644
28814036
68436233
8424312
44472866
78222992
18565383
31795612
83668614
43015608
65105567
36819021
18211874
45925399
24214337
29102653
62198184
2626371
23425198
24762241
32259777
56463128
13961191
63808435
21004971
15292358
74669104
81114798
71831363
50367885
88982297
54757239
32160787
77123170
10020208
16987966
55483442
49165526
69940500
59561021
69131934
70361994
39721804
91196598
43309868
39770130
19312966
1979937
4863086
87709418
16675411
44354719
37843028
33624008
58622815
52817542
20575843
34186424
89011577
28313902
67300971
7816784
38136297
49301251
75449822
85976971
3336335
30478809
33234574
48499368
3871934
70696167
66022564
3488713
56038086
47911520
27020385
3084703
40676334
84419341
54598739
36389024
57293397
46089563
4486500
75325033
20085220
82177491
18401425
55908087
72512923
58683376
55901401
61507589
70813676
45029355
31075953
86247108
43430853
17090396
23205346
47917884
67550713
36813733
47725070
19261496
75418904
45674589
24950581
86305365
2768589
38253565
31315726
38601498
91363236
37521787
59036167
7055822
53790774
80862403
47364960
54097167
64476893
9195570
88212800
391566
41977985
90685999
72123767
20975359
74986269
53876171
36226753
18659767
68700935
33789114
52590194
47763882
68036042
43683604
27902222
60926393
20330283
16653320
72024275
76935313
66220605
69315769
56781208
54411806
15618890
17905765
49920367
25254448
27260303
52681037
53432232
44133799
53515731
29937835
52170581
55987617
80119435
72587127
35744142
68475760
61167375
88001233
62910956
17078699
48974886
