36227121
59032868
68901418
68546112
78417492
79248938
79855976
72162866
74653512
18509053
38589157
17444157
85808835
68549938
38140373
19611123
64376193
44710926
49654368
5238213
53744937
48778419
32611974
91610963
69793296
42466072
25871347
47670174
50755719
67635276
64832057
83589642
1383951
18884248
39078922
36105291
87706853
76874736
78924011
57826133
15073801
87580725
84709784
23978084
86145698
21064602
90764202
59032912
58041185
143903
17188902
40915725
16820341
47721574
23999544
2728834
27948289
52608467
80849558
75844776
10972679
82272810
9902601
91831936
19875620
78598508
11415382
68484420
45344517
30608735
12377959
58722948
74751506
18773532
57539303
84059211
21238185
28774473
17800070
89129506
60129575
18761693
75662428
61874489
70012264
12590826
31599246
27567653
78475892
3374296
83519394
67644064
51775188
77834553
78240677
65101431
33941332
3191104
41084316
6420423
83761577
21443627
4226458
28156977
34184928
42495254
7752026
17171421
25720425
29102133
55727719
86641332
85478443
23960637
29382714
75267395
84079590
89725180
3287220
59705650
23655276
54600816
778320
33121435
62473097
51960007
14911873
27752960
23692028
