80345698
64024843
30642616
23888752
92468356
45959033
16950081
55741449
27084732
60332648
2323504
33476024
46938290
69125177
70294941
40612577
75635889
60674896
28562717
56333237
20223927
15943773
47003126
88247113
39882889
66533556
1093964
84279203
12185231
70049956
53029234
84123773
90299391
73110160
16200898
34180082
87833908
54716762
82282179
9287333
47859128
43336043
15885351
82364493
18725190
3866267
78207764
77076465
81589440
82136052
51893260
13790970
47477287
18945317
11309011
44003326
78454670
37818774
40740652
72455439
88614526
57935867
72822500
88618990
60743560
412579
7797993
32736219
18297438
61076355
19414401
87269882
36848371
53763464
57149918
47906922
85581209
71262692
8101837
81591860
80384500
58519119
34889328
71422369
29439784
1887658
69480510
71132421
12590195
29442897
54709281
41059508
39958728
79824680
40928681
50306673
41618496
56237530
5962120
89825279
10088661
31618919
50206009
84841447
36359277
9416710
17273103
55625230
10290364
14477867
38831213
67761801
82707777
36139950
8446760
61471992
18109479
31948165
57500807
30816287
58338955
82198333
85401788
30939154
54494374
62100919
63323973
23915145
39142079
46023867
92401694
23984722
38263706
38810608
19277753
84862888
76543416
68007420
24556491
50089119
78063277
81682619
75297599
85224941
80842535
50923552
64348301
13916458
74489129
44704523
82326147
53141952
44671396
24401815
32654734
41987947
59898346
57832595
84424621
26777571
79664694
4340724
39145891
53563123
41071906
75724708
20015502
14320415
59156064
92000302
35962382
69668892
10532899
53535676
57970813
49415257
62133003
21900272
92718056
39460434
75297602
2564314
66233536
65327722
74001012
51861897
76369215
84468080
82024979
9569336
60646941
30779799
85324428
19218619
56120121
68408186
37165772
67724088
19718906
13498331
52559085
16508935
4156448
30899888
42564444
56818486
85958207
44670152
47762404
9072097
44967880
78357431
63191540
92085308
84363113
64610252
44326751
29532847
49122917
