13705277
31964643
80593378
91676825
92302275
38758908
7386353
74371760
89787531
72765393
68055500
53434349
34706481
29648380
11116406
22983072
3577217
64466009
1649681
29834738
44144558
72170770
34671481
417050
93372747
6774770
20738207
35391134
80687986
44140617
89013969
53821302
87395859
76972824
11353196
86336215
47782197
6878216
90116813
63953075
22416754
80652382
36147268
82219907
3708699
7794475
2876961
43009592
79754417
61297236
11780044
16451593
48096021
7344586
70869631
27071778
84428538
55176289
2692809
92382747
38148606
42333528
22670478
54070931
7686615
27405836
90622479
33593734
47513763
42097141
9267085
33330470
25802729
63222742
45834236
53264568
65428031
3094681
2490031
35114595
91182786
83193023
46931072
73623404
84398341
2872149
798754
92860024
63721770
33351444
36119226
48506447
69244430
2528705
90811512
7317489
83072675
54813913
12144852
13570749
84859152
43995406
2187015
74364318
24643127
15678275
58090129
82397271
48914193
38629859
89573990
40579474
73657545
39241240
16366531
63406505
79298955
22702901
75787032
54124176
18908231
67496547
22775804
72490435
21533762
18204203
44188818
48629257
59541233
15955809
47971236
40471834
27791548
65812021
11339738
30979489
57291746
54017443
28222024
45394987
80134191
46777781
51077106
16857180
7799471
82429222
37559631
43775715
92872677
14672923
54498441
91613990
21473042
25784636
62280263
59792237
41935848
48097144
5378076
15658923
55835406
21251355
68634327
11123152
49651970
89664121
42614747
92726465
77523824
51897288
49859233
64583726
37991678
6627041
33380946
38717376
48576866
27552310
17701973
93224915
49831904
68643699
66150198
82109592
20395728
50421262
51658087
24350087
7411666
27825252
11177928
44308858
47041964
83938424
52278359
55968127
71754113
84701904
56219366
62412711
46761843
10646686
6398669
4292594
12378240
71279380
69328975
68910885
81040615
24535236
56896220
58058710
23645748
58455951
5461623
74998419
26955363
78576618
59233151
21469503
66695085
92303023
17848868
71997123
6339059
25335875
83275087
41704495
53005938
29621210
37712114
69618751
6351343
32124322
68282765
13696318
74050945
78405175
1455184
52004388
20037601
12185991
27876147
43243947
79017131
3204263
15738631
81393004
63927294
7922955
40932062
18248736
83067778
25651890
7986566
88225773
48755397
20888733
87517433
4445842
57152028
4467421
29488875
88769638
33717226
78079396
13877216
28371303
68944639
93666439
27868748
53288669
52122594
9784440
85015148
33255356
74792476
53705743
37231675
13840903
69719666
12981806
83653594
14987437
11086043
15655338
92734355
83578998
10307947
11600268
32303777
25901990
28943387
7833514
75564090
27839261
39613352
68104143
91862249
75490532
85644618
81327143
3927587
31110875
28654852
94458333
57385005
20797317
12043475
46659643
64962875
23930293
4910245
59219203
20255100
11388857
72782049
92922216
65650052
22667267
74382290
10194281
646731
18782843
75593741
57646768
42348488
85684522
40551594
85942764
11431377
57638364
90276387
80103525
19869831
48691888
14392429
36333971
54193023
30858259
11661661
14159737
12150014
82348993
9342090
60357243
37804183
20189935
48833986
3248688
19766110
