72828544
16660011
46359985
57073169
13496653
53220985
43088737
39592118
56351240
90133994
42118873
83594930
17798031
37269539
57831696
20437946
28671867
83304202
22563283
33119525
65846342
44406553
34604370
43487510
37814955
40533975
68874425
34063223
88219760
9210457
69898017
68734950
49694956
49911582
22857398
10138598
55471521
30247336
76747310
89069967
26554080
60977153
40737690
55904291
9319460
87022235
69336156
36493510
50835475
43770326
10174571
3774179
51283268
39068938
45805549
89555930
83184265
50032051
83618398
87536383
73962584
36489480
25709284
28810819
40462235
11448182
10620045
52293955
3712902
6073852
33774042
20251949
69885046
42520126
54179642
65159917
2642753
87977995
34859997
20803417
3664188
79781482
43839539
56571291
25805233
78591315
36913582
48609324
72328621
19207041
12889431
19917864
30223150
86317773
15912662
37019406
58846187
29351162
70845903
93032079
71742482
50913922
74747708
51507962
56631419
14230746
44150755
27203645
23815117
73824884
77691013
5185046
41070472
30490590
25735068
21092020
62230361
48851308
32398511
21133595
89582934
68026483
21050219
31702034
88243565
12708386
37607348
52547263
38874105
47342149
68341945
42143777
75476216
62917109
26010495
4477023
78652066
64714286
5509476
45588485
29424174
12703289
88397463
66432578
46262851
32768269
77566676
16974561
18307729
34841820
51629874
40204547
10106788
92290655
42000737
78510971
8698844
16380757
90267866
88298285
66164355
3258657
82475733
36627010
16422358
77052748
84734163
18928169
34693983
19855520
76573030
20558509
80324632
40037144
64758987
69017230
67733854
42671136
33448502
33642391
50912797
75695744
13238558
54616395
8319513
63233136
10092279
34501138
55195194
64672225
64681984
27252184
84974629
56646899
11237623
13883786
62655732
92338570
52163207
92420427
76142400
8407721
72043759
18552339
54591748
65046496
22565435
83205510
34556059
33902689
20091692
15563860
24267500
33083866
80078568
7421260
41245070
92123820
79874955
60367360
87859345
85573795
35835492
53152887
55231760
66663136
63995701
852652
59234148
6889587
22212773
78496782
24477847
8818396
5442320
30957751
552294
36159744
16462127
9531256
39344468
66204417
7614768
32410943
7255787
53823564
62470912
49180018
64604304
62947982
65388006
78700782
92433626
86335756
38292003
25379169
28964399
16691856
81520155
15047837
56412611
216754
54538807
56142197
40741337
90510500
38919215
87054858
77624654
8064416
43796856
44195023
25526225
13285770
45787868
77913037
84717056
82422370
38189671
87674611
53640119
89378248
54564012
41393129
54358242
72205164
20345964
81860994
5684910
27729685
8456771
28648977
69049901
51542558
1163735
61874260
61936554
84696782
90447787
67484485
85694204
21873518
5798496
26711807
20343385
29251082
40481360
41447550
81167730
57764512
19083358
65090204
55188066
55116617
80484102
19835189
33213363
59648651
33313728
33438917
11776410
24066560
21148517
12537342
36046222
22803887
11210894
83574931
10275261
26465560
93010479
14967792
80949461
12969330
76724496
36701568
84003914
71434477
40856536
5125893
35108516
27644510
1281539
13409567
20822476
90688450
73969909
43059023
19661980
88541516
16217779
8036889
19237032
27588708
28952806
31570235
7368852
90672601
80456151
61736003
63041744
68461914
5864664
51214997
92370291
67815867
20694407
14770949
32760833
72873906
10267393
82417753
89508524
6734544
87585220
29585377
44691383
64244715
72955118
39946234
48219085
81726027
81203673
21087106
28614848
31945373
72103618
72438646
88982916
57893859
25023518
62376151
35160368
2523682
78616182
14570352
19222343
55690272
64368195
66050711
16006877
28812789
77322228
64815845
70889959
84619517
24267171
27517487
9361837
76769927
38028305
61532488
49025436
51053792
25060506
13730265
2103314
73267290
80200252
70473406
18946822
70941993
19047947
60488116
26481188
4397671
61583195
5641301
21785053
17303203
64831168
30278684
54575458
54801928
51082862
8941155
81332979
61922918
16976697
36131810
82302189
91867431
9381155
64915738
90120495
33510267
75929711
20415024
18821928
67897805
21852700
32791905
3942183
64593191
30332930
40420306
12914554
42347461
35717206
22622400
14533243
22343051
43764106
6575075
35083608
28649369
45230529
82081520
23225835
33675747
27145400
39786221
23351908
83672313
69836553
82342833
67383768
89888997
65246639
52965412
56142655
56320815
61536763
51431043
18459220
58921041
61352190
78049278
80406939
22020400
70240841
12612790
54526491
87443837
30351675
79359191
37709470
23835622
2435607
3543828
28854903
59564055
77507385
68268996
75504693
70127132
2900780
73536171
38379240
65139307
1733018
50228342
75718673
64322094
16987603
85392219
16545812
34468626
62193018
20701224
33845655
56309165
25201497
257912
87695561
11201743
3439
22018149
92621875
40855315
14559657
57714818
54583624
28626952
70625323
13995148
66229842
57123085
58327496
33211136
74440319
52947917
7067227
63663400
83713771
42442753
68681459
89079585
32182278
3270965
85123705
14544093
85919406
4535799
1987990
23032260
87324711
87165803
16629327
69857766
79867295
74022603
62626145
51993840
49752758
78912750
23337945
302560
33176704
80762795
78072858
27161327
66568606
6218536
31326454
35985112
66721233
43502156
50328016
70841907
73727389
27639867
87152214
