7876366
60862240
69826863
16813108
45108152
17761775
44119792
70503449
23395239
67090088
74847244
31700907
49865736
42174314
12111744
21850968
20203646
14646683
16188681
18897814
70282494
6228317
35498193
90415770
61826739
5180601
84289039
47328104
51049647
37723846
72840521
55256764
47727287
19458309
34785792
14392930
41767932
66176398
88992661
28178009
47178687
66874288
32315709
90462495
6060353
17906248
60620169
33859058
42963897
21424110
83991602
14917555
16106319
76605131
12251914
35595542
17905179
36993618
52112233
1388391
77736116
39550574
74320571
63882299
32000860
62347368
18415666
75368720
72758920
70146745
60655196
52482102
7838041
89118205
18904231
55668285
27334025
8329974
22071589
90620721
26940066
61030494
61941221
86710788
60184726
92038268
84031685
