38167739
34324371
86571895
82835077
25482676
62980427
52709293
54819328
750039
82224126
38901860
40289194
17501552
80963120
61116090
2256358
16236265
79353221
14481308
79786414
1730086
79693245
23337030
53678912
23002019
13756241
63835850
59614758
5334227
44249426
18427811
82327409
56218600
4237797
44380508
10749457
76874673
56701717
51542787
50948479
51605245
31677387
63706559
89628344
73836175
46823488
49735056
49735058
15808530
24611701
86677362
91225413
66775116
36587843
82269083
91599699
23064745
638622
11735422
52282988
87767669
73226142
40680243
17630360
76294054
60587682
92578375
67124791
55595998
62385501
65275324
50850399
67529962
28142545
62429679
16951458
74712099
82129929
52980185
71626739
5092069
32853515
7916614
18753411
42982244
12524072
91208788
40029262
1067467
78568344
35079132
86590364
20089006
5454048
87936803
17754563
18168943
26171734
88128093
45484882
32521436
82962964
45570720
32657251
34329079
26746191
86207954
26870258
1238981
29169112
55276958
32069312
72012740
3489596
89610700
37421633
67587388
83651194
31576413
50945693
3698500
12104973
26076053
13774871
64457610
70425499
11504000
73631978
44801329
65096548
82320987
39428409
59707341
45791661
23231358
19787440
89240723
56292567
68474439
81517033
52453670
48413273
67008131
63793628
25723298
85210136
51055798
57951781
