44187501
34170154
34084281
51990582
49984005
36240856
49808773
50936991
37943068
59728687
74740018
30526955
87560990
12550750
9427809
46949942
29396469
23763372
51898958
55502382
52263010
29658588
80207363
23864086
81320110
86559761
8768133
9319741
85843458
35364063
92459802
75062793
59568367
57781821
23578756
86234889
22517728
13028798
61330178
56638099
48665327
177262
82385769
6565049
79247382
2738518
53929129
42596111
46690657
37210345
49220211
30613265
90369165
64691805
3926573
69963637
80333620
79959733
64979561
58250801
41476654
87610634
51146119
49290909
43157137
68498207
17245369
34572725
27091457
42267251
35298892
89920709
74504133
54574966
77081777
91488954
56079394
53550343
72848504
50148767
15383646
5054883
83546803
80997202
44047935
36665358
42388548
20027409
7282106
66715245
60142257
82252167
21650432
42350687
6051420
3779482
65957423
25127928
81629644
70921295
68404657
67557041
42804875
25838596
73537132
69531538
72260880
24102711
3361760
58144000
49895619
75278689
84974313
68396779
37462379
46840544
72523508
78655618
416767
40475249
61706531
9688174
