9584473
1739516
79078563
61564801
39456691
60128194
42645886
60486537
67815613
40984913
80945487
10572152
15073645
68659475
76199994
62084241
83117362
42305725
18633181
15767223
54225049
45338448
44674520
30977932
79521402
45997684
67660288
85277400
6101873
7488597
16690394
24111087
41677807
54914539
61943287
44477912
6957676
30895216
84622580
18775193
16347747
55335100
7758969
43664819
76929217
54246618
74942789
8297722
36222682
19871178
43077540
21893484
27299939
85645511
64265562
80357197
33355069
87842847
32766399
66181948
28028653
39475480
38546552
75821433
72444989
36422968
35461315
29066830
68642112
37366433
65420780
8425367
48437550
86937063
45950060
33573246
76963945
