48568854
53950232
19759767
13629338
65534196
51737142
5197489
77863291
74446151
50152001
50138510
39734008
34024645
2678368
85541177
26143416
40369372
66993612
3151862
6399816
78553690
20517351
46026160
81105439
2176130
40752664
85351684
20451717
62201741
26003703
23713167
35670451
86717207
59259895
14612141
968184
29441584
88904544
20659031
5930546
5690561
72784437
8549833
21988895
2953156
39206986
15570236
48683992
12849957
85000864
4506794
45748898
23460969
43447751
64553382
15226075
76838989
27187302
69407963
25935492
23862940
89041355
49376277
1106179
52156585
56102475
74963538
34033343
50405412
15414414
62341533
86501427
91937658
6778537
22800532
70271252
14551019
68586320
43964121
38207992
80599109
41511744
11348046
26551248
75115474
579219
42795876
84521813
58108464
47236687
60463856
84048112
92772544
19097163
82291605
78441849
29678053
20098602
78806724
11819283
12291145
41111046
56927836
40258563
19822750
14018126
69240028
36642251
42410712
43845339
88446436
87800984
89154143
56472581
37433197
57343611
16687800
70675865
55386924
42152716
1529452
10181233
66027125
22490008
41563831
49321598
411690
1326045
76868707
34874253
14009128
18742384
70574047
30297779
35245098
62962702
72638912
18264438
76444156
1714443
76632177
67472286
61388378
26085321
91322108
82572037
44538805
64255192
9413062
2619937
78562199
82773507
59510196
77269132
28065587
40818810
67598466
76682640
530839
65681823
59567285
34882003
58991667
19933424
38078982
36845668
15693138
65844153
4588683
89475985
71018914
90810811
62614516
15899085
45267794
5875785
91491439
73737892
27976899
63039749
21947242
18792278
21479176
86701969
76487788
23081955
42306969
50449958
147612
21296575
89384918
13448541
65312202
54061513
75251202
49405695
35086927
80553904
24192588
64090351
68765859
6877031
32846087
28224533
65186119
5495093
13106376
19274775
11323448
5526767
28233438
72618530
23957121
5506859
48855608
64861963
55062891
90619056
92324852
32159790
45980726
23567969
35368741
36979178
69503913
6286048
23127799
80871903
75975306
72962648
70627999
79364061
41209708
91437459
90981388
56466768
12670273
22328385
69136653
32888437
57024631
19353429
36039117
67622109
37382800
88926480
41345573
29830700
22292640
20600272
48657406
48657407
14503638
48653948
92386046
79982117
27770154
25860567
46015779
37999061
66646207
84144363
8348633
54878509
42789244
66328941
78202815
36635306
13470960
11276812
17906036
30300048
92060825
81102706
80160299
68561659
72634905
14476336
78309860
88883719
87865585
20463878
75866736
39674582
80275746
51495902
9260652
65401830
65583002
65462217
68402861
66898100
16169805
12739607
4790562
25432580
91800576
64893670
59322921
27643347
83242896
70107887
32579231
83964615
64459601
28826143
30977860
31512471
41190300
56238458
47713578
49550669
88713795
50473786
84440332
69832211
85676373
68284924
79990491
12838576
23989369
87621334
17827341
71447929
32006218
20223808
34919269
87692047
31417679
16039865
5948122
35808586
53330616
76723827
59302954
7342924
71019282
46480594
38735509
80489271
70348360
58610038
52496130
32761797
86087950
5002593
5103310
66165146
78136196
90311440
62358292
68982053
39056033
21407291
18195570
66838588
54015480
20413762
77625123
9697766
91649067
989867
17673527
47006818
15071849
65306619
73730180
16192635
64700129
25882743
91284012
44792974
78677878
82707051
29536401
10705380
45018080
89935210
42350573
55049004
87116544
70155562
910323
8018143
68411590
28915189
14465881
17338336
64469037
76137372
16614557
42833841
77060242
