72832777
35743243
78067251
4334191
18621451
16410733
45344750
38345650
76278587
83318091
56023001
94005304
12222880
88119940
26637745
79589089
36684858
55865980
24458886
51978084
66983840
8417650
49843356
75274067
41483408
37377949
73041949
6078354
4718183
62160549
64482475
19920245
16783837
50737431
12895911
17161618
53239867
11364669
2511942
20126549
22967071
54374235
18547053
39493872
93937614
85896156
31411640
88070129
22671709
2494581
81231116
18206660
47413658
13397554
77298329
74349820
88240586
36467961
32303691
72157644
7227120
73136216
72579476
34048808
48863299
27686058
55955241
53760171
91358111
56229581
42319758
42319761
79687948
51259876
40043880
83191250
39040784
61853250
41301678
80600126
16717341
23831825
11028285
43740161
69303319
72927726
479169
18525440
91516121
67509374
65837532
64834865
79147227
86445218
18183772
77586769
16586173
3467145
84208672
88881482
87076127
54350307
91955108
58645804
84824125
57101906
36489257
34379151
74489391
63296729
92186769
50280205
63326529
30373079
78753917
6338310
6213993
34212048
36988713
60607947
14122676
75051630
91006543
86136676
50505714
67496077
85705357
32948993
47633168
55713582
53753526
40271609
22991993
21149315
49623624
47274572
92029626
68055437
33578694
67386707
41650328
65485845
31840799
34051078
74370761
87696182
35339878
7740654
93144110
44281841
68485100
58373647
93169017
40660011
58430538
16819997
6363497
53859400
30973810
93575053
64945622
29774770
70276086
80777950
17354760
74792430
28207160
4201998
59276882
13863830
12870527
67191528
77742010
49920441
14371665
35806269
35428228
16050660
88854347
39956965
59547294
84615580
9403515
21729933
65028467
64417751
43895385
54610493
5153325
55159951
80246218
40638040
22123693
59721662
84416715
32253347
53846951
65667220
51947264
72654981
78167539
92575358
48049230
62760780
2582099
46009586
41927971
63516240
48363686
78056128
7855548
94463064
67549948
15080891
30200427
18055590
73046491
53474153
66470113
73413751
48223852
33310877
834882
72401054
76334114
69813049
57048292
78896635
26938558
15937438
10486448
48802572
1246451
92543384
14724300
12981669
8431224
61458631
40736169
53301375
71791395
48401718
77460618
85115175
60489967
56017528
33120966
94447756
78952441
68598136
86823558
31132815
87443754
10851835
48185460
3729975
79961177
26605273
20092188
88271336
3446447
9842263
31194123
87975307
15283738
18837436
43189510
10299424
48705397
51562327
17708102
69496086
60129664
52977620
69568296
50336573
79510141
29944889
64903590
74261111
68586443
37893519
17107297
23465074
69092409
79204043
54864325
43185337
37968298
36392142
80737209
15496219
49515541
72814938
46469498
54895492
92028728
35724349
89328666
12185320
20552745
28782406
46144959
58328025
84898694
35878747
72457347
82877147
57775620
53683519
19448226
2190650
20660414
45935225
57106756
10539571
35899982
34586857
92989561
77518169
48120228
66758674
89051683
94194134
15108787
39280301
63152774
6249485
69084199
39736648
89865099
36088942
73441226
50319757
29173626
1946494
67370562
48456364
9953901
80321422
24891612
11955474
8863433
81713257
37527062
42178046
51414153
34051235
83272602
51449805
63076807
91999754
65446103
59693172
14180269
53769228
46215448
42406959
73425847
66148046
83511473
45897973
77985494
14281058
24809507
73348540
25949336
60158559
26401812
29193044
11384139
9837174
28895683
53511299
15900119
29715170
1164583
7216308
85502428
7220118
51677260
35751470
38270193
12767010
6485526
9723356
59732007
60317800
50981929
91148271
47458763
