7794107
9369845
56514846
39161589
53054802
7048712
54631961
19994774
45316758
88339281
81722162
764621
64298122
15025300
72193457
55765406
32203310
28835754
67154542
25017143
76715846
64928101
73943951
14134231
7607986
71593688
19180546
32509949
89853006
42587162
46767173
68498371
18352266
13752805
58108288
21776175
89395950
10987674
91946218
38978731
76556101
28329221
2233808
70237574
85925936
38690691
40935953
66071943
27681722
42481881
19773266
43134602
42439965
23503268
3953946
47407333
29350210
82872993
72656678
9152285
80928886
14241833
60391347
53420616
16334159
64796489
3157338
17038378
71331912
5084057
14988063
29387989
66408680
71531889
65775879
12240879
54920571
56102105
35639895
33089859
73530492
69158310
13678240
29023515
57397257
64611700
48677715
4670832
56446889
38980395
49069303
88076177
72306173
13343042
13723395
7800271
67861583
46131901
33410430
68672142
2851523
23118510
82983688
61687338
1147256
34144329
48097564
13487998
85791804
43579047
42902059
36728846
14043975
34819943
62015921
20773322
27423672
80336894
34091249
67462255
356203
45802590
78630274
32582167
65054
72277600
73752011
81594055
52256919
48237303
80391538
15868219
1415653
58942784
40304625
39649034
72977905
64133638
69694146
38877960
88353628
73436244
11859758
46625914
34516239
3956805
26441031
91379230
10620992
16604749
42973250
47761433
14873691
44535608
29954481
89238578
18901697
64042373
56007998
65816244
6293808
45920741
2968285
53264116
47271687
25072228
40167818
21236022
68419225
9026743
2219151
71159517
86270388
26513971
6266973
3087315
70662320
72775087
65231281
35966704
8489085
55176126
31535507
55207493
32161436
54266898
68770183
32462319
1678778
24957816
3150608
67623544
8272273
10772195
88005361
5047006
26069699
44624489
9587572
33986640
79560835
5748701
88933823
46996794
74196051
35398384
32061263
62177663
17027791
53716455
78136515
65216820
23057870
58415290
22659141
25174710
77909407
37594447
10836944
70420549
21734003
53444948
24037635
42459750
5031531
