48812132
60492331
45990980
48799296
78940337
70097802
39372779
74232508
92090331
81981586
17642427
57786997
79640759
37819625
29504651
34457768
56442205
50110872
62682159
15820372
21832679
79204147
58765767
10477307
23470283
54549667
47651715
88583893
2282586
15495185
17256488
9296785
22607592
36328104
12727460
8211658
41884560
53499452
4626326
85560858
11227857
27915745
41457660
13340537
45084864
85825823
15085523
57663415
11425820
2652330
91983001
14394619
3728201
49835693
61832192
26331982
60682464
54907492
90285880
51318418
4765236
48126567
23349728
21714124
25136721
32885724
14276271
66623431
62112569
88618884
74978975
92424891
20965714
75106564
85674270
34790940
92250886
5315205
10104677
24726699
54219491
47983598
51984445
93862626
