93914109
52628533
47777942
26310854
23183032
86080764
87625432
14215388
58084560
30322037
58429830
53272722
58451214
25788694
46332646
40636077
80701767
80815398
28139664
45489288
42613681
1553784
88886667
61444076
59612036
75859311
92438923
79495002
55758042
65008280
23847272
28507911
52374903
22728996
55124420
41629745
80106387
27881756
18555261
9181913
86193980
10578804
47107814
1387140
11094948
44903137
68462101
25291483
61478152
31771991
56812888
26959302
86392703
68345921
38157597
47903401
25905430
27300757
65176667
37852712
46932401
71512892
31352866
18066650
83187455
2764138
44345101
43050615
78449642
4789206
11684503
87806818
71421496
4557421
23394995
49957030
88243172
89923018
42507316
37676845
54533022
10760667
51480860
18273454
46279035
30002053
90539791
75064443
37930194
21500870
20064185
9887494
43922130
74158313
50649669
33950980
49097416
65784966
4005581
79100144
34097591
42341365
1005681
48224752
19707251
78538865
28672479
27696741
75601541
11087273
57881124
29407758
93658833
43177333
29329482
16672587
28888005
71722392
88130986
20264706
93701182
3290609
17684655
48979799
69982678
15791316
22890514
52417147
61702078
2794162
68858999
53098559
48409570
70474495
39589756
48360343
67620662
58473515
65989374
14004761
8450661
302197
38071379
47376557
28409699
46774843
38533767
11773518
56761891
59323532
7832663
34033285
81403612
29348052
23505577
60915792
17122658
12738459
53974549
29012242
10679541
89809099
13817210
36363306
46100771
89552554
19844554
55744176
31909114
2377695
23887213
8947590
1937487
76525334
78183033
79279586
42977573
49045514
30600073
92533112
18850527
28476695
9061075
3572068
59677163
76717956
1978129
21148590
82191156
53856764
50961676
15931229
48767610
1110396
49869212
57486492
13184762
77246804
87574124
77349238
58207485
34789312
49288679
92040513
19107473
23734940
85547099
64308294
30833629
90899350
3933427
32056245
20153789
79671499
30598015
46052349
50485031
73478302
59099550
92931486
19413032
45898325
80807016
13576441
34669625
49664851
16147622
42805662
27490385
74756043
28191956
52651961
50585118
90310857
35600078
6437955
58644421
28230456
8872487
65016550
93004885
82907491
29448483
14922082
47777940
36018424
25541267
7213766
22253681
6406439
38689775
62031992
63800774
92973905
88925210
29910851
71510808
64178447
25068495
564279
40512230
50065287
71505
46311339
32274392
33044744
2094384
40318435
64718428
46587356
41905345
41341879
52173557
41150332
83098872
15838051
68255788
4373981
12753615
41582473
54170715
76909339
52052697
58863325
87622204
32292082
85304167
39761563
51878137
77108012
30925401
82949073
27374865
18632605
62369009
38343727
70449075
86292798
89956964
93962243
31066747
4337780
55144392
23109553
12144891
61300531
55492121
75288082
2955471
34598615
84249717
31287405
90207689
48197610
44172354
48039885
93737461
18106603
89732903
42944953
58619035
63657635
41784318
39960657
39457561
62562744
14840644
78863524
85617408
3388164
67660638
10244753
29467603
19458389
15565916
17029671
39686455
70243728
2098156
19300661
15859190
25667294
30539314
25620701
69146054
44318975
48960354
47288573
57733099
7352561
88232769
33033811
56462632
4604890
3747510
10696704
91824960
35663259
30156275
76890066
34502091
22792337
9306395
55285368
7567677
66905456
78179329
89232769
51134223
64727162
45021166
1386841
74087637
2084429
77564606
54107276
31360715
64809959
63537493
4775068
18509416
50877508
77180647
84248710
68659848
48545291
42555612
10313075
10716049
69478209
22216261
15326172
76606529
75035121
26410203
92974090
38113822
69537214
75875975
64363391
42528113
2693985
5080849
14844857
72090296
69375659
60232112
13770202
48817393
60178134
32956074
51247458
2113313
5956030
67140399
76162726
74246680
89772817
2929575
71629307
74621420
5112415
35685763
87685529
12006644
50941944
20605107
10306361
62561122
86766653
36917563
62666387
91367029
74880887
89208779
19243835
73838822
38849823
39118246
38741650
87467681
63084246
36122164
41746438
55692640
42367279
22767986
6597934
15806875
53671421
26558936
24222330
44059940
41820493
