48331861
37103956
70093878
5505741
69500441
93345855
12699584
71482998
46667576
42800973
45694421
34784647
30060125
92439164
90581022
80628288
89462158
65391549
17040708
80861844
66182076
12002741
17812167
72472687
88083731
63707541
58858690
12314626
53502278
29889242
16550777
15150332
72711520
88173094
81655321
3795181
93359755
431801
87363996
76925478
77451910
59614765
10755517
58772236
63786222
87369754
46449359
23957251
31260708
11181445
76725777
22450613
29440712
19353865
61837684
43367577
24296272
65876963
53947617
63067683
87479405
65973665
66517162
1512126
76267122
94189376
80358985
93079956
60506149
1707081
40371848
31205735
20560611
79284286
44745647
79094945
50992135
53327242
53417472
70611653
75321561
27377580
28001749
47358056
39944393
49012635
2912890
38355445
54890017
11193450
45851949
30271965
26714687
57551321
74252853
80075446
84816980
34891453
82518451
19947714
37212507
22399923
44092509
75663078
16432614
9542850
29020947
81853169
34319655
