51766339
21471096
32118559
27926058
67980810
42132169
52659560
52217469
43627817
26537845
49739113
89670631
83376345
13396499
83968085
27515110
69447239
38110731
77194109
40428866
38598892
71566686
32091923
68675895
61839751
49922759
5089663
83542415
29103913
48219622
91981477
12741790
83055360
58726766
60782929
49731251
66856593
6025892
46401869
67851472
71671776
2062829
89644233
24824112
6152407
83792445
92842647
47052797
72233157
6508809
6763129
30236735
33362505
46224424
35927595
56899197
54630614
47198177
55978432
31720278
75883630
80343156
20132795
84223072
4878159
25073256
63268329
69336607
1468821
40723822
28816011
84449596
74867177
22489829
48632403
52561656
15513001
38634532
16157037
78748683
81161228
9448265
772806
59732109
32228988
79630384
92594261
56444896
47439680
75709505
86109833
74750054
70597370
83014600
84603791
68339288
351089
62930552
77296859
90244632
4857010
54618037
59496138
90889177
17462875
66776114
46255004
47670366
24164974
26848348
1543728
81102836
53495321
67567629
84421107
45080809
62153454
46329374
38091220
22905661
11649103
64984828
41121787
34114824
57301526
74040422
91964408
32616700
14835347
11828602
20772726
16616254
1305598
65222664
4350929
94118970
48534446
94553037
4538435
36080663
56989280
77693120
19034612
29528960
44469357
77032684
58159801
861599
57583178
38279160
25808927
21061762
85167260
63727325
65433310
10131897
26969384
10434479
48338372
58477529
31685036
12551828
21018342
38992837
53878543
35918460
45432520
80116431
89505830
40179681
86499341
64155336
38580036
63276534
3971432
34703169
86477642
10557486
37636728
88040988
75916190
55375488
30404405
82595948
78503658
64705626
37506928
82030604
32422825
7358890
28038842
57664888
18092510
37868266
19710680
12152916
38458774
84874186
31256600
49314639
60198709
22434040
92629474
36865916
72854606
38148150
15865734
85630837
35761443
9597006
72948109
67293006
80469501
17900993
32528967
6530214
3517568
1865637
69169475
55393407
63573992
59211710
35583718
49770261
747096
