43489950
159169
44393653
77315317
94539194
38561543
15220359
49100776
37730952
6354659
47369229
93854287
73631386
15712986
29436425
91757534
69352625
21410190
6541974
30189401
37622573
34426733
14069433
54679316
35307054
17681310
25433769
35387719
45389101
66151998
91127105
66949772
83591285
66486533
74298659
25471783
91901716
7338353
76829918
30305591
39272881
1599912
8910462
49456206
15496775
313863
60817776
81140296
37312274
44626344
79483456
81310842
87081547
69834162
42013499
86850261
53753818
41633382
16710170
509022
43320064
66399525
2691672
69726159
1919276
48983348
48601883
59143626
12308448
90003142
65063615
40055875
19400456
63805060
52193337
20952875
25826957
90019893
10967206
24103537
91385045
16390841
19758482
3511567
90844911
7871269
57664651
21319507
27294196
79492982
25767542
1673886
57119298
81273033
55496132
49018964
9817705
65989333
20757426
42878669
56770907
18024593
37877570
29374622
91130653
3186859
25505125
53988009
21140421
8627067
27929104
67368876
64075759
26819881
11856656
28406466
21813091
88627285
80267231
86296179
27537716
88615347
81426223
9397182
72536618
82345685
65878624
71877639
55009771
45544614
13538618
65107060
72255814
26889741
51617402
70677394
39543924
37915171
91541373
79834798
20938907
66727975
91887175
37117925
28467572
8510289
94250361
36465836
94118546
36701517
3796386
28078158
70924576
66396226
29655524
4028523
19483483
72966602
55085725
64366307
87812380
84571446
15382903
16883863
48187486
56184478
40055066
2918553
69402451
40492624
3243606
43498205
72315194
91356584
52233776
69947250
31138538
33798060
5378654
86858255
9000906
61767501
85769567
32790120
84511692
42809951
82368799
32334156
32783376
46933500
22568201
25674060
44303552
57982003
82039339
28088935
46990855
3776012
61918711
76545082
29133568
11206926
85837935
70264952
45561778
58739337
73105846
847961
46788468
75234981
39871352
76480930
16001019
267505
92595862
75477914
54420272
27603252
62075200
48489069
33218891
10576956
49230680
19829845
51084729
64161054
51459534
92045270
44181315
80727113
78580636
93838402
59220419
22973037
86692859
50954740
38663530
41640000
12242073
83160429
23596543
81688514
6773842
70528725
5311270
92123756
31537254
36742743
11989485
72923594
24500839
40745122
2167487
57173384
23009655
61460813
65973753
68931323
24046274
30034553
28271197
8613319
29667614
56859938
21667261
82193824
15144153
47279987
40137902
31702183
14307882
80782379
59558632
92366471
62973269
7821518
82609336
81550131
25233342
71973560
56303892
34378598
10383060
81045913
81160090
16307393
18649547
17943617
51941215
80312803
37567066
70175715
34802173
93719220
62929626
58095924
16294171
640279
92348959
55170865
47620923
50450098
29901341
51605188
90854385
93129358
67522312
91693334
87527821
23995566
83500518
92148097
41823273
76373843
18531602
64732311
10169938
35542503
12725172
40821403
2899737
34356829
48343817
5826371
13938177
11272310
58626250
86111194
24168974
57100616
35945316
57658532
65410129
17266198
93262471
12682749
71488887
58872258
67151645
82580159
15753865
63823628
23339800
77304908
46512284
48869834
67899301
38571402
81871293
83893122
54510204
92350227
7615289
77916154
49591689
77654728
19682732
55537702
83143720
53490483
73677291
80513737
26134451
52257418
73683558
61455491
57810179
17310735
55933353
81370002
14081371
58578204
92955285
43395268
10416415
63053210
40700357
42790400
40647934
64681707
24255242
90800801
38887666
37052430
5612166
78337405
73641336
5576842
51943453
56802738
52765404
63296271
33022283
73698762
4972867
8035682
49472865
22371919
68940807
20970352
42225154
16483502
78757056
77850783
24131803
32874320
60399695
26483824
31899338
47116390
9197946
65447774
14445067
54347277
26456427
12924853
4040552
14895037
72124973
62809269
20557412
94412000
88987140
28701337
88385465
5264067
59432900
22637977
65582756
89148914
39772711
32156119
82173891
23712212
89711477
57001813
39899327
39171443
87362773
13201680
16999574
30300309
89318133
4284543
50453837
71643063
42708321
84382119
26106306
50176263
61646641
85587381
9881882
44563796
92099121
71791181
69512726
11758915
69217956
71490733
46940672
34015200
43418841
33141129
37870260
55896712
22401413
57829156
22854177
1077520
58189267
41250611
3426392
45099555
71399507
38463196
3490553
58189936
20184655
80005598
17521136
73707424
48394305
24042520
37715396
43908238
5200828
85526063
21779318
34708353
67393444
9052667
21386196
64742392
90242390
57778967
90667312
31369202
65593935
59198509
27513800
15749450
46687334
47432982
18189822
14488569
4989992
78386954
19925986
9618744
48721999
83063213
70906647
24721432
5131100
64372352
46170046
42459521
25256227
11089125
67016324
30262677
44000970
76528953
7953823
3516591
11868777
27750675
21982920
29986865
45763578
74545933
52937749
82611048
67614087
89623007
56268171
70649298
462746
31472740
56560678
84834152
19745825
76792115
84759026
76656153
37662271
33157723
76376684
55968375
58109364
26020802
53390269
13640953
69570281
32509712
38120981
82271084
29194758
39176500
55361898
13129620
78035486
38905624
91642239
10763494
94326654
64467183
798956
47963409
92020839
90274496
11500612
38478574
35835951
21449329
20623461
88018523
2141862
15698873
20811719
26177492
59476003
44478993
40809032
60065015
84059673
80804298
42359614
71982690
64694827
18057623
49043732
35799010
84564195
22909430
7444364
5407927
68034474
60748070
46449290
46754588
53442004
2903989
40465630
75682282
45319188
6004434
19853863
12017729
69658955
73394237
28612388
5491552
62341508
58673416
17058718
77948902
22588420
60622663
94376542
37237130
67882399
47622516
86762917
78985557
26717508
25635748
15399689
13401036
56582864
94516631
56126525
14877018
35346050
67166488
34099475
15338300
19858194
88326448
31777356
34247877
87080106
9140377
35577216
12209224
55062078
4224326
