41732741
13071805
87662950
18425891
47911760
94401556
4008113
22210371
51620552
828176
48434173
81038332
76865082
37019307
30913859
79772773
85827803
63249593
44388011
83260557
38596280
16671136
83135071
91630728
49434424
43061351
36307086
34661980
70948978
94534426
32570421
67565720
27253371
13305717
10692679
13677400
12652758
22226030
75441720
57949169
58033710
25577477
63091818
92566347
52046515
92373217
34478378
20549140
86838962
74773674
3179701
17002826
37386538
34769931
53944934
40851065
54766084
22720111
3708612
74348866
15359899
39845483
87156664
82002548
88852151
80730386
28293987
6696957
73233251
58660218
93640056
24044735
34256334
75770121
58135926
91027707
33086436
3486589
19683759
72677561
82670804
48492138
9407835
34194169
39767614
16714852
9000674
83621168
34485395
1043197
87649507
26805440
64569556
80352787
84423232
52422497
23435833
24221849
75504380
35745836
56794755
20891324
18771268
2084741
30898286
56793737
46051731
81722176
4506029
94116291
41775917
32150627
9187960
69086160
18522551
79283014
78075994
9642686
8455297
47977550
55691096
61035633
60538479
6049416
84786728
86269475
51450604
59566877
10166813
41783226
1524035
50418969
24007811
43788114
80980282
31690266
22903961
35463334
36029007
90948618
65552879
47554016
87067849
82808109
17299460
28520134
30312623
44257358
8106246
34043999
83374802
74876344
15997529
73141297
56232033
81294394
52587103
32557570
22516933
24139695
4430385
8109411
40206396
53600206
85883619
73013245
84725170
53666750
32173360
39695936
48331879
9932597
74057353
32887952
60143279
32877457
31201617
41523542
72372323
34462555
63154830
42415368
87620221
46064081
707202
13020452
41220459
31896235
405300
49023900
93872529
88972741
14439059
88002069
40845051
26323222
4015390
19036309
84000802
23368380
55597444
34736367
28222932
86634232
23641099
53996072
23641889
80080452
10048255
24080039
7581185
92060860
89356971
55313790
84448643
84356429
55398491
69543021
16086211
17626812
79171441
79602763
45818764
76876918
63125522
5478493
53496322
43298756
60121084
3090922
66210930
87463494
26177980
3116863
89996357
85455733
6182524
40668715
68835447
33646409
81670310
12661653
56310542
86521825
37415514
9824984
34638528
5448814
12363311
47917837
78324377
52576634
63967899
89999704
19587182
11166902
91744688
73615297
54979461
30960364
46330374
21634869
6927514
416551
36980189
13033311
91482770
5768497
4346474
29861384
36280703
29539327
41549889
19091520
38776673
69943736
30390732
40886411
37678646
85155265
55583077
59916590
84951189
69456647
39429043
55320973
61740190
81530005
92932003
13977847
76031221
58546669
8459963
28664980
42743408
46670818
27982960
13291235
71299691
60102039
68294249
63430087
48811642
86864335
2621822
1735930
5501442
34352058
52334717
36955373
23268513
3564051
14153675
38736126
46099403
39667717
43876567
55866199
94236447
24698033
87876725
93838648
69754765
65951924
42652147
44580978
9829441
68144583
65961349
70921617
85642356
20716769
7707711
45596061
32294387
26627636
52575964
18899458
86713592
80256254
77311190
83222543
40607641
51687847
94073384
83900865
94485178
34315830
60356234
81543259
47367136
10952336
65534386
13540870
54668685
90875312
30487446
75462134
87200926
44946377
73985041
17062091
77020187
35856654
79940756
49984634
88112370
82616501
29397611
1641727
78223546
45352753
18106817
16499788
15521985
70165221
53232386
50746478
18926492
53545748
39460901
17299622
21284828
6182793
18481423
86113854
80116277
21357449
65742571
84187132
2304648
91785787
43080612
65141787
65460371
43689628
63555166
41206942
74165688
49527701
36526776
87696065
78670216
20506363
8214647
82470916
50712579
29856244
91154307
2741482
74761702
14670509
63855320
84207569
52739989
84300679
47473125
90073874
47978656
74836967
17769753
36927035
61100509
52431984
79281091
42502821
35901171
68369483
68948959
82952060
44917218
82954903
3334371
19714644
11378192
44493992
31308519
38278
29491615
44434810
57697946
14423244
73541395
64451521
27211659
74832247
53001696
10329490
16659809
42253428
68752026
58796996
64533003
61394093
79489929
68320245
30877410
91356210
17456536
12098929
61485152
15229847
37977270
85390247
8324485
91744689
89218954
63128885
47672322
64223922
52653601
17452134
55852113
14019534
40267929
42776492
82850180
16132831
85870629
84377541
76157162
83579738
54488988
4154603
52528269
79619543
23846720
74976291
88114041
15500356
75213845
40450475
28083177
67344644
25929584
3901347
36605733
12814687
15050688
61103551
89714056
74718822
16052262
91739716
63033094
18346917
17329605
87713726
60323856
45010494
12289169
32688896
68083673
34775398
53411929
80828575
8346361
6898504
50533067
9014902
28786721
45855694
4763004
84857826
80450639
20770982
42857151
81959352
89835364
40243111
86865738
51149942
81765439
35637252
91482870
72809134
12043512
35557217
27176640
65085275
36008136
1860868
74165605
79093051
60733601
25419898
91679724
9727713
64514528
37025071
23464660
79792062
7841852
163678
77988209
36115487
88807046
88202808
10577119
4460774
8199286
417714
90475835
22646098
26825629
53139277
7832024
34779238
81435206
61146503
63785560
66675908
94029511
34155633
78076219
34310089
75514475
13333576
79580808
21611735
27604691
1046886
52208209
3460929
66481962
21057155
1620378
39304985
87964977
56184213
33737063
36322663
67606609
6659720
47848822
76501843
23411942
72814181
67571640
48000518
10606169
13436712
2068031
45648955
433958
8171358
59118605
90834444
37744419
2623475
77492271
5089062
40205702
11925636
62802980
4133413
75361060
52844865
64126159
31895297
47337540
75002911
29810835
17153101
38884641
37585517
8197528
53491300
43694353
65197197
7587750
92641554
91321533
79523964
26287916
23517822
16777076
81504978
5683278
21773682
76449374
10684046
90096604
71565601
72917393
72335308
19352657
81275122
74816141
5991360
94571457
63491633
54810223
76167555
26194348
84966582
1242403
55177738
14734425
10754287
41471403
19514847
1161779
63322715
40531095
21326567
29243956
73604656
88954598
86734275
22804889
54285388
15566702
50336036
15319712
36492605
40008789
4793233
15781401
79226274
66447219
82048509
32084418
760572
84627486
53524483
56334628
25227124
47046277
57916892
51230100
75831282
20443602
74037548
21483988
81098575
10372753
27489906
73320345
76386344
34049776
49262571
15966680
48431031
86099205
4613075
47338415
35358991
62628507
4141527
69245514
53961582
4167336
54126640
23218208
65002242
12080418
74798976
20322434
66408446
18479434
38166033
64119737
54711475
62655382
41781765
10534541
55173947
4884759
94250508
18185729
39330573
20815861
49762974
92147134
28567230
53285146
6968898
80304896
53589542
9651703
41116865
44236053
79232970
19165246
52224494
62738929
38666127
9568849
87288484
69581346
55506153
58912403
32581593
49434508
30084425
80444208
88972744
47979371
25313643
56599136
87312559
91639852
39187977
92202220
14079483
1644748
8521186
27170778
43355173
64440178
49142725
89035648
38621590
63534061
74367959
6045754
89286051
21956453
7351686
49687257
91328907
51568634
62332065
28773946
81922143
82395024
7943699
58140636
66604277
72643434
28781152
7910065
54683282
14383850
68643919
43253162
81332119
1130994
52362213
43901604
36382055
67136474
89982380
71141265
81072287
38206367
74309174
64864693
52888265
63641461
75252638
48821879
48081521
65903776
29554917
29892990
57125540
44651886
50085839
88881043
69947977
65392837
62360457
80199710
17174628
1245632
31600057
27237511
23365943
17556792
26273477
80160375
62665532
81144615
17264121
85013408
38689305
39176262
47110192
26257282
23662015
53973520
91287911
15916974
26603012
86119128
43866374
19722756
91683236
60391
64367284
25635825
67393309
55010943
62786379
14641760
78706423
4278205
87660557
38073727
64257667
39575117
35373052
44578635
6085273
51839154
30016164
76132688
82394810
51148730
19867720
87829781
12360391
62083036
53509604
83981203
8006100
84589411
58477520
60943775
24217243
94468553
79362239
54475849
44994793
43407607
46369408
39711642
92610738
72969666
63508463
81011560
38968450
72704004
79005362
69216588
17909466
66586031
13130140
51969734
41457942
48285314
68325415
50068052
1745603
74670967
14916682
35105887
51576449
24663607
11670396
59941826
36418450
33394480
67076051
77305715
41192305
72221615
88368030
65865408
69039481
36949203
87040731
34140539
48529420
93570065
35771149
22651987
72480766
60820466
72542024
32883309
297452
82553110
25685473
90764660
72227919
87820837
49852514
26210934
59741445
39033501
92961813
88391461
42033247
8389611
30874586
4555737
84253670
55946485
67991780
40222817
52861684
56005861
10456983
82184665
90406480
66736496
90736672
72595617
43078867
12726987
84209709
6161541
31995489
68390162
86581283
59009010
84006176
86542042
30516994
15547844
89938224
26372149
86090990
31945307
53070725
68943527
94519879
35047290
11679018
93719679
34447026
3309826
18987752
70025775
73594367
92546356
78188457
92855018
78964837
55389796
49756563
68556796
24963388
383258
6200908
87641527
87117433
549516
59961095
35515417
64328746
54525122
63107763
49032914
595759
13884491
41308160
79970248
17230828
66956975
43753775
58959894
44893416
86619257
14883010
32209386
70271886
72312636
26204491
11684563
56840036
79020120
59198242
14671117
10854793
76458247
59929901
14223952
24595598
37616882
82285737
56271976
90922947
84975558
20614231
10745153
44932607
60950125
13832679
5795465
70611849
17099700
60504615
38334641
75907585
5343291
31296063
31403988
92823745
54117270
70687003
70268747
25052489
31941880
75372208
85832680
68789928
69883432
12969862
7084218
74484523
52429656
25015556
38203563
26518431
8815067
16283935
32541396
9888254
77659268
52798663
30686579
44414143
71470056
5579488
53278062
70373326
77749575
92532983
43126999
16529689
70404999
87695014
82017264
94541185
10844379
66359579
22752437
93392804
25839032
18841583
46720842
85756017
35294397
92169474
3528014
55268756
92497440
40905796
18846350
20070492
23733031
7372933
11363410
81275788
35796732
1148849
3040371
27427673
25877409
17093943
88677863
29530086
15069509
68126438
42538991
37319597
93350799
47673114
72770850
41806525
42070906
72126149
8276287
19016022
53193270
35285030
42113856
48550540
73475573
80393878
47806189
58462967
19291566
41776305
33029122
70576095
33641714
87378805
4004882
7312356
34827863
30387052
73317489
77842925
9848962
90126783
54394040
34907262
65492741
19213460
23370894
36043864
72707407
7371562
92865631
72690894
5491428
11414129
8474904
3495520
74254946
45542258
29153330
25143595
11836573
46457469
42113860
35826812
27748941
73580022
54955046
26168070
56852222
8007118
61516062
26836646
27284515
2333826
19957978
81781286
72675544
92089951
23078096
23257235
71550388
64199633
31508101
60971218
3682900
60828049
34397327
47060045
38834078
3862285
93588930
16448362
83950908
59831751
37122532
18663629
88228425
92788024
39444257
22080657
58159912
26415741
77779201
55962222
75722349
94441522
94376459
19072132
43291111
65999289
67091688
40225310
38034068
53290564
36411651
73788025
54615761
42021566
18538093
68644463
8591902
10029336
18854972
3595481
37595274
76573267
67725428
61135608
88635284
86051454
40360688
1796227
1517332
72176165
90767226
31888744
88057552
3582488
50965297
12564932
17403866
17682115
5663849
4814470
49023211
58923053
63362393
45214373
43947923
59948648
81008802
48976248
36764857
64702990
60584637
36377274
38474696
4144288
7395216
86259914
47400068
20402147
4228024
6446251
59493596
68735158
49039588
40801811
84769902
54871823
3388282
4855597
82719855
83261293
63088624
84431725
55090532
60141942
43200515
67886705
89994907
1790106
87604071
63945013
88377945
86940526
32849170
52728615
18474699
18199055
27392317
48298730
2969903
42238033
42838297
48141586
26642805
35617619
28038465
46785839
79393942
38719579
15896550
89484255
92005343
78879647
5134851
55394150
64324996
22581585
85399143
22920227
342572
67405190
13142715
22984926
10188283
32216328
90795694
11129510
63792997
40138643
35419403
93100171
25848218
11991192
87605467
63552832
59417469
18367783
4967836
53688770
71307059
38407012
42450140
30506227
15796250
20582936
31191648
37117790
88734715
38137164
56023245
78647992
40725146
66768346
