61396319
47114735
89869378
36484861
48568205
93115435
64474805
24482964
43597723
18101285
1402033
75684492
9759659
46139488
33409650
2164241
13872752
64324069
35350966
27205843
64214742
80239037
52946717
55971367
12525768
76831901
10861867
77244306
66240693
9925040
18339253
35610946
59413335
54568394
64399841
88590838
29719769
87638515
20355550
49428247
59240054
64033720
39975763
42594482
44203006
9112612
75953292
50439089
33393926
72519690
85126928
41697203
12119730
70576899
10911038
88674864
83636408
82382245
86495353
73094214
60441093
7220152
3408981
6583073
10204110
72072390
88443706
48234124
41032708
15916345
49546298
37585243
94369140
66107282
87918696
40731435
38627517
18750520
36786224
86143219
93123944
76959271
71925942
81373524
49845339
78122962
13099935
92582485
25345981
59210864
31253099
24902937
59301453
34134100
18947776
67167472
59588649
9791492
17315331
648617
27705632
94190528
28264595
67654793
9172946
25588706
8714255
61229137
78668855
56025030
92417415
75830332
41924722
61365017
7124418
82329979
20878083
28046303
72800537
5223813
75665336
79088303
93699473
10270543
18713833
30164644
22404794
69342938
26945578
16534179
75706627
62442428
28773674
79756282
25082140
39922243
33574913
35041173
87638719
84762897
2394159
53521163
11346709
22994984
22994988
90442473
54160599
83831748
50471035
19383077
43537823
88461691
31589053
31819629
54480678
93063666
42462925
5062592
68811789
4888923
38111418
32710718
24662393
21002199
14237161
59585735
21080649
47535171
83128666
9670611
3371681
36936929
55640144
53974691
5611691
53472445
15122579
26538021
90170415
76559507
75204799
73716216
54426805
7235306
76549656
76437749
46345828
16322966
90860645
36829972
60783767
77490044
64872070
58202179
902675
25364453
10539532
90804534
76038838
21108751
15405369
23846763
14823661
26655944
81348726
93584182
35879993
41987412
93495078
69226376
35154572
40888082
22774842
86493302
4662608
70164194
34229246
6462541
72758732
83017514
6189636
1880267
90479965
13021993
463433
42982413
62519534
82995339
8192246
24670903
18859444
93907188
90660444
20574113
76791183
70115520
30693436
42557032
4161415
73711436
25757985
90678551
19035600
71488818
47753467
29780097
19138292
72268267
34806705
17919874
24693344
68146405
22753334
60930148
34385843
28407511
75321999
13281770
54186453
32113323
19444498
65385614
80486638
67969782
74533404
10032260
68240661
12548814
48524960
67709886
39757135
60927702
2298133
50331886
51811255
34064910
24465833
65646578
59525941
51979021
29649886
14034100
22597697
71364282
76655161
28616448
55408017
52401767
92892764
40928549
33925651
56342858
25239434
88000670
7719368
1288037
69098531
41111571
18377428
51912867
93622617
83302888
53887681
73184762
45114446
46380120
49588399
60648845
20712174
40077546
63782588
4920872
67252082
49243305
57606779
19442628
90871248
79291090
26450645
82422788
44074330
5990051
35588974
77287314
8955117
64121834
93065078
38500273
25589335
36157653
66421812
51674812
41282613
68914257
31601790
18845829
65529335
28401285
79144304
86733608
25930369
50792655
78906511
34027170
56540836
91343449
92253432
75143165
4347785
12626363
92970825
10989686
19561919
29105067
2745259
79284943
13669428
41041303
52214697
52964294
75779617
50745067
12929846
42333395
22841896
92330895
82897483
91571046
30713689
11159800
94560453
67544129
58592147
26415870
68137853
48507617
83796029
67849761
10886428
65598265
80131438
76196571
58088462
69307387
2833852
48002443
14666158
66892049
61981941
15645959
52972517
4287079
82602727
422975
32790556
33223418
89327577
59232639
27891146
1041518
58539679
39034636
72025877
5816643
22910040
32134148
10382477
27800596
72821805
30071076
8360886
85291942
11850279
31025077
54206740
28776994
81345963
70084822
12749471
88399244
60027265
40860055
90558379
48250204
18902607
19873950
37746197
80483540
87750437
45476342
68716399
58270641
8303309
46740689
59804952
73378277
35432065
89969737
83627578
79707986
69956328
90704119
94203117
81871402
53770683
52237060
3972700
93463083
82444355
4976349
50864763
72848361
85553885
16087070
50789471
52893407
67607595
10918903
66047703
3967621
69357872
21175096
4620064
72350285
44113874
17554869
57914233
39367541
66863221
13924561
73762253
36264727
88966330
74261097
35234412
1522845
94200245
54247057
87522037
78216207
52198063
4230103
94462062
72669520
47946044
93803732
43198153
40464415
31109279
73775917
24664884
13915844
7329391
6645057
38064770
58522277
63713272
27834802
89067879
49383644
44737979
7810057
22466294
15946958
27848202
33753721
50901241
10482057
66328745
76767808
32423638
77923858
93188783
22804065
36697496
34874291
16865717
7150418
94089162
38750440
57306756
86718984
34915376
66475130
40459813
22353143
59068009
44036655
7684031
87801052
41512726
41540648
17608265
57823851
20877104
3716347
37723459
3596883
79800666
56986241
90051627
71703015
72156200
69071719
18946727
50484766
81313574
31227830
60422135
29358712
37756571
40865639
20036025
22404891
4431875
24020961
39719179
12897373
18692749
59786385
80226569
51064210
55629408
75058052
81036202
67028025
54039771
63912610
30723242
32346322
43620751
79894035
79197916
81695513
31700036
67576900
45889039
25034572
69388849
81031031
36626196
88930983
25447193
47686371
12289791
66374400
41465274
24796027
83261784
59588644
76812211
77328858
63947586
70605703
11079833
7850728
50572787
3390748
74655292
51403951
92342369
34981955
68901300
54968058
43817104
57764589
6297699
16134836
31047302
73747941
18569721
75700449
40886952
48046675
70110665
38992904
76601329
1166522
56170530
20652710
32775613
67781700
20660908
91468741
77016328
8727895
34301108
2902118
64178384
57701780
78180130
66741952
51891396
11242923
67134865
24382519
38398905
23170169
32253377
93977463
39930655
21234778
5068905
59767402
60919162
24510997
42810118
82544605
84836803
7337870
36256148
64323385
68234024
48387457
92191836
77359401
35887268
42504991
50204480
8721140
54211385
72139688
79981541
51058276
11033006
86240529
43533357
67587318
64474824
36397224
76804563
81569454
38200119
77589420
34103250
44676407
87886537
85776573
29799694
9533215
80897373
79848502
69099523
47877785
70027180
54750032
20952871
69618805
55611873
64225460
72607687
92635113
88994556
86803429
1363998
54419030
28290094
61769894
77678284
86907591
18893489
22213722
5365500
13727419
86066556
89681107
81989974
27944192
86026067
3831049
7445635
72283873
28090411
55247083
8689257
92795584
19044038
51540502
68543128
52970626
84103252
74491393
24782110
43293280
7088965
13217601
46187761
40825953
72515067
84753803
82055233
60594720
80384400
21469782
60885271
84996387
76787576
3153818
7925448
60942246
5748111
92184745
90440159
54182299
54765998
43565271
35156632
25367632
2900
58065432
93035882
39463264
33627707
80353237
73161712
6689323
29439573
47626038
30713692
84226134
39241964
55198207
58002146
9458214
76706790
27612498
70968103
82019813
