80824165
57258321
70893594
30604908
17506494
89476520
36271329
20709368
28450082
20033638
32853050
1930101
89403585
956465
10693362
92022949
49869517
89529593
92475709
39543398
61892445
14800045
45065275
64578662
92412187
91438865
91102196
36762706
14593218
88189769
17476459
28055814
63424164
2098713
75173536
51272180
26569698
22222456
86492719
7992703
63938977
9639056
73693697
22938612
33829969
50230478
32422117
76416433
70393857
4678231
57828701
53386319
47761215
81554920
71301012
41472764
19115720
802007
68545369
66872924
67786293
82948630
11709151
10893802
92081836
63249914
46486014
49381740
13828058
20443580
