71491386
56530505
76063237
78100191
45995015
8098147
3353538
75741863
44141883
16108428
56388429
70030046
13521097
48455524
51155562
24183332
20874778
83246959
59956698
78655046
45398911
35117398
27921080
60537863
55095765
84006268
23613771
83489598
17679302
41827515
38508421
86244275
3560144
28351625
25785569
55490395
78853897
38954418
15623143
87393572
10029054
17424890
72488896
81549277
77707594
14104786
61249555
27521595
23613743
60074263
6356707
11585082
79131501
91352630
20336773
51701030
66462910
80621874
38691446
23905609
69631388
24775641
58000408
80989296
5897505
62357719
27865732
77148497
33071718
55537871
1617909
30190548
14185092
57890061
55702110
55127228
71233336
80846703
35507540
76485747
72937715
81596783
88740240
25966496
20775226
78233398
45242036
83815844
57612116
86904938
6404486
11756928
89754262
29662784
49264172
6542330
84708972
69064915
30052033
16719553
56368830
44108389
10377318
1433227
11716026
74224264
63951152
36568830
2614344
33687644
20345922
82232214
7208115
18409955
37033471
56807040
9930194
7245584
86805641
70612018
22182940
14067876
34967558
21851701
74938436
40539613
11946553
8819813
67535819
30124524
22672448
