12962077
22709179
88462260
34370531
89308323
24340017
27941666
28563279
43337109
1490091
8330030
34499686
75113354
664360
58665323
77278449
39573357
87399903
49082091
7848443
83094872
55083528
88222908
94594894
28584147
88531318
69410343
65001380
69758997
51900061
23647153
67201042
1658569
2694852
90709999
69460593
37023189
44773141
29809848
54013808
50465662
84677077
80721171
73895374
37516887
56829087
87822812
1523267
26179010
55795523
17419184
22134917
41025218
72761011
9973029
66127551
89046542
71045414
66297681
39330496
8773195
32949621
47683262
56293603
94373319
82438867
7312125
28652789
23382920
34484204
78759283
69036968
13372045
79845771
10896111
89860380
11145900
45091006
16204638
92687696
63742455
69261242
92396191
59612065
78345266
81371150
44601221
35043100
15224022
62528811
25191363
92381333
36883441
92222809
78291034
71096539
75567034
59339163
71158118
13440624
70001995
14668704
52551499
2166427
76721481
73149456
51225003
47984815
14843476
33026248
53982423
24181980
15359585
60951338
33944145
18849383
93783606
36693419
74884031
91507032
68936803
61237822
88361025
74716322
941299
18031123
81285152
36851475
75591098
78868563
8739852
70678368
9814904
72842509
6977225
48689722
49153809
78950399
8395875
77726422
91920204
42660714
46042725
66839614
84213576
82541642
18707452
88550116
60986367
64407072
80773322
25396471
2690142
46348819
58141252
64880582
56583684
86997995
28580990
911127
21109037
10829128
8569194
33839928
18117861
30794530
2958010
64262287
74015687
17168387
86263454
77005197
18823975
29034644
44494503
89822612
43015684
72439983
73983717
76003089
71256927
51296665
33844941
80249120
13227476
85727121
75747821
63737140
93021335
77011188
78848697
33204930
51391747
47331165
22121985
46855183
67058721
13454719
39988743
43938280
15684835
88741824
48191215
21975572
80764098
54791701
45469749
4100075
3085413
72829447
57140915
75465378
46770657
48823032
12893197
63176270
43236714
63318276
16124453
15733142
30911738
58467572
81204216
18990092
9970824
21788274
58232942
47521749
88877817
38389415
66944002
73813254
73354352
