15877427
37591777
70022073
58475130
25816182
87955663
80837182
61839700
71290366
78784732
34766130
34324389
822380
16434861
67763526
61240699
75065379
65306560
84248016
974590
15439810
47555090
19908191
9570735
84625538
10475874
42003566
25854943
43309210
84430155
36944875
42456266
26599270
91865528
28137066
74575417
74083610
5235714
40690698
26430947
30287773
27601731
81527382
15357952
68101473
56811770
84945479
39076880
51351778
92785038
30377433
29436265
76358363
30697045
55475822
87298142
77662899
28928538
1406820
50899825
6808775
22177671
56724497
83039908
37644274
51830257
57552274
4925780
30432267
9894010
40653983
30446386
6107948
88443061
30758201
32372103
83030341
57590845
54633126
1397142
4131118
9568835
15099751
73797681
32614589
4175914
35010353
35822458
6575025
13013613
18467187
29606032
90835383
23129531
33364828
71422833
53792914
12706148
83312598
16979400
10270861
71395940
77958880
7532706
62600728
77264619
67967717
9605945
63276894
63276895
60930968
82067137
55317362
20722470
92137881
6310122
7231220
688732
82415925
17382730
55007489
11050808
23407395
93306842
52011086
10119673
48081324
12651484
68528599
77851373
59106220
25279303
15788652
72070242
53461012
24326486
30030572
47191471
20403289
33183143
49893158
49724395
20802421
63194163
57505839
52171099
70148490
75279267
35830896
7798657
42708063
46485949
3640735
387184
38133437
28805792
64112337
76364951
67106490
28422578
16544761
44626417
34248780
28592523
25736784
44934113
48640409
83632158
61464512
45116160
22939065
37116490
38219875
5814678
19258521
74137763
58241359
40170880
8368297
91552775
19087830
70691588
33209786
88704019
77957982
85396390
2344868
3199333
41127333
83883127
58787449
79896736
33843469
36419293
35197754
44406334
51855814
11070082
58448845
18250886
8652078
93417124
17897919
3881730
54404214
83852577
27051079
59423709
5695324
90363072
71615634
34809487
