11612010
1003725
3070343
47505528
66775754
35256364
40288189
55649255
9121762
31861524
38300674
40410059
50974290
25627415
19219398
47813448
36972079
36999689
45143972
84894192
32591893
70732520
91526356
2633162
37573388
90284339
21608758
37228941
75615143
28567455
51185273
85490923
47310021
70540979
11409474
50997105
20696331
10539210
77126867
40188639
31014298
93657417
37878805
57779471
53751445
591982
1080387
54798100
59426764
21223517
11997194
3768972
3754742
29258088
68386225
39108280
1060795
37190520
90339774
59318147
40019872
67078631
5122472
64873197
5886398
13982858
53534756
51322815
20685764
64936942
74158755
41133586
20487233
42407849
39955032
3751503
61268034
54761248
16613465
78462904
27836478
66588342
60260597
31235613
28750711
82741640
23950035
44660980
23847665
94069100
74040618
92873818
4213606
58317450
58317452
25527229
86432938
90016591
39544673
36999386
11502758
17534664
41021336
42122068
90128358
19197687
86895100
48756590
87140691
93225432
