75138188
63888073
26996506
61633298
12001856
31719258
41872344
18914810
5946598
21749803
378495
72136695
34270178
49178990
50588103
5194767
49459373
32031162
23443738
55604733
28965522
21868646
72411029
2218037
65592138
62841931
66045412
81581909
89801796
18193691
24826234
11328129
30002127
38261956
11768809
70996548
20458334
92388244
62952495
401346
83255837
23763384
3625311
26813799
32864619
68489317
51829097
11273939
9310445
16817260
15878770
7269735
4460843
34790641
20208798
83486176
62129448
1679113
7946981
12478048
27711984
6547322
29731254
89268463
90917940
90881506
83263636
80019729
25276193
46715090
3457813
36642006
57017255
64991099
64752234
68198129
63825722
2286558
26976981
45617025
30860501
74646229
19645354
60773733
93932607
2776207
93187143
31687815
92554824
59285594
6231052
78720500
70480510
51517873
75929397
53156360
3413508
21194029
88400458
83832296
69431971
462811
92775893
77462532
79579291
64164412
79947329
64910080
50678802
41609653
28823371
39495170
82650342
32817963
73624656
59807447
52816523
72814710
23315555
49495319
59892709
84163960
64870854
26200870
57366948
28300060
81977976
17456955
84778114
29425367
79166069
19336877
63269624
89106821
94115317
39914498
77557124
30992191
64295368
71308882
46511255
86076010
47759982
18216352
27888702
78833856
41664055
45939209
15573602
14163639
82230187
43438619
8148905
93372419
72035393
53421509
75469583
38990896
78127449
33533267
42039560
28832950
9021699
48693227
36603581
72564329
73525554
77227838
64812551
68737013
8179908
917062
84691563
63898012
23808798
39004721
91904347
28439452
31376096
51317653
8821140
68891014
21829805
9846369
20004314
65007817
72833926
57943749
77278905
27326543
27849641
7638356
3911020
75418567
57859713
75950300
30395677
87194826
37030558
22094727
7126625
67692174
2727083
56968859
118229
61625439
19877501
21039155
37460115
16537228
45650658
9604059
58664501
94283031
39550824
64720008
76451970
15500354
79122934
77149828
56913594
33474774
54101736
33850108
16937856
78197287
20730977
37013726
6222427
45015950
36229756
28275788
77830211
59858297
45259929
36639248
38762707
76005657
56397818
56611017
26240572
54874308
74725984
30788102
8824656
86295202
25993216
45125782
77272136
25469322
46135979
85224590
71089890
9616665
61994830
34158830
38329377
55874463
47366120
48371087
38393094
11374804
12653928
55647097
12443903
87760836
81457594
93340258
81296252
85142416
36097628
86633698
82296572
10023370
86504099
94029694
51668456
87234151
26464506
37196684
68478443
90400162
2698172
11300799
48142966
5122511
14626355
64177100
89218544
2994165
6417388
90883712
87580724
20888150
76385023
14819099
84587696
30567421
21294450
2581500
65238582
16385277
12637922
65346949
56087680
59589602
39553335
44211957
7708206
41656219
82793074
73260215
22438421
55559902
27422131
20435366
13800229
46137582
3907463
30355001
23924417
51680188
48393916
3706934
44416818
9318058
40914812
43269171
69398527
47068580
80618921
67456512
85822370
30407002
30370736
45840818
55524372
85458591
26696932
22648990
60181374
89529005
29333338
71616627
79525392
27760956
64831425
70398163
34507690
72745801
36003805
57399805
91406161
10178005
3656831
22357077
93488099
16701927
93295905
68627776
28762387
83383113
44280303
72816645
68101559
73333110
84528256
47722981
82142420
28432280
31643415
93599869
85595619
4834207
44417051
47846107
86601079
55077434
26206647
1225830
3426721
1678137
19206552
3691065
63737597
1858023
35594238
53344184
40581997
21313537
35672364
65461529
26737070
24070781
76879282
42236505
78241310
77468436
56584067
7019344
64693665
57888322
46647247
6856582
15924193
52387986
90805036
85225534
55752869
40036079
46761664
72972584
3484996
32996238
92530390
79864844
25225403
5331365
72210790
81799655
78381116
22089830
55826852
52097301
1267694
8300537
93620772
10359201
77366952
22281673
80330470
9710964
78795812
46252993
6298769
64635658
42651702
80051065
4518614
49275161
83523819
45477115
15572426
21099373
18036513
22876939
61782964
680815
46506835
34601645
33265755
19317243
15486591
51703660
93167327
88582435
4279036
68698489
75936755
26795642
55444774
20358832
29081675
34932641
8409649
44232122
54859142
8443091
5260420
60445550
87256637
56811635
1355900
42622337
47501132
41296463
89589051
89589053
49333334
87633927
23758642
36883370
79777900
67452292
58423949
19182480
65284360
48553375
40826332
7714571
94213282
66357854
10958154
28101307
7021566
32118957
75226124
67456141
2783291
52382948
19251831
29397638
38206636
7969242
93881990
39323784
82673485
6246923
24571864
6226985
36716063
30867240
21298655
42942876
88062766
26507400
55142328
34289614
49232215
46431307
38166930
37490417
4110169
40449872
59776525
36958814
69230824
41088728
19550229
89936995
3828833
69359028
32892769
84840812
58511024
22752506
92401606
88800853
22509615
58681145
29784242
6749179
7466298
61633307
70974384
2669202
60907666
31921151
36580910
9406416
53928144
8999762
53842227
43224790
11059607
62069280
88167360
85953676
57170266
88851056
75454440
63788511
92946838
17989850
6441272
66340359
25751652
72405934
53675627
85637981
8298807
76964179
43575761
10024906
17011695
28059688
15006546
88250259
60208606
63186934
17402998
35952477
81246286
53135080
53268053
4444311
47384299
40938348
51304463
81250083
5818889
23112292
12266143
41035705
14798857
20362751
37880929
20027779
57556286
55945351
7104528
39658488
4683549
76028482
86718229
9367576
67459095
72714227
20577817
19866413
50095490
72453601
83888526
54508810
48385013
59298114
88681842
36006693
49972357
34974507
34974508
13758178
30980619
21788869
39671310
33722360
84052929
30701918
49606359
17488129
94671105
982723
73261546
14215037
40224610
90651272
65010401
10891759
3691070
50239970
73081203
49115638
86815987
50295525
55104340
72736410
62919460
14871761
63145541
34735678
2984663
81510513
65193953
52462505
12744346
21354578
61542823
39774132
74071817
40351850
24853163
49492616
46105572
16287847
25290262
66455558
70236500
3468329
18335326
39602029
4241023
90474501
24962306
60916731
94509855
62490150
68271609
41463052
36983428
5527766
29078757
55181741
1405180
31184070
94644236
37619718
64125848
94541878
18944514
74567613
79493078
69703444
28656259
64416808
79449515
54204193
24917423
73034698
60038068
37492785
34126791
5366376
92534445
52457097
80039805
32641706
636991
43489752
29054738
12510122
35367923
67204803
48586973
79964415
35424782
71860264
31454817
55691124
26407036
82286136
74158448
43082718
6212612
74598781
73693334
45962088
13844871
39559173
74027337
24117548
94667376
42284300
32927670
49359017
9210652
20282282
52822179
60403616
57800964
34865431
89630536
29509265
25070293
7898764
64093664
23171927
60860311
62721194
18015081
4952165
58620883
87897628
30536260
53798870
42657681
63555750
84673931
11381821
6722092
51345199
65787597
77771643
77003934
46517014
89795505
30906219
70304149
16923155
12266737
22981044
11251994
15447303
22062106
64568438
80219660
23071696
10207309
78146511
82149118
10907801
82501348
25456315
34262831
83364532
49990504
76385131
59828023
28748175
68300754
93262641
5602926
36389205
93910407
73057875
12486349
87202512
75622698
32330468
89730466
39379408
68699258
62521240
38235633
73631846
6360774
6409744
49385656
91675658
46161967
28801637
62274387
31313496
81867757
46395729
79680049
57327311
51226146
80201670
41066210
57616321
91840387
37079658
53080867
91706820
7638353
43243205
36251297
71642201
81783586
77394989
13432086
4715668
25369760
80758976
58831980
65953640
84762051
46828439
89292891
53183410
17793117
49546828
87428810
61177294
32399130
69264417
40568202
29790789
83021736
25465502
85095303
52912201
85947574
55199093
66692693
33397196
54050407
56181595
3647196
44403287
81780127
8021009
25937871
19797120
88200279
18727501
70388205
15720805
22547029
36579581
17187887
14146002
91948512
72968144
15918616
53910932
26442270
2408281
3822771
87067992
2506956
94499241
53830266
74139453
43952490
59930581
58920880
52675152
75168930
94494800
78324597
116743
65777024
38639782
24699084
93570777
46317148
50750505
29543446
41666809
42945216
58317183
82786849
27788838
7368439
34029511
89463927
83741654
23401045
32317089
69299347
12720563
69932254
13320916
22490001
31594796
31618014
91815032
88515182
87109747
48503140
27745260
32969273
72825496
38283972
63951006
48962304
68413727
82557119
9537136
46180165
30518951
30971327
86227351
56665900
5218729
86717587
34381854
75621819
55409480
19436893
5476233
33791178
56497099
58337411
21187747
66113745
40398310
79588713
88617227
43118231
16974463
22542375
94081004
42704556
48573400
65160073
1641302
19248693
39767828
31608858
76139745
53902528
51724704
16269522
74991364
45256785
69654599
8563830
38079790
12458313
89788231
8900223
524528
22999695
79962077
63336856
47910954
48224329
13830485
57107144
39278989
60115108
1000826
83647933
18694351
17711930
65165551
26672469
72968926
65451935
41314432
29307928
7384528
34787156
83391945
92431610
40962371
15733709
80705956
17703184
74388346
50980653
40121797
22245442
94394097
19513524
44916191
31842256
60936132
26420630
13093048
13919123
33254241
32506366
58924687
30078673
90112552
21829808
22558405
21969406
47643523
65439816
87891232
49368484
82222471
43461115
88607788
84316188
12825954
78491608
70872222
388027
612140
63011401
54903433
11360028
49882302
36595922
75673778
8246763
23615576
12268478
38981248
17658036
73735935
76515979
9484129
9913170
20319900
30207864
9151832
82273780
40974331
55610784
63810664
65664243
65664244
65712498
23904625
87159017
89802025
85044735
64453286
3275437
91890112
26568089
13109400
92591051
19053144
38417439
5540942
93223992
7107803
17107058
41178833
9583558
17101582
69601330
19323688
6495771
92782659
36499162
42206084
86419913
35577729
90033323
70222413
58547881
84841417
8452945
91453992
2735506
39326367
42201816
41665014
38523410
48918527
73357392
69995371
10912055
75668282
66665871
39245570
42531192
29450158
81157651
78517517
70577411
63341136
9953207
83464262
67628227
21255766
83571532
5772459
2557286
90909361
45612020
71887017
13336627
51313465
16372186
8172143
49727632
79197698
84722239
58192198
24544140
90932116
29078946
47789501
14928344
34893928
29666316
9539580
91092685
56415086
30206840
25519676
86794714
54121274
22256677
15687119
37370675
41538478
40831765
29377897
56033304
20555105
53758648
56874693
5048603
56767306
41679005
20219291
28546101
5715205
57130774
59062717
93106256
62730254
66789021
22029096
56856341
47779292
67556807
64171643
89353139
31494016
69072553
76751155
61026958
64773922
2022863
365141
33060084
30209945
17454938
85809339
70780334
10124126
87492028
25273141
8963605
70250078
70507890
16253928
58647499
25155093
56160024
53680821
35281816
84789738
16646026
29179316
65660145
82819329
43464900
79951918
4427525
13980168
84781983
34400361
36066421
21932922
92756763
74178923
79770792
56871773
64808430
47484913
74110094
69175949
74098282
58429318
86481469
91805945
32275411
85241721
59141367
3416749
42378138
84713967
41048412
59839042
44019516
82295586
24154904
94034108
63717515
32553391
31120057
70793564
58417498
88013780
65874814
81021298
53585341
3402723
57037709
33730688
49750511
71378441
6074461
75701757
79837046
48992191
19674985
20391611
46087485
15246092
74409263
49877317
22408579
6726625
8573249
85299405
64183849
14422496
91554070
71023095
52622992
77584163
90545857
55174919
39348376
38037236
34511979
56926696
58925706
66466655
73909623
56705472
71493995
71013277
50408443
64851306
79284925
11056045
28728117
89806736
81720528
43455304
23668350
57477536
60720771
1595373
81459609
73597265
75638377
57808556
24048804
51549035
25239717
3829686
37734890
55000335
1000942
18980428
89807660
85326730
26643973
26694597
73599769
9465105
49082374
43819242
15208072
79182000
83060088
92162381
45722353
13213775
44813029
37007784
79000123
69035573
17157447
77294945
65559039
28212513
60877396
84210283
6653949
32154574
25477062
31704115
15318049
20837910
22921040
14796547
52742704
65098002
50003830
80961577
44390898
62145514
28301250
62189051
622545
44067983
25306750
64968174
44352357
80168224
9782352
59024044
1959000
77297400
17700907
28343042
29162818
24871775
81783386
58018777
82965950
93535183
79717736
79723459
89498574
13559869
42866497
49240609
65768788
79607643
12111839
88896376
87463300
21389190
50326443
25565338
62853479
17638608
28659086
60114771
657332
36753161
1130799
1740891
56874651
51526550
21391507
6352735
13399615
80728285
429782
55358774
51097180
21405349
1250551
31108863
92312610
13876135
86453829
15209239
14479041
70795580
20129372
68435491
12993949
84383235
35477895
1982585
74093209
48857139
79836626
80796846
17220098
50731095
42486750
30358719
15262635
51614162
4118572
91271583
49880548
79311352
23119040
41216697
9513703
91583986
33683628
50980210
76086402
28533727
17617884
73872114
50751024
57920800
42148276
43727601
86962206
47924478
15529220
42905530
52342359
42537259
17466805
21168640
75301620
14298495
7602545
58578854
39862427
56889685
16201450
43371026
40328526
80660331
8607902
12672800
51012807
16952689
37214857
53091566
73977253
251242
29246738
12539896
41567133
75765739
63810065
11758648
84317335
81823487
18096601
67884666
27444915
88346054
35190564
28321099
19438814
3006533
93117553
29471801
42691340
81064295
72030436
69262945
94086955
78057549
72043433
33833071
19134887
3636678
9514390
3562298
83929382
47271560
78319019
86302605
16716780
28438044
83935603
81583971
61888724
30683107
61579467
14704970
29439875
31546513
81234045
58222005
78199863
72098990
85885686
63260167
39328519
27296767
56181948
11715703
68202409
22660196
75036106
39947538
85054205
22513258
1150972
27259577
14275835
85992452
89320237
23674223
15263042
20553859
1424327
15079999
44351354
93743188
24648668
81021859
37298344
16887464
47722439
38036227
52096888
64169798
38450382
1493740
7578812
90050633
44877198
9731362
73591008
38295089
21220905
50730075
9326701
76412726
66291170
2859537
23968716
50519025
3066517
8031944
20306961
77428907
30650835
2885797
1366934
21146704
34595111
84370908
17449975
12839113
57924636
35213856
16111289
10228946
17847893
67319180
70832359
12120351
41344681
43425906
80353867
84552013
91130722
6121348
36049945
63368884
48266099
89503365
64229590
25352659
43852515
45789828
85650196
70293481
79705464
22676236
61995022
82548013
78562540
16512727
14074473
11864026
86858251
78637121
50867425
34389624
33049605
84625723
57630502
50807470
53380504
3201618
74749945
87560721
55435780
27613842
92356118
60684954
15629623
25666541
1143573
72639675
66689684
32101138
89500164
39280620
23434777
71182880
86060719
36381929
51776581
88683455
76239834
78249681
43953453
70539613
80240521
10715436
41170939
73739589
45318941
49990391
23031983
75420781
44155779
70070175
5035551
59451240
78441622
29765371
81886184
61113735
44593599
40610194
75023204
73855538
36778926
46421351
38503647
43819027
8011617
94502160
39578887
50122812
184770
42735534
69092703
52448529
5318389
10842286
68964980
75645296
67186035
88592597
64811666
38077386
60757683
4021689
16738842
58332528
56809044
45896610
2161166
93045550
52282276
32085290
71522603
92744475
66074560
71421951
85679878
70604355
26960784
82819193
83455496
52389371
40160051
4718853
91817959
70747944
49150369
1231539
35383369
58227140
58226708
73425141
62920313
27927871
76579765
2230433
53942415
75275049
72003150
10123801
1931122
64652938
17309688
41640631
85149206
84378280
12449695
79630977
74152042
3108963
7151603
93449785
48981307
76512691
29014692
57142012
22997264
59757306
32388257
34410624
53338242
33887761
56627277
56922489
52769346
44834274
43534555
5393603
87689879
17530796
16733752
72236504
42469757
53338477
21173784
71222113
65385679
17443468
76086292
42708302
68192911
36228820
64098177
4836268
8881168
81012054
17664066
47150331
80164622
22995326
16515310
19580042
69020770
46617155
62800339
63821707
82855385
62844644
89110227
57244332
92598794
37953850
3376298
47006999
53653398
21171536
24786538
84874777
88202938
39737371
4702031
75982155
43598605
41639637
42962832
40437910
67119160
17477596
56657148
38770985
59685942
57944439
83027014
92660002
21961357
38747308
706936
60065071
36232845
66084904
55217471
67152411
18213509
18263105
34976271
37577958
26365988
60959499
5616642
70009981
81825005
35631987
26303259
18012321
53378056
