47008279
35366135
67290569
9824752
32651654
78504657
30194861
2867880
34363628
62985498
90183937
12779910
78441608
45566562
80843634
3553107
83980080
52401111
38207316
26521677
63460668
80707844
29042291
4527864
82072375
21404458
37511436
14207307
67800441
9924376
3464797
79365047
76453136
67156921
86182130
85522577
36467401
48348742
66971867
9720390
74121354
13815187
19516603
89923670
87271337
68366316
77627109
15562240
91527502
44887381
84029708
61102088
35238666
78701616
77343728
79737459
4386519
77133121
83687496
7185548
10853564
16421677
90550447
17214892
49404404
23003912
87846130
14651467
2925006
6812698
42659040
37897248
90548210
58235858
36723127
33037171
90548177
58733565
58015818
69084510
10577861
63280342
17914740
24600216
44700475
57804407
44055988
5492036
34618250
77621576
82039001
77361245
32100063
62479993
51528746
43534341
20187049
19859912
5895466
39930811
9170152
85813808
32840043
87232490
43413775
90780243
74018430
38410809
48512068
70232990
433734
16330846
7111545
3509132
40880123
81852449
43594733
92705458
67483910
82208866
48636104
61506161
7546453
65242395
25979102
10201024
57381689
16746650
85801575
57070445
61180055
37628474
38034653
53284798
73923265
12156041
29187315
52950116
10642570
21640714
93194917
63954665
24408687
86947198
44168122
19794987
26747110
52178081
7920362
93102049
21099092
8605104
60070020
33443595
371705
56970544
42457241
25047138
29534903
28501691
6703888
77925961
34100239
22910297
10924120
9746704
60170329
9920025
91634305
29886889
18411768
92274399
17229634
65849115
64101385
75807047
9279993
56963664
40044511
32594108
1308654
88490785
32614020
87047633
10140732
14509827
82824884
50113229
55573826
94005043
91161702
82992398
47518421
75258810
60980660
20102594
81686685
72088073
57367835
44125477
91680604
46793859
469235
46328189
44665881
38487772
60206012
20291602
41662022
66982707
19944987
91477420
79831949
60854245
1469947
60936802
74183017
41556180
76104051
41602556
60760009
19824767
76966818
78855521
76004485
12529444
20552516
29111135
90152442
50480895
90137083
6236938
83473808
45976729
70804020
15827246
657548
4062987
85424976
26117512
57655163
10102746
49750370
43106867
26409797
20094687
65242738
89212365
76607416
55955361
94084111
42827419
87437954
14849600
28826882
54893186
14232213
93470782
1061596
78643113
54963741
24808044
19787923
13865934
91227834
26165592
26296236
90651881
77696781
90168216
33758936
37701167
90888117
50759399
74336614
24271804
64074220
44382652
20066767
39888350
15691753
83394644
15411804
60997706
3422260
60980327
85587228
71572826
59497215
34442100
78191424
85200481
76907126
56790766
20486127
91335867
94194820
25623460
8866737
31548814
89217788
32031580
51357747
73064499
76721746
87427246
70957808
1993131
25821767
19325609
4099435
65564090
44271916
31011642
48959063
26761158
81133982
74075424
67144551
75036603
82236980
26121857
37679983
6802815
29481815
82090311
75181632
3272828
14403716
35691176
67235852
68622991
88220252
85353046
12215747
26182643
50631142
8532121
13974788
76290503
86222143
61980116
32161271
12985312
41713655
8738954
69150708
22948450
22307356
60674729
88651413
75064290
127797
83026421
55747893
9405270
72728214
9920859
86372587
41619019
29954186
62832955
59010292
65713484
76558401
81223396
55679439
79629330
84136902
24390318
37245993
77470800
63873039
43089417
18071347
52693469
39128740
7469689
40750869
55761456
86677759
69690830
54872743
77295002
30359271
15774068
52924238
59039254
8014046
83891713
14250565
91089571
23959163
74865066
89516748
21625344
10292991
56157343
29191069
13882043
66954687
48605679
66426114
59650343
57244649
2595755
82106601
17734231
1519086
69577838
44776689
67631491
8389694
93519748
13340808
51998053
74447437
16620388
81058956
13698496
57134357
84306151
19268241
132326
88990046
46318800
13473742
48229526
907239
38905838
88346660
51584628
13743254
68847738
69576793
65795932
10721937
73964141
18035594
2692738
22248713
66876717
27848087
79831874
76810553
30478197
10051768
8477589
8940616
21968647
10254760
26683958
5216677
31179850
47367544
80278071
65803615
89152438
63976519
80785282
2379390
91200712
74290746
16001321
89072767
23546530
14161772
62295820
79636899
84446839
1813496
88792914
41070797
7413027
56183125
23375666
92801976
49872925
19855744
72179817
14202175
18243870
6583699
8609694
44253921
72680231
26563650
48273083
91356767
44104421
10903198
36326085
10328000
50296787
1949133
81223958
62345246
70972638
75889719
24524940
37893140
89314852
87945516
2590635
55104495
25416686
70720705
33623360
79497190
49731949
34992331
83083737
5787058
37000272
44690219
81895387
8386205
87140856
92571316
89064883
20828926
37920396
89940597
43665225
67663793
41492044
21343497
56903653
90705352
7771343
54242776
8670146
50214970
80999966
45764402
58782757
22654138
53756830
75814435
32370324
47074856
83724902
83982468
72360953
43807680
31860385
79984712
34555931
94024432
89414012
86677219
74798979
27426637
68881963
6998279
4985774
21950085
31263092
15250024
26931190
41875235
92700304
52886659
10515158
52884453
53983624
36591968
85357513
81917906
81120355
51201666
39885742
20716032
77212112
72406513
74142809
84069023
2338425
82584665
76229566
33767642
39948568
27004134
30762406
91979161
39069717
20667015
5910095
18392791
91507430
83110552
15774064
42951051
14951831
57100922
71529144
93743128
41035790
16808615
50615950
72712266
17169026
8386204
39700853
8453292
31480493
59344510
43686574
67639170
3202958
6808375
50223103
19022554
83851283
51649711
11688489
39570229
19380644
82555403
15123958
15223617
8422811
21866609
94319078
66732610
13890384
19590275
13902778
14729154
94031384
92287366
25664160
76721793
49480271
64189909
21904485
29810222
34766938
40619249
47217937
37215424
11903340
2700865
45686690
41961476
2477164
42005532
61516094
19775399
43046146
70394141
75354429
48290464
3396806
13160347
25938003
69014506
38595469
87679225
68788437
71887558
61543429
34142339
86338654
25110081
22537443
67721729
24501751
10330030
56819668
26734648
12864743
71810576
93849771
86879197
91020029
25335810
93333252
66777988
43377291
32520895
44054909
34401184
82181066
84053200
12036938
21263902
29158201
37397128
85972525
89502086
71224168
44526300
46249109
50076675
