9663394
9040131
35818874
3214001
71222208
60387258
68140394
3771697
10997654
82497708
67341882
56388691
6062228
16492411
19289957
41030190
43331390
39704907
48941782
86185504
29076903
67929812
9953930
63180058
51947457
65621837
21559828
35144890
72668669
11778355
42355304
23648719
27199508
76338329
90588100
42160341
51837476
33883140
78354193
78785161
26230788
24921822
74501342
19138036
52183412
48392441
50400279
20869974
92666355
51101318
2632058
90420691
34968313
14368199
8193376
49120435
74173806
62921625
26132382
23728490
32709280
79268065
