92239108
77725777
58991074
42313356
79352435
84389998
27475138
22307963
55176345
41967315
13784553
35059747
79981940
62639769
31037161
84182278
40462464
19469471
87648900
17382117
85813688
90713471
94540595
64131778
9098695
79431020
13444969
37268662
62144689
86016391
31501978
41285299
20138280
59109504
30117044
24463920
68212060
38494737
93016275
58305626
73345529
85976937
49101950
53546944
73709779
74522551
48850736
56675742
30144867
4921729
52935558
47660681
50693757
51761435
685308
17780601
65292715
15334256
18989907
51887846
568406
91484603
90308993
35980572
28279144
70697953
36968491
57502208
76248837
52990174
37170429
13631568
24591687
11118387
35220378
16761663
1035039
13667652
18508207
54861091
45505480
51132373
83303037
55783683
76586537
78522501
68247509
83866300
76583003
44136451
81449190
79483314
49702479
27002605
58341847
57001379
60418962
43520984
44904143
25297388
55908667
16732664
50350476
6875453
76972858
27748742
10482319
80273525
23909863
87946002
4631984
52985175
83539481
6285311
81795876
59973423
32725303
31505258
36777276
67150058
33700807
28240551
89606939
8526002
58626313
33211720
47446470
9899877
30845597
16315227
53396722
56702156
30319180
59423512
57832002
28232236
81074772
2027818
76817441
47089040
24271535
9088062
4629463
5503485
4266242
39768050
59050196
25222712
51236381
41126731
51350027
78418655
19648986
15157302
36415368
5389642
45517929
72173540
82949642
83660125
75260654
75581059
34378106
19944260
41151463
13566493
20460062
22106370
29419600
68325179
57845634
40662055
51266600
33323431
17611417
78871101
38583271
76403510
53912755
30896031
75101638
39459895
25468145
24901480
61231704
7908514
53934342
21449914
88090516
10097307
61153395
37026589
44459174
8655366
21890339
34300160
49139565
8098760
69927951
28512203
82637996
85328174
50451101
65654687
20217987
41778032
68217302
85200422
44199188
52079012
55648023
18350257
88706639
39466001
8320945
42921403
83023252
86084301
44891672
19632109
16979528
12396961
