28492594
56110442
18685621
68607236
43392435
73067911
9644109
18175722
4472828
90744994
34741760
70063059
65901499
44471666
70047931
27781667
41130164
30814479
67403688
44752847
21356426
37551452
62405357
41078461
55220516
70734799
18040845
35146916
3631025
64869878
67075078
57197627
46171931
24677088
84311242
87954436
30693127
55243415
3501637
10683383
86724581
75921620
62262727
14634519
81212707
80977804
80520376
24612151
62447666
5383709
81088014
24862940
39853736
10026403
47218804
82283234
75377422
80379983
15670729
85833651
3244512
41580546
87746866
10236048
79817431
19960596
78916748
42579498
77678234
3283896
47495224
74054205
21206473
22984125
40894153
40438741
59109730
35008050
48855880
13455505
80225892
29859497
2302271
31471980
90210653
73989330
84001039
6274135
53477150
44456542
52727739
33123777
86483970
82197236
14429036
73091371
45369747
36272044
88529049
25467022
89178194
77107691
27849186
11967181
64536946
3249800
9871393
19063378
16056380
53977246
22677149
30217473
45579381
64873170
68217707
38634343
93090435
16355677
69557096
81492755
23266744
40631915
16319346
84080650
26135111
68766265
53585622
86374253
61932748
16328185
82083420
1697661
87492874
2385598
92841610
10321680
28853638
949151
9946503
44830658
82689784
29034366
61151241
33238779
18056773
57283777
33220829
70296859
34366419
24118984
20212834
25605988
37366911
92541749
82586401
56268057
30575013
73619325
38697256
40206409
7536799
6135872
519342
15091621
80404151
4054664
28712320
61202264
11288157
5182639
66431160
18055416
92364364
45116121
78713306
90622487
9971381
20252869
67192023
45447717
25511665
73381726
12677768
12252387
87413396
82931595
70357979
676288
30604006
40287175
73229402
9119737
37780061
8739085
35100646
66159415
354646
17333221
24452979
30510203
81782469
37407089
23507286
37758295
31509763
80625325
10094134
35221781
13810660
48737132
53630797
92501597
68016913
28852559
88986572
40964072
16970193
20425749
50323198
43155854
87275415
160458
28923459
50604484
52465942
15775380
84266243
72917363
83240637
39994611
87430671
29623261
65597359
17498952
20049182
32514192
29492914
29978818
86555132
91966571
50365290
20719528
30839483
77000008
925382
62076953
21218218
84404490
22273501
62270671
84284573
46988564
38075700
92032795
9873040
61859193
34362256
78032927
56414253
35963014
23858471
25608883
8226885
92791604
38249194
42808630
88108377
45817023
22408109
22520698
86382496
62962509
43440280
25118946
52776615
69612877
36114379
10040691
47779462
80660152
7568409
12765730
65359568
47512350
18664601
79683126
6409557
19864192
14615377
21219845
177617
13912813
27771380
83225530
34216620
197261
77769070
34327614
41441674
35668341
34562644
88651483
13121081
93011283
51812090
63668572
37502975
35668337
69255876
46246768
58084330
57258798
42883864
61459233
10375386
54290158
63045391
47003293
25924255
3031122
56824401
41576579
50728351
73775944
48255135
36897417
30808874
8801508
68718783
87366786
18816887
23470934
71070202
82517289
51862350
26730185
35445450
5690203
83481611
70069674
92966644
82423074
62120342
2518989
22091280
62750981
30196709
70084097
60220672
45912034
83779149
45677700
85735759
59982227
77323264
17221093
9608699
32380996
71092667
25385813
83827603
57577013
87979974
71207601
333585
92333761
69751730
58922365
72732851
54428371
5689293
60821161
93030195
59803367
69312447
25805705
55288572
33097597
20989366
85911335
79602383
79796152
59862472
21913772
10384949
4947165
85231122
32085379
8973891
8717927
43836266
57320780
89497307
5610015
65091701
82247986
12426974
66907835
13953817
35005640
35574252
68623719
79633791
77871380
53153236
56181351
28980401
4773082
65345422
72177376
60940443
56771565
22770432
20522111
30689996
36909791
43646897
88427091
70835507
19846270
63629327
26188617
46286589
56460744
53224270
21068059
92650412
43714800
26486487
25292831
76007236
88975485
82554873
76958611
29045026
79120153
59105967
25914646
47750662
34770140
35827110
37196290
53778518
55737363
77339952
66766636
41877488
53845509
40035280
30461753
27832504
91260142
59743628
55125921
36784986
48059880
71758671
7742131
9901568
44238079
16717079
11367575
1324408
13518758
14001535
83137772
64310148
6152624
25551542
8554418
80876476
34240077
80276915
27934411
4464477
50847201
5511772
48422010
73232236
2276304
3428792
43231251
90517828
53610394
45274483
59234338
78174207
43474284
57470135
32791424
91027891
27640373
316364
72528200
26685538
54870250
80926704
76433733
46562331
59884006
61125836
66251594
86872062
5802242
38785779
49876593
83022601
20092657
55994529
56677413
20768139
42477879
90201749
32882001
39340627
80666689
44910199
36842727
15778445
48409661
30644635
18767481
68291077
17971669
31145248
65224175
37009544
81559556
31147065
72947120
74827629
3399197
43865560
5579877
55659171
19889918
72910336
61160852
1016308
7071118
90873208
59161600
60367648
5052974
17101623
38393131
74668845
92077699
30234173
75024982
83531705
87491932
77170421
11388579
69048904
64236425
42517714
43961634
5267116
34358927
31125105
61109625
58742204
74778245
64341262
88746620
23941026
1528332
16719913
19023564
26364513
86704552
86747239
31018832
24772641
24889901
67649501
17070761
58331818
31346039
23844649
57672321
24413335
61868884
89445823
49113992
20883112
81749671
17879586
74733935
52556025
6227309
76608222
39249738
9962755
89393799
19190554
21407180
80244492
52861327
58624811
17275086
48638219
8568368
19239861
27926046
60765309
84950833
24322636
63003194
27041115
21056463
85343900
35317872
21305821
17135606
82081019
33636924
15993742
90795416
67996087
51695617
12970984
67128419
84420365
91247411
42703483
77922066
91098454
196597
62489628
72685629
63235273
88017233
81220778
41097156
72635724
55868329
48243001
56838805
87831917
78739803
83139650
47086322
22450687
45955619
93071298
60549890
24826463
82071419
2191116
79858994
55435783
46454790
23043219
52078960
73565555
36801955
63094844
57808908
56197620
28823395
22990624
4564239
81709395
92869265
46977410
65459996
45514579
24424778
23711085
66432326
75143499
91095831
44902835
22130114
19807664
74814053
54166886
72538037
81674082
91864556
12216595
53205033
66682781
17618365
66764254
42264234
18274434
2744201
85555184
75367636
27936969
32100127
45279139
36089029
79652716
37119685
22243793
70114338
17975094
82884213
22800734
40265442
8318603
47615475
72121349
55004657
66209234
74060417
9885258
17663087
48794610
33818480
19463299
26119040
7900121
55970088
39593598
43801573
1125691
22377181
68934004
48028365
81328634
68666824
20891083
83191039
34233949
58695795
13153609
1264980
75639985
90798577
67263586
65820719
5653830
50960432
5174536
27615067
67844712
18994677
88789553
41923207
84986599
81405712
1420102
77587486
16260962
10978678
50198902
7063956
42184010
90198126
16160585
53805601
22621465
84692580
75520454
53834784
92666090
13036193
41756180
195283
62209523
84752460
11037557
73852798
19179819
48866361
30988365
6026320
44476811
35442145
84007727
50478874
6823342
40090231
65513601
57282342
24883717
39124996
36298837
35884721
86472934
38970155
5718781
15232141
64100807
5385423
38247609
31040306
78563961
63051873
48340710
88653132
61014322
52620962
60509587
7172297
73167662
1674637
41349038
84651936
92147181
35214774
10911871
26452653
52197867
56175334
2419265
54721732
78012298
28085358
6099874
81549672
15311971
30330657
3199883
62566988
39144608
85273599
76138836
74320967
27183678
32028573
53348616
18771188
29417479
35475570
32310210
51514978
12682193
33500332
10172024
88585465
87144863
39093319
50000641
53657716
8285773
20477246
20619428
54295549
86876152
80812133
12964081
5409205
92567230
51066391
1245282
49846133
1165938
74268024
73568981
83818451
62817513
65153121
39510146
33412559
49356904
64329521
13075778
14934930
2439228
46730927
31486654
77558519
53619201
41668594
18471708
44511536
77372432
89112750
42832142
82707372
2789889
56636517
48030148
31168897
19588681
85952143
30130641
175392
72404426
68178729
85934929
32984850
45322746
80604498
5813396
84091673
69809829
77703539
37942929
12408708
68002057
3396286
48794995
76637861
89464857
67624336
23592123
21139258
24444296
59698413
18132435
19989181
48693649
67550625
81944606
21879797
45301271
36839353
66988101
55841557
11548751
36532260
56934523
86180631
74794198
64842533
54290156
53939704
82020714
53523861
50623714
41391403
78318240
87042638
56978084
1861481
63315098
69967769
70203954
22712711
78358581
62910265
58498935
17601651
70314795
26022375
43818741
42916852
3799454
84630222
79755709
48224411
1123940
26309572
46379909
11547975
17649425
47255710
47061411
35837332
21364336
49521688
49629511
25008318
1922598
84593638
2859724
66250685
9014571
15647476
18969058
70666323
1366709
63692409
10316217
76195484
73767952
8145450
48486500
8472108
81971300
79394169
11175034
87931443
61124207
4827768
39414125
31768751
89424102
82865095
28583976
3178967
68438881
55023654
88428920
75130723
17178531
73860223
45869591
18372186
70068577
89699207
29638881
36394939
73108166
18543995
89633324
9103824
26216437
76662886
29978453
36942950
4560512
31190775
45925278
52629653
17041315
16910498
87432680
71856996
88230481
30493664
81120063
7757495
11090998
48666770
50689798
64034733
42000512
31168851
80395193
14307638
26526669
59370015
77477324
10743127
17430455
38242851
75726892
37757891
72676017
24520156
45199225
27138976
26044175
82801512
22602582
43006316
3971041
83114919
71938404
70793981
12069634
45022812
62133600
36278980
65310208
2062077
83557293
87377474
54222065
16160594
62167426
84712243
3777293
18841780
51509856
91789055
57996539
47117384
60618499
79660910
60643061
21496470
3865319
58294247
59133395
24698867
43593905
86129209
53252842
33210363
25746269
36592967
81645427
90049249
169242
70322629
44832030
9698565
51312762
36506928
6557676
28624020
13985816
8674083
10663272
32454034
4987697
83656023
23429279
16452863
5031140
93025013
45535524
29370773
75452412
24142033
6026649
79972509
74279753
83309028
13844051
58958430
47831429
40235262
68783921
71724365
86485174
56776445
15147523
61138678
34340991
73272712
27569000
39272539
23332076
54208562
79540975
63623950
52853895
39685145
77118624
12695629
32983495
74534136
39361343
88914615
28470230
5711131
86336530
1010137
36548661
35536529
44117515
22380574
86943266
81641553
3572087
86083289
78754668
20909891
29413900
68177177
14234283
81876199
53802981
86922308
9331245
49042488
86011885
87544727
68385633
88378573
20794839
44588130
82757691
86260829
53007510
27361248
46774245
19318296
81833460
26221719
3156831
61303698
74070164
28339831
13059546
45051248
42486762
54172385
5766280
36712893
55206163
65451430
34787398
92848167
32311768
25822677
40861752
79919014
8419492
69382784
25082605
16895887
66448912
27984815
14932843
59365611
44311085
60053300
429642
16651950
12453404
