73785998
8861098
25734604
22921596
17618169
75961698
61617978
69275031
84543348
13229873
32884697
44917023
24863713
9264351
85277420
78968558
77885628
72079722
14305209
51659821
28407683
85269411
20050054
20196057
2332588
19765265
5728432
26323351
39859178
16249285
43843528
53090325
9785128
23480880
25181502
30800083
63395681
9679090
38748582
28604017
38810822
56808702
1440238
41896463
43675526
50356978
24544654
31067196
24333056
2472102
49549367
19738248
86560931
37627398
82818040
93370003
24961066
37563142
54814478
46768584
71062644
62310226
23484176
51022593
29423255
778538
44212859
72679565
28638173
27834758
63535670
25155706
40310686
33691291
11134185
50818955
163138
12365442
12883095
87448492
6555202
26088385
45511103
12253810
68746671
13598735
78490827
27186342
27422021
21132159
56662791
45590518
54255255
85120778
41042070
24527210
56290215
51289540
51571596
53735238
40347033
88266713
41883253
54514738
19084761
9139126
73022266
87617713
77916098
55512332
30174752
70508657
84676742
78761308
35252806
79155966
94397954
12008891
55976735
42389678
20653768
12322666
89824873
61786528
62567814
41626372
71603637
35710827
86145403
28424517
60047936
53483226
93356311
1397732
65272873
70483401
19262981
89226038
24104876
67337720
20429875
31467524
78132457
68813131
37819037
3109172
41706576
83812973
23298892
44841588
27650347
39013725
43967601
83828940
20868767
94582481
26579254
85659554
56844790
7860300
48605707
44156833
74246294
91777670
16177076
35194101
19164004
71795456
11314546
22417064
65952834
69750931
85442471
60826239
15923090
40760909
63019886
51249341
52428701
93395847
5530052
70115893
28391350
3269262
9264352
26296735
1486628
79869625
35058938
777163
43408848
6516446
83019984
43730869
39480662
26938109
63748960
32633227
84362721
88671782
40565489
39432418
31103838
75197453
83266223
5992
55983928
81372069
89582558
5769583
30887146
30405510
46139917
43567369
35837927
7451182
38728620
69698188
13522429
55598015
56707358
72180574
32875258
54487021
76136769
51396900
25670841
32944695
16529700
33725610
16991284
12315600
24125409
39158850
88596026
28228653
93424484
44462733
9444018
68255993
41736318
65750809
21981672
22444137
9918261
27725187
39215013
55596788
49100514
31481352
16365023
54378279
49092904
52875554
52470280
71718658
22313884
74919383
37450651
14241057
88013293
35942797
27048942
37770369
1373371
82437204
42238621
72066878
28776007
293519
81144478
19412121
7710638
16680673
13871897
85239818
44007461
60875133
61682595
90225098
20662131
92944514
61788138
80251122
48239941
33854977
18858511
18718459
48573874
42354842
14778914
50908351
77161863
66013016
44650316
84959860
36371779
17461300
8864660
48017671
27391346
67432125
59821
19988943
17964279
86950437
46320156
71549745
28951461
66232234
47397853
22884676
19022020
5080401
44025278
56154283
89500047
84515464
45926026
9837882
73808229
93739409
14898413
84625711
40535871
27540187
29663289
92421963
8197066
78586666
9737027
54431740
93159536
54821701
21723293
10080669
1256990
66532367
76884933
88265564
65536512
54747845
29528920
87909393
18420940
85125976
66346589
46928785
82585597
73373693
94460115
11549094
47600734
17137842
17616135
38281087
86947407
79316642
51706257
37156834
22450912
73832870
70637762
53860754
35930220
2541584
8883725
64483891
51491690
51810543
41841862
6132024
92141176
36942849
87959788
56869348
69318401
77963497
64021477
77922236
54836103
58863420
53084107
27924939
12827692
46689564
16651104
56610211
86909200
73154947
91044395
21079202
27573364
87425014
14546597
59945640
12945000
9277063
36638953
61443513
44157673
73235200
44906939
85651128
3795655
36219146
28792565
92441073
84457719
86098572
14847078
50581739
24088037
3638170
21135395
11508515
18831243
20025810
89920262
71516070
61465030
54633415
54633417
76090248
70449729
44842658
78529730
44994648
47088411
30279733
29891859
1416648
45542810
52496762
94179520
65436683
21679258
58304219
3291619
1610082
62677564
16487544
8843945
92496870
36895003
81610222
48940223
92776981
27941010
86706799
90884796
49958034
60925615
32127883
90348942
90735597
24706589
81236470
57098442
37762393
23927440
32646434
63534002
92474210
29066528
58867152
85725364
7347815
30824087
32755493
28152814
86471594
46950304
93613866
83172872
52965499
41836850
468542
39539749
30567335
69647235
81015136
33251031
34808937
80064909
78050560
89871615
19951177
87606942
66197929
26425683
16510677
69677434
63392919
39369714
78923570
23373716
86259347
40515733
83895394
3399364
33540642
50197199
39022930
29276122
87380812
9197189
93353268
85328835
33168067
38326000
53342659
93560450
22534630
10856240
78810643
81899482
48401176
15863114
23781486
56348382
70653902
51867141
45411172
61254045
76339548
40694725
70622954
50999236
26293463
47671165
21256626
45953183
41739640
47350918
43760099
63106601
48558806
77502696
48018540
36271978
6042238
29862102
33915295
43906154
32290325
39581498
82837040
24935690
18431194
34696140
57123438
32612977
33044489
56596674
52749008
46212514
39399141
1560365
29245258
58892194
14498365
66213984
80859429
56108034
66304021
44711429
50631617
31031911
61353462
2020296
9544381
65918761
66693397
39157615
9057362
66146841
78311687
15314516
70371202
33580547
22931427
84133100
41115284
77623029
77927432
71971249
46077716
1260281
59549881
79716275
69247061
80715466
30508835
7588674
41449662
44924113
30860141
86161141
70365209
6104589
18315752
80546991
49786161
87623673
71577358
27297490
48754697
61391339
66201905
31619242
37305612
94429671
90133729
20302677
74618029
16319046
81187456
2581847
19135319
4778750
32767176
93846425
30898804
88008797
61771351
62950159
50796531
15139767
8407341
42764296
21984747
42574778
16794574
93095800
72987840
57300417
63902193
84853722
39827645
7165446
53778270
66499618
80002233
36960355
4159518
44583582
1631897
37563193
17326024
89353508
12415013
7593725
85478209
76534662
16466047
81819500
80033086
47514581
74974025
8996087
68382456
41828474
51554641
2982133
31780872
35163461
89883285
41661345
65724061
17585791
39869647
85271661
67262575
9711243
62540137
30527668
4904206
77911092
37028498
48800792
47559568
12832204
83910944
35764267
65034408
2970464
1419380
83779989
20616086
53910742
74690531
34798607
79204801
44204979
20118228
37515665
31604593
80729042
83098835
84277638
45274852
10255946
9475213
19370913
39678559
81592749
62237418
52786787
2038081
57393126
72955202
9973473
28164866
47269957
37642065
59167603
57267848
12198199
1544967
49204391
17017523
24483316
88398705
76740104
93956614
62435073
45132048
30562855
94661878
8843296
37928757
48800673
37571104
25364699
9145696
36681175
85132871
91470794
19439486
59371733
21362267
14581119
77020088
16724550
1400198
5218265
6264495
10847284
23745443
58676321
14891058
67546349
21212486
