20698063
39750568
39750570
31299057
11302839
41422816
4546824
6160097
9110499
8440912
31046257
28913464
73048901
25087979
3926672
46627762
13880516
76396034
14603689
22488109
42576717
13839350
29554071
35148041
40096965
19979394
64133715
26531950
45548092
22904191
10475574
91411570
16044264
2929269
45185747
46896366
74954464
58216034
38248768
77927951
15018842
22103933
83774358
12296088
80033081
3661955
65845003
90219007
41966536
4948579
256076
13055373
10831505
10658154
76856269
10949633
64704819
49104065
89895874
30094881
7261279
90145208
22907323
86691777
82811747
85858196
78086136
45993536
16503846
88078844
26610932
16183779
79696322
82469188
66866483
88130462
89846360
84441591
74831241
87498766
78445679
81898855
7947078
39744279
26766935
91269428
16640903
69958534
12858836
30681470
88154411
33800829
57087420
33810427
75221947
54603777
82211467
87686441
66883986
12523301
7318303
27134867
40833405
65610581
8358610
84533754
16873496
32113992
46896372
8456642
24923284
20377495
53220065
52820078
35206905
74722437
47197879
63151570
26722822
33005453
63214589
12352352
82899263
7472676
56753172
91147744
30866960
58132192
3591089
43777134
1996759
7743155
61165984
37667041
18184623
43837996
63721088
27600697
75771840
12846016
37322332
47009030
7159613
48233744
9471579
26893636
15962929
90723221
68805887
41978792
4551264
39910129
53248453
33100844
48111218
90232991
11464559
51192985
57280651
12086656
11422178
43977394
14363059
26166411
57226101
21437323
80234558
90197899
14818528
85184211
74585275
59387497
53185532
21515152
88155791
92066745
17162149
38208796
13986530
16342594
63663906
52799298
78719896
23273398
66999517
66876576
55286536
39442231
38068893
28180884
48286424
85173462
75481382
65933341
37090536
42252891
88520615
18740809
63147444
40432064
12180402
30096809
20620829
14765205
32651619
21357141
6717433
56954454
86762100
35067220
66170094
44711148
58855438
47592850
56237897
59144605
20664504
10685144
78238313
79731659
48241710
92691974
58615978
9804165
36079590
27494023
89763816
32148109
29840609
11812577
36420366
57380934
74110156
27268525
75593969
53235766
71598670
82967691
46146641
20110116
47411782
23369966
70429875
5793112
5856599
77735506
22624459
12879565
66992422
87560033
72803140
58386422
66141768
39414219
37420805
74777793
49347722
48080477
88484228
38175832
50548461
24911644
34770755
7782317
57897881
39060145
33240913
41154520
51193897
38026576
87738320
74009289
56056974
50172834
91839852
84222327
59983847
62571123
19504072
10736433
81709015
26177844
65807480
29755900
52515402
89874588
18990931
83057498
56649482
58869228
71977680
81149602
56011516
23755897
17352581
32896129
64410448
5769483
82290406
29095503
33800845
23537605
49638656
30732000
53909662
29157282
38191778
13530277
51663176
41118060
1372186
70153005
48223126
72250492
28280340
79524227
12437997
64710454
10903365
89970488
15948388
16132562
54269833
86313429
25515591
50082122
47294728
85824611
90047970
19650183
46952919
57911639
13779849
49576635
19421431
19098147
70786744
69008059
85545036
55018504
1817022
32717292
73347660
22767969
76783664
56836803
