63891597
70655381
14401552
52040457
7881294
21754078
56949819
44979716
933806
57816181
12758452
67500524
39988273
85076814
4839341
18361063
41977774
87589980
46555127
85936179
86617622
8441821
67288342
27459731
24375147
51784997
7534730
37445964
10703854
79059166
74645161
48964601
43675914
15569545
27810686
19479274
15485476
86165716
84422263
68059617
57569228
33414495
69677794
73969644
20348918
42111394
66550728
84020543
45664146
4772511
28023609
23147030
53660986
21496991
50604912
42547888
40094901
25695478
81583441
42507064
7742148
73437831
59053920
23480713
49511671
56590688
70449938
31556155
85043714
38175278
82463011
29421832
55048286
92830667
86775933
18982997
29692358
18353474
84294670
23432695
39421932
1410435
49960985
80713155
15372747
17368892
52338236
44170961
38531124
64890039
35915543
83479802
79547680
15599943
37342596
68417193
85475408
17978772
93199559
59882955
41391357
53716520
25379558
37843038
22700883
26783953
90067496
8379222
56901329
40003726
92677693
34294955
24574780
9793927
85412588
36429618
53726861
61839137
83274574
1094692
4735032
24833681
80658646
4487442
28013427
39809519
53764333
24018145
11280961
53981759
92572804
17192140
7310927
17032655
66147872
75735179
64851758
46542214
63977590
26394601
15106432
90593076
13174272
66499525
82694119
63510549
72059114
79800258
93606862
48590432
84146844
40921093
42223833
41214804
73867375
68407587
94630534
14300385
13681693
92840844
64459591
37545089
47556562
14563265
17664536
30628014
25212103
12775366
74732126
89723419
66364483
86244923
20849228
68927875
58077301
8104899
76496415
63518545
26897645
48741988
86500689
37516143
29683483
2581546
41797669
249942
48112698
50288375
3929687
88323776
75645171
73562542
13248630
67306735
18495548
15744012
63380665
87923969
84577543
42524576
91762308
37810165
83635836
32508563
70659412
4150168
61865447
73294181
75233239
20906174
7853352
29323498
66994551
30579313
90439176
25960
6074570
58365811
50284649
56600372
94608755
40325557
27522830
61850234
17929469
17399035
18504596
50784186
78598257
26954533
62727679
1173310
57916705
6835202
71659339
93797610
84994247
53267871
59457040
11298838
36789361
5539259
64735217
37549496
9995224
66284969
90871648
74816375
74283942
32121211
85709401
72012627
53583819
69555732
65791785
42735528
45226223
38931461
77421898
29149153
45987654
63098924
19153126
3565065
79316815
37472182
64147626
77062198
58837123
13610714
15082219
46648856
43049452
83753763
9376564
78180637
17576482
67413599
21294143
90359649
15350984
30523953
26076653
27819825
35763924
88516822
85629717
45437320
75335826
37581995
17680443
86619880
9470858
64975382
74707830
42018187
67266478
24545925
38953432
51038916
55900403
31724709
54621760
2285358
832405
75890784
72728296
12546304
71064662
77015044
16864808
35319436
66607609
57442717
48203232
42371682
61981756
3304197
79258926
50726583
32651046
53090576
38755454
65105221
70682594
78782959
30789965
38255442
4097455
85140881
43700773
13243114
69564254
58776556
4236866
31673805
64070839
76993546
84799207
89453012
9362929
75333075
39584296
14352967
32329891
79246090
61317398
86862092
36006211
75459983
8048211
53873897
9726142
90216681
1578895
1545721
50383755
27798642
23333752
20734153
18182633
66593277
73577761
87688986
75754519
70975886
77705138
72244459
52705864
1956017
19888004
19983189
47556564
90632925
36087158
22937237
43196184
61051740
78177888
20781422
87544087
46526909
16009762
77383079
7697236
10905021
65927510
3183594
74702928
68147595
44897319
39357317
89266509
36165153
80707719
80768023
72566861
37915720
36445141
66549866
44713588
69507917
91517601
63756480
71850056
24525078
16998935
24489308
88730345
39811319
86696560
54731459
89597853
54254232
86708824
80119429
52908670
14879912
21447707
14880396
57981517
7688499
28320958
53807805
91670779
69399447
84831466
61134808
82142615
5819135
499120
81412389
77281228
50798334
3908853
