34687698
37618377
31032343
60239886
20573795
68391927
37477883
54074728
19962963
29090177
36236742
50433644
3954409
24517171
49585940
57205690
53005147
37729559
45917918
37826322
71763744
86242541
26101913
46224126
60548506
24410165
65386923
76105074
27611208
62508265
78930005
58651249
2354191
176603
71271053
6842246
77867136
22146399
73491899
15910349
64519204
24841100
4196254
1813035
12434761
66633395
52891850
11789687
27811159
21582155
65379109
89114913
20275829
87199833
56684624
13719160
32252730
13195595
21500928
54520723
76793237
53941359
78148309
60840801
88054892
10865868
69409662
7517524
67439512
86977657
7672395
87939087
30943275
21099662
21107147
26843906
19736272
23000948
51300266
16513022
63079567
81860003
47610999
23981885
32704898
65438848
54611410
39789539
89557615
53253809
53780432
6409931
36898
21618370
76067188
36493688
17460943
4139518
67285099
16046742
86172227
69872373
26647326
5931172
87047357
44406316
40314676
39051692
58150641
8246911
73368638
75204788
91902387
90105745
23228598
28629427
24128000
39425215
51677672
39738762
27109450
25758164
35728183
17108406
47706020
8361967
49906492
53308200
12640558
9005493
82220273
80833288
21300833
85946212
10380391
3053162
25369874
88391705
64955372
81686099
43172151
39733732
44419511
64781609
79688168
63500709
87055303
36229223
65730645
17007102
66176972
37672714
87000518
83513897
15771808
1233429
6456829
51366410
38756918
71981185
50793292
24132636
68332211
79092377
11030425
77410599
51487371
73537059
67979745
81195386
31996619
55430864
34542154
50147913
15046485
47054574
24136082
70941264
18871008
76040309
2842523
7802893
64276629
25262369
78280274
24127996
47693944
70948810
69127447
87226988
70762531
65913484
25010397
11287005
2248696
5128328
56321900
52744615
43923333
87004018
6685167
30771568
61238748
82790692
45808030
9122954
42406180
60385859
81906801
6528973
54190515
84218557
10331014
