56453664
84451265
92073914
39700542
23521876
30806760
61558176
9792682
57790498
29050197
46493917
8776407
22862114
90128406
68711762
13568379
36054429
24140274
44602210
18461056
87615870
80252280
80285374
40784342
11864219
30719360
44435627
2432662
22682976
26213994
15382820
50263336
47373295
41387739
7075869
47107816
28885055
49640230
10967350
92893191
78431243
78067823
50489623
62493300
57937504
42950573
24430277
36584978
9881700
71529465
15214358
72288257
30431405
53785793
15941568
61539320
93230489
88005691
22839078
30491171
74269629
35810879
20077786
36314425
93628562
48999087
94654860
53042757
55139158
8116905
86720515
27215659
93939046
68299988
16451326
65204407
58794070
92727930
34512775
50487284
69828065
31804724
54821500
37769857
6730872
54711957
24737311
58075357
79347742
48643467
56934235
70762302
56910072
40156996
60474783
37409430
26264752
1091753
91391669
72085128
88953819
36449566
20675054
46253861
58661114
65153649
12265170
40071666
54705156
80058430
25152102
28640487
73804801
91711477
13102698
31844405
45101251
89493353
9742982
64857819
47809321
56483458
27718988
51007143
64384288
56561329
26040460
31733805
78640734
80475940
12971298
42139598
55359116
79128440
44919147
60108271
83321891
20032557
24092834
32091889
70336369
27764452
14930779
52207631
21994599
36744133
23985491
10257513
85631510
28565021
37331274
59968090
78913604
74731888
38886801
62315412
73327891
47112644
81392510
8198894
4938033
11051971
91230858
80039526
6364306
2323949
49468889
44781211
20384803
33665878
91455103
39504637
34044133
72231720
15975404
36766280
9866681
76033054
67056491
57625322
24385981
4008867
52140736
16634033
46833416
92323722
9220816
61937459
6147108
78580184
59839464
94229883
2850901
26848579
93085716
26823041
43137821
60929625
73079926
33878575
72959897
30931623
10885944
17563
62101538
75080238
18667226
60566327
49435627
71158281
47120630
83080855
91556901
2482434
84940498
32769004
11852215
86268429
81760103
7063056
76897854
83039669
14314170
93665845
35886269
18992780
589315
82363595
75811260
68987903
32759918
39145290
60659346
86682133
37239661
9634364
16436604
32783676
35273205
48931385
92056271
39457304
2420315
51015905
20152973
22370697
5165871
59248882
27661389
62467790
60957826
804347
29452473
86873809
50285773
33293179
79261130
46961696
41066065
65831288
37594211
19466193
18993111
55431841
2537685
34879125
18250854
27953840
39330330
53648120
94012828
68012543
6111498
73102389
46770499
75086400
40376218
49466450
24054876
30001410
47194952
12513620
22522026
87165022
66742221
61650974
71876861
35739068
51691311
7311025
47494850
60103851
22544013
14581126
79434567
3349768
94166715
26109689
93598178
53723894
77176295
48024019
44616710
19363506
39918985
61316088
27712001
28201084
25754281
49899769
7615771
8528156
30367048
53709396
66600123
51243793
87847740
33655597
4124646
40561887
92340194
68300902
5135254
62372344
64201788
16105401
29517000
65572151
59126046
65414963
18838537
34374359
25124846
26567742
7791365
73480959
9328704
13623184
19906833
94076833
44953509
91394294
68015600
44355868
49642019
42670734
81273834
48928247
3379918
6682278
57463318
40775584
6112638
74845422
54257329
74728397
