82525567
47131856
47299605
71018626
76829227
48226636
31207428
35111394
66180118
17395953
62687118
53038960
10163317
74599750
33933282
27363273
79152584
85688467
54442755
31552149
16264254
61536064
85985140
73915471
3435283
3909172
33833063
47636905
46774514
62194203
66432601
85390653
72720251
68266891
85539859
82663584
69177799
85017231
36513034
54395024
62815144
54378619
76829231
5941091
15267340
65536795
12724225
35124875
23874257
20343060
27702756
91566528
53701845
16100996
10399123
7902402
81442587
79271241
257534
11172846
58702094
20622302
34017351
10387474
58697864
73415211
34862769
19748256
47485732
76095863
7347606
18317847
18090294
65323359
9923708
22505797
23749638
17132724
20771206
6636429
20555235
63845764
9474387
28042601
69091703
51055334
34404277
55395289
43675478
19405186
47873587
576655
39519967
69420949
18753735
31676889
5047162
58063806
50766850
1407832
88349030
4882029
45006287
22900898
18557882
42206365
11811340
62789842
10205661
47514378
28018265
37845980
23308161
12429418
40881544
28783372
4890156
65431260
73303846
64452929
22361451
91944644
52000028
47080539
50966557
2532848
61904474
71973591
50519249
5352252
29600597
28475596
57216734
85375249
19809118
4088281
15414377
372972
22366591
80917246
7747745
91657724
40410894
62005156
62273408
4166319
15569694
49674847
78621122
22138959
18117401
18533393
14950637
33295082
50400541
31582584
88597286
49461529
68654096
28517213
5910354
13833642
68273832
72581482
92607144
26739302
24696985
72497608
83698562
84237592
23137815
47776469
24622332
61303506
85503955
23268484
57390021
40628924
65388781
21789640
18523453
59036251
35502468
4546449
32897373
19639945
88936582
55682612
89025047
33962256
27541870
4860572
29054628
27456120
