54327369
55698028
66612453
20971564
32450502
50798449
90379253
81258142
6157684
49126104
86687956
51541637
519931
82273987
74968131
20348230
67777400
52367109
40613049
83155149
40217590
81537681
80329588
64106545
62786564
78180651
31554631
80080180
36954894
2200226
53376562
30383648
83289968
68956105
39034724
43869060
71619079
25179544
36789068
32863631
70725484
79745787
64900763
64674037
58581938
37137214
31396101
35197362
69143354
76877596
7435128
44504040
46263823
26165740
7888865
77366298
4580381
67290278
3761438
18235221
84393022
73893279
67416757
11109446
30418874
14047544
75071831
84498584
50023553
85788032
85480311
18126640
2304670
25971778
66537973
23862187
48184018
71969465
74107114
67470330
13827211
85524669
30508349
37786665
17721038
76669903
18209793
89128393
88339191
43411359
15823676
72575033
44064163
1788994
77244560
91935572
73936504
53895502
77845952
20888726
90608374
89759586
80035441
25287637
89647119
7698950
65704571
92528557
3647707
39191963
28454087
54886709
89624055
30968221
85776915
62371804
57957764
70439456
66495202
79384667
35062552
59741401
49618319
50363997
53270639
85342698
56700491
87468428
82369868
430839
39240158
37756602
86902578
89171299
39802876
90598630
8999552
87338676
82032696
73548581
55454475
33843161
20187059
7210608
91485834
63600399
59590594
1695683
4596496
63165726
56941485
12109440
37431531
23566155
30002635
6406799
52434676
68494601
31320657
16696522
91851394
80910148
69279784
70883470
16803406
3242733
9453299
11241912
89806750
54736690
48775262
77338955
32086262
52453333
28083452
81780568
21232780
1326389
52618501
4358540
21165678
39193541
86019311
3111434
40002257
11106764
29681018
39358779
27934241
86303996
52931008
71111005
6110914
61138778
71560920
76984175
82191772
56483269
36853133
36179571
5117299
75112400
66480260
38594531
91931310
36819502
46789332
3913573
21694617
79234882
19073360
75280782
63903928
45521456
5506722
10489594
20594887
32271579
