37611279
9685705
57985323
57904892
24488440
22659893
60977775
71296172
55614486
67289514
38360667
90373853
45130994
30691394
88920191
81116393
37465084
11197973
63421143
34397903
79931917
22463387
59704845
9070394
86203938
64690861
4361435
12250117
88778931
31676787
81580632
39255939
45048048
27232370
70021379
47967547
39746765
6974610
80010580
87520167
13512291
11010772
81933972
62630505
44485014
3579831
18482451
89847137
14343470
88504837
46401538
16345732
58191812
75646824
92360583
61882183
17594704
38906679
20215266
51934696
35968316
9012945
6989284
57447948
67577763
90102771
42848825
18815223
25647767
21685780
61783668
22929340
55125838
27589236
61249636
62336010
57976862
8152860
25894325
91831832
81696285
16162966
1825202
72691259
79557562
36869049
37404564
52866199
86310308
69035587
91292934
50839270
42356497
60935630
69586737
33564237
75315415
64737393
4474743
69436427
38211457
5096309
26209106
61912963
85496085
85077345
69024388
24880285
23968652
74156762
53541215
33140944
3041915
23171244
72447461
49565409
23070384
86342535
41046364
27863732
37689386
83220373
89424234
25934791
51477882
60819999
92706738
33562505
62976264
64211731
78629613
54874958
24881526
91216488
83598721
2011300
9725179
51634232
12553163
23418048
88488308
33457566
40039807
81825459
15786012
82338008
14947109
15190034
50196864
43073131
40913104
22569031
39857421
39784462
81837112
49580135
52290785
49258360
6786489
91724777
87425289
2001016
7395257
81929963
9255494
75861682
27318709
2643619
27604390
91038806
22828062
53458981
16004178
81641514
23619167
47957000
74888621
51975431
39596043
22590458
33509204
10761144
63712343
77790597
24471523
69273238
52874375
15283222
68295210
82474009
58556085
15408280
20447217
25064502
29207084
83755618
41385483
35878052
10850499
58376217
30144913
53663107
52403562
10723673
17695340
34735901
8549343
171901
41116185
67919515
5613925
37611722
89853013
533064
29568698
56105300
580127
87643360
42350934
24239532
86799877
53445898
78494709
43662761
48540060
49395894
73169203
58803121
76275263
55284184
11920828
15598435
17569414
84626099
81769983
38870929
92027239
87897729
68459532
40202614
74358385
75270959
51213196
71958193
29511438
51030643
66396395
59046948
8147187
15116702
59014740
41533456
19090886
69471591
58279474
87649199
40777347
49762388
50671074
58187474
20269714
3575348
70079673
12749852
62433612
50444563
59713247
41183506
8309953
16837084
12301196
77732965
59752593
84214379
40957040
38426789
61398023
77443560
82809398
7939217
27235967
88487820
82454861
61474082
78876487
35062263
52727503
61499663
44949414
11645927
28132386
85428265
87743932
14966055
69366819
24368472
30106579
8121847
16810553
33576268
69880180
54450779
77506373
11723451
91122237
40319629
61517456
36529886
89774297
22085623
83719050
18131867
5024775
8481059
11008314
28269384
65274372
31666526
84926193
82213469
19022024
55900229
63093196
73503503
71156550
74791108
46188727
87096524
92585787
44915523
10425166
15028000
70939733
5212528
23501589
38345604
2929666
27658185
28376740
82510780
82192187
21301832
55712154
2914236
53844123
72504122
51236089
46370100
52593294
33723834
87479697
27776982
81109969
84675289
91951008
50460897
58308869
33055439
30840214
83356448
57428400
13344589
76567752
61432557
79528350
73980461
14591342
89472698
81677007
42176309
52298811
15690199
24954551
50739481
88330450
74308054
57876250
54023137
87943067
41627385
6657327
67841247
12924843
14797039
5696311
51513493
64898597
25417079
65929266
75838503
39535419
41999906
43897888
88879438
76418629
31425236
4387468
24562401
71989756
1516070
15862221
36051488
17512413
76422876
53049217
28346039
27554423
31849193
46082908
31377447
71189282
53429991
60417920
53820501
22511512
4372074
89373680
10541640
61838380
51148355
54506731
63449683
65842823
46796910
42570494
34306531
66381660
2241673
29225200
21902208
66109215
51379484
49100386
59641339
79413134
22274418
61050891
83680294
69486750
37176042
77216463
41637053
70826465
45394013
13228212
82576214
55247943
41498863
85154208
2800240
37238463
7145904
30982696
51466768
51317517
6454939
80560381
52303404
8257486
85669482
23149171
2090791
72511376
19399058
25183520
79461818
42464431
66134397
77475201
82983366
66699260
27718026
26514202
31265275
39242355
81869536
68449482
25158806
10129196
34237077
4234177
12865826
18283019
83338817
9336762
43965317
36837352
74401989
78514520
10690251
67443624
73768638
20787344
33253455
79262122
61069998
63267417
38964151
30488709
50164858
15097866
61844068
14196858
30533237
75929230
32762390
61008904
92680821
82765355
43441488
27245708
42503948
25072870
38898767
72169462
44862001
27414337
51222573
18094381
73074790
4314574
79541462
3705577
60849646
92004919
51728779
34376942
75285494
10816424
86226412
78519964
33599116
86052393
71620212
29102489
30188840
28323405
34993307
84721270
8167258
77189507
10436029
20761069
90768536
48726385
45166839
80796948
52973450
89949435
37213132
5672079
12504336
44074858
30547400
38936583
21844279
87200792
35728158
72403067
64289699
81987322
48330861
23690841
91823513
69665804
20243746
61809039
16597403
40902720
50739891
81855331
33532741
80925234
17721557
66287777
37213201
61889139
40488778
78932896
22949977
91872256
24663362
91238
69809872
81450475
37224651
25436818
7314185
57289710
78487455
74706163
12950753
50498068
74202479
63608916
29031643
75311674
52937792
63083040
80532087
69765702
1288261
68945590
14175310
59252025
43919187
42152149
2077777
66848164
75788542
86776208
61351928
3465237
20375462
30195511
54632095
9011317
5540989
87701881
84595357
25477075
90939254
37936352
80797004
68473103
56010511
7415736
89281176
31036018
31868381
28623996
17636665
2000727
51980979
72927720
50710854
45996892
92203574
28564727
82399001
85275691
7089724
86711393
55314367
83901729
1658983
54473847
56725172
49145812
17757494
21789329
41891724
29424361
82478904
11292362
52325143
67357163
52943031
51289242
86549049
62272872
63259878
36948981
14491802
30292671
70706922
44402959
32993585
3940786
63871993
64331816
6366886
83877612
22484746
24345611
14381698
76833333
42531031
14731520
18543317
59574650
90376977
1947167
22452279
32876819
22241608
13071863
20416717
15722537
1750504
25047476
2100064
11671966
89094971
41759970
75616980
49802063
19189142
51590865
399939
75229076
22683949
53276622
11835803
38022387
65562630
89421950
10990084
41458343
19969304
74903773
74746834
86824325
29055952
35582508
49097396
50874371
45319231
32273555
41439732
69558039
69146247
92355978
67815255
836546
55359590
55174801
54198027
52387983
14199537
65708685
53514027
22322451
13710730
9917990
53210544
69670768
92776114
36229307
1397312
63584349
35496908
60683791
7372436
54732894
10212037
77231483
53335816
13133126
39562059
29099721
76098826
12766393
22847469
35374813
89251162
45426294
86960785
87364687
72231148
68221316
130358
55640274
24276936
84990278
58716619
47958668
17631430
14645005
9766459
17636562
59046721
684223
75734235
27484355
51737354
74817071
39948062
69127959
42318299
64156915
42763730
68841182
52365438
1859407
35086085
89780227
58166162
59582930
29847354
86565456
64233265
87933893
69701926
34466183
48636060
41154494
12408063
55366799
35639457
81479159
71404624
35108658
70600695
49274878
83646610
68910431
68167712
21450688
50698832
71283881
84921790
44748831
1796871
72306835
80276290
92986869
4576261
57768653
42749365
57947591
19246561
72502479
84699625
51817402
5647914
89096431
29375831
84670818
23891187
52953353
69060988
77239344
48396686
47654292
39825901
77093684
41596306
27824564
37626792
88242716
35089360
80185922
26549011
50257571
9367485
36302558
46197620
84638868
5839144
18301304
43391552
45619370
19855167
49879546
26805143
15144561
63875616
40734461
62047575
62639536
85219697
9443066
67972500
83774390
80789892
26924003
23544008
21864195
63473082
5871817
31941159
61797223
42823242
25536806
54682372
16611956
32587067
23393174
24381179
20332501
34592496
7403051
46661448
43224794
46710990
82503844
1667412
72107786
73613762
4598965
55496713
4239228
50952059
66569666
29377924
25440770
1745407
53099352
23263028
60294226
45906630
10381396
42681836
20838734
16905190
20116610
52822114
43690203
30185331
76083102
24145895
28332380
90343856
46378561
68193072
30153828
28805654
76252375
18219464
87698094
29071290
14283950
19091194
55802426
41592434
55820818
34749993
9209138
15576240
81114828
14324658
49085596
46922030
49809673
8633589
75610137
68436249
46111016
40595283
14569294
84313008
53602780
24068262
21848222
54367947
86881413
42649595
71956504
15564546
29916693
16012895
30292675
42370523
48166658
66732006
19975432
27049113
30138948
79339288
39806571
24239295
16115267
70308052
7817672
51320370
19915828
53863151
75664151
68441085
72417480
6676067
31600050
43919195
13757229
29659817
68531080
92773664
32980233
87217203
50753953
46216200
22059977
12256469
49476563
57711208
18245588
23043214
51531932
60886807
50787057
23543833
36562871
55975209
21789572
69411169
20073851
66775793
68205020
70317023
9194639
39897455
7998789
69610654
28990967
14317830
41201314
69200709
26343805
4232365
46272541
68577684
19891414
75905730
69669764
72258085
45609260
78316079
4249557
22739346
46882563
9413140
