30770353
44152712
27989792
19829173
4832525
50606205
9787916
19028994
74647952
37969339
69467947
26610904
13299310
43355629
26264063
78531244
39695897
89216838
23365510
37143732
45645732
47714696
74530487
43111416
28029915
91482425
51814569
12055291
41028798
35485112
54246491
15013719
67449857
43801976
65113842
25678921
74290597
68772602
84274376
88112693
4139630
76493758
26579099
77855109
14302312
88131591
39555083
58131361
92897837
50437922
9323508
93412830
37761292
88458739
82100133
25709148
18613865
61171032
39837915
89886071
81100415
60169611
41592934
39311160
6739526
17160610
37248243
81451598
16133417
25036014
92358117
12762036
31213422
87013686
77427074
58540835
67696711
33893810
54501514
23794315
4565560
48584396
78006066
252065
67636058
8010640
28493693
15259893
80450006
52042041
34719593
60436000
85214211
9420969
2290117
32106113
39706293
92823299
35546638
69265551
33385457
32421219
31448487
32250577
55569472
43736934
33352764
27029159
37731603
13421852
12090011
54693829
12164819
11046760
19934237
24304846
21691565
65039051
36343815
75618611
82109053
85497267
49247477
87583984
87290994
41995842
55896849
71020763
57434746
69188188
203223
29233703
77395442
11875695
21564660
66895160
75555144
66656008
73864142
9237528
7651839
49687062
36374428
11198472
35823844
63084005
8200514
28413934
44058593
17076506
27809510
16235461
15699711
54256187
37559066
29769279
74387387
64367299
7310508
18891736
75563209
46897898
27469739
90239177
11761390
46225196
7508546
53994669
75477857
83894957
85018677
56356722
30038943
79638974
12326913
88447833
91544262
42828430
88766756
3265672
48271086
20203162
17065681
79581162
49353112
12377015
22103415
28796859
41124160
50932354
31160148
74140641
88042090
4029680
94577444
31098897
72312541
79665028
94202762
55662479
83625232
61457954
61883792
12670165
52756039
30821557
42897228
91630307
74295264
82830026
65218408
9124192
32916996
58300230
36660792
71128034
30278324
16341570
27514511
68038454
41383447
37181595
25831615
38754718
38868900
13555126
50027943
72707237
2903998
36077860
39699114
62493141
69959441
28110559
51446634
24467981
29439059
18242332
17487742
44681672
79729928
69070593
42287250
6835502
69448081
24098894
4277856
17768010
33199600
697445
7201187
921323
85886834
55605516
66452476
53655803
63134543
31066596
33639507
52472268
28594276
26674243
60848943
18726103
5642216
22908725
25201182
44723271
75099624
87156959
38578359
63341366
47293792
66635537
93737367
85672560
67034178
11815482
792282
15604875
64935989
32161355
7904173
4615820
22113
89543439
27187994
11500007
517935
65903
49057612
19109653
44812625
80191259
786394
28144353
73504214
80239936
93270314
51631153
49524199
34536694
65293758
26403191
62865777
34504881
65885976
69426948
3209262
15168077
3790441
8017043
11264215
57592567
7329878
59839300
67253777
9546242
87273563
89788534
40233149
82680904
10387572
5591897
38557744
42599256
57167827
45490423
45696569
63029632
80408314
83997066
88296313
60608138
8810902
24176252
93397605
5058834
20385439
22897855
86714641
55869820
32237573
12074410
14147068
46308809
86554134
18858780
9668779
28797276
79364990
43393570
25578794
80644591
92613483
81291210
73101362
58080987
77762540
30162748
46538200
7318704
66195487
76823601
86342071
52740571
53112125
47110581
88701272
40568844
20545346
89426444
88947304
53518662
82096299
87695455
48596091
53903076
29617742
34583096
7484608
25266905
82081889
7098059
66066333
54829961
93059058
63375145
66256366
4330762
40462961
91689718
27508037
12248549
23695044
78211466
54633730
5513646
65413267
88758685
38289746
2374126
56480262
84684938
2295667
41430195
81680809
42767040
82099047
17274133
70257525
13293449
67944484
84672727
23434389
18389589
93922244
17160577
9254426
3058136
5142505
25893007
82469529
36770026
88097921
80578112
79719400
73981698
33497609
69603314
76923792
69020546
2563368
41595578
61671043
77915157
18249875
42742437
80255205
64626760
48396269
81979843
37106403
83590468
3619760
20902613
39555082
4975630
58114597
60577807
52412397
80723656
83548014
45734581
31410902
56854884
3977952
49810994
11493697
79523650
89348280
37539289
72707284
59066491
93291293
60125436
18580794
29895536
56750592
41637325
26155207
82292583
16863824
3425765
58139481
14181229
93808811
78988507
74157997
86938528
3249877
35441451
5503028
88778096
59624252
90110688
33271485
63051206
67503812
43933562
27372565
361620
80607455
84776832
38298807
91993989
76524612
83738598
36451022
86443254
56446478
12230849
86734353
48643607
2572425
39025307
16323710
49234928
63128468
49158458
37904135
17548672
68492430
789710
72639099
63836622
10976917
84366233
83206180
42942833
41067544
77146333
54848587
28671953
88408332
42840085
47232729
94665024
57741935
7849600
27375183
39790472
81364921
29158002
7274151
47195339
41489259
19918413
6407592
81300711
21212846
15188323
23198493
76897301
64088040
90244709
13901778
70028543
20451767
77124303
88893756
11647855
84095062
74550755
79025192
90810530
5011175
56557347
85014984
36187391
69254075
53982406
22036798
51602559
50854914
77752148
41864076
104994
50959960
4822870
79402780
80262882
66835187
34784199
92053372
87966718
22320069
27009879
47729202
46857601
77262259
82829851
93846496
47868772
92176544
79220099
39798635
39205815
21034642
78486093
91976125
799346
18031690
6894543
53507468
59927812
87126641
63559436
87593893
9039680
58152918
67052101
75576740
88133273
9248494
23966621
69638025
15401392
4889801
20331000
21150499
75736711
68284126
78898427
58245995
54888632
13394577
44228970
38020493
35989288
81994543
81619108
17257015
7733593
33338688
89197963
92961265
85484674
72331343
60227367
28201453
36293113
76204488
81662524
69013481
32873833
9503634
51883800
67105268
13450949
74562270
81555322
45590639
84957223
34491900
92063424
79428614
29396169
84531433
23157075
65509904
2755924
68068105
16833204
12283311
70548501
42953886
52881932
8811975
68313518
52829959
90071393
4911769
32993587
59487771
34151723
33776347
66370764
65118943
84812298
40070587
92281597
24547467
15226621
59657107
47126503
54623375
28974751
76211552
53103711
82500741
58858852
87723282
56073866
41767501
5250532
23304554
20559671
8477381
76877444
8808128
71826415
13054217
10057205
63590893
68349531
35595217
14757615
43719701
75785464
69763838
7453088
61289753
20744734
15150849
55725420
23514417
94121943
60508039
5376677
10815686
42276517
44238319
80978058
7526387
54157116
28620418
53164296
49149199
55256944
33418740
91984183
82495852
58933179
46132515
90498402
91842753
24485135
49346539
30568914
63419413
78414445
87224308
21856940
89428318
10573648
17897358
45732558
33285777
5924608
32161589
69045582
20456462
26402509
75051520
2330892
85250544
11487874
16839605
8740967
71783571
35912607
65876955
30157809
68256250
18893576
71491211
44583062
79417193
72211519
18793799
70367243
30742765
7237183
87619034
48753741
82418024
50731289
59921972
64211220
25399650
16226934
93550735
87188139
65424122
21675070
17966052
91052357
54581001
82458353
21203348
79791160
