31733553
25387830
41725988
78942669
15414204
81564623
88393399
85564918
29466645
78457039
4100573
84968810
88270078
65662717
24104804
79027176
87579902
77641128
8097296
54323975
48887916
28076432
30832360
18758915
48411570
31846635
47464203
53868461
29413478
65350334
45741555
10873737
56673935
73876212
36587193
89308019
85970854
62774414
75102475
47533111
79765129
76449599
79913284
79363685
86803259
86578511
74481475
28850840
89861971
89861972
8842684
25438268
20747755
19194478
79599249
44567487
52491686
81094377
52333965
26306246
61014685
640985
87949192
90088690
61486333
37596353
33182961
79327974
38568689
74845579
84446768
77345738
63039161
39829319
80437057
77066387
37123041
13485740
47561306
7380444
58072846
7523451
42047779
59404163
17304987
10228461
49838853
37674608
16234000
88971634
24570326
60173014
83531973
9238179
32073716
41055471
86224698
65221139
51508659
1010994
35141362
50342762
24441709
38959092
13980369
46377457
70433501
92321567
77908613
47505011
64348966
10994006
88618065
21619553
66628694
52321634
7931139
86932333
14218988
55176025
53014781
3126254
8146986
86418460
24505475
5225895
3495352
47548010
66593514
64896975
41206444
23159502
61857725
85329954
44806401
56764280
16268078
25492543
59847715
55908655
9172380
2867756
4916481
67357303
83881156
41515476
53932847
9285176
92383173
33441619
66513888
58097941
74280298
45537439
13737683
18397370
68481550
22318550
70656658
71347676
26502406
14495348
2647246
40344529
41560421
51574194
76136743
27403958
63223122
78198716
92329039
43507795
11177371
84844483
35890250
8864638
65591489
1586885
17129237
72669898
41092741
70884549
49461252
37508654
26013064
19267025
5488394
42596078
81890843
70869578
47356667
87850940
62966451
58581334
92330701
19961925
78788116
22264200
27458597
60091049
19798648
46012295
49560631
41142969
41752085
78942668
56972871
59391173
1732691
71127906
9946844
76826977
28655622
54428202
42665388
11674347
58081806
50886740
45371444
333937
11960877
72377501
6774252
4281762
4402146
62060371
78881379
75031423
57798270
13510420
78354938
89094548
43946688
77382368
14055481
50062708
80717536
27227111
26437830
76486743
11144025
11570454
68486196
42125428
60470338
16261503
63299711
40843415
53818901
31505647
40995376
49368489
66791801
49373503
85944113
46620
64560845
17797886
50968198
13340296
70003761
57136972
72208527
3998196
45692550
74622318
50162088
