7326956
72990571
47397192
27856781
29540279
59591292
20443868
4301390
26693218
10343759
6181516
34071196
55864881
5037098
74296262
59542608
66737841
90093527
88133187
54516422
90544923
15793700
26686193
58136639
85853938
23317270
44491812
76983049
48656053
58834828
88842576
13233427
42836091
8036012
29090368
17171577
14090269
8095520
87065430
45984803
41294648
44287750
13867656
54726741
78909319
45215811
14489832
78011534
7732096
79368707
48285447
10755309
11229353
78346648
36662307
23180722
85520846
71843031
46903074
76439821
46167630
53991808
59237671
17665282
18006918
84066239
25285416
36691289
93823270
16804761
15673126
16103230
31574632
22886880
20334326
37884805
44670177
372736
3938179
59351053
82304206
47962756
70552741
38849527
22091289
50690171
6660171
66106018
16527237
65293835
72210871
19443324
6823338
33372086
11042592
16406492
77143007
91274798
42665060
70433924
16289624
94176356
72853888
1214989
23369183
47389384
47189837
65166659
13480024
50443922
14886559
36687900
57639752
4607178
1321034
20088351
13423636
67478716
56200340
81809705
85231783
40751411
55966352
69422916
492389
9405814
25361914
26015413
47059524
69482691
49408101
16077522
91482486
79244940
89298832
42808780
36289950
56517312
16439207
42205510
30611208
51577800
74822738
71734398
70158438
58032404
44732592
88026167
83418212
39905486
4826230
286459
36167714
70676008
69832290
51202535
73511426
92487416
23952403
18473279
75355369
80174032
40693125
17888209
28898342
81059781
27503945
91757860
88676627
37194152
30431899
78022251
65050090
67021052
5121739
12293698
93045248
75476790
35266429
39632806
6029970
29626958
12734838
43839813
17455907
77849437
