39387434
67483466
44027685
70119671
84906291
6095583
76637524
61995851
68101736
78769095
20453510
38540872
55641961
34856330
87441403
23518176
11811572
40348433
49672393
29392054
49315498
48039776
47795711
46547690
91498692
33331099
45802570
16642946
92451811
81366389
92218345
77640129
90280109
2669286
46698374
57477171
75780575
31473237
24733661
52561296
75943995
59826786
82476417
69755004
65479346
4467620
74315406
55272947
8790164
78725604
24814611
61965478
31626843
30389390
1449004
30204544
75797071
18882866
9949869
25430612
53313491
22909701
43274907
83396086
40917080
2399357
19890037
61670738
53577953
20188100
76924470
65828421
69720050
81523159
49326229
4556911
6523721
41328176
71271941
52644154
7579300
64583750
34900109
73410754
15953090
64298516
34000626
60817535
33843417
79501909
88655295
20684903
41088519
46190441
67214250
55864985
60332350
45958777
10104916
75319840
10010633
64599991
44252991
6472444
13161700
4877345
85829656
20032582
11721863
19198514
15827276
10667187
9785996
20409949
5184861
22927757
13212054
29896158
85789211
21696359
25695666
91599419
40751783
60606384
9529944
85116972
80838368
2158931
69225819
50791101
56830108
18658341
28852493
90327532
80612421
76047061
19943601
89223641
19946068
21583410
85525677
23015769
85403892
73044162
15085810
46514003
43068924
46039199
78479644
22083158
91745395
38736564
2615890
16781891
88472233
71343050
71742526
4839765
48043313
28446752
10286778
46111686
20113661
23279122
57645191
92552825
69159182
43288127
30151788
73906837
84611927
6917421
87284882
16846256
80956398
84190072
87901223
60179042
73696621
16158787
56230680
72066052
31957244
12864995
47970060
49049889
50244317
31802890
68081145
58686233
65453612
68520148
27658441
69549349
32452442
33772379
46879797
50344910
29041260
35901218
17745828
20783363
11324343
89048302
18056876
86385888
40638440
41338197
11465345
28110769
30374990
339665
40313948
33810322
77611342
16471813
1709448
47181343
49909787
50093800
29378119
52023362
91860188
27937663
86212142
33110942
48747341
89429044
53089477
34584462
19282098
47603961
73176034
32713205
36463873
60410644
36993308
19213239
9268369
5598873
22129034
23073294
57352000
30312165
67810120
939470
54960147
42429552
76727177
68515392
18067640
79645177
63139257
59143118
60322949
48472180
27443194
28326776
87710138
21566325
86317283
4278720
81241185
47259177
81987153
46816675
17730960
91568705
61852948
36873464
83121010
29608349
36804446
964068
6642020
15926380
23676544
76357985
88543925
10408150
31695290
64775209
45582808
74358237
91309982
38692209
75443287
85441642
86812541
74419281
9704657
30246420
79163188
31318465
70656609
69408450
66558042
53241863
15122748
83516056
19559500
11747850
34611245
16130379
8905819
39886275
25566649
31384916
19217772
494355
1504941
34651122
60038916
46081466
52298511
43832749
63345830
58774296
75161870
77179562
61192514
62526100
