28909732
38722621
32498962
20246041
55325635
37960382
60786339
77422234
5605682
207320
1691505
54917562
56110453
11206230
15032474
20963288
17447554
25206122
59967807
46338785
69389572
75051624
16778287
8495811
13117469
42399525
35028250
44681477
72289196
72253241
87429849
36187902
40919425
28736224
10802734
65828297
33710883
13250813
44267251
74279454
40335525
72447351
71074320
58639250
49174224
91208910
21376556
11751656
92515737
14999140
54657317
42253536
90108026
82012902
78762255
68170187
19263076
37097657
74816388
53592991
2498110
69113455
37917292
69648488
34707191
58769604
18210299
64733838
16903456
89734268
77269204
15330662
66187487
87254275
50870551
36163680
8009042
43262299
17182995
82426268
32212620
85975876
74090277
11625088
42382250
82598373
26057361
48509949
41066907
19269573
58290305
1751982
87268051
40197016
41750365
17181781
68623462
32336453
18023828
51087866
67858204
60429077
182534
3668217
19303952
82674632
74553812
63337274
69807393
9555766
68225316
13956990
1906581
24077064
5304081
81268992
72174957
47968307
71529720
25864017
82169638
55646783
26588763
49117474
53808688
32614931
63114071
16301212
34166919
32759584
48575490
41075679
79831513
24194704
89549419
16934002
22405204
63443516
11088308
11002787
27083468
26042846
44338724
71589468
6130846
69940662
63661119
76305239
35819835
87653688
52570745
69389840
68761778
10737579
63603557
2060868
83426584
53001212
37621652
84956993
76644867
38797818
87754761
77896758
88563764
46185165
28732521
4144773
22959485
75482196
17232746
18356355
38489223
9893841
61746184
55606487
29784458
70766480
4569484
13404987
85740559
46761168
92721367
12034932
79211602
83708529
14927127
16237696
33129921
66082485
25196726
61991389
36031458
25532100
40167233
83291932
26805149
31293432
5055554
10466815
82168564
51285036
91559598
7422193
72411887
70124397
58258731
38532402
63977650
77743259
15922825
88769575
83232133
69803525
20920152
67545212
74336872
45510207
90417619
34409566
66026113
52438679
40308766
66755176
66755178
46381485
73600729
73600730
57276199
66924048
44058813
37621162
81128414
14926517
32287974
53157537
2210400
91057647
23790604
90390629
58779329
31551050
66804565
27820216
58661372
89809153
55954104
89348267
7780830
50754156
80951843
83047390
61740660
33311576
32391864
2685864
35339978
80208958
73538523
23514496
19118936
10510284
3467265
14156391
17794187
15371112
39757599
36811385
15932210
34635367
10963880
68352931
58405295
41020470
7252128
40840925
80541061
70210426
76307960
46113247
47854642
23298098
84636068
77527260
6817468
83381459
89531869
60136004
20812868
90024626
18802114
18529756
77363498
51531245
54664030
4417528
43313053
44446030
71259666
1333621
31334757
67279434
32542136
7923300
79680332
37892570
30978937
54940830
27165254
39669229
92590871
51489714
79292973
53984277
49205606
8037237
43654012
73026508
73782317
60571372
50805067
52258888
931963
59035383
22356303
52570741
29073582
9295036
86424004
46223540
50737856
53401117
41954283
65618565
10353067
54015734
26830623
19725080
56415507
80087637
41290250
56157161
84009045
21335247
2658341
2377500
25033279
57850404
38890260
4624852
13691631
16119422
5935007
35376555
68650811
68170038
5337763
47363986
54086345
34732405
52077952
89974553
9731377
32077431
72084353
35536989
82410736
90469880
19960955
63111532
88648605
31618221
35066715
63755465
50291721
40174722
16042628
48339898
12201868
81119106
78468956
89091334
72447823
45111887
83005141
62554509
85608804
2822558
82366176
19191194
72556967
66224651
9566987
35028252
74621620
91142229
76285644
88297548
81256848
9997153
35659310
20632897
60504685
88310718
164357
82687620
91137601
17516286
19462431
56154190
14207740
2987771
35184739
61495532
12597638
43369204
37374267
27735423
79272100
42614981
18876815
67902242
82562564
78595500
26269875
48341331
10970336
32898945
90239242
65588489
34793180
43279382
87307714
42108725
82067822
67768098
90461222
71255473
54369427
10382036
16602607
52873484
42932847
66796979
80385064
34259306
66056273
76001580
3960583
47209159
89520103
34409825
54787338
33476285
66524545
45707783
38298472
57883797
7115461
88977093
18671559
92069160
40567633
46951653
73010745
14479575
58854626
73213569
34040916
21593314
30157310
55086836
23113248
13548614
43750779
33559841
52728402
78015587
34087297
72068943
4431046
65218520
4063278
45730951
46204264
4750140
50288610
18837409
24934380
34422375
27902742
37710586
29308312
13797420
37303775
16761283
79043796
33357315
30498138
54775896
22115208
2352158
35853793
18826646
12161505
20838727
60539763
51186752
78389700
53915877
53961798
41953563
21841212
46939682
50238806
88541858
53737161
84057603
49899628
72839406
67269996
57422894
67982745
44497293
29600353
54559873
18425442
72441437
28435170
55297041
34331048
59419590
84830858
11724464
6926925
38220915
21935287
44874605
66343299
83588318
57135948
57427797
17422308
81707643
47296168
73329050
82440863
7001729
37314266
2700574
71474914
50585268
50357867
59194972
19461719
68149407
50012437
52974207
69250807
59159074
5804401
90863731
66226174
59631031
84103283
27381581
89487069
88979629
20654679
2924328
80272994
83190076
82529442
28305146
3432999
70915434
21522198
29878042
33605959
32959819
79856826
55015847
86255326
30716553
43568501
30567614
11481116
35918368
26134845
65498674
84526029
34264856
39608804
46098379
12969081
84454709
28376528
45783614
51501596
52129662
90414828
66057767
30493597
47987409
17933563
7570004
13425190
8023591
50863296
56261774
82488909
70048470
90114970
72074494
42883289
33340725
69165521
16013783
2061671
34612004
23009410
24681897
32245667
20193019
10068592
45145079
65531210
9863082
13153027
43848715
53858092
37223446
90001385
56851443
72830397
50205567
90349390
35519697
1360918
32441526
60900344
1572119
46040091
19842947
57608546
74094084
20841717
78081780
70008146
81145836
85040419
63569497
88702994
37588761
86008515
68316999
83967991
55016528
35789651
56679010
38557375
45340622
23760528
64582262
67970395
17587412
55123475
44005393
66043084
72951682
60520774
49143648
36251710
26504953
67891513
8219170
72234331
79076179
92470831
56774931
76468902
85893965
82931151
50600609
38853565
49887987
55405270
23913999
27616788
38675815
2133155
89673204
82626382
24527439
12808180
39214754
13625691
34219616
68754969
37145723
14672119
62072905
61984754
71579033
14570453
3758404
81376026
2050485
14217488
46222083
18745292
41211383
32717930
32699479
36333272
75576928
24931591
42620453
51408499
48451367
25892363
32125408
58714916
15848892
11863031
46175869
88620436
64858372
1535032
20010449
57687217
77958810
81884362
62776449
58315984
24291402
81926949
41854538
58483527
59147752
84157858
74252090
7445448
20991215
54542609
33259329
76063366
80216376
28067349
6958842
43607578
6547977
63598372
44062420
69972738
73118663
73649269
32207845
49554075
46423567
8875474
11568257
29037263
34679209
8760039
20824915
85021147
57513357
46433442
91344035
19290009
46997674
7814405
45229068
38368578
54549244
10594414
5928608
37217974
68880967
62519957
90826380
92207772
30037181
38619095
82985481
54866560
73154900
46382703
47876950
85925281
16394533
31777475
4981509
90631209
74984461
36661686
34589815
81418517
22249014
85796373
2808008
15463021
27494109
64094514
66773889
12731440
2873965
33302753
33579377
72017027
87965653
13401253
9833637
73566742
69421230
41409079
73409851
15142039
56433332
31647228
18551747
62110197
41726200
35571619
59196646
23178834
16696365
61677686
84723390
8550586
61399100
88539300
38269577
12894206
81234486
24373436
57596629
74481880
35879116
85028988
64368033
22008562
34154274
50070366
55261827
51554872
7367742
42419855
51955745
64637957
58180964
39535648
51182438
47760947
11468655
15025804
47993046
40128943
37020738
80059526
43604514
82093076
79709383
40868065
5466657
92888915
34240630
34326458
78085266
69488010
28025732
62973284
65566942
69673701
21502944
52960457
6403929
37853776
40165636
33826254
57924029
31410883
55626103
44961535
72266251
71860934
62496992
77301601
71946622
31248863
76741034
20804357
44252137
46997156
61697601
22982782
82275167
15094812
17294623
51021215
54369551
52285813
89960249
85607195
41195273
6059990
18667305
1568912
80511434
38941675
52770285
3651930
58748404
92957493
64086186
88144109
12493277
43434757
69112215
24749026
73704213
69766596
65176461
27816781
67969570
81638582
67566577
43730572
68507282
70835287
5062252
67043399
64801709
10342472
2356224
65613742
29256960
23781536
31251988
33526093
58816532
28981554
35653165
17776231
84573117
18002479
46515389
13505394
49913940
41468690
69996001
35302244
77716475
75115942
