16470058
52664870
14304555
14652762
28905544
1680308
59867786
75823617
43161300
72173719
11880316
77417361
42337179
94504978
56638180
76453819
78563318
17772600
42270381
39434228
93370008
85521229
83484438
47705073
57354704
4782155
70791865
10263508
89031461
38981608
26214976
79675513
318576
90763434
75401361
77687445
88978035
24198727
80579174
57167512
21565458
10353290
59946988
11219112
63760279
57477456
69646162
36948514
70720676
89370016
65207549
37347123
74844722
69142452
79136003
88818153
62227886
30374916
79959149
81435448
63479008
70506353
38874257
76546876
36622765
19655662
52464732
67142715
40153048
21658245
70936145
30304160
66240872
18906520
17765293
43998532
51915001
22241242
4910353
87577602
32886622
25645652
313348
93817754
66385222
33340075
93392621
46828688
74337017
81793865
62580622
36938845
11409933
26988504
28737193
55896092
35450359
44673850
60198893
4537508
6254610
30390388
49143626
84497638
94028535
3714923
46773992
73865159
21452113
19206167
19206170
8150957
34608535
71879660
56113831
82390412
9136363
70475907
44539808
41041885
60234039
5814743
16956862
20703471
23155252
53107324
55146450
37924678
69158114
52132278
40685980
81600361
36078355
87351725
22004590
14603842
46862364
9912761
62506835
24963092
80893711
19411584
5925214
65793942
8209345
20364698
42218987
57743952
39183158
80377588
38569237
26309145
17462042
