24292320
3640156
15901956
71083356
65743944
78169901
26464726
33786851
36776806
88268529
1167378
53867778
27253773
71639906
52706429
77313014
3968140
6134323
25473856
76111213
76732831
77836433
33146018
89444722
65624482
41716403
4386493
25877752
37189449
42309065
71625619
49200500
69682169
29377110
78692322
14644045
15230647
37111931
57196131
26803583
40706140
85295689
70934215
48251020
1206058
89803783
12052769
79345951
25791418
24036311
43292769
66460635
74166289
76087981
63045972
51154884
84297906
84606199
77233269
43387064
36084495
90995293
77103805
89411912
28606807
86544592
67025194
53955122
65265974
72058866
30811554
29761433
63988989
74451684
20378209
7833889
1741135
10179389
73039468
25835868
32674240
15932977
46005051
59450129
59752368
57976046
40845488
86544078
50924577
59363395
92937000
2421886
83610639
736621
6150429
54275298
33577107
37133952
59095825
60699385
43653283
58578356
42653751
683542
82324455
74675699
37892720
13408644
65900870
13079786
44901979
34214996
75609444
74759506
68032089
51470767
63240438
57408032
34949577
7961718
59621696
59217353
5978785
72248996
34726552
25683331
40464386
87382478
63582241
17535306
3709264
57993487
10005095
61059329
56687468
2376958
70067379
43526454
32021903
54486246
78595096
30193342
8076702
53909958
