19711742
11681786
55104551
86949893
21621215
22680304
3993039
651450
10585246
2523247
69865317
30625400
47706475
44174561
21230738
43838587
68512824
24272360
21420096
69521517
49049944
47704295
2386714
87372225
50437317
14032460
50894811
10462260
45423706
62664841
34630922
27238977
65223628
88507507
45285901
22974672
71632628
14149512
67812213
87012299
15985174
53413339
52037828
15927977
160759
27846628
84935036
17299115
48180050
15294141
81546304
43530525
1911765
28692935
42521548
11809044
79143641
41106981
2825022
77888280
92674716
13833276
8175996
13980320
18779446
9439938
10132207
32633825
93099294
18757985
36384450
64101618
36982995
15137455
55987302
50937376
23634913
8465763
4832165
86829438
61406649
73821335
20959333
40153727
68813350
29981519
44162926
92266199
8761147
68007089
15965298
862660
63026938
72664420
76604919
78297038
35730513
40100633
48975896
86874061
65824839
15278824
46562401
54803450
53150342
28883642
73562332
21473690
1683633
86315322
20162605
22680300
76032459
53468131
9206880
9206882
27518672
53175166
10778656
40958555
17015167
17089200
1345303
48687921
84366898
3902907
43527922
31961890
25130577
36279252
67282316
56493245
53900073
42184721
10092852
85794932
80438210
41076798
21825520
19541696
47879397
90376320
19624889
38615704
14304640
70757238
35783332
7804956
20270120
17738828
92429560
80180163
35960324
55022328
59360563
5128158
45479057
5248880
13192613
4982883
41235342
14462181
9025958
31650538
60773852
69069754
46899893
90669909
10775692
78250748
28369535
26041295
61712283
16612721
33490534
20738312
71454496
65246787
52165618
84410498
83923138
34964946
18576151
68903928
82190679
50995445
54542377
87792700
66086532
43492158
91365810
31501542
44091129
1029487
89758031
16038558
72862627
59582430
19681698
11126448
9188910
40136128
1028074
86631827
1532590
69603456
87298898
27888375
26407206
90125298
54255649
82461930
56706241
2922425
1712057
22686112
14240521
65023290
20826107
91823124
26887483
71902847
75283502
21048365
52298466
4673223
61558923
16960682
45831743
42592106
38200137
51068847
19852975
62692232
31677672
42387872
79617524
17384294
68047013
82919776
26438684
51305687
9023858
45282883
59597379
56713296
14563470
14326811
59029734
50788783
75618257
73730069
83176524
23881179
89285411
7576479
18296490
38237505
89573715
1086484
46681749
24268720
57822299
44384938
66212233
20990017
45169709
63798437
9665261
27442249
74880747
67153648
28847964
90053828
66094582
80957166
9688564
55069264
58223316
84040681
40768658
80886740
3079883
25595668
79521692
16749631
4408466
298026
19315736
77591749
1930501
19414434
13684308
60283465
60200111
75949367
34951657
71662384
43392368
32315681
33272110
62284728
21742773
72854581
30401224
7463250
80922648
88256814
88817655
58315625
20164133
52358610
61149956
45742878
49157985
40823405
7296667
60841552
47528785
36296090
82055272
9701681
71653346
90872058
44385047
62339808
14543096
4926335
18475701
43867196
41393061
48775634
17175490
33377730
30822953
3526129
92732287
1343749
62206075
68526697
90471156
43162646
60329797
3500602
54079946
61212329
91577338
18420857
77867658
3643399
78355282
89285681
6591508
40847541
49383677
42627411
41005034
24691601
67464551
55117440
1736062
42937849
21190128
51774458
40421028
57809251
7553776
28045550
62175696
50546453
27893350
11099894
28995376
91450134
52707542
75739568
5870244
75444023
81196326
80731561
92482899
54436222
54160065
16518586
88166161
43052268
34484240
54419153
41868264
14700448
49980484
54107881
22124
77300590
39288729
30261490
88109020
46027906
13991923
36357504
71696459
26380324
73467396
20412288
92122214
20704741
82081647
33349404
7494956
9844182
47858026
39505222
56657745
85067917
41348775
29645655
71975643
64261243
22500914
49670392
61201223
92155819
80014538
39487786
47360869
39593223
47876011
91836231
72174442
36015789
43739604
33779059
45895038
21721132
53267788
31536082
9142510
5345588
78499494
7686461
18787766
87406213
84397286
59154132
56656181
17669380
22813726
72730207
38814595
36585475
3210272
34959032
31028430
64092203
65231242
70181325
22057356
82082076
78440488
45734318
13701075
90968166
15753292
72094553
28773246
42300429
38742310
93318714
48191556
8650704
13307861
10601597
46713996
6177901
7053037
94042807
21178192
76359497
28409416
90956011
56410076
71942234
67539980
67509435
17276492
79465037
22613902
72369901
23064522
51715696
30368464
21675025
64529467
5349749
42106636
63309468
46860983
92330096
92567275
59725278
56625424
1613324
92165158
64801509
9982539
11187977
43467003
3829541
24288495
34105965
68010305
25804643
15848687
36456141
16194609
70860899
41923062
27804944
49792594
38838834
7272812
52981986
27047191
44929577
87856488
9495703
88057606
30457480
66697783
93678014
71947571
27042875
36175257
6198522
48281530
54417522
32015712
49054854
89401651
29788487
38043335
93516690
93147769
16033460
38291263
5937308
23645950
65528860
50638875
1730712
38294059
55837264
90285599
8220919
50775862
7948604
49348261
43947521
62973698
52019092
63845897
61286575
44576460
67445448
29540250
8673294
45857249
9711419
2009589
92560811
73172178
61376524
90918840
41126519
10237
76003456
46280047
91819172
86089824
75683431
68569327
81216659
47721363
19144542
37326177
82937159
47935403
2850457
17230626
6062774
55793900
54649062
6362828
93250154
55888434
11983728
87160585
37211172
13705388
93385768
52257017
54569257
36257505
67347835
13337867
10115669
68380334
3551693
1103457
29189024
43645938
23860777
18804399
90670071
56908583
85592741
2044100
28562236
7911542
58364264
8113245
62369537
5493251
51174111
15174428
9329254
90162143
41757266
60749794
93887920
30577134
41979764
12996872
77795570
7866606
41656216
39148943
66802580
46372778
52355297
92102421
10260286
22834761
92862415
61683977
26516486
69909908
82389209
48128436
21582552
87538100
94618957
12636127
29751051
54604355
70624499
13682122
15975056
54651316
33674406
83421696
61489991
60747780
39727133
60761046
2266689
90133802
75735479
62244411
45168581
7241284
