83141884
75703100
77010191
82115169
92587710
87139973
6060258
24767703
15202285
11801587
90072983
83406410
42453563
29182901
51567185
15240541
29551466
82899386
37075885
665438
55256291
47914808
71085984
65478863
69697768
73434349
50860418
18763818
93056598
35435577
215562
27327788
29740090
7051773
47727845
4380705
37403011
41009686
37765773
13429235
44976315
77800536
88193407
13628985
20064603
6373722
57698986
4280767
71222736
62825433
90995027
38163821
82745745
26355011
73370233
54371526
14567172
61299861
2563561
3136686
37092388
45841489
44625418
37729486
49840790
42194190
32302031
30356274
92631128
63528825
45090974
26443714
26470785
67167217
46807390
14764813
75535128
3471025
59882464
92774821
44178506
41203058
27625803
64462443
70165557
84112712
53284848
29079667
59945632
23392203
4799960
76024922
14064125
74447482
82896078
15680883
34963534
62923370
45170503
40704784
44141724
89991110
11417304
67458586
92531503
19436178
74136236
22164917
44398019
19858312
35127824
16058645
75637839
4388902
32299492
41777129
20871556
49005667
17778318
13087283
49468440
34591412
24624939
83195405
1074980
34980497
47533368
25912535
81806786
9025174
88775357
86340954
63348446
45344936
37978972
46648809
27788310
34613178
48355289
38260234
43475375
5351080
35665529
40919805
11622897
66518286
25856394
81834811
72276342
9920937
16589674
62609526
27206718
63613763
90162350
76263264
61390985
23332690
4411629
69755655
89279131
92666575
39462184
85125547
473232
57229469
16450280
6439927
87323900
78324900
15391643
74062525
844113
66884020
46628501
77825624
18392524
73539499
92300391
21277161
4923239
61699431
45287851
28288516
72439828
19075906
60311244
18933047
251724
8115993
48094709
86152774
66996843
74759391
13955048
54277911
37020527
80608406
8342766
3593206
82669253
62517865
86684577
72848582
48500847
44909293
14333080
33299511
88756323
33688713
66752910
41967274
37744097
87726430
74886700
16153331
5405941
63222762
34977832
29120873
53796948
34989397
44090743
30024198
1093424
62247960
72946811
37685134
40320323
64034218
35332455
52364551
40995552
74746782
80660760
22924418
48235086
50102477
20078151
90894151
28577937
11900614
16393660
24743833
15143732
18061843
31344012
56472860
63572186
9576032
32868514
83524235
25708456
54534520
87976511
43859043
91800841
557678
45635444
54815364
22363704
90525305
78943426
23778514
3678147
37336104
12885476
76809292
41530363
46614928
84284022
49982436
10153373
72947438
67725223
78891780
62391553
58805394
35480188
10112163
37879326
32360257
82621496
39624506
25221369
54056875
25022935
77828898
83805911
87689220
28247420
16576050
13285386
63960436
83072675
51792450
85630802
1060547
3519635
11925735
56025781
45394752
10272895
10645932
12789814
24970572
42092920
52121714
6929843
79159033
21091347
35074457
