21348949
49212180
13197378
18482202
29578491
91156103
70378609
10006747
54163734
16375447
85288338
82864331
1320577
90466872
48991332
85435399
54644320
32965528
66176147
2323538
82210184
24946214
25984515
13020202
1909994
63967520
55950970
26699377
63597204
85655815
70329509
201679
3788954
79190390
93658583
39429838
16306802
40277340
30171118
23321149
64859310
71254785
19881692
12197409
57087110
31231193
24870149
68558733
66054044
80760810
3717891
91876869
63159602
43287634
53272429
10047512
24123305
92545385
28929886
52312438
79491076
80675182
30312274
5485680
8646109
42660152
39152276
40708279
49071743
33165397
82872625
18589799
12500301
4391141
8305860
46444718
26842661
81112575
73117786
7568057
69641136
91557513
2417361
82800785
31500143
85957287
17160883
48955440
50372114
50734684
12209660
40158235
5832139
9656027
5858048
76110379
41556617
40517030
9205992
51114943
65267153
57822850
52823225
42667942
47979318
85498096
105568
5479985
47368974
91496179
73782783
25996632
93796077
36166700
69119713
40475991
11687737
77590808
82276357
62448106
36043996
45362807
70048848
44188558
31379318
72896100
1278550
46974252
31741965
73003815
70514651
83921962
42417513
86507808
53062176
19146394
50032785
87510069
46937126
70859
57122496
23358125
43771065
55025591
92229945
60737300
35402150
63099393
15727661
46893004
33380114
83405675
32788802
88058346
93227876
38402539
42627041
93607381
54660777
68966077
80237452
88299715
40872807
26769524
65145670
72476290
13425491
17142957
77840514
42493236
72859066
3229785
796329
51624667
31709570
23596869
93110515
83237957
53872367
91399259
54403718
66757962
20886572
7999361
67767084
14333598
26748953
57374652
36091657
81141948
712324
61768660
15308375
59052650
29255255
52095402
23728780
92002694
65389989
82838532
35206146
44875356
50789644
52766926
18445575
60992659
19338698
2760423
22930087
1909174
12198611
28772556
87888245
83950376
79388564
57857763
54285448
67958555
77381412
60851657
77101631
94431329
2928244
6608239
7471450
33590941
28836907
54345931
40033610
79150535
69424925
77562032
41541849
60991091
63466676
56324947
90563236
7811854
34590994
68682502
58849286
32231056
65725981
26756067
33822436
36222779
20052275
88051752
85179106
33733983
25720267
10358547
15064562
56455755
9538978
93462099
79835494
31496841
78634807
58490701
48163425
50695879
27392083
20470952
28067656
81311994
9774862
5875399
45266780
60805521
63625666
49849350
14656415
87879307
22648678
57439993
25432390
37403893
85348101
51289039
91657313
66978775
42387452
25945989
39290046
60814416
44869058
74150842
45233269
64294593
31077283
60754419
10437756
39759935
17162788
93519467
64078417
83974071
59192413
64371902
39153739
12854253
42289423
48054127
34818436
30964215
89739445
14793785
36583825
68415958
33360721
33500975
58866100
16260000
82863678
8396606
19985132
38599302
81332555
19370537
73668199
53945272
58487702
36227930
49636401
19875366
74406342
64884532
24754084
49369840
71785590
93607428
73302774
84262841
77808132
20119592
56363456
24460380
40029211
74105582
38239681
18701142
40741020
73821321
23831864
28971054
2806776
72813702
14464624
49179639
5536927
26808873
62735334
75123491
85735730
374865
49191231
30131581
92506934
1662648
31130792
47676381
50364322
2370471
34927120
38553603
25227709
40537324
13175763
75398361
35142365
28394166
75806053
31415070
36801815
2952002
28216611
53088195
22651994
91878746
34337462
89507464
15811836
10963983
25659001
4021839
36283499
41197314
20644919
40774703
69065584
23994431
22840746
70657476
65672439
58040376
93172551
28747737
77625722
93541313
5156847
59524863
13296364
83242068
6460278
29426757
75674911
40259405
5182610
50334969
19797966
30956286
81789131
21724661
1393137
63987333
93359767
75293477
64283553
90076718
17820380
71503791
86534756
6326067
19959514
37803537
29004099
29616550
6342868
7934902
50533699
46002799
60683509
66426665
77084779
93232600
24910756
4844360
54252694
10568469
35686284
13753774
47855657
25982386
5903660
21892687
47912
19771023
26542120
30887518
18017980
91617375
35816432
22200273
17036202
90254046
78393258
793903
29608030
7136871
