76247057
23057581
65985358
23448607
70639043
76771746
78468134
62185793
10926662
19490824
86112720
26879893
49568815
20001414
11157110
17522169
1524436
40980230
70644315
41677549
23403122
26774878
15121721
12440199
88581344
35125021
78233120
35287162
51069691
63731656
77118840
52598569
65958248
50490932
69084919
9087476
31924703
32389162
64062292
17198326
31337119
40069415
67628179
73533643
52844739
2135511
65644711
19942947
47221649
73769420
49344710
43869462
17735822
5477555
381208
56692082
74863786
55985852
65698102
82077181
19014099
13530274
56252698
44334072
90042922
93484288
5476440
40097909
45806522
26821915
67000217
80288599
63676918
83595255
88169312
23261019
3073312
81788443
89856566
5272757
51647611
66456569
22934168
74494025
22601961
35945609
8901116
35251466
28329029
10274948
6239812
32299270
39266906
21384793
15518791
17445796
31894758
93095088
66015812
32528076
53565696
8565641
55407909
43962970
23084611
74406653
16159010
44492979
76385949
34431764
90371420
76175496
67565692
38242711
14472245
35145122
7991344
72967846
3493349
37027229
51057324
69805816
53530094
84817480
28711469
34860120
64200810
31581288
55261998
1679347
70497021
84313253
30570269
4194007
82151303
41827035
55116492
81891637
85587815
85755834
42672422
8174638
27066822
76762910
68410445
36327863
75541957
3304682
71332575
26892585
83419604
22298356
60269968
42136516
67906910
20677295
32599752
16192482
56200590
6729108
66984734
24597258
25624830
60434546
75114400
4240769
4930996
85937849
56254487
66518341
60540033
70514964
56847937
25863423
13241202
36364570
34606587
16423314
87606703
33136079
44614452
2027863
74756178
13453702
13025262
40234451
60752539
14974839
88365575
36596250
10711944
64220110
55259070
55478592
47411599
54087091
63056194
31176646
39119741
48550535
23807968
69423796
52971186
46705810
59861665
49535324
28558108
19045807
86575042
80324401
10113169
49832671
8503889
85935529
82366644
33340111
7157233
90978500
55765203
2047594
47701113
21758687
38778386
43725120
84709608
48368730
64596795
94620032
89978138
34863959
73365232
17042245
41461884
43575551
88259861
444013
35593326
38439248
25102523
16993407
9424468
60461770
67497023
90288207
57169278
51768170
12818046
39232395
31969625
87155624
555601
5929524
81624068
81919400
6650412
5866039
38011884
2110906
7586615
27090324
89736334
60556071
33581687
75883005
65120205
80695366
29905610
74368206
49774179
