79618824
75365806
4295408
44248677
25914625
65461499
44919826
25678280
66902559
79065009
16346760
32988451
15997399
56285717
66435840
26035418
30825213
66020092
62490460
44546543
73161076
21824435
75423352
76779362
10286831
44044598
39959062
85975812
67313425
74816784
50430779
62472261
65872292
66864144
78548261
91990142
7925361
18394733
83222649
19905083
67178844
2805444
74221975
32154340
83888251
30562422
3609093
62890598
83708295
50788462
22439410
7681801
40120680
2942768
44609237
37181040
11099874
2536219
84506203
33423607
8279365
17413864
17859776
22256979
28560540
82472910
14015196
46399426
89383074
24782169
1965401
61051373
2268311
62210975
3031674
46469430
91666531
40853067
36337093
51168239
66056929
43982852
50854230
40657849
6576309
42607250
45072620
14372890
8963706
57371803
49928798
7696033
70263263
72814894
84153723
25522585
46900510
52976452
58509877
41872304
1315940
66629188
90119783
87787235
90753390
82998962
75272397
22092709
80013887
61312916
26894535
78604762
77764360
79841449
73652088
92163843
61124695
65265770
36935421
15683276
1788298
52910334
85007401
17388486
11176991
33037189
9531529
45183359
33696817
52185924
47444882
74378592
27211795
21317254
62012114
59480837
62501274
48407004
75851696
37796491
54833243
31970367
54227907
35420038
70524827
83258302
75870489
52874093
58525745
68159664
25775310
49983402
20886107
22855673
88898977
56869233
89930418
75895340
16665506
65827898
69935514
1958076
55737935
23994087
86110135
18021588
74532365
61002118
10188031
65547122
3459454
10365794
72188092
75720441
12750364
43056021
73701727
84348093
87136502
