85003679
70159434
13204747
26528568
92950003
70017528
4067442
69688631
3534
79168713
86205172
13102090
61887897
41591275
33770122
7099357
82414198
75326681
7983310
18770152
16361406
50596998
34047680
33084540
19084530
7562321
60755630
14484661
24179765
45555233
30990091
89080311
49321965
92553914
15875564
24428956
14449294
8664368
56703085
92695809
33842998
47929701
29210988
29016896
76834016
88722473
69503452
46631636
45255409
20742811
36623165
90333373
39654526
33788617
86446908
45820202
14029828
43907150
82007381
71983780
1468241
17540613
86160435
47330490
74803365
14838067
