78464255
44832185
90554422
74050931
49782766
80756887
17586461
43608479
88354667
57260998
72924662
56655104
62649145
42147574
81967489
61874338
51529284
20391263
22539654
55296126
21556856
3976469
47636954
78078999
85273908
71720379
85749806
56014986
19587780
74926700
60504494
63602772
49135156
41920136
76037033
93204872
31782644
80893500
65322465
47479660
21987485
72584919
31391905
51532619
60656527
18218640
45938817
32032921
85748276
21438922
90297443
24177894
44089828
74883792
81319159
64489774
57882000
83789347
66884856
2918297
21843328
84911670
86660895
21855561
87226653
67436027
20594405
18358033
79318536
376030
29058033
36765050
74980041
91141863
29461489
45889436
88401295
12137278
21550634
13408613
45604968
90449447
94470520
63048483
6435820
60907520
89511863
61894236
76620419
23917275
11104592
73800797
56833397
47187420
92835003
41271756
78586648
55980083
61210637
73931786
50657473
78078997
51344637
61000378
29246924
4989475
20229594
71198092
3610433
8916234
64851890
24332001
70024443
24377195
76203755
67806847
73208651
89356859
21866688
87367749
79089590
73899661
38066464
29756798
58186640
63035047
40214906
18858374
81409588
44545504
91486191
83269951
74352389
56007428
13504091
6912010
14979433
67609572
10495166
49253657
49181878
93170071
44507865
2001718
31946657
36264774
27737429
53282691
33879655
68429487
27471466
90605897
19812726
33325201
6758774
60551777
34933260
3933003
19250555
90723484
37018949
66389285
65146719
57936644
90557871
80397360
84475014
87169529
40541616
47939957
53055014
70955285
32604015
3963322
58033407
68138532
91976048
80284335
80628965
66358179
67653996
61943745
54639077
42197502
72673275
1022937
72696875
37452327
4036752
65025041
34284880
21899657
73421212
21412975
9855368
22459010
67243821
3493935
26492246
55961917
11738045
78749470
70660878
19521231
33956731
22508187
72700873
73848426
48115903
75288003
48163186
5013242
65486702
36288847
13963462
76775126
5171168
78792416
56508648
27200755
51636385
35823613
82008399
90343285
55767184
83085107
38270709
40191359
32958220
