90133298
5873015
81195217
17897329
28064971
80869120
34695717
65903714
27328871
925838
74618424
51434692
16375309
43746747
8049723
18382453
62977950
87392458
37405588
929864
8551745
28688972
43055745
82006601
7912358
58848047
91241721
64296375
37908461
27763449
12572259
74301412
18865274
46962270
73410877
34622706
93930701
63824668
90638469
84799751
56871690
77107259
60076858
32385048
4021528
23183914
69044398
26058686
84636779
86388223
9134535
55893076
43826006
60315945
85683711
5181794
76590705
52675337
33104791
86028873
72778641
17560740
27711965
39051305
64486740
61527754
82120476
1898220
2365177
93426628
62799826
36477045
70057682
79109289
44636158
38011305
68619668
86613298
16666776
42218297
73789420
24152177
81771792
62935924
88184432
46997135
3272023
19191178
14708747
47576749
11311047
91445218
32780834
82202672
25971830
53758966
65114457
48002135
44107568
21943821
52219910
41576881
32931838
30718334
12189094
2183375
20581541
93989276
20410621
75400955
6256435
8805653
25878104
13731378
74899104
49709736
3021628
85048449
80154623
29308674
86876466
24916999
21759542
15698691
4683903
90396535
91122215
2140399
53514940
84320306
10815671
55964504
58961991
36371258
77170489
29785724
78631315
6940968
30116069
23997804
33710829
86331167
53773468
32792017
8018185
17155442
43329276
85744131
57271594
56611292
20369367
18720461
34409261
37954815
51540011
8075211
47141251
63393219
23779125
77186638
65586885
17364835
27233617
16582368
45984346
42125964
79062352
44758609
16278437
60739711
32318734
52285579
44491479
70469795
59722188
59973761
70912925
78283161
28175540
57660274
58727621
37647484
82969505
83106622
16837433
32515797
87047683
62715007
86509937
37299422
65643057
75124574
76239838
11000776
65635174
52303958
51510467
89122640
88804150
79280817
83368787
22482717
38920957
42140721
34639320
17440214
62512386
82631025
23738013
51582268
93657164
70158589
78350106
25716059
28843603
89313123
84054149
