43768423
5790579
42138325
59318022
52108467
51397155
43315836
25005170
20525481
90090951
85655860
2862319
55774668
43032746
67563468
11039967
39046028
63145490
36069653
59543951
80913878
41270152
69781545
7732356
92432221
65848956
5236334
55108694
34524527
42873457
75230094
70609483
42515410
72114396
61174247
67722199
74344397
70206238
55995750
10640323
34549024
48371390
15432621
50554639
2665474
86242367
59919553
36866975
89880108
1905225
29126389
44412366
233230
66112466
37203938
11222123
68899199
78068891
81723680
49204902
70108108
29751996
8970170
8301195
76759521
19254759
18770455
82620645
77506724
26147014
50204118
47117636
62667407
81455003
86316073
14060591
23781347
42768352
25939912
33453935
30719540
69693953
15554986
86189079
91414828
72921099
85299775
78565304
79331629
43330278
44558400
58031585
31355886
75586698
83390583
70999403
62108213
82355107
36408253
11014373
24212394
65554358
80995327
57621139
4042717
63876628
16467748
67710047
50360698
71010117
17967798
70338681
34913437
86842176
66457294
31212659
66568603
15136346
37415899
27385886
34822611
78353130
82579804
49237803
54477777
85141746
34375324
41429531
12277514
41192278
39623549
35213986
11188034
19278362
69279844
18857106
13401705
57857955
73991602
92925632
10373450
47860646
52660819
18806530
31474166
21715088
66597539
35840942
69155569
59086062
64478364
75264646
5267047
37303772
84049831
44802721
80774696
42443767
22840922
55796893
78531689
28766191
14497929
73624347
30240027
91415805
3771731
89857917
31410688
54363692
48490046
9179217
86635642
61564002
12171651
89907856
21318425
54619000
85240611
84810205
89233902
18113487
75219364
5947167
14256043
59284750
75819702
46845610
54235276
5447699
55072803
35425882
44958273
69270827
65677783
46956342
1002703
22995620
33762823
29287427
91874365
12145592
17017715
58996947
26743532
47740581
61700223
32643158
18346948
84969897
38906330
45482757
4196048
73620299
68019579
61738166
53717906
39295965
77327541
36610450
25336786
84246452
89681402
71852976
