79763391
1195376
39456328
64833833
79790290
32874949
76877725
80044231
54450722
36486902
39500780
32555589
41833660
13927608
22228664
45206245
35686127
33856056
76826401
4249333
27208417
65094807
87367577
18162644
45767986
62233361
83701741
81141658
76936435
22025117
12699566
26872040
50817829
28600371
18901472
3409750
56414109
75120599
32541371
22627312
5607836
67496751
35849715
68617044
91528278
64256479
73956688
49075305
53144161
21512488
55405548
70203367
33074340
84074834
74356553
81461788
32041286
55454364
469260
21435365
55280253
38325764
15443449
1082163
84440595
54692590
53411687
55313456
11558652
38424677
11685864
28272113
45875877
39726998
25508034
21415096
24367169
54544302
82781214
94096334
74491976
23883247
54760390
62746587
56376391
2311867
45007603
19242839
89979250
63396451
68228451
69695432
65219017
51743008
28609951
29637671
41986590
6720103
65949019
85837861
87041816
59428815
39497475
20471761
86665285
7987098
48630924
86897902
28463336
41950577
81126004
33864358
6422480
4853530
84878771
12241969
91801200
30125681
43706452
34306375
89433962
54039067
30347056
47559462
44226524
13291635
94319033
58177725
44826794
20562225
53263572
56185560
44009822
28599784
92832290
73537126
32589747
76529751
36019050
89604240
74832553
8578098
38623211
57664114
58758179
6359592
21987037
3835484
55382704
28899755
18888807
56913371
38988021
19474749
36883671
49662126
78590630
34434862
70162735
68368691
16068449
1716746
38890667
70972818
91777454
18273686
40809912
82187870
8967606
1925061
20409171
26602568
28659906
27708618
72016284
29527023
33760876
71057877
26382819
41236753
68318863
14683712
42197273
7471246
62537169
46455337
44484142
72933027
73167066
59762645
34355420
86890225
92946291
92946293
58689787
52885572
40136166
15362033
93162027
72343720
11506003
14382103
94155805
43110528
34659081
12733287
46497041
93981722
3624533
81672646
76017525
35336186
27539212
17561840
89098748
87885643
49361205
13258440
70714494
34399614
18203681
18871068
52979128
55426176
43151584
8077581
21599554
77508484
77508485
19611270
45720383
58475540
29933533
79323269
43282960
63336987
84793531
44770006
69487502
29904449
51589089
71692452
73110270
81555848
48445946
63954489
27333064
42017458
88226920
39528883
47543968
93722984
62149185
39794785
60753479
87358857
59748344
81036327
35803088
32549035
88670813
18976106
47985154
38508086
4581673
12598912
87526186
85492300
17896997
15970426
67335697
28736551
44281194
17588991
77825297
22364198
78686077
1250424
30005402
87324567
28431653
85458562
94393429
46196058
66329422
62626567
93018371
71189504
21842856
11623765
24579886
19332306
13371594
57170338
31230631
41299626
6932501
39066384
36976025
8236185
16689909
30597093
92552057
59557015
42514703
36549653
44354927
72678751
60307188
86875955
51369962
48628794
42554002
33298175
11491822
93217996
62100274
35290698
42412073
6775136
15254099
19584748
61674568
41911906
52048986
32563067
5603232
8170557
27396786
92519591
39926855
17886401
93909329
73993559
23631586
67513206
1949859
60271925
80750010
46277757
42311670
43278215
16817652
65509239
47743770
20876530
6231193
