2811523
84987083
38685312
6959939
30926415
42315611
13286838
92160863
94509359
77212528
17472373
72254216
14443051
83077368
2069532
51597464
74030042
87083109
49727721
50203209
48717153
54041977
77309176
82238881
51837121
65049209
55697296
49839966
7996922
35475960
10372046
62311287
13550402
11235195
63647672
38630182
52138251
39513083
29507963
34768007
54502455
81445369
55427926
57506171
28863254
63786009
34648343
78846755
84330012
43574339
39214365
64029083
79423684
24252952
37302853
39721984
33726022
86215905
14649798
71912411
64461610
87680536
93468873
82168162
72886103
62629956
29971506
52382595
47454894
37792050
94327181
6287164
7196461
34493756
89469413
61788610
55670069
56259884
49363050
50366880
33520438
71831476
73169708
3292813
77141098
49669981
78085201
32211296
41242255
5391585
65079483
71437896
92778135
3193369
63202422
28207675
42630356
85651531
58795230
4958973
60109538
36453596
68873164
51888726
90686419
48728905
33888181
41632453
73293580
36600247
58216125
88413958
28785375
88878939
8480765
44860376
18189734
88385988
46068406
92443170
25894156
32109242
17814625
53454066
70134419
43129885
24395983
48077995
87708778
84777320
3681856
65079489
42216539
12374543
93613752
88939320
54585334
56854668
52149144
24961833
25945704
26511638
9104201
26061855
86332561
13664362
24268845
69831380
14629469
78853306
31073762
30251171
45431481
56778617
20119710
10666455
42906274
52075560
88982774
34982133
93780601
71539326
40491519
90739902
78947824
55522529
5339500
28900190
55599591
81390617
7316868
57042407
14112017
35197016
6797062
66598594
72417101
27838302
91358921
19904558
55245085
26729110
93865769
77738852
39525471
67498730
70403038
52176877
84798774
43156475
22641046
82277989
14712997
3416742
8636910
51844011
53290259
61937298
56093386
20410652
44953675
90137590
59898295
53271999
73896646
26558049
71168505
31681488
7193249
85917168
84621872
62474421
70627391
45875394
11089039
61648034
4805465
10045248
3416543
83380658
38702918
94441129
21550265
91506437
57192868
26639261
73520122
64491583
77553668
41895730
89427767
38473585
66616796
35988387
62810421
59515588
71000609
46726586
63113594
22789720
63760189
81454513
86829449
57215449
88557056
7092290
16130516
37073145
67272492
42200877
27680739
10090563
66577165
61969136
46322940
51456201
38303503
3135488
68658780
7028925
77228371
61129993
77230408
48360985
88964916
75108955
15529774
47490731
22635558
3693668
28766295
53109448
61247091
22684290
32251857
85127810
66111840
55737790
68238527
81483167
17677157
87344232
78130876
55577728
49346705
60757061
12837181
20303630
50136671
39630884
10330163
35475876
50433917
39984501
4079998
37733440
44702044
35093260
89274204
20613994
43095647
51455712
36985233
59875072
70507322
59392256
82746463
74493408
55472112
1718595
63832387
38949818
22586929
90105163
19778843
55096824
76004399
30020986
67079965
82562166
62014674
32570843
1620501
6288190
86265775
4780330
3237083
56318926
52959306
20812375
17769137
56243606
93251883
43550984
31854061
27233749
