6695985
41675839
65531747
47075620
60832591
29031877
76634401
69267878
78029562
80036053
64131051
66546957
52807895
19439224
32614607
10042212
66417600
9015880
54187543
34607235
39649143
85353303
62396452
92509921
69845948
7309935
6467590
71886303
79231314
18707485
68676664
21991410
10288124
85807619
15098219
82672765
12571385
90504930
42992187
14697942
19215352
66939994
77134562
69764358
19650460
85578914
49906033
56314597
4619121
21535527
30120424
94219705
30931917
57728771
17299147
33150840
11809071
37122107
93084269
69445062
66238836
55845131
35134225
11081682
74862595
1512294
19165478
90685541
88504606
18114083
44643890
38952970
10423911
77670582
3216546
7943394
5439033
16183785
62861585
88365817
58739950
25347508
64010034
37875613
51870791
698041
20781104
93386428
19115636
43175338
62828820
26844639
12155227
81055163
15955657
29444246
81465398
29631946
29819394
63581068
58973031
41237204
25326843
65391331
69445061
31744734
200633
52498491
40863911
36049970
14792725
18758628
19241223
73093952
27075247
77205014
85705596
50684200
31426738
77930414
47212731
58841422
22356845
76186724
57786012
14686016
76124760
52061059
88412762
74284986
34193487
46972110
54830901
52275953
65895377
76675564
21764351
34653356
56663855
63596583
74927517
60435285
65973542
89828833
87462905
24883002
60867960
28276393
39548027
47852115
4845065
26391789
92172662
37523915
45883098
4842443
51361658
51461504
75016796
53067885
37367527
76486576
86693198
5183064
93373163
9098563
12263676
89011236
84942099
