87427516
20717949
67333408
50030616
68337589
18122145
54470937
18676133
57576721
52790493
33878310
32298152
5854906
61814008
47953982
2282342
50204044
29704640
91349341
88493026
74653048
21823424
29634962
24092108
60631614
13242405
16827599
79717523
51064353
27489300
84764693
87899309
12753606
24744563
39208613
71443151
27890019
40450274
86683075
36847995
74840471
9399739
25500243
88929522
27400907
78148278
64798206
40800010
89242920
64695622
54267445
71026750
9827879
79591873
55693839
25752491
46505150
28519582
32451371
23027090
87339254
19517152
27442363
45921423
82451100
3080214
64692357
32572753
86294675
84341312
31421698
4091936
30633190
79321883
6302062
56320353
47084466
36606128
43349701
90464434
14288407
6938868
87791369
47822911
72482222
68947340
77379707
38979656
51900798
54047428
73334061
61409471
13850959
24095244
67594138
65983225
20151381
45788709
59322962
85684609
18390720
36478557
79967415
1913461
37253368
4719044
1949024
20900403
5271495
89026121
92580131
13914690
40288228
50112805
39100822
57115252
54248675
48821037
21961177
74577240
87177186
34629611
39698503
30471154
77118622
13595626
68504544
76972999
84314389
51158139
12278792
79039437
14908740
50257296
2444684
40024420
7823883
76578791
66479033
62625395
78351135
91995197
3667488
63531268
34072141
69515359
14277835
54425658
63589608
75585664
58896451
159214
54217864
65587607
25673909
56523162
4587247
80003115
72360015
21998789
35925018
77238036
24014545
40937747
32783593
69865023
63423861
54632013
22273154
73091305
79389439
19948722
18118952
87311392
26559023
57060406
46857748
64955805
55855341
10157308
78540837
2738765
19897895
73746682
15792021
51490202
6008766
83235835
26421260
28916107
26801773
92644768
30806546
47269598
33918159
68999601
76562515
80486313
84836986
26319744
7448609
820918
7767885
76263709
16472903
64178845
21565978
23409837
91407680
19610238
84690764
28962531
466247
61647562
79801802
81473753
91893087
10272176
30340830
41157967
20299620
14659812
17900851
29640595
46016348
68459233
81792894
47975914
79919646
60360943
65343399
62926847
5200766
50169511
77415571
84527393
41142733
69902043
43794567
14442883
52056477
61312926
19387693
71055180
49692985
85728673
38908186
69020271
78617708
42839243
13470916
77466755
42936600
24762602
31627979
52046132
40427573
21417660
22219371
36000028
7242251
43098862
33920737
91602873
77747052
30107008
25066739
65229797
63443830
4049011
31457269
89457008
58304465
32763579
40344129
44973940
32591099
14439313
31336876
91044858
24226587
20720106
74751974
35465082
29279568
28663432
11185997
44047545
2546851
24868648
83091443
68465859
42280602
22015824
57073563
8254262
68787338
24642124
35434463
57768480
18408660
67729026
39594489
19788337
35658165
65933270
45357039
9993334
74950939
25424343
689146
89277616
11469848
17477705
30723999
23121074
19154482
24974012
29937548
14525976
46605305
22492693
43589584
8937171
53455456
45099300
85340884
85182917
85591601
13387297
41581649
69915447
66588390
52326669
2210580
77825620
75510816
73659614
18280214
76831905
20777254
85227790
54656892
89300545
57030662
83308221
28160372
76253543
4483821
60947948
3752059
29314082
10644259
92561466
86496574
74397221
20565131
63267568
29354866
65302928
44315380
30222584
25955830
18405315
48484458
11846190
49218967
67595713
75664674
48055867
8300730
18189146
17986582
61866039
59499076
71211974
10119642
75975164
67218515
84051554
71238967
59655903
3286751
66641738
38424697
92472293
73153183
76017327
39748987
2551311
83847384
64125879
57712492
3557546
50615095
25331603
59597263
27846599
60470432
47637473
37265874
56382724
28540935
6368910
54914686
87645911
27180206
37772515
61718780
66277586
23896161
32479185
79138515
21077103
60913918
59454420
27437545
58036432
56998791
69914770
13365932
67245731
10086478
66901013
47711385
1993239
51992520
6961156
45678607
1444528
45762756
21657949
70395163
28349797
6276408
21355513
77641720
3503680
14015039
77444945
91893085
89879702
20990745
1949256
52811405
89362619
41659385
80329518
24192005
67777684
38000635
70922171
34503215
35961573
5828812
79488173
61129668
14906984
25823672
30454309
83130351
83292790
80899584
30809447
91457043
82353234
7261326
62488660
10315131
8011320
56970906
70597039
68515391
50586094
1312984
46844617
43637824
45405258
52409712
84093751
15449973
85651102
76046612
24086845
23292074
7350522
87879329
31696374
53356858
48884678
21296381
46773121
64702141
42385104
9444431
9270591
80322692
34518898
39057708
84981301
73223238
9728357
1001637
87182059
26444882
54563532
82756790
78455553
8736041
85621534
67773574
45937301
68901518
49957172
21915618
69119209
48040233
79459989
35606095
23726415
10204903
63118517
65173195
30711944
71328311
2856082
13021182
66474510
25925130
80666322
88724449
53644292
75711608
19266395
262870
75500783
31362727
55240479
90535289
29962152
63093105
63842073
69372515
21342498
3140764
71316375
75681135
69219157
63830751
17524359
60070079
68882280
54866217
72314621
74282682
56520814
54144562
23348275
10846705
22408160
62457918
45768367
43149846
11682152
40037038
16529784
17834766
4099859
91208746
57523206
29198217
58826028
28409448
44563683
51954691
645755
81524928
4163296
25990328
46034655
22863220
39472101
51531771
21470785
55511094
7142427
16558167
23601365
61816477
53230360
48590256
70666446
19457478
29366128
85609486
43775424
26422700
38893094
87946858
76574012
57116160
62097816
79199313
47736973
80370466
16924932
51933726
62195270
65914514
45324965
21259567
70466260
77332310
22305331
52496690
20145117
45716848
3348404
35738544
11280069
1587810
43820318
12246400
76132906
86246204
87515271
21742027
86662007
66438764
46666914
59785705
53561061
5152596
43050174
79780544
90084220
46643162
14145788
27584417
54567906
7893708
28094070
85434872
1682446
35163105
17499044
11118235
65049249
74570095
63621380
69507260
58258128
34477374
55549228
13163146
29929908
87729688
59860729
77625071
4303793
46825113
79694627
72169984
93068508
73174265
81005723
86598037
26764899
27258997
3429584
10928827
92198437
25832001
10704838
17724915
5327859
55602691
47586258
72554897
79766868
80206262
86396071
47624424
68665542
74614088
54832012
1990811
75067206
86051340
62989702
24548339
66468609
