24213163
50554482
42773785
5742974
88347564
25670996
46716745
40635905
84596007
48843071
53083065
16542888
79742092
30886098
47875732
78833656
87142950
84208300
91735730
6857658
79728353
85508278
9773710
82616388
26250846
72449521
50758249
66521830
31756704
88428000
16757857
50600358
54862023
859618
20930723
68485902
76142984
60337344
81012877
10102053
34204149
7622084
43599604
77674026
89094994
63081805
3598106
38419342
39809438
19950989
75408812
41814184
77540068
74132366
72833197
18816133
28873834
82520075
81698308
83583387
25527097
64478778
56648055
47207586
57591950
85415629
2004613
54496658
14838168
30280708
7735570
5532440
8191277
75610227
38111947
57673445
47957471
41004594
1669261
37931261
30806038
67917796
61762580
40874465
16752915
86672315
72931188
73943989
27615167
85851788
40265122
68247424
72184247
46279119
13533639
22722882
76421230
83379103
14858738
71694410
21310959
60904678
67830891
67830893
29042377
25984725
7569374
11577538
62951715
32326215
63170641
82316736
49909388
17158289
68844061
27197327
10734526
2013024
22966070
91035645
18062293
84833151
41190965
3857488
60995139
70057556
18669911
36351606
21782791
57233969
90734693
89710826
78595716
9634320
78379670
4216982
67902955
6366082
53346077
31464022
10894792
65786173
39278899
29438281
57716276
72749302
