77695498
65274622
80360350
5196215
35173043
9719582
20341402
55134982
71320126
15530065
38022881
826344
8536495
32309928
38431174
49903548
67716126
43478131
15136257
12362665
36446690
81446566
28542250
88150933
70666117
15523789
39662966
27463538
51227616
31323388
44174175
87788076
73543158
53034560
36643583
31718430
3960537
82400760
54314263
65035231
44551163
40579220
44963668
39409420
82738649
44139387
13602728
12094309
73770914
88681816
63959309
34921990
58730255
85355682
64226934
55202463
29303437
36150533
28564206
57329049
18692059
74886013
7827861
1195005
20386517
42722965
9124277
6362378
72264243
92200940
65943098
65833928
38385558
90260261
89779888
56724961
7318163
17573333
21264298
18440774
9946875
33928882
33928883
11142710
47236677
4905685
12123391
36734290
53645899
31834047
75633977
460331
1099690
82544996
57006120
37349543
93053455
78636170
13632312
79025927
89689749
64695778
5747920
36524774
12533682
31395689
26154535
80825406
87120728
76477750
84388209
83484615
40377984
1944701
59437219
51453670
92070903
42765125
12921729
78423119
86151008
63723568
77027091
81240878
71613972
69273769
91243795
17853055
91446879
36215016
15224624
59399023
79751163
2475825
70509297
38995589
49738531
9372311
9485841
64558691
27534827
90874752
85330979
64756083
39888260
3311481
88311037
45763117
75015919
14748892
66221790
66334784
25497702
27711547
51447936
88564352
14261464
36303190
50440319
24648429
89029861
25164788
80032845
80051180
6911692
91188383
7748553
81715888
42048855
49164084
4058426
19041002
34450194
11481820
62382221
62303629
31562314
9904496
66750857
68657232
961858
57842505
5892657
70845276
73506769
83548158
7232639
50105035
26661369
73073046
2339440
43862720
12561327
68156585
25695720
42318878
41320043
14665438
77566819
11400504
83666713
43677833
9192022
61502343
71956923
12361537
59779922
88908426
91413718
14485015
24777503
80895124
52273612
66708227
5986492
90002310
62228217
14839242
75927953
86927045
4683730
1159755
3950254
31494671
42025449
27361242
65882401
56437087
24483788
83553760
84164265
18025870
44354640
62243326
28226069
39481481
20141996
93027742
39127473
12031855
4343051
11110084
55765768
14751089
87566431
46103199
43309062
28625824
7418088
74770368
27690506
33053323
81481001
59723688
6886219
81968007
60319222
2293092
76440406
73346730
16901228
20050723
59246359
8346885
80148340
51281120
34204179
1665576
45730868
10442850
2301013
41386098
65710489
36137292
69823878
18095671
33359990
12075469
88441738
41721081
21256439
65398460
5164859
24422752
69097529
24421997
54557921
80081930
77136990
6704
78765688
27142789
52574811
76888810
83736969
24353904
217234
6166163
103916
64287957
46085351
61844314
29344725
12718522
1597933
31615234
75887518
90730065
14631964
16165800
66684967
63881210
53815712
36802715
46781755
9269142
53307820
15357777
39809799
19277654
61277993
74573923
18327506
91862879
17760615
90786143
32325729
91079171
80471424
12245251
20017500
25262078
5109903
79857054
355885
4017283
18315836
89665302
44729955
73570787
87373299
71053824
92576394
47236817
73948799
8318509
47710293
71157067
80737018
46428144
48760966
71642120
55978539
36426406
22588404
26046047
13381114
54798578
52875774
19335012
21231984
62391025
15208457
59033526
886936
2126433
74616525
56046128
72687286
59026721
2371849
3992966
50069899
88649611
31850382
86093342
37994609
82756804
36724394
89088188
7007039
34418991
6055951
42308965
10512808
35749816
61358906
38619084
38619088
6742647
44720091
81586805
13338765
39626093
11661918
66273044
84108930
34406918
72254686
52418044
54514028
26569879
11247541
49269806
32086478
77790470
24268497
54116828
71652023
12362744
32737508
84847034
69693201
28513858
36891287
4133319
12934546
40482081
81330175
65753133
32747884
57274450
78851336
66077217
92373967
75002152
43184818
49901944
24466375
8650914
17249375
32605687
79340592
83246963
22284829
19410153
39131166
13177233
10863483
88582690
27700429
7076118
85445038
43454363
44555583
92499593
71120448
68451157
42043979
38982578
10060007
80184325
65150224
9521687
87945450
19777362
50899485
62113025
2243555
39278467
49083426
17950816
25265948
47161133
31127893
45338670
2700973
52717455
4886243
5567858
87045716
66880152
32226987
6885581
88763985
32296101
34508663
40795464
44616732
41271176
38700173
47690034
57557344
2488237
46642369
63505017
27106872
36455938
12866625
88253747
87948631
83309206
57243824
75816516
49938227
18494405
39744684
29780913
50221794
5915722
27941011
89295879
81000203
43759971
59230460
28288791
73920930
82198935
48605962
83715136
46372034
10522069
70682103
82633934
10265506
50427420
52290176
50472325
79771567
70899564
26601683
20542029
49954601
79496480
76312455
34369646
58331210
55809471
41400335
79528320
8566281
15847279
16814206
87919437
88682122
92551056
29291579
32873417
59694821
73303319
33743441
71013660
71094015
49661135
51240327
49291134
61726044
19254131
22984631
15481475
57159485
77752428
46990006
548414
78431458
13755428
73906270
8492968
49390157
14347951
59195517
46884853
15046208
38652880
647332
71376472
13909958
165060
55654142
73920618
77188590
77329440
49106181
6082187
13202047
12529249
3714459
89379667
46549912
82371308
43282352
86206313
37453498
86918282
35777997
78107500
37953353
35211302
77438731
60382207
77302308
42431111
48370576
85136947
86755864
39182093
13030386
56693554
77123086
58864291
63911911
89601707
20632869
54974245
31169371
48514787
22360074
85276342
88329094
47353090
83980645
47462088
58506706
91764053
60401017
18866075
83858088
65428033
41128036
51155673
66453064
62233634
33469537
41922373
19839400
39832353
42937811
48751768
7328146
12196100
66919997
63998310
90597634
43379826
15695989
9786483
53617015
4127204
28248225
68155615
22589992
12571145
30031953
34038351
64059046
16106969
61014288
68371956
8374476
39512234
31313155
6160369
49554814
51923955
28823854
68885331
63941757
34345450
89064867
24700367
30090381
20864663
72559147
66444895
39855999
48549447
76636060
21932831
66198568
11755460
66989526
54987700
53242293
38231645
70049350
18517291
6664331
85811222
31687609
66750323
3602888
17753426
54580185
33232087
23574781
77004987
58133210
56078865
8225031
3756747
37577874
75548894
56863638
72807036
72914727
20907947
87310653
40244265
63972753
20628913
78827306
37012376
75852429
88262994
40233417
33972712
84750492
10765141
34195111
79218547
46483675
31982174
82356964
92332348
62164294
56184341
18554462
88870803
47092612
39347118
29059259
74622195
28258256
63896978
13110080
58409620
40626400
35274185
34876801
17779126
64487800
53648679
32205187
33351367
59744246
77025913
9641743
32409510
59156898
76343776
8159743
85259327
76151295
7563672
61098148
65104991
43298474
87202120
53500750
57617116
91600229
6243254
6679836
41726406
65108688
58637289
38877395
73629385
75261333
12296383
50414563
46083268
45746576
89872408
30671561
82080069
86608
58302631
66686524
7195255
19652164
44619095
36989615
10507335
17425006
61466962
64550071
65581028
86534519
90230455
71048831
6228966
91053194
18245021
22118429
42475035
10669479
8883489
61165128
71597506
63754119
51380809
20762492
78198590
16756908
41812277
34059536
64360637
92050754
65995864
76337366
46713293
27301419
17809653
18060327
46490897
86133473
35742929
85871509
36511736
91524285
51427124
26247793
15888071
7761025
32227903
64153553
10963189
64098367
64873249
49099277
58939677
31047687
1993391
8543894
68773098
41079243
78494803
40149883
50221092
39329876
74443919
57874202
44073353
34694044
57639244
53513042
32774922
52763054
54042610
70665087
85862738
13881138
17636076
36491695
69756681
61318268
1481749
11514997
57321567
26348582
84195688
68445238
85143819
25230531
82893992
16510140
2913406
8842087
31466693
53196647
58374959
40621344
13761560
15383209
70650300
36535260
46070169
31663715
71063956
37169182
45633965
11251554
85084675
39385022
71608478
12121468
73487868
73890791
86748674
75761603
81651501
15778954
74258985
63144008
62915634
67095790
48156024
4573265
72140555
79528025
37974236
17966452
39252685
78120572
64919781
64919782
68705995
12345434
86565043
42045571
30298160
49116571
67365104
84076163
43271567
17076611
46373804
68339701
58194211
36790335
11401258
15079944
6754521
54037253
18506946
17686736
17878266
53804077
45283093
67200075
26327634
89968421
24944035
7164755
92590704
57845923
78434983
60821511
87745103
6410760
43502776
52840534
4349307
63961682
62619392
48932503
46939178
80639736
15872545
14005126
14537001
39622690
56875086
81107994
9221499
24544098
28739410
30052243
67443274
12998189
23961141
14139536
85987118
13299264
8798567
92628085
31292645
49013380
9814557
36990685
51006278
77681351
35787026
32858768
81043474
60250376
36907576
62664412
38174363
77273923
87377938
46527774
59389638
84186427
3167652
17568781
16146486
46597223
66162378
52369282
9677572
49087402
79886005
11758767
19294013
81863114
36064430
12398191
37676477
72639986
5039137
32193203
89949743
91872546
62227750
81130259
55922320
66217281
3512560
77036878
373973
57250035
47710240
57950804
16836944
39693541
54661245
78152485
27983419
50258607
86954271
48016954
7096566
68427351
29930535
61643272
81233940
80142383
66217369
49412948
13903830
29495517
48284759
58363160
92049549
14607892
87780967
19046062
63191262
33497578
49733638
44755316
59384675
11530971
1844383
68722703
53553233
93024410
43910960
20396685
10973318
19085469
20366243
65997530
26150902
70302765
18236770
86506190
76172721
85007759
67006102
28167178
92868892
1555270
76784358
18906161
12274324
91573622
85556686
25866054
40905421
40589937
37730084
35690380
22986821
57196362
63857507
41699132
345918
33213893
48513774
52089012
54399911
70021490
70377879
15888074
66052093
61102053
8012034
82193324
84660054
62185655
77134252
42952259
74363255
54384193
28978446
70006154
25761803
6472617
32898384
72827350
42664810
11815830
73522220
11566018
11761300
25987785
9947271
18980926
40220741
70581470
48755422
73130806
64905932
25291798
60792580
35271839
92922276
8180453
39070648
47241530
3054315
46860452
90024401
39943202
51122437
89206268
78913521
41908153
64981313
86721803
36749722
68772029
82448349
66319799
31623686
76602227
22482155
70045819
3798440
17432140
89391760
22379675
37163074
70870307
82031501
19129014
69087492
43953756
34977996
90372477
37793270
2026138
32695263
76306874
85655572
37770586
32664201
42949386
64727508
58817584
49917942
80935009
19884984
21561278
43309068
53544750
67982205
65665850
22839291
53196060
6930010
88853885
90238217
12138217
4752783
64680234
11028611
5164983
25635849
12624369
75892482
4668913
30263749
42063406
3212767
85072360
78934329
28489009
5966579
84234825
84004918
55285522
70029365
16083072
7837084
6493791
2009115
60173925
30156355
77198343
57890509
77173427
81093822
29950514
63734633
28859645
31024840
17391151
7614808
50553098
7231165
74393498
62704563
75132771
50114770
45747378
21374071
23527573
63834253
43974398
64511958
91543770
40241875
7157978
22196215
89744192
66921091
7903116
70168181
12246295
88722350
45854347
21065886
62529011
19902310
6411990
26909686
30663642
52000444
79161418
65510605
89754667
10339504
1252226
70302948
13818866
37798695
2030467
66024197
37626463
37697644
52101543
17637076
71818107
65229784
37772747
42895771
27709114
38342466
35257988
85095571
27131425
41498320
76166342
83064630
73525772
84414155
6910237
40551997
25944635
51716102
53528112
33010801
86213732
73361780
92081493
68052144
57258260
32339575
53194482
71462290
86247867
68049629
11949663
57484639
75326707
8773016
75386660
51777027
59962585
7658008
75308307
12110316
49301858
29746760
85631396
79861042
35835538
21458684
42617416
78677258
6044323
41286734
88579630
58898847
6896450
5240623
789825
40842302
22567948
52474328
17862288
17393257
46446848
48196492
2249239
71171217
35983563
84805453
77581942
44628989
28596515
73739328
92817712
92832915
44779545
25727123
84484005
66942537
16686247
40028013
12823513
81935965
3495399
58900367
85971281
36791267
74620351
70434131
71224864
13092811
36543729
6992566
59762894
20278379
40743316
69276182
52056952
9012557
14338870
28548355
15666271
41957280
52349458
76223877
38607773
11607449
2274205
5545529
4431612
35191694
48271287
11818248
40842555
1022584
25143850
81420742
22334030
22334031
68576367
75255265
69830254
60595100
48436576
33622656
48917501
91637039
2393505
63521643
39234413
14566970
17053612
6088304
38608290
55167114
82618424
33946010
43284160
51999526
4344739
59693294
91828420
87289266
58085833
69449231
18858776
11476594
12560709
72808769
59921747
2725306
36394634
4485051
64373618
72251685
91820958
55682361
77867509
48988760
59581424
63043240
60428508
766513
2800942
28361464
1873862
58880893
41290389
64705340
68978667
71942528
41074022
18648584
13491243
68918644
30633580
92590576
16058618
72616043
72076561
66650851
12187664
24842116
75406792
58211635
1813509
885148
40821577
64274464
59984654
12364091
91821089
68825212
59737447
17702673
83565575
47334303
26704773
8613958
81926844
53000442
24300876
11683999
18968287
7590159
41874847
81987183
19120091
85702839
37511141
26847062
67112084
44206215
1546072
7708289
21558674
65051560
62637354
85225338
52903756
14085758
23177458
69524950
58282850
20906491
59923648
81653664
18353315
52312264
90185362
38489290
91912634
21912890
8142717
33489382
959052
62472093
47710654
73658918
7754141
12635650
20195639
16510741
58431142
64350418
50186411
64974720
2756186
82184234
4105906
10896515
84753468
73411976
89833344
89435210
43802006
77218541
9820828
38133586
16898383
55436381
30600661
61987534
60860604
57788335
1912900
62933209
61454857
8007411
17437671
90657104
2592665
29308839
82630719
58937579
58535996
2773840
33346583
41682293
55936781
71650314
43091004
56595194
19302406
43640825
87052793
48807530
87256392
52637050
88017468
84181851
51865102
30792463
3448621
7482740
16936782
54148304
11953978
88080843
7482737
64190632
19650171
89019648
31501324
86826355
48810507
24881489
1019102
43350485
86581731
74490827
8714336
37770584
24818855
66402642
64370716
85694776
70895173
49473155
84747822
90917935
77481139
10766532
86139176
33231371
78670861
2973443
46567315
87463625
39990216
29476881
4129718
79383418
79359419
58328461
4200645
64625020
25905672
21273837
13054211
966662
88983036
41385566
4840997
76727496
44752038
3274843
54761258
82013549
68893656
59987368
31638181
43441076
92263174
20659197
18903157
89595103
22878060
44411826
79528028
84484577
27125620
74850258
72560758
50964809
22547008
25264964
6854693
14393013
41036295
58896329
65808070
46703401
90532449
56690583
43640026
12472614
48227593
28120904
17485221
91590051
74414934
21155938
91937703
50137842
83229173
4074581
92252632
2072984
21230613
48979076
44834172
77746382
60036912
26834158
71088539
24410596
74392384
81440530
28382083
23112921
75507197
7089756
61308959
49489887
40934919
52755619
51193150
6450600
