6515486
22613963
5677905
93202862
27781966
11443394
72454665
2389855
52250366
71962614
787834
78101526
16238806
5743111
38822979
41296112
55564015
59535443
70630804
9113092
81545422
77201766
65886344
58025670
7663570
53042455
16019031
45883478
27502311
41126104
47437799
28676105
44687485
89219888
62152843
89981494
55672995
59895866
28266571
87429278
74948610
92526257
5798099
39935959
3415643
69003266
31097883
67597219
56542086
20453111
30204397
74177239
71853474
14994205
50371280
91791576
83100060
67010460
8333956
41044159
63808737
11851875
23900634
56482870
86290667
88258696
90500585
4289666
16671001
39008994
20216830
37544296
83647421
25424040
17357145
44185118
9354125
29993381
38640551
61540747
29918419
28658301
82838737
8786250
59653694
35237134
85852987
27880550
72590614
14023839
38173614
26791451
45340692
15275879
18307365
88197343
163501
72217590
53032978
23792487
11380650
14674213
40401457
84606534
15196191
6009231
75229740
6694333
89108608
25139535
83994157
80206960
25826740
39057111
53876140
18930075
82411974
13007703
86262859
21074309
91231192
7715381
44861011
26530009
10051574
82005214
46821522
32197067
79528295
21764083
8052165
85187517
10012949
66311937
27257775
5777041
46598876
79830369
2324328
82067639
94286967
26826427
45547157
51099472
38871250
81466667
62514973
19139553
70024865
32488194
31164270
25443498
7409816
77926306
51812946
1503376
90761609
10116079
65219957
30369864
41958585
12194939
33215344
67657593
2508677
17316437
47229696
71977632
19802133
24006293
51273985
76649315
53815045
69393102
25101854
82759184
54249350
67237368
79180822
14997208
47760584
39769492
61146054
63437174
9402751
21241706
50735631
66896623
46708730
10603680
28495096
90404294
69135346
14089453
14954366
40609764
57220921
73409116
29503554
69431552
75914687
71623958
1737746
40923267
20436696
56371462
78101951
5058810
83834015
11602670
88801761
73251405
8207955
37775049
50413931
19735713
6689443
80358016
28256711
41130626
55019763
24150523
8225976
28212539
77313690
86957928
70508049
39322191
49503784
3143508
83340092
13611751
82708341
90019625
11969978
25570575
80566399
55671804
89230442
39322821
94239852
39910177
94662273
69448661
85604868
9538741
89469531
39520447
48033340
51124385
22457428
56125712
76922531
23141095
60815542
42868078
85977557
63867833
63076832
86593348
17927573
34395487
39455353
13280272
1649691
34769948
85217915
53704579
33048420
45079432
75350791
81815023
36164509
84418323
56351718
16926135
45874273
91665718
47739175
31514334
45729361
37310379
73927645
41524069
44833531
92883227
62460023
1724827
59514416
70334190
4701656
8183708
89899485
59946451
51522703
12876699
60570882
66559459
589169
60875748
26745879
36943865
33093751
16256440
11389649
16121692
83971949
8511110
71466646
43857721
37014616
10913433
75728077
20094437
7869891
37698404
77416436
71129169
3068261
73881470
29774474
38240791
44105482
29065174
25486262
77714723
61149908
61149912
24423359
57404637
46586845
41804695
8261302
89522057
55656219
54947633
93264940
83398318
63202426
28010618
76410512
65051640
51960032
43355834
36922213
39661172
80684402
40776592
40313572
67088461
36299531
72467727
12411653
80358499
1196764
83918461
15793229
87712066
92315609
3612252
29200610
51882547
72237838
12343993
61851173
16382441
70238906
18545466
22313893
3825339
85647917
73729541
39966771
12134041
78263682
57633329
11937920
63445291
1000352
15668333
54152777
48104799
74313328
27666227
4790117
71765260
85760019
60705354
1057433
24622648
45770005
56918393
8440313
38962856
34091361
55672010
93925164
12590473
38878651
2463788
13017403
24242572
73240024
55321041
71883534
40541742
64327424
46733217
58063320
32169142
63177090
88806982
90686958
33015767
93545072
4544936
52565727
28468867
93520505
71751922
81126921
21756644
68754081
14739502
19468728
44522489
59617161
86496525
20765232
4475888
47153555
23505059
6084718
66526777
62407788
26507763
20943409
53863543
62254114
50846670
78589598
17940639
81510784
87385046
66221775
1687876
6468595
14908946
83501249
7431497
90801131
71923770
2616130
8516584
33098619
50015774
52762368
39933143
19232799
18727565
92505271
7202392
42738166
54665501
40233798
57105781
88565406
13137984
22236676
60268279
39100619
4457837
36542353
71574617
76453745
13614226
6692449
25022115
49038114
29160683
68791595
17085685
15414486
63364472
9159468
59238950
