77117465
92648679
42712682
54064583
26769937
57735646
26615417
15080563
74176466
14880009
53088437
35131511
35275837
23439582
110958
4686204
22763346
72030465
74542935
2539031
23354317
16796684
39560146
45151752
49729449
57354139
87581349
4902484
92313341
74617930
62103385
34182689
68280876
29493119
65717096
24830674
46954676
91344065
89535450
47178736
39324532
43013114
52560074
26530205
40718273
22327173
90766720
43163905
70785430
39557659
91137328
32953064
442266
60233708
9909427
32996253
31523473
72698857
56185364
91880312
56158083
54082032
84226318
68374609
89060171
27875718
62665502
92916904
70404845
44634124
16624878
40952738
27468184
81057384
19181493
67634381
56920294
63727762
16585358
20946011
64445945
89937760
52111796
53854112
73102084
71729243
55712452
56141921
72104462
82365302
54975028
24878624
32856676
47174389
79941833
72485183
89036560
49241629
28114374
72104461
88632166
40613620
33981191
18162641
90201648
11982894
64222323
88675978
71536712
129774
80700682
22045015
59438707
58995393
77398461
34473075
85702460
70780161
67222380
21179707
43549573
46991781
37408730
79752936
39369285
84048360
57297819
54459329
34404867
13148260
18428878
28827891
3028137
38657703
15633975
58893441
84071993
1706048
10117952
74035397
19381646
79898270
36917977
36090819
58438396
61635694
35975060
82588486
16016702
33826980
69981377
79062436
58190688
36426533
446279
89040122
63433798
15024651
33106613
61033154
92205456
56552
69623339
8890772
69975024
20439661
83920436
79219118
66294786
37527313
59157757
18318545
4215706
16237105
48309766
20291888
75434055
31757486
48694790
33120889
64900019
6939589
90713828
13269115
57656346
76307176
30909879
