31692404
47119180
14631734
70511947
5691826
78581982
16071676
57779091
57891948
61494940
28348712
6039733
51064353
41204878
48061256
58010319
79314442
56587589
14382155
19773696
21871416
9082214
24492781
10468777
23337246
72068142
91380741
84969015
15734531
55451956
25252089
20763312
43490419
81348243
52759751
64859281
78063716
63445143
52273303
66319594
77540106
78419866
92374243
45517276
8040746
68278427
62477197
54004763
74639582
17293654
42062382
87382877
35413514
86376418
70781673
19426424
9397919
36958651
73431035
76188760
70951218
33116687
13114612
63163547
62283902
5467290
80241834
39489155
4881375
44098611
24896411
69373957
54822166
6629584
11765643
66618105
27042203
85327872
81496303
18320423
7226427
73077415
61312264
10349976
29780676
48385058
42897648
51525542
42677129
46906546
77961196
11147576
66093006
64819698
66342118
52041955
48396307
2681752
77597666
23054309
33623197
38225843
79758925
78197780
47269598
37240799
65203445
86248748
16134213
67950740
79548902
71270180
20385491
12825411
75701047
41105745
38763281
32656641
58909730
78525592
33623619
61846807
44701532
6689252
86353614
90125601
76679630
51974342
32471602
12098174
55966556
87147147
50964766
35403256
19806017
17070382
22760864
83571804
41466531
61044416
76817097
38467586
83216319
80266752
80485132
34124172
31985906
79740830
75675629
77014679
28916671
80082839
38343229
89073463
37644610
53328316
8254262
43630666
38337252
38740572
38318418
53977134
1151579
76465834
83108616
64355527
19947079
61316726
65739439
25120681
83440342
81725765
92632170
67078993
19935262
39782835
30375582
9248227
5254188
3071812
7388825
74809109
30954705
53549844
16557766
81360790
50334775
22496418
89050940
80720217
26194363
69837299
85532563
23549037
12150674
38496214
3087700
92587503
89537470
63098439
23559723
11346097
6007470
36577357
75512143
13185080
66967008
28629651
84087220
29575210
45190086
39129732
88330873
67259389
26132189
76660170
19973648
46823201
5012028
53724883
48095242
49116753
7686578
70164760
62159929
91557962
16947112
1870679
61859305
32938821
93083724
16197318
27480803
553882
21072313
68021787
9458795
46618720
17500814
20630056
74817545
32370199
80322692
92862368
53046068
34508985
2373342
59239022
32151227
56593513
59867707
66428790
91545158
23856353
25212309
38749191
14524378
60840487
65983751
85129919
49873939
24274239
65436389
61815125
86984638
58786199
9995722
19269763
36558336
79070431
77917607
59749167
8626988
16050724
82691785
29565436
57934178
60070079
15960630
50571766
6598768
49746267
82368309
83876600
67792000
21849882
1698533
41444595
17748594
21458212
48251273
58839475
6144710
70062975
91406062
36410739
68798681
50887514
42224495
91403601
5504748
89680895
57686259
8778310
30900229
87180233
86550783
37722335
64587457
50409476
76132906
92283177
71805387
46711471
80783148
1011288
259301
48215668
23781571
32924564
39086225
73408790
75078537
84146187
54802902
10171715
56633044
60011766
41674120
73687677
15980121
71846173
67406262
80855366
49432031
75447163
66492557
2361675
