16493622
36365645
17136972
90629835
68829805
247956
90626023
80995941
69914155
57955903
27169527
9385331
88140598
34873878
68956993
77883614
53133183
45485667
19843430
61201563
30258214
45213088
19507255
63526847
21035825
22908271
50607066
59753192
56270161
22594398
74669768
39875677
25331219
34741359
65500643
80130311
38011165
67450598
65983701
4457594
25403009
82682443
87620495
29651710
16401461
25954566
71996316
15511659
77615946
23794838
29481937
28347372
44177928
92369223
62661201
32171705
83031860
84644330
2111509
79797652
59925272
16845082
34655268
10413535
70045082
46493391
77112548
43844908
14930571
47414069
17086530
49564005
68225495
66648253
77991666
31917162
87530353
69283690
25859547
26640204
36565526
16636467
15150785
893152
12708756
48691279
51635683
76214338
66857085
84595423
28195222
31804938
51187004
15519207
62043859
70072441
30287407
32777398
83000287
35975833
76847875
45833941
51171509
70668436
81442421
25317866
48584080
35162674
70026076
69476172
884547
32067374
69116425
71246581
61993379
45197068
20806687
41827082
64394315
25041095
7082183
28651249
62071468
74979894
71483137
71562713
25360407
30659491
38283352
13413842
13611139
38995974
68217690
79167681
5740987
45794262
66776060
57043654
26276139
74654980
10474364
21172570
40211336
18853437
10410025
40681906
76172568
91151177
8019957
22135094
22475712
36696139
71855728
22502582
9451135
67487856
56009214
9885870
22711052
16953539
59620491
89114693
70237413
32717858
12947538
12694596
70218976
63135511
72261020
82578957
352842
57942591
39969606
23505454
75191014
2901580
66379077
5530104
48551060
78777483
46540516
78841940
52552865
38264725
68971164
23478753
55568930
21673213
80992615
3936635
10605373
87480900
82088447
77433346
37895315
70014054
15387240
10135870
55194415
71856660
2043204
50154168
86701172
19487445
66582781
82851290
55052692
68228481
57383253
52571894
71325480
25882181
39402149
80428447
19197765
40375953
82527648
17334404
29254892
91768381
59014823
31765606
29686341
1004640
29158251
40058509
14884998
63404334
24197836
62652677
1329243
87501541
35433955
90925498
64431415
41443947
9808420
61273057
68473294
35826802
18079591
20576110
32588734
14799103
44025110
47793092
32479520
56740693
44224223
45664691
54817906
76981110
90437663
45476026
39233602
55502500
85791487
63534857
4269416
63357202
22491328
15901017
25311359
66893358
21736221
13955940
91583954
5549988
31828855
63401608
72010868
51002741
56779557
77945408
82693975
38101417
51026944
33110507
48471950
89853958
50105970
6683436
21409843
89378842
67893048
57598653
21338086
81140528
52759390
90256395
78382582
82152710
2133623
32662898
83586651
60806597
87561651
4425117
32858721
44384533
65527356
91945421
83704398
31249109
91034838
28422332
3257525
80597632
19473789
85532336
19491456
83299736
90048571
58185166
85133145
6613119
80385611
70194916
50851538
75390672
29481938
21745123
2746459
11301230
57853890
42810134
34228950
27593662
26000623
91506081
37308021
15585017
68377974
84935109
29766618
38117617
77339509
44698687
37959554
49830824
91308661
67951797
32743112
54472573
12038580
50115563
63449178
34605382
47720791
29770172
30610891
47067109
78708212
6172731
21501508
84055824
79289854
42620620
35557924
89114690
88637382
70608898
44083245
6455409
29750878
169825
16278560
79162079
73900355
82071488
50295989
17429641
17552011
50528250
61904763
19323429
31969123
7981417
91765261
57041343
54559799
70600495
19103851
32671029
19847027
12300497
24392650
18942585
70595315
84194441
81043487
33435789
9798660
35971633
1516270
89776267
70012562
87812825
92857086
4571994
81758355
75334333
77049801
44501096
90866845
