89796667
77312663
29191941
85187750
67106563
58659527
46722899
65932975
56834161
47526141
68228843
1746732
76763859
4869604
90172020
10631982
1467713
55570489
79521164
41736317
69322542
35004979
71583390
60247534
17709602
74623789
44710146
25499428
87148860
68291746
18913511
82189847
44202199
70763372
23261579
6611634
51813343
4522938
30250008
55237507
36357013
75129404
3770905
53283582
34270348
46390448
33185349
22731134
48497536
28131772
29978695
17526360
731476
84251415
92336662
59065141
14993086
1548565
87295927
58877030
32522835
10800143
83875327
44367661
26135337
76660364
23116276
92292722
44248038
63318100
43084909
75568663
14584688
3160641
5256792
5256793
71481521
66938030
50926629
26631533
11270536
35706278
57311654
22046268
18130853
23826650
39779389
33921279
