83124143
18039015
8891583
52751061
56476591
67867084
48451604
26485763
69348061
29220615
40724521
43918035
76615030
32090768
25532753
5867391
81990106
45476228
86862030
42068182
12225382
85355720
71389958
75477345
91955699
63068185
69812867
18430697
19514193
69143838
7512910
62725689
31087050
61407229
5230852
5981004
41452514
53883491
9087822
19249614
88542025
24944293
1239994
55125286
69403855
1329973
46068009
79247197
79515534
11591402
73348937
45351241
78689590
64864778
8145383
84542064
52773991
78679029
12538888
78336895
68700593
13983467
93032933
91119022
30132591
20454336
53513321
4027138
4027139
6990032
45727074
37693020
83903170
74460015
21610982
85834853
42979923
64708820
68509083
11178805
67192905
72736873
42135365
26676007
58650771
12488282
25966884
45389206
85317304
75686472
87938021
76777282
61039492
47149118
3005886
40167825
75093574
21387740
80942873
7395038
78184617
59909941
77502106
87123155
8469337
43580270
11827931
74832646
73400632
11178811
35569079
45370227
19932835
50395092
76793865
70665439
41538718
93938852
94313834
1477577
61465146
8298398
58060073
5864688
81584311
25397834
21890088
33358489
15228049
92714940
83236186
25979487
