39593297
83997171
45238229
79607346
989424
76519154
38331853
17401588
43282074
44350057
57279243
74560213
77904337
80229122
84268236
38434482
93078595
65311591
92403890
283502
47252728
88240556
42561787
80344449
38082024
80822801
27721941
78879939
65398671
5132140
46399729
26744519
11073221
14638917
42987160
55973075
72102280
49784331
81587571
29544834
58479203
83669737
16782021
76583637
84043213
88309863
90162812
36238450
23121236
56338373
28557469
34202125
86605636
23511271
66021875
39197882
39845769
94362412
2206090
68830888
5304855
65862334
9794375
40189758
33448092
72316210
40339866
37617110
23840270
58034584
85815617
33669164
83134419
38633179
67472029
9443762
31905892
74579855
44805208
28395569
24615931
66179976
89536395
92396336
24223634
71483545
57269799
26382616
41843009
79652793
84574456
16380495
66482793
9503620
93808897
14330704
41957591
94390469
14756801
52491318
15710912
79167887
50627659
72150917
16451917
37819413
82592820
64621924
52545009
4617887
50995426
18899755
22440948
89148992
307037
82372282
88847824
55605126
7100973
55061056
76800426
13507713
90053776
43498297
53413597
88708457
10904147
24398160
19111154
61866090
32859863
89712171
85179077
10739326
76064843
41566376
40007060
69111734
3121396
5813419
74653363
16216930
15960245
23647842
30129946
94648595
11502486
77431185
71005596
30725661
7507749
8746606
15734938
38047491
68828119
72702473
55822165
50442014
31059882
76450774
39117452
7236021
11312415
3851486
50586059
28412749
62993273
4093132
73843828
72490220
9344562
67063350
37326785
59155762
2498513
71178773
70450016
83384642
708017
37643405
17842160
65830114
89855594
292165
24097903
86089766
18242357
40684577
89488535
42392787
11829391
62707502
15343431
49266385
37335950
74341835
19750842
90440618
17792062
85364639
33149852
9411138
80661524
84864460
92786515
71926239
48763116
90150951
44677516
82317407
67521394
87271459
48228745
99452
4714023
76502901
54611193
23221696
21423443
50897942
40224087
70810189
40605226
91022767
26904845
19261711
50922717
83949601
40279187
39116883
44926942
36312747
52489328
1281502
33445372
49192348
23681223
77347514
42869134
87006882
61994526
61005699
5665838
25911167
48945990
19731049
25997297
76475124
77997941
28902530
40772969
75128987
59748693
55395432
70279211
80933962
16741611
35504126
72128805
51482046
92813020
5283939
14276748
22038138
12145738
77636764
35314363
76702854
45916667
81168585
41782119
2276635
6856296
40244147
84859593
11009891
41523978
26618436
30906060
67217156
37634965
13280910
17079112
76998316
3055999
44774034
57462184
53683845
9710692
61404251
85675688
25513490
75504031
43004549
51179087
53461098
69435265
39998899
11652460
1137225
82743082
7347185
43382169
25197352
54460300
43541086
15860890
15952990
4122195
67414734
27772804
88274778
38030780
83126029
37712851
51328312
78589679
45591615
54771356
83684056
66910038
61831658
7713282
89798507
58368567
17897945
1860405
73431474
64313195
18501473
24258118
25039191
61182465
1468073
71178478
19045890
62186626
