30489902
87060139
14225289
92173504
92270722
87376319
15128668
84906353
23123180
1453680
41968119
36634875
27072863
91346679
79675688
90099732
4768939
56022849
29239295
38966923
79520008
65906121
80665245
66867274
92704337
52347981
73853993
25625593
23665637
50267008
50481667
41505385
72811336
66186304
9604127
45974451
56004745
43785306
67054776
37998599
64282399
39970187
53306818
66103535
55250013
43114640
16809287
31996229
45285090
16291821
26237206
64332349
71122060
52496478
197090
2887725
12100293
19172244
43478338
52646263
84597206
44167924
8811487
6145413
64657391
