28887756
4930921
65716686
92623530
85670786
49335433
50348106
54621402
30521069
56692110
20389861
40363572
25298563
40920355
65890292
53036062
72983039
81346171
15850499
68914957
82605428
82348724
52382490
92495326
29629777
88579674
49998968
72441154
37803715
16867271
69996612
69746730
58068201
93005873
64547466
10234610
22660383
14089322
42829708
91303160
27090011
57266373
45664391
83408544
12669401
89605699
69781428
6819519
65829904
63542827
44949000
39331326
52382998
50218374
18601289
80542610
16959959
45658342
62284770
5175443
62752416
683838
80359667
92157307
23239892
13981336
34328570
30534785
58950016
81805752
20126350
43765342
79535414
37686055
69578941
77555573
82188080
47024297
73421969
70008585
51937837
35296023
55343302
42624555
70791953
37485350
43155724
50289049
28157848
31135261
