26642319
9416475
81625991
10720194
16108793
1019615
40543670
67271126
43452607
52192753
73207334
38641589
87148791
37525992
4552131
18237560
71017740
77796012
64748529
12066058
38497898
57303893
77592457
39005111
92847034
77111093
7910250
70947063
89072334
47721982
74583767
65962421
27513055
78131203
55789382
68332050
14594242
44647837
32092369
40360099
51448415
67094680
81349738
6127365
56644470
53340760
17541096
61487900
25582778
72438182
63673035
25611342
49126358
27302832
70927521
53114132
43883809
35919319
58277744
38391029
87560419
88303328
47051260
27276683
86603549
29419287
10525233
73411488
43934646
90306034
65918864
83355130
72637703
54532595
18510574
44224061
34561736
72445581
53809895
17622547
40812795
23941005
17742835
10902864
64559758
12538520
67932428
7109678
37688840
63045863
15114458
76600466
18131944
84198920
34901813
65501028
11122116
83939104
39209091
86066179
49616236
34819038
30482881
77933991
23526639
41420789
73735925
30859838
43720619
33109574
44397270
26112324
23522211
85446194
57452705
29346983
94557558
35341015
31932068
18691413
38772410
28728451
61830228
33298118
23092133
14107895
75196064
44238471
59362078
79193379
77400917
77683470
55320290
65060354
28720151
35615354
72057114
82407539
64421607
11627414
72076444
85194823
1840215
65159213
9854630
40024322
26831131
64119635
10889604
91034656
76991262
4851144
12200484
22310368
48588267
44436354
82942133
76424135
84467376
89053832
79408431
84720111
18383318
83266359
35284689
37186232
81717002
34737917
57853921
61225459
50497899
48296709
55129968
59482608
39065813
25288930
21856701
70043224
1383619
24468806
42895315
62349975
7209284
70907015
82476126
24208592
14027482
7399108
62863510
19800514
46194840
33809173
34466622
30976184
57045693
92302554
77437492
15119030
6431304
15316081
22399805
40202726
51749052
87251729
22044129
77424771
20030685
24796783
70665931
56646201
2315588
22540098
73874390
60651562
3832611
21849567
24364549
8631227
56679622
59534522
65339098
52401644
50750210
10749026
11123778
72330722
51768089
18425810
74746833
91442905
46350799
27209571
21224067
1163567
35573379
19018908
67174712
75459911
24522515
12470522
23137124
35226386
62438331
73635417
1153112
82642497
81145929
64266535
9539565
8218576
43151533
49042200
92055033
46614670
35728345
16317905
11733150
48227121
71266433
7109681
7805470
19250812
74221362
86946477
36946288
24868083
