6189126
52516439
3177504
59257077
33308768
18669715
69697251
52056542
71616405
60144043
14941144
57770685
28681674
52601928
71020640
30337257
74198804
84615279
37126372
12614422
80158661
86229149
64781453
85630964
92570709
55683297
41216064
3521231
68667640
61778199
79496569
66064447
63273739
63624320
3963645
64741498
1862742
67182910
64777969
25160856
20225333
72053852
19213839
7274396
10329160
11541361
63706958
38222997
84257837
81576960
38176085
92774995
68213030
81538469
39328656
1173076
10610410
37419580
14161316
65539078
45016458
20199969
75783911
20989117
13405972
92702272
19194459
60364144
36579302
43669361
49074062
72454872
28592472
66155337
84055694
45891449
47777137
86348510
7423025
32794493
6292608
77149772
76414418
83733188
88914301
27613055
24746640
71250217
78202892
90367236
8180664
92984748
1973662
87675280
73253394
90169830
