24819909
16797235
55947145
60863979
33939401
41094055
18193515
11728351
12259326
37025052
2797528
27817842
69044457
26479380
17866198
71288104
22543899
30593054
78390170
84790562
92077759
33827031
33565964
71082406
74098112
34786698
17090942
41877465
8178421
14195614
10410960
65379237
7613149
2841407
48184181
89836580
22032928
42735559
39376781
13035971
25151398
62313987
21960379
62994554
92953142
73232414
82770490
91193228
88179726
15848146
82067907
23181802
25474858
78370393
93161228
23762307
22146713
58252672
56276774
12978695
10421014
1361120
38455124
85896822
52167707
27470280
63714903
44772038
73572245
42745243
72265547
86895954
60260190
59138725
5196989
56298910
71216347
79981789
47696788
69993880
80919558
23464110
79073136
54296932
65033905
65604979
82488815
17700505
51621292
9061385
17971512
57339827
83352439
89085100
28423618
39716997
35917846
53133059
45399344
25547103
50088161
86840439
61539392
71822351
84152885
80588106
46251549
79521798
31480887
91825174
31163210
68265971
14869533
44520360
5854912
37927925
21181922
24043021
15453892
20855864
87337012
63590081
27778758
51358188
52044383
40488955
5777832
22611795
65518561
84308058
10861893
7498962
21807385
84374680
4188590
94408549
93638793
90175612
23133463
47422716
33834615
17039245
86244706
28093644
83366890
39878958
16634498
70028737
85282896
4870267
56040872
31050514
45341711
28930568
48123156
47783808
30466948
92567163
79136214
23869865
23072092
94511544
36639573
72593952
36902065
37398931
94175749
80778636
42821754
55492516
65685639
22445839
35024453
87349859
82335684
84849199
33190415
21754971
10265683
43764363
34523002
1091650
80919143
43826232
59990780
87500812
36571645
28942400
84229194
4359267
8552495
94150187
91325974
42362014
44425069
29872605
68380568
2560907
30126858
70183365
49008009
80541439
11775715
52314188
85122104
48021939
60099963
80645596
54694462
75157785
63312940
49999502
58463557
56572326
69870328
25328156
72625118
56744675
63764721
24278746
55917093
57644666
6311735
2899477
19953798
1816582
46468001
85630464
38806401
1800826
88443787
86215414
34120075
22823464
82526978
78421796
73831555
64896672
35596913
79628307
29504819
16799237
92773333
53215921
10238220
61174569
35582311
66402486
63490048
70843970
24758437
87945706
8805770
60319231
37338441
22036186
46291027
64497408
91867410
91509109
79613180
74185813
63729146
66775320
13165251
85780798
46499004
62601659
72803715
20588819
82068583
76147720
56401634
21856342
67579645
89818385
12124944
35479130
25433332
48247061
56383142
64909096
21372942
54703652
15703897
26062627
87248781
64026091
56798099
19640835
12457852
56535194
56241411
58975459
44303699
31559130
23706502
86036810
29217046
34912994
10834931
49506720
74069380
81287945
19828556
83398390
75807108
53295252
6237967
3438533
94358001
55052964
47285574
61840347
402559
34017878
59748129
63282433
76435947
19162950
67671845
1158893
50078353
17568917
29776869
11528416
67548418
61973468
79981792
94595272
61137903
69931994
3574260
62447976
1592775
47191391
93010099
64003527
94574591
82958393
58890713
31220416
14575089
65234705
14882942
79095555
24149553
43488161
69445011
51361800
81080593
18772671
94067350
20237294
71076980
40546875
73929175
5078092
9087124
21781083
6541637
71684029
75596531
76119043
55315109
1270607
44340451
81835174
87672569
2024725
56244968
6365803
41453403
36897803
46560169
72569495
46293271
57971492
62671129
55344276
32328191
50515309
42254534
71863655
40391312
76527537
73595767
3097634
88982091
86753680
80213041
11983450
20339191
39837327
86639025
71938039
47620053
13033013
84566287
82244951
23902302
58527916
35931475
4474189
18491404
151654
87575007
36285766
65254240
14205607
50784801
8509959
91456628
87996935
61316204
48636044
45387619
38127081
23234185
33606760
11740000
57752010
45557804
42362661
82701444
90620351
9832153
55811413
53070096
18390632
59588967
55370002
4739930
12213442
6506524
76896427
45110369
38402012
78776810
19899901
3210158
9892745
46457311
68827041
51935738
54551126
75848091
71641765
28021001
70504976
6802517
16889802
16425224
22673699
64401349
69584759
39914908
4058223
313001
38249938
15260995
46451139
80264749
43036433
55558504
84196681
21222643
39054424
25582335
21534822
54800032
38369233
48235841
30065786
22361592
42824131
42243662
74275993
43059793
76157194
51044996
61037153
88663987
85442504
11090598
51288614
76838976
6788334
83136063
25973371
58040695
18764761
75454900
3371743
54324009
22853951
90776623
64508806
53016651
45153778
69474682
78794829
64803625
75468653
79776620
18586188
84205008
81811610
87844334
47680536
74537689
72143650
26333500
39450480
50177118
46103192
26971722
43183217
58679886
30863943
78189496
86420754
50902998
50413435
13159277
51681195
7239285
25691071
90499442
8985766
79343681
6795827
7020126
34104978
43696449
57490052
88579744
39150575
2658791
82770967
61497406
84809726
84702234
2308678
10142522
25786247
14181288
33954495
79407848
73128704
75214173
23845391
20611871
76128725
64551293
66009743
54049328
15774093
8166011
32662454
10362437
54692109
14537884
765508
33102285
29465511
9263059
21222336
35569232
53713383
63371045
92416370
22285679
55709275
1479204
55891616
30151709
85283977
69326955
56529327
55335831
27510803
80281368
1387683
72574919
51736523
64623443
46365415
90937637
79187623
76281929
86804679
32769352
50572485
20927210
30244439
69500111
85963990
63603703
45912250
28990216
50984357
67652514
75830482
59038061
84563828
19126350
70260022
91012221
67125045
53723223
28200935
67784973
87331088
31831653
64296189
19926093
34716114
32586074
62085533
27765144
17040199
38266214
49965250
30669457
1007741
87931901
1538354
40714982
24388694
52654039
50030411
87555659
19116827
42894050
36454062
43725385
30567188
59843610
41351156
48477116
47838775
32619969
5946958
65364398
77856717
66873063
31574081
77919936
34882432
56423425
70492186
44037195
492049
26896095
51073645
5304432
14245463
55181635
43064234
22150970
12245310
18122622
67652655
89878730
91404954
63574930
7868963
21382388
46555206
6837847
20761175
29371788
14707639
81644925
32053426
45714356
62986421
11162543
81890033
26966013
20796076
39386564
26987874
24853863
86017390
74770466
567363
76625001
68050722
42309770
41497066
78812110
11483655
45341736
25093862
76511758
67845333
47871310
41885649
82960255
31615350
81947796
167549
30008842
83412779
33429356
3835781
66377204
58669182
5587693
13046025
45653244
68380600
14373974
74469706
59492145
45618429
25058672
25633564
13157453
5221628
13145810
64115659
51319447
30914382
39782543
71154684
48613178
73035645
71608167
34251283
50349176
56794422
75674423
65368192
45441737
43775349
79805315
3674290
77985338
83873421
10243566
84102568
9364862
7513513
24797143
36159895
79441328
57662982
86274616
32386901
38057148
71205932
60785629
51889380
15758482
21419247
35834418
87757660
73202907
39614989
37742716
6594468
805866
62254405
59793048
37576118
85274877
89020000
33784148
25836264
32885467
57895186
91429852
80191442
68110274
81159680
72139724
65940771
82026438
39846643
69997266
62579228
299631
69219692
55111952
4752255
51573061
53405760
94025287
40251749
14701476
23020091
6639016
34183632
47734357
49221115
70568715
32602395
25429099
50106408
32868362
16473806
8676967
94653332
86320540
19173714
43828293
667736
67192408
3639461
92669722
89647108
12986604
79066970
61755561
80580771
86717967
41761399
27120398
32324785
33706615
65496822
70311564
10824370
38251607
55934585
11158692
5129264
406994
85875066
18721051
56687852
18806093
59699807
5221633
75159168
13111729
14022070
85803152
88458821
56546799
49830871
66151084
89889429
92862681
73225065
46815207
17986024
16822590
24676502
26989840
37842352
40039525
28928337
21873933
20149853
13608102
78751179
20839921
22183840
29418932
83249332
29825119
29022705
19002925
52979922
69620277
75081311
73486391
91183783
53011488
54819345
91011860
17362745
2218395
