18963767
51272415
7340917
69670556
80337593
62150227
81912092
55246358
6695069
91964202
15471804
44865072
35309659
77140791
62785043
34311586
175349
26478229
56196159
76867648
59752263
52113471
36226848
79295392
19325215
54862563
47392852
13442685
3967296
15505298
64765501
17774724
51303154
61886533
15623789
25808056
14752676
16440905
17122576
29667840
84338331
60382646
27523479
546547
66040491
24450472
20245670
35591462
2336100
75838401
39719296
35066319
15408551
8502927
58543363
20798210
66528729
70182157
48635391
25747085
77180802
80965403
39844125
56445219
27931459
64143719
24805082
11985284
35285587
32062172
83250208
84130202
44036785
9393818
37161960
15762930
91778438
57331232
81460598
19644976
13935680
83975319
88323134
10263705
75919737
7062712
25747081
54370457
17924242
236399
76375665
545952
81614321
86677750
10761697
71531608
65784747
69039999
84765701
15763810
70625730
17692106
44876958
9435424
22780067
12434481
48633742
23035040
6424880
49464881
68768482
10807322
18033881
63294238
18415258
83410857
