45201482
38147838
56464950
3168206
91430491
149297
74986023
11048321
61653842
72332558
56897336
10206070
68643579
74904889
92581507
3045327
78632034
88695590
40060869
15604971
70852152
48124100
48851027
9021938
23412468
63671873
72508112
91728648
30605529
46164718
68612072
51287149
87210904
16141860
30467652
91777034
37576584
37648206
91841042
54130336
46323218
87832852
35381336
609293
46128619
789183
24598534
60522715
45673075
67228658
10343294
7730163
37389675
25968879
36652123
76170710
73045241
67466289
32331726
6952177
30138071
12425405
90252369
72335376
60333839
62946963
58293341
4790094
14972187
23018044
92492970
53734473
18207539
84282353
82805979
78892313
11575510
34656452
44032513
62858877
35326054
15439906
44662983
10597119
10115004
25180974
11854874
39295030
2338532
608852
13451423
11909846
23719256
91142605
7664374
38234337
47593396
44287013
18990902
84897942
37726227
7932294
84800702
22533049
27268732
14267783
11791243
65139716
17530518
62391222
78494869
10559467
74394996
74572206
50149307
30740522
7200535
77883641
66336545
55097992
29343463
18813200
54541985
92504755
5884484
17655397
39618157
71211718
9914096
31953617
42404737
3892290
12790153
43150576
89717769
84287746
76873525
50985975
35566528
88219866
43330320
53920894
14945454
28643280
33646755
8527296
27216281
69896306
21911254
27958319
73948610
72781963
5863228
1141126
57873219
81334338
7032492
64934879
20037415
8906816
25563443
48931965
32986113
43694903
76915465
6136789
55422799
74630701
40039068
75240666
12681213
29605504
58064178
87755622
41997544
30708556
39866848
12703466
18996961
36150947
8587973
18741202
80643438
21004409
18831510
68781262
54633468
68697698
675856
68102374
34457165
35698454
71943119
42733389
30102963
70560034
70223538
81075364
55972005
85562257
12851663
49709446
5748567
48320595
73031348
31975270
34849866
17266487
12980632
26572226
5193792
60126447
20252429
34610783
92017998
62681749
78061654
89856068
68032964
15602810
91195008
50974102
27037855
30931495
36350451
77425113
43077015
80517768
76815961
68193929
64880522
51040375
21461116
25457319
23472163
7705241
91212881
89592026
30012576
18253117
43760227
71290780
1612031
52611683
52667600
21264496
42027273
3117451
53515966
57360570
75551548
85867855
89424656
32692626
66336547
17573326
77417214
60191642
30498226
81975967
86469695
17752298
71187480
88206271
82691661
81891272
49344704
29461349
7052048
16603090
82945576
6650871
23832117
54684721
23666114
71506997
53710875
73735658
48768580
83298770
39703194
24087734
30681883
34422056
41431977
88534653
78508072
39367649
69819717
32680645
15859443
21419337
36056959
55036735
53058989
79217534
82712583
17102891
23919600
1671077
13302646
16260186
11510202
41364875
70552926
8064937
64190587
56082617
53674698
38815243
68673567
19877251
43790529
26763974
12261136
91664280
91870254
30446291
90668638
26745891
74378411
6784715
59776724
77775534
42488296
28273423
21991774
