83616083
31612272
70809736
64780551
62508029
31022193
89550545
88612545
54363062
9658176
71726125
18754402
37623423
89196960
6815649
82258732
56198192
25563021
78381578
69545402
80103037
35725722
1970437
89397765
91623033
91611070
90881261
4716854
73003424
91772095
31044255
93431009
52335757
25450987
51136092
66900790
12856114
3962988
92366679
81323559
32244925
22617234
48340397
33597108
45774113
72842143
65511279
57417378
49228681
44913032
17979082
71976030
8561251
64689312
71218505
10485808
60543606
51952258
74146849
82351616
92785097
65942330
54495434
6098854
3067408
44130114
43093151
87047105
51701617
27662643
86422449
23165888
59980062
7852089
3127886
49434374
62684106
15460673
79279491
92207149
48083452
87229407
2020825
51055192
29374472
55022002
7547252
6182032
8203872
16634778
7813072
70334630
8910422
44617637
45192938
85462248
37785127
65227585
29597044
29666360
16663333
83483440
56865665
8424274
80131949
20374300
41648143
18434481
70976761
75908546
82657140
26280828
87616179
50225402
33403702
29566610
78005386
81635160
83294066
48818819
20446438
86397049
48296009
64998822
79025492
79025495
91705847
89960154
17180788
90057754
89567685
61862178
55235546
78955539
10264076
51421519
26456784
72183779
77433930
52094792
88629449
31104411
64070640
27952120
36011448
41367981
41007095
54514159
56654221
83783173
66272289
94289145
91314616
62949390
76727600
45505307
59751306
4371211
62631264
65246421
43814541
24921676
53128022
43796223
92011982
83514433
7821756
46896466
64952082
27036937
74028346
77132375
73356819
56201543
10538497
3037247
88029722
42097424
66228920
46067443
86373648
33087448
75739791
89777174
42938418
72032347
30093313
63024440
8155173
60434652
14728214
76910351
72400238
75015316
76836694
63672160
92641555
10812265
45963289
77588153
80594625
15127223
28294216
8683040
9435238
45030770
78174801
87719367
10181239
55166783
36824098
67837527
10595980
66388915
6383666
2017451
21430101
26477445
25859385
82250377
28878773
90228595
53957048
6839468
767042
29499224
17422102
76263519
49649553
48643722
31512540
54143141
72083525
70763107
78237600
93696423
86086655
4714731
40541016
94593136
58397522
24922710
8032288
10358171
9858235
51296437
84623096
74650933
55627014
28193107
86128170
13534264
52683906
74638958
92247099
84167576
43008578
91415339
11095287
80159931
37775211
71326328
61175642
48050533
47308456
57623973
52534969
66289429
3099727
43611929
45399274
10477808
65634896
81322774
58559939
