35226801
51466002
79661545
36102401
72680442
78310114
81011907
63592714
78991720
24505268
47722495
37046698
27550853
32076850
19482630
31800393
13402862
23196584
52666345
59202743
86051788
13305799
78153126
41154659
41108754
51796806
75640727
80810248
49159989
11018626
53990115
62301129
61853373
61450176
86389062
221737
73414758
36681985
52431815
83214772
8057468
5361408
41923998
5969992
18720262
59929065
35615804
28119176
83668965
41925774
27987677
84106878
29535999
67171659
41061384
69414601
13886428
41821622
87554724
16234249
37210194
37728221
41022995
73685615
53012129
63588698
15526635
31269186
38432182
22102984
32438735
35439823
53607228
45307274
16270083
35421246
8626701
29360840
19989079
81644
58011242
63651191
18527934
32917346
90198432
27395424
52983097
13575490
82961123
22717377
31069663
69697926
20246506
94230163
8607551
14946589
39481037
61828950
83711058
56770552
74906411
74906412
81888356
85067812
9131982
33890581
91186341
50212395
68867615
18066467
16142529
11133061
41099244
88605800
88365247
14430639
51237479
77497325
50700374
11731088
1716564
67402407
88923183
78421128
6077277
23883508
68877777
43472088
47329656
11526996
13261556
13155707
91869211
70486031
54712314
45207029
170786
43567719
43567723
43489501
25961760
35289210
44459288
30359876
19211011
51092981
82950215
20951425
13176910
78402604
25784996
72354308
34184114
68222743
9293651
19189804
77545688
23444430
30153956
47715352
6358537
16708220
66400886
19580319
75755446
92434992
75921358
38120431
77015965
29755945
17278250
76456441
46437984
4999515
33524057
10386369
82977936
5397613
85967496
19785313
722504
77299821
63831051
81522852
80380001
4383325
3190580
18082884
77933494
58431067
67866226
86245323
27690599
20718128
90674799
48457191
92141591
31663037
78303622
71611487
55662939
39087352
45875070
4780196
81222554
74580934
26343043
60577129
34050430
63148514
76179194
78387812
88523969
61623938
63131686
4187842
60608731
5132509
15446016
40049845
4676196
92533829
90632750
43422933
13515481
73171669
80891357
20072751
74417220
18937237
44676217
90412279
76785289
87006812
14761357
83535870
91140076
6867384
880189
21465777
37415286
61431158
89971195
16472381
25614965
55934983
55108831
3953645
24730829
34495413
79113962
31837577
64015324
45769490
55969152
93551515
31140266
9045797
6883263
23941808
16965824
81124839
25357909
42698855
73434494
39214979
88998776
13011207
20575097
33470364
82258697
54343138
84690253
66377762
56519511
82476647
86653322
14172616
33505154
65293214
69310983
8928585
59840283
74399281
80828386
62550559
80778152
69696508
27211414
50680048
43182693
81950738
82404253
57520903
65380764
28868365
11580421
9764737
62762449
53267541
89774310
73560388
2307912
62722419
13621536
70560915
89667841
20747582
74163469
56410102
46138721
38618440
73687642
74502235
29095484
94517303
38050647
78178044
62438761
9119700
78142661
24316755
47699985
48630695
45709474
74223913
33650682
81812581
19587666
36742320
76836358
71585329
51201385
18280130
43628755
58707372
51165832
81341736
82174764
12470259
44375
69414835
87414347
42917547
17957982
92298338
23856200
82831138
53253270
6804606
44929628
54220295
81309366
64844463
22118391
45426933
51852386
40198536
41081812
44272002
41480387
52832914
72350961
34873739
79282275
22877664
85839501
7160859
33195281
83578624
1833100
62058337
39996093
37067927
53618894
45134828
1294294
16113588
59143747
90474512
68679960
49685478
84910946
90699856
39960614
51823410
87013027
73145859
78418702
28341535
30941746
70022346
23125741
79918628
79951204
89690369
6901833
35248807
42626239
47034851
33728600
3064324
53591490
41905951
90885387
19897138
8792495
90593517
48729452
75674049
31654582
22582148
34443309
9958324
32929183
75282641
70622016
34319052
6927261
70147098
76105440
81742017
31842035
24605565
88996800
58396364
85831090
20601502
79840733
70324038
43688568
75253549
15190124
9544002
63918922
39929978
72836842
90730170
17916337
67643299
70932607
5485594
51350656
94322993
63998888
63016220
18507355
65745342
56732491
52137349
29052203
14351473
12207990
59710156
73333831
58939485
9227967
2392702
87350419
29987316
40646395
89325706
87391789
42720177
50080052
43784513
45457519
16354380
11107230
1961238
2646185
51000114
58350630
17862816
37509027
11651215
84122846
54228561
49598773
44054199
94537334
24903779
25917523
37697357
75662530
53817948
57787107
65758788
92250698
41325589
24089838
80638806
31425827
93004932
25563460
62420192
44222593
1849628
7809053
52131212
11774550
39011929
16398309
62778171
67934890
83593667
76074935
77918621
32038949
50044873
56706892
56727732
26039272
91256975
28078723
