83902963
73900712
8369125
38787048
55673883
58221979
43434359
63597181
3772009
11172557
88331049
27807029
66629058
36442135
85313573
47783388
41002234
4070483
68609320
13036207
72587942
2154829
94615615
61070670
50797032
23058450
20074622
72382126
35638231
23966919
49345568
77658455
79968454
4405754
63059636
53880395
31360403
43021522
80765492
91688549
24256727
37047984
37790949
65907872
74502882
7327357
49694825
50890170
50646420
47716332
29599316
91851741
16162554
57896188
32312556
47063220
64095595
93596019
2770926
14751155
12764703
53454639
14269603
56175840
15394946
61748798
61288468
37892274
18806135
38364098
74305641
38042403
87999171
33630218
47539094
21256816
5701150
13280031
18359896
21630912
35071677
11828083
77149046
1449243
999028
37072405
51471283
71034366
29785951
1585460
6683552
24808721
50339148
88348314
8834615
36038996
11781487
67006854
94542591
53984240
81996107
7121685
51108094
59808732
28124743
33711872
45914967
10097026
43652268
82686373
12132614
61749416
20735970
6498374
74690265
85934874
76130992
89066923
72651348
76161046
53382320
40527722
51301313
3044150
28851830
66390449
90769148
43921866
62968355
71732600
39962501
56644137
69459688
84174310
25444979
75367709
47330509
16263666
8876630
86895145
56371924
764732
34843941
89196211
31042505
84777890
35322296
92389074
77955725
48115822
45013490
52363920
31767895
65638809
48180013
49567333
15747571
78767164
23327916
65932440
55799176
75492923
65665146
37547717
47035915
12128532
72916573
94485007
85621999
73120783
71134667
16510993
78681784
67552927
11640179
49416853
69784577
61896638
91055712
9316789
10052359
45991199
53908281
7997674
7642365
4279885
48481358
52733825
22717317
55621814
49280651
51835525
89434548
59971043
56085876
83831125
44730238
13963823
4569751
43405706
70164168
43384172
33442649
82879235
9435374
67803666
37148529
62756781
78771421
81498283
53412470
39712567
57482488
10295426
22643640
22962612
58496636
11073916
90783672
54413115
2939449
6496859
34059505
36856821
52711553
42366991
18815928
64532093
47745195
16264030
54875711
76060614
22434333
35202858
18136114
63916678
71700185
47866124
14247747
9455868
12458826
94571577
6446240
9277562
68033481
81014325
21158128
26450790
66512424
51567742
22075523
55521858
20703089
12188235
65812303
39008743
6635698
35341385
53707434
82212149
200509
68669499
31928785
28661465
79174312
51364212
93438765
93803299
90206879
16945205
14981960
92999015
54348921
56350310
7318586
34709556
45943298
81680995
45483083
91822036
5755949
63835750
74713066
69829538
54286436
56769092
38614237
58202822
36764906
63536072
43780094
3635651
82403130
51862863
46986716
1369689
69668266
92942214
18940662
80476647
4175995
16496885
52911248
36734030
81020412
18309643
14069268
65554559
60132985
11645808
54850489
72073557
51199055
73721594
27028746
82932997
92370743
92695422
50943861
6672353
85015200
28698575
83798159
18875704
29862267
58405012
60544800
22918323
3548479
40199678
65524010
4839815
40896475
66225924
75399824
89460083
18457858
87301543
76718545
47669410
94015822
52052319
89753133
39160464
40636397
1486950
13516176
10279498
56650181
53555678
59719019
77079336
68827972
75335346
87152614
62653724
24651961
2413376
43397846
26814303
57670511
93288505
5528260
5028145
14445177
29053897
19133500
3211585
83068309
77606596
32374880
36075138
87282693
51488622
80586176
45504732
90080168
91040347
49523730
92437621
61191580
23176340
45742101
35705945
20465398
51637204
50309925
33072169
76628089
16381083
4497544
45679205
46290627
10327711
6789206
53402667
55147585
51985000
31158751
38458111
44898878
26126717
32438789
43386075
30631859
66040752
9550935
26781861
12020678
17253276
42721062
5021430
27185687
50630936
60750814
65480052
53479460
21708395
32934761
61633173
83995044
48567754
51050027
55039760
17637636
12550894
60259259
12756311
93842395
6090140
22103443
51668538
33636930
11002181
58476363
80132718
2723211
61145949
33628993
70970515
29238073
88075876
35049003
30409024
22842805
77973851
66164627
11826091
26897616
1351147
51616572
83844747
67572358
30196005
24646507
35517254
5561043
50603225
54494088
38009792
75193223
19115879
54082908
25968303
70161849
13248584
