18159199
11388550
42518576
27128754
17980373
20979427
46330369
30461557
40080812
46563543
63011640
73848694
44385139
61843691
40137301
27110939
72086079
46630301
30865114
43969788
45818603
81538214
66599896
14949729
8881834
24044112
65638837
83301036
34429820
264800
64553225
56530783
80869845
59822168
35851640
80638500
11989002
53672139
27534733
24513693
51419714
92680582
73145144
92292504
79025806
58401919
70180228
15630794
17476250
67642288
64932890
38051078
80308437
53782588
18093839
83664902
34075325
26776656
79991189
32292231
19795207
82835749
33775571
82325132
73233679
28695989
92849950
28467860
31323540
40257357
4866014
52583357
46290676
57174592
14459298
22297933
13022020
57873523
20852800
30556542
22873305
88345148
90030463
48064552
32954286
57934945
78120123
17277485
88512052
51803677
10531505
63037240
10359365
27217497
17496375
3896476
44656244
34715076
20697775
68549222
38719648
69642231
71334451
20662994
11867113
48034721
80233551
6240556
80104785
48848172
76102975
85543075
32906054
20661105
33247229
78028290
2944717
35910901
30276241
4830116
5202041
72557839
26174242
57512049
60606899
46087703
74277351
18307797
59182283
32512781
5916455
50960620
37333062
36967929
16351147
73271325
26897490
51265470
76969485
3174807
30224313
92008488
21151917
57627923
77878531
49766538
87223218
40024909
38341279
1023340
92505461
9044070
48249221
69057677
12327715
20983468
48241320
75072126
23133004
23201545
72144818
1102702
86334005
84988181
14142366
73435968
17511084
49625183
17237958
41446432
20663760
14245701
84478466
16682182
1014906
77718376
62816667
25335046
42147480
80214677
83646060
13003373
29092062
54137522
70944055
3897222
83053315
82705612
77622770
61950152
32573102
15562881
42889532
85903972
6435960
82665275
63606321
16155321
58839744
37291642
78360690
90293017
51820402
37089892
77817112
45052001
12222601
67168982
73877660
4897836
50649081
47387436
89036234
37627699
81471807
36654132
55310018
75909837
26751082
15287129
32344221
43581786
6985439
50528086
55876645
67393828
77649009
65618721
33088913
49713936
27187612
54164814
78631733
40822968
34783602
61334466
23501402
31562701
17713372
682121
20569863
79323389
9904709
24633935
18111357
90984360
66027162
2896392
57400293
70347196
46670357
68562582
88915301
33109176
79103100
210738
56641287
28904955
13391883
70592703
74713876
15965173
52222495
74417270
74019214
72616489
50713561
64192151
72352746
52990807
37677152
8918361
16980661
88663454
1999250
11503169
68621522
81105172
64114449
11336099
22830977
77393605
50521465
62745618
48966816
60733692
47852276
15004094
14241870
27931320
58859444
21049193
50156838
71422574
36142524
66856089
14401856
38548255
57332850
80839312
29882323
5371725
77020074
53814259
10678813
89877312
54746905
6409684
30286497
42339737
92753311
90458884
80592364
50348476
82627945
91401735
3689110
52448378
52621016
20565840
3722238
46096079
63145590
90062648
39603882
30986589
66655800
57485053
74050707
80014387
9190805
86649608
82488814
14782023
66498952
69704403
16320801
58254796
55428519
90783382
61054868
37402500
48488072
47404032
89752185
19939815
71718439
47586567
41858985
21499056
26521505
77753774
74899703
54259297
85575830
12615106
39927730
2943548
23778213
69386803
15031435
13184183
41487246
40621825
21189435
31811205
28293783
64512330
38189697
63157699
14661122
30717851
79100749
61422713
59667196
17972262
80121540
56108432
66509787
5012298
52018534
74185979
80652397
32513563
77700228
41028940
16718216
8652553
3496824
79989075
54474857
39229000
84525744
88192765
5397209
5988168
25511023
63154528
72849989
78338849
83851188
12300092
77895646
6574638
65034074
40473408
29934968
29731706
27683828
34237864
44121483
35676458
35023156
51378717
67291684
91514988
21170706
54975456
