43410877
51125827
63894666
42647726
7305751
21068213
58731715
54273747
53018302
86435135
50761503
7759799
76043992
50742579
27536434
78300340
49359276
76213194
33657895
15982092
23853051
87470232
32920581
84607091
90819928
22732673
82522215
42458791
28561089
43118096
66123220
29094061
75057411
84339325
13534739
92712586
49569941
27904432
48007693
45229670
70567581
26414146
4190212
51296689
86411811
87817050
38334824
91999378
25457843
26139767
26952537
85317087
32397274
39037043
495128
27682435
72436212
48358733
91898721
54840411
77395623
59538222
73837744
58697094
65514602
3754359
29744702
86771714
14176928
4517640
21817634
63660644
29541624
18347114
27626983
13362760
33481904
40288508
59751446
35338047
90768500
22833890
40138889
1701975
2431326
43521141
12128874
37072490
55037519
84627288
38974833
59320627
58727121
39300697
17634339
31968553
24000364
24043084
41930442
66769243
23201041
62212702
56816699
11727896
4057358
25085795
54460093
496491
55488877
36063207
11599454
63334773
90713534
25719783
63299656
83674577
56287838
59074616
44323427
68397349
16873517
11036329
18163966
66205601
53583475
53093986
40042332
72638440
76593925
7181435
129364
86705245
80086297
55759632
63453143
90660915
61056908
88684509
7382747
57925595
11821816
92643773
57002475
51231743
46039710
77343593
23290835
89806626
47074349
76436133
13182498
3916373
61391559
2917612
44739008
8539523
4914017
52304396
26990409
31428621
55987880
24617064
14395182
40826128
88779211
29920585
81799552
32801814
38529930
91378087
53722345
84483666
25166579
54255998
16385433
50087913
64148410
21964040
48926549
23153749
35436659
25190559
60765363
50727446
52602597
28475139
30283904
5225909
85733100
34310706
21599230
92371891
80055721
51509031
65443890
39339930
48649731
72006725
90442869
73215939
7859023
91721489
46497086
45181482
11013677
56532655
78304874
43306037
170287
56312046
21404324
22244525
31636386
53474126
58156366
92607798
11315348
48120241
36158303
51638720
784829
72696088
23549290
19469589
9530238
22277193
87504586
19838119
5982086
128688
65537925
59447782
24366148
18109486
44070036
45113456
35972088
5716157
26540842
28407080
78439215
70657057
23427927
63879922
88479502
39614957
22732672
13374255
43806595
34949334
45441883
56312883
60240502
43919095
75823062
78476591
60079630
75420826
6321322
29921876
26188181
41933232
36000247
76897946
18170883
72542090
67037234
75918559
68817708
59029333
41001247
22288056
68044743
53424802
84726218
87992207
54568860
50388358
70148089
12279237
91816658
69459637
78694451
5415783
20807375
72568869
49993353
14708772
18751766
69649981
18800866
45208739
33589393
28635703
27901756
60611944
35411420
46837068
68240336
12378541
41911547
33991956
66910749
80248085
26150158
66418339
77909109
18285700
29258733
8928747
57969059
39652666
15422004
50694195
67734121
89207594
61990473
47857701
89028589
83424543
69427577
54770886
87623622
72820874
29424551
30500638
51353063
20841304
28488277
428135
28231540
22604920
66171790
48726674
15481664
394245
65051966
44788365
39515357
30661247
32993936
34740390
44380789
14131045
91307878
29957239
32015029
32051603
73214557
45007118
62321013
881101
4549524
28691890
62203846
60588038
54341102
68554146
22054398
92021212
58456426
54807905
9400358
34328433
21557002
54875922
1215307
926259
71032113
29182029
44486376
19505697
286429
90509222
75040968
62191626
188375
89185289
69629964
61625524
18197298
19691772
13365028
63772591
29236837
10958407
86313364
86784424
69468348
83233910
85947834
86964159
8232003
25009415
86645941
72218458
85355865
3675626
80986002
44947555
11121484
25345616
91830497
61390726
20995267
4184887
46594128
22101689
70374816
77150060
90295632
83322793
85398331
43530513
46606679
3095023
48148133
1544246
73325891
23942946
83934576
11146979
19662753
64857717
77068900
80873668
66017429
34017737
45868695
11483146
77221106
5580514
65168775
81243133
88337831
39985580
50165055
74351302
59552756
38622171
35422292
76170180
9776533
28983177
34202160
71867755
68928788
5215931
63299653
87066275
38124481
17029050
70499314
51066884
18069002
2538531
69678884
34980567
45288632
3273040
42767093
84089578
11538229
27272538
62938256
14947396
39607380
73765263
585062
71838958
28821852
91985121
15160402
50551042
71688064
59290516
61421726
43794485
87716599
27885715
15174764
23414261
76482139
63056840
48229588
8733607
44824198
8821123
19099781
75521066
21656163
28399821
39812784
35777534
23851546
88652257
91457825
80447716
31868912
87881701
47814139
85174141
61133450
78268692
40737074
46816703
40376223
85438588
36537604
45795158
38271571
82671979
87178580
37964376
37825407
33818535
24642779
78933194
69927147
42445461
58282678
2795174
44254210
10241479
30586056
85893259
31064041
42878628
21305745
64724632
59084502
90139051
73854564
30532726
18699138
76482141
32875839
22013589
11617291
33297336
31664927
84126314
65218894
424308
69673292
27908991
87663967
18010745
20915639
37561108
22155816
32110822
92183593
77187889
48808023
30981109
32539708
67190460
44448430
60125367
61814118
11694300
71824947
92367208
72246162
68425196
59872686
21199344
86846171
49233626
18093928
71617941
80837075
12406115
37880884
39169197
74069873
8326632
54660152
68891277
23843792
53677592
84786006
55000474
76240907
66266133
39083244
38950055
89871643
56347693
57284097
91235547
57035651
9013279
7389966
62618602
60827085
45460222
16820528
25639938
21386789
20887053
4383841
37568949
40823999
48798758
61630034
91000524
38176965
9772056
54359501
2728629
60995867
79720234
11656118
5077076
36032342
49505846
