73558547
4965692
76823547
11798447
46328558
11204481
48228600
91037237
54599464
76733164
9563786
9563789
47617293
3749882
23164636
14617283
46591791
84839809
80490117
58467493
78449015
31010171
11413749
81262589
17324808
24279540
27857314
57609296
91598619
85136161
72167534
33034226
30703386
12073783
6415069
64361745
64319231
87156925
55315707
28848523
77786445
1950926
90275769
34329790
53051006
63333801
93064705
13718639
33315107
85497981
86301976
16393172
53113838
81490208
51235972
65951968
79835793
3549448
82066627
9771018
14900108
39358920
12217462
4825769
19657295
45388999
43652013
52348632
69602496
29562086
10749426
60430574
36292380
54032152
75335697
65151279
69518960
48138691
63541669
35239862
62517078
11262528
64556729
19552128
26838233
8219832
50405461
1045395
50797349
53215967
79855955
31859788
1556688
15272779
46918579
22047270
