41357665
70845195
16789763
9340658
36453309
82789853
68400134
66607470
45762334
76682321
52919406
45470340
61185466
28537895
72796967
2590826
60643604
84983545
4668355
11114069
50536492
85878247
23653566
42609500
66184808
89985226
91567129
57238523
69050401
73637988
11944254
21637601
54369995
1962475
23807070
67465669
81616178
27197766
66000389
60451667
69257243
51863363
75048801
58949777
50705934
10913754
59689383
48342502
12937518
56519086
37705574
43244905
79867799
29504449
56174818
9159718
2519648
19559389
41475150
25050123
37749759
