31864095
31685300
65478233
68365729
9986860
48149034
5400522
81200428
61951853
20821104
50780093
7765704
90430561
8778849
89578682
3981004
47701159
60715772
12812346
55882237
13793732
61349397
66393571
67936664
67972318
19748413
56352198
51015039
70942528
54143852
82205680
36513498
73003692
46265944
75765854
16740335
33491423
40109275
65415319
1510642
18765852
25673508
58238700
63188804
26362832
73779463
29001582
40744958
57000056
73034839
36128852
48017954
76171977
37891020
14881318
38468278
12906361
46695684
40835254
67467960
71245530
37731551
57590107
69699194
20940558
4330575
13880870
88730029
31975064
38666409
13062264
33731464
57122536
3296531
63781036
34611420
51980010
40585351
11922407
70617677
79892874
9112453
73118493
3919031
83743101
39764159
26102348
16661303
10641781
40792961
9268930
79292384
62998939
42917623
60284695
31536645
45278180
63806151
31729903
65363002
78982316
54796413
30410478
81357185
70508772
4443781
72814819
52455040
47091037
37868454
2245360
72759546
31067228
49342474
85231679
58016520
67018853
24668256
82581215
31111644
32151651
88796324
52698624
2590460
50819060
39685096
35539236
49839541
25055617
22799856
932206
72171639
59894804
27985302
90950255
80413385
61877868
31178533
24236292
74629621
47091039
29614638
85597674
4405150
42167136
86653092
42815544
49283162
34141268
32572779
79419685
14752665
35692452
50404280
42110697
55900733
34129113
65808891
68508753
55904302
34535265
58117885
453582
65737144
10316647
50970669
28421202
65442986
83655426
4256063
26240424
