12765532
18625661
60431976
10772859
85510663
52175058
3790443
83427849
14258302
68981371
46672773
40301922
17007215
27346373
41260576
56882779
53668939
5544838
47278524
4447218
88008347
29576856
54319343
81343451
90812721
61121372
81653936
61369312
1689604
56301575
52940178
39718283
87668334
46269168
40956398
27930888
68251352
55994982
27928355
2649819
43585493
86136761
79777978
44248083
13933077
59386913
79889973
1473512
40471548
19242845
10165383
47033488
33441357
51800948
64669172
5425469
49217563
23384701
45856890
75209702
24185166
40487466
64138655
50427405
32646848
43713944
40313026
46153837
30167195
651015
60892842
75337019
88663261
57789960
68370561
66270231
73704622
65346522
91815247
74482212
54598074
76359004
33721032
59236059
47108145
59770957
88647463
92749499
82714706
5370817
58452946
92452095
25199649
61252397
34230665
86562240
43745060
26390892
67100356
25336345
77571907
33052437
10176848
75558782
92728250
10227834
19949124
41737259
80868863
30059087
34110686
27630189
29097202
79683518
13909798
3938041
50595790
80978506
34682097
38622903
16486800
80882631
31964848
66190658
54971710
64617867
92454892
92637160
20437830
5500794
57587065
83067665
66973533
88706093
66170506
46595493
20179183
58796885
24029866
40714488
4571732
83486383
62168005
37271271
63245985
84309009
89074950
63701866
65022096
74176013
12353645
6518797
76616554
57681951
53963388
65568112
72433537
4591350
45819437
28906242
62119767
22442316
89755580
16670072
53594407
30054458
24732088
59960932
27978604
59572718
25015192
35411249
62294294
30352353
51822703
73935228
17552788
39237213
45218216
21039539
92697986
57413700
36386382
53876311
86593964
88827582
31795267
61028153
79185711
39279850
50687316
88445605
9833978
3481412
62668261
82722315
86281263
13440085
34696393
32831319
34616849
6096129
53506114
49660380
6435609
73900409
77631155
84254160
66146217
25990859
48576878
88448991
86402128
4265490
40699985
24173320
77317400
62970530
30760698
78233564
51295822
55726620
13398836
13892115
36260162
54958
83097190
43271935
44910524
10059970
80834866
2070966
28897449
69951615
72079700
61120768
86615228
38202924
86152562
35358358
82850422
74006857
67425224
28352970
63698720
88039342
7884495
37763045
29050430
2134059
49518275
67114838
31210686
87965209
20235499
75252283
16323942
49907306
92751542
54135463
19305128
81666164
53700884
74920607
57807817
11484548
60131514
63313239
90499364
59149738
83734445
62537333
36950513
29963901
39998870
68101485
80622050
72474451
47518886
78985851
32487189
23802627
29201321
34509968
16618723
14187260
836466
23490023
27127056
11619994
85991425
40879886
81488920
22980270
26783167
59217707
4528625
8898151
29739034
24810852
8759656
25448945
64724329
46669935
86858048
56466753
28129643
35551443
16661566
64605035
9202235
26965238
67574582
75394486
5776101
37798943
43689241
85791533
52655419
27791588
90296805
72499603
26257667
75637927
29963539
55839597
22513233
12109222
86687906
81099255
25748133
48340927
22528826
63051517
35175533
43045631
26726118
89123134
78247062
255340
76064712
71275465
6691048
10484595
59223183
5393501
81496634
85961276
56503869
54828819
33199028
63884915
1139194
71224397
14597152
87736671
28324108
20370023
90971483
58939622
33433714
89438849
78397353
53099892
60083117
42429471
15899540
50423748
85720343
16355210
70071562
88654560
19663402
13439068
46458919
59350064
65867182
31010614
51416165
18837583
42637504
41943957
42424376
73069242
43807482
11113382
46606972
76469935
42588519
57088036
80422797
22258500
89355765
5544064
83966673
86536145
45557691
84265463
9314974
32651978
87312301
52765298
62635794
21505382
38674272
88981178
62888887
38967510
56380754
50193533
17759790
425676
17758125
55014514
48939171
27867098
50462727
32625738
90987168
11702157
10358653
885713
86359422
41016987
43692854
89243487
50308882
80500222
54134165
220594
16020430
12701379
79138565
75324005
86969750
19547336
79827105
85845815
83835529
51637929
16378028
57553296
88792310
9443826
77743483
35930674
25082396
41440184
50850867
13908110
50671886
20854259
71674543
75923336
51423689
79931956
50428625
13614369
90397574
44145922
36762716
43820986
85571772
24436689
53766161
61265429
53243338
6811014
15807827
42818044
40929851
12733694
53562871
50308606
68562291
3570872
82649378
2193583
53497916
75965517
90433544
64462643
36457455
43084443
18284102
88737246
81497398
512326
18241162
19289146
25821274
35611450
79192756
58897720
31796161
81210913
15022923
33484755
72934621
57803738
67060309
23754826
50751922
38024328
15211297
87496854
26033711
30210172
49598206
80732335
59689281
78879612
77450887
11855366
79443211
232526
52168278
88848190
9848916
91674493
22025953
22404804
61364247
86898304
74081641
81509382
69237060
28195799
56816065
34131451
46905269
30356456
7346978
35209170
47742738
88049903
62865940
77996552
36216258
88477045
976916
28147212
26545723
20895730
53093929
19838286
36942969
43949505
19282954
22852991
26207454
35079886
15461529
56323516
72793029
84485588
84076227
65832191
79619768
5902303
15965329
59434401
61566626
20338159
61604340
40753386
72241174
70409263
42772789
11856007
20140577
73670079
63046510
28277525
27182931
55129992
32251932
91549177
43807480
15320155
9431447
11082825
24648539
4615173
150811
42892202
2167044
72602406
88263495
9272984
34999793
23130140
79861830
21855819
7635183
10150106
91160539
8985522
1189817
64801082
602602
3898962
74296591
48020100
43453427
84895450
66512096
59554693
18707337
86090514
7954093
23835322
9469133
21268692
85362913
86849635
56384101
82343224
4110937
39044252
76493162
86949689
56240792
65592583
84764873
61986841
91640197
84029198
65603259
1507868
40787004
92796119
40966051
63885261
34223777
4480243
49452817
79778894
55457811
71771652
20833380
21798454
57583429
82818696
6524936
51861617
71643776
33619459
24036879
33985465
27752818
11477798
32259151
72572534
6514974
67830227
63039190
37592922
88541163
70858350
31885152
73886631
25043256
84734846
53910666
1152567
50835885
59868498
