46964653
58391714
39367262
17902333
84885787
50737664
64902288
56795554
61010731
35544463
53298078
40448275
85629950
73662027
79580704
7639167
45349812
15571629
21478191
86505958
74115995
36226463
91766242
20825720
69224095
11971803
21484987
4292404
51774732
1067597
56923054
18005253
92967445
83336618
56278547
69567148
72740627
50973087
24143711
30436251
89242134
6454510
59726511
87568146
32773557
467124
65991507
27766293
2047993
75095729
24158267
2962491
66044410
75792881
49302625
53403093
42417215
52626911
961313
9768957
4073542
54509716
91396308
23746786
91325465
65464914
39829997
4093906
64678129
79202379
36307382
48819981
3828751
41220727
38751471
65486886
74342415
29712600
22688196
3601277
59677112
28917778
56771277
92047237
30313064
85242309
65842489
64822871
49722820
1234382
88999436
89523283
36656897
85945578
58472419
49144184
2569646
46776238
27509940
45466444
15527243
18535616
6319404
63366339
66297763
22355223
39632251
86681164
54613203
140478
25672579
58015543
89798808
25905149
58537632
56107310
23009222
39011692
47536168
40827605
60541204
89230286
1681540
57596320
434994
40495882
16127863
63533197
15283677
88597183
35987468
28090739
73607257
16985870
74999913
18343811
86631411
71795128
17641672
9889511
92004769
24343802
46682631
18880222
74533922
24119860
59663928
67842484
27516418
12894681
66293184
5813363
40243132
68819138
27086832
35956399
82772186
80424550
47024682
643979
41538687
62021864
35588836
34070632
67238487
43626508
47147281
12329702
21003475
6837325
51189627
55653523
9860003
13239567
32628982
68835752
80143789
10294503
3361076
87141172
69015893
11976795
41872896
196423
6315488
71014639
39343861
26572143
3508077
91378236
58213834
11116313
26311961
78017081
30563732
18561804
63379562
3004206
27281291
3584444
2046460
73082129
53159279
89055395
46984760
45582609
26944192
45652478
11052702
47457840
14652176
634134
79260381
66361425
88700388
51908424
40492468
23074874
79698408
58574305
2997680
63175169
59052251
66421081
73962301
14803256
36430023
20873362
33763882
45044505
39795752
7950919
59649983
9682212
6463302
89169501
25433371
65897877
65134345
33000722
92085354
23333680
23387387
68698997
5667245
86813171
18263650
23270384
37438446
19741882
30549288
52215365
31539856
85855630
65336220
60390175
79345445
58787602
2816333
64773721
32213526
47572850
32582808
90778938
20371478
1787330
49644461
13109631
17687839
81464897
46457694
45637323
26105744
57773857
1823514
38079790
21949125
83029846
37065877
40185528
24625423
81382165
85355118
78692195
83330812
53266279
44848321
30488649
20946773
60904192
75956236
53301670
54172255
38571522
19530045
92834928
29736616
8024657
41061142
74496435
11716621
71267304
70945295
52236610
72729629
11648399
72879224
43832371
40962517
56049202
18994970
7994386
92318535
73524600
62508294
64328629
47856821
89735006
51620225
4473605
62026816
79792260
35217114
11566258
83729531
64410227
54049423
43660624
35355687
27755563
16891931
56415406
9322779
83594378
12866316
6712005
6667985
5242769
85725487
18808536
51120538
62939174
35614947
40391699
80842305
61500555
2577605
8330533
83482903
75259167
17587651
89135510
1300683
28621728
18177144
50859037
72733160
37444749
36182519
47988715
22224848
70712273
30180939
91930323
37703405
64890
34693538
2259289
62274721
71325824
68069682
75838917
36267073
3812563
75691984
14288395
89175630
73190930
62605744
74207177
86918642
16745585
68028856
32211924
56830815
70262556
10879065
1559431
372621
30314099
18480609
86878964
32307362
68992204
21497524
54215005
38434961
9277058
45329085
84846458
43577141
10605869
82863612
48202307
9283997
79508067
84751530
89096444
83728090
24037792
63468772
40479295
78951583
73088801
61670928
10996715
80903950
32288374
36557621
30157931
89454830
86555879
67158773
83086870
89073248
13813021
75236974
67798650
68181190
8040558
73937644
40457391
35760413
64110369
81704271
25692409
74027009
9654882
14921846
833929
30600662
11046682
50142138
66145555
54617997
70769198
53240454
1052878
26255393
44633453
70292578
30496106
87486477
41265016
90223975
58080764
6803120
47781496
30051936
74208464
86042673
6552644
72790058
45363678
9040924
87360770
86912931
88677726
92971348
11222724
6777657
17628615
57945425
47451102
49551238
88368283
68836141
32805143
16646206
10696085
54577881
28104072
84986304
53597657
38678475
5886359
21686562
51462265
42965524
78330384
22081485
20230432
66436326
11665740
62601029
30440415
74139087
63706961
53733598
90368701
81967724
8063379
84203179
81254110
28233473
72543811
56993162
33180840
70241211
75266396
46137883
26551701
33201051
56447557
90186180
2446074
86156962
26282113
74873985
71725672
54106358
59761710
76288036
15728090
50239833
79963424
8494109
44948940
69384570
64820819
52291534
92247777
21118848
83841906
68010669
46520664
39765849
66520889
11307817
32775326
57098720
75532345
69017835
54723415
82463317
20090407
58530804
47928094
74218251
31561550
56792571
30669313
14936885
75727602
47116262
25496976
63874880
79299094
82586878
82652641
55067175
78883747
84697380
90731276
5097867
46349722
3796906
77523716
40292301
14105406
71141848
30276430
40171200
34219234
74673703
72308480
31687920
78842270
6069848
9194169
75054356
64225213
56804948
87857538
27623137
63124979
36789349
44397522
86588786
26409141
31573834
60512794
90314077
40889813
75142191
23889251
54508273
60297055
422450
24191518
14263968
36779255
36779259
22188812
6199058
7709214
1925665
48894330
25967401
73211838
82404105
80738094
9313393
24090549
33231266
86931871
30472891
3349910
85163311
47553600
80568473
64310225
20787705
29064751
65574104
47344446
69250153
40078596
42771438
46896281
87537557
80228816
41159445
53612134
51758124
67645511
23528428
76687410
8938344
36895120
48846821
14294841
17391600
83959245
47193790
4222007
19059477
57669192
89492956
49416801
53158413
20119514
70357192
21969212
46229101
89238580
37698341
36347920
77296747
54617904
85469942
17749981
74626353
9738863
1823460
57719036
61006225
89958817
47959899
55247394
59233973
66691805
1189206
67366923
79996851
37286218
4833536
84904911
32564775
83233165
22601986
16764816
85807574
22949511
46702467
43373100
40944116
68114877
87708261
32080900
86439932
25420434
16990792
5301535
92036980
56584933
84277879
33577840
31499514
20680878
110699
25895198
20664758
33169633
9637676
60808479
18441195
56725156
15714213
22023385
60413122
82956604
35844153
84770198
12268343
16427936
66478192
2852249
47711220
13008967
26439135
7013745
81881493
92337444
2613418
22969038
70395092
65901790
57543630
67488318
64168951
54321427
7947742
9946173
27049592
55999811
56816111
77253856
91379743
62195552
84419324
75132409
84276394
65822101
88293218
77451913
72222250
77959178
18934643
44246858
71374278
65061607
35784475
81960018
66167547
49381548
60414817
42635116
18565195
15755161
83624095
49213907
51135212
80284986
60847309
70044202
87246168
53022296
45872608
10032680
84398832
28409098
65944650
84469759
38048584
90370854
87758346
63919084
53186267
84171829
8837053
40127002
60140785
4550771
1443638
82671139
21724405
67617035
36221131
13286804
28212010
15944716
88030443
28117049
37374326
843376
88738287
37907714
30233409
88139012
15989998
19896467
5899450
18264783
63561602
3758970
26644870
39871354
76516390
59534814
42644405
74615399
55777421
70012021
28342680
79568132
86274482
9538687
48996259
54739412
19967649
4330941
45663704
39382188
43845989
35840703
72289113
81314264
46642946
23274668
27509942
68158428
43561992
19286548
26773567
14605851
78114014
44045426
76715586
67312430
7729220
84205518
92791826
15969895
28328869
19220219
41079662
79796974
21174229
82920004
4659731
19961524
57818242
33207492
85082803
58460072
60278752
620861
92321759
40011563
40129528
90529221
24377244
53991114
35344359
19788541
65703233
74544719
7372867
57435798
84400048
80820775
56429063
19629407
81687588
51814810
57143451
36212659
26261451
59636286
34458814
86604707
22457421
31155589
11704445
78838780
53811191
71263466
69198986
89773057
31594588
3594309
29901696
12603752
55060264
32015203
56135553
92810255
41884411
89061246
67149169
59608244
48618258
38248023
15437241
36213119
37000833
64677670
1193653
65645729
39126014
62084173
25362129
19090178
83496992
73005234
18851716
