9052396
82688977
91469358
21195366
33112500
50795363
78201949
19375861
56684432
53087203
83311400
17098381
79020422
3917412
51329816
38564634
27682895
29889523
47033095
48639061
75713066
25857023
21884384
57666433
11166211
39180404
25900275
67283645
49048180
37485393
7407183
91189678
16276030
57759697
5994502
37099287
23029535
83304859
46818951
18841342
75171751
33594667
23851297
76124960
44968972
2281724
2462261
35406702
90952336
59107418
80495517
8433679
84025550
41759371
8570387
15319097
66529524
83933299
53905006
15440516
3682468
81500150
43494262
63988269
5753018
86752594
73584638
81371258
82618071
78664563
62774024
17846307
39106768
18253281
31472902
35047245
36323653
84300183
14063327
32634015
27635022
92502048
9510170
69460422
9506606
39696683
93263016
79741455
94338840
52895812
93793498
9777940
76977155
14765564
18593674
25674263
54026255
37290834
33011702
31680595
51694327
10674575
52311266
13124856
58023041
63140258
83540809
82417369
38281373
78206410
54432174
60380435
68735857
62621777
40572133
5792369
3091280
32683195
22791103
87390085
1058503
92545208
16971123
72481443
76655273
39163721
3911746
19303927
16794945
18450632
35989809
73393221
29895543
55216236
38804891
28854781
39756981
7718992
613194
31204491
79805981
79083412
27033963
12391065
3726018
29529739
48789128
17154620
23487399
21783702
56777460
43087380
14028263
59465809
46204021
22037728
27399110
54454406
60539420
7063434
64888368
39799641
14771935
57925213
82368593
74446378
13375725
2184086
93163636
48704921
62098023
76174297
51098944
27188616
70134989
64802112
44927841
79849736
73371330
43181381
