73765863
88862942
7431180
8613287
109443
82673244
39913855
36141950
53881511
52475261
91745736
27734128
18656196
33697987
45606799
48105570
41942297
17289386
78446759
50660375
49692627
10328202
16124763
52526444
61679175
82350998
81507429
92417411
71798197
68286766
13104517
80454205
43688780
14500579
60937599
24853044
1031085
36540439
56079104
54505964
39607710
13478235
91719729
71657736
84346450
66975778
35941609
20342595
13046442
80614759
68512985
30783259
65526924
52727103
32564715
81597314
74032479
22638198
6903742
34323281
10269241
77628156
57845376
38859459
89553056
81791342
43037271
48746287
25166923
6612825
81181350
83985422
63665390
74944753
28663269
28811518
69766634
16961932
91105374
15145494
23476661
26621407
30711422
4633720
4762170
38388121
75595301
68162882
3597134
76249204
1759805
10949836
57174454
72126563
82205879
71075495
68866974
82318824
23472380
25708319
66929850
29048728
90891794
38690943
47307467
68335837
87356091
67174079
63968434
38254639
88124369
77363496
36496387
36496389
21823571
16227139
51344851
64731613
86603189
39769902
29421154
34382077
86630793
89086454
13891750
60504959
77096571
6496168
65805662
6614541
11162126
80086900
89001565
32111530
16187909
81358035
62478313
21183115
78702930
31032833
22685893
