6271107
8054025
36467272
59019350
23653336
8402252
62615679
91015923
93460636
16444154
90383552
72082111
19481176
41411758
26208348
83214566
48494186
14262752
51925556
28650487
67298242
10663025
18659488
25325100
28521007
56168826
72218246
25562517
52548004
3047217
18072897
88732433
59587193
32116699
7641913
55399568
24690373
51542127
94346061
40340073
30448775
250934
19293061
92202484
58410926
51373382
8440229
39497208
16840822
52487595
51450876
73354558
7497930
70480046
12701236
30210701
20859763
81542980
52976893
67567626
56865013
58438367
45026641
54900141
68243574
80560897
45865789
7629777
7404446
55664942
3844634
38657394
25993023
27673015
56387886
93949060
6641074
89851975
81303849
72412294
25030298
12744709
23417733
39101192
84723743
51296387
92751854
49764432
15475747
92784750
50074796
50893384
67153723
89675409
1252266
62006161
84686072
30270470
73475935
92434590
61672314
63807019
36583261
88839394
9204560
13549451
6461700
67736941
86465526
78491688
9812600
83386387
64874362
6794065
54871831
67759617
62366534
31211525
33380991
65427193
57686195
43273810
31045093
88941598
55964037
64056222
93040479
50810422
75880582
63463742
15104769
47435131
3456119
73941866
39039986
60773025
35176372
69710268
80312344
16819859
58125542
62435398
89943885
5869188
70445233
83833253
87756173
52138064
31480164
78311881
61324454
85787951
12905002
67649903
39183558
38508035
79347889
86158250
91928340
70636921
77881055
8548881
9039926
25856034
