18268959
73470076
69053258
76076441
77042621
42209754
9750924
12093312
72920617
4920314
56014021
30502339
26096666
19324367
9154589
45899506
49642974
23498326
28996245
27648126
33101460
26096200
36099989
11984282
76346773
65438609
89821850
92809146
88638721
10405655
46362521
72703175
12584428
83524745
93046640
57708454
858784
56629717
82311153
29577061
11139040
68323917
29438009
88562667
8860257
2096490
44175900
26690192
17374590
18580631
74817242
84569893
85904997
62302948
8347916
50805168
77930254
