43650164
69319403
67236296
24511859
19123944
51092179
29988148
66252499
42976745
28143223
55460921
51437341
32058800
1421565
32530643
93038998
32356568
74752396
88946410
34787823
88548145
5761068
89562808
40112779
69470242
22188685
62987591
17099038
27374015
68128747
76974665
68972100
84803842
28533429
5382310
15241122
43303374
58498349
82807641
77529022
29209530
37590401
4064901
1664061
54180195
41062802
45302317
29977184
13911041
2751147
63485205
70856525
69295604
27820280
68240969
48024300
44969243
63262722
16508191
59639049
77586223
80988372
10250653
53289923
35367412
14222033
77770811
56712117
60308349
22894500
11012030
72524900
15640966
63456894
87443021
89029108
40538026
400283
58587200
10640858
50083408
20374688
92218710
26085181
86872712
91821892
91484872
10555611
64323556
49773734
60718568
25344526
88471578
45591856
67268788
68171018
91651357
51344047
71439563
72175886
50025739
86042242
11907427
47443328
17259893
31505950
23444212
34469201
34478494
23774088
68406828
72902015
11398636
797065
6744960
29613784
70166911
7004079
40610730
9492199
85946177
72676695
58098529
50395292
49421231
89037374
64193875
21058345
70155624
39957426
9546723
4463626
4463629
68053169
14390099
60878036
70267765
11536613
24696971
26223549
13227885
34186726
92282771
53853954
87353441
16203465
54400021
69343751
20511990
14487329
72471216
82476901
90624687
49020689
60146536
12962997
92912352
60372852
44921983
80047473
76444584
37215066
7819233
67880238
28173270
16698203
92822123
68976761
52082899
16974698
29532362
52067379
55933840
14194142
50815077
11078493
81538540
46334621
32401425
68905116
25297709
24520591
86578801
36400181
77537194
76206925
52348307
82308161
50954068
62905607
46347238
9186466
9615699
81078494
65198640
16602566
75243373
32366676
64390957
43019609
55578569
28613110
76479833
5558962
46774126
9800232
72107489
70455021
44454829
91047643
5635413
47000335
7950777
27131501
10282141
53361003
37166484
6428346
23633220
37068444
1699593
68485490
77350084
17178061
2736603
11166512
38724359
79039820
55663820
14664148
31945812
42470214
60878039
16285580
57612028
43474982
68496489
20792754
65087497
12880243
52137688
70104405
20920248
19732000
18854587
54837802
38957861
36664437
89766775
74815179
64174922
80007972
55483502
73979746
34936249
52179434
74759510
77437728
82980047
62605194
30063234
7858737
50446928
20167599
76649452
65947261
61652227
51471605
47376658
29700156
42129989
55511559
10818586
35681241
34915379
8691585
78210567
55391929
86894215
53723946
56550627
54954250
40630313
73120345
73120347
86278893
8546916
25094718
27782728
59111038
89939086
62034795
51581351
24202286
28303601
13430394
82414848
59187247
51310910
34104215
50083442
17142997
50741253
47705783
50211081
5026065
4663080
40344392
50959690
9616994
20958060
91156520
21168858
91547436
63305697
25908458
40272656
16289724
58772990
44754712
48170385
18849051
3028452
53422663
51075657
58044529
29391889
