64876740
38237604
14880009
91896472
11982896
55634122
15565247
23521748
14002422
23354317
68891575
4215706
12433411
15468973
64361894
92916904
66703020
73973661
78903778
34562120
53674582
72982848
92280729
10550665
5906939
41126637
63126180
51547393
18958191
43549573
64052262
9238388
9646916
36400554
73043584
8213367
16149171
74979503
23718476
64857279
4737058
53749102
7560735
18863914
15080563
81336648
72554537
72485183
53281681
3365017
1380471
66295521
40718273
652939
78565922
71584425
87450846
64451035
62285123
5942390
4550570
55326812
21439682
67130933
13010943
66294788
14971751
31648885
72563274
67627847
7422632
47827821
63295476
84531024
6120382
71919820
81695848
77117465
49606523
35961716
48078140
69390552
86953037
43663462
91344065
92297798
35214790
46263817
56265059
74734096
47174389
3278965
58173447
81697194
58995393
23965746
6125985
46608457
51986900
8713513
76323568
61774014
71403752
53355857
46954676
19381646
40048140
54638646
58029122
75050029
23942900
24810221
63114782
4610589
80902969
18541501
72104461
72104462
65685508
983877
45682052
64771448
185725
40255630
78159875
64212216
74617930
74652947
78159851
89670686
9327285
64238415
66935614
60245231
23439582
69230371
22874790
87292456
50963737
51553629
46766813
58438396
76405918
34088540
32996253
37351173
593185
20851331
80715146
20291888
89373752
45829471
56859330
7904426
26848100
18428878
47753130
39324532
55710117
11597686
73453546
92027063
76581733
81057384
77011159
66698358
87859911
69860499
89036560
86558039
52111796
65987415
48800203
