53077052
82102045
27200188
42742366
76629262
17780349
37608756
18126382
48377494
41758533
63560461
43292874
780986
4219795
31845989
10989522
60007949
76506313
75254594
82558865
39581460
33195916
2406541
74878097
62815912
73943375
38892606
51530293
56810327
33051006
89047721
78961181
82636645
89199870
19185717
51745535
2576320
44063862
62099504
60336827
7115540
75077873
36236516
84433374
10853564
21051943
42728279
53583314
70644995
4342832
23998907
65488459
38392825
78154520
13012942
86587906
79511007
46684833
81659181
21764857
13444969
84601418
91253425
75209008
12616903
72709006
11830555
88293999
60969732
56087644
54080428
32862155
80558210
2721215
84316771
80332850
90559866
87160617
8970366
18147860
52511446
68540849
17516606
23973277
26845182
10470832
14156890
67229291
24955512
76756016
29119319
92888021
14980343
36912422
62834029
90318029
53173797
19877820
44843176
78137769
53023082
67707757
11991916
31857480
53360794
53135052
77792302
37198097
6785992
84943439
7467828
36239929
85438976
35018082
35897638
42892876
86294948
41688460
9955942
53350388
35148521
57278522
70112784
26578266
9968043
59278609
82447763
69645400
34530941
44809356
84835998
50552924
1813331
36732753
31787701
21832113
27775927
26336410
40604603
68850742
34616055
15452160
82663336
62796777
29284548
29606261
42810581
85344937
41443303
87949429
71203008
83100092
23884480
72982174
33702089
2571999
94405765
75740343
79342043
18437462
25420746
44104139
75559065
6656887
1129504
74429914
79512696
56419390
52000700
93407283
77556794
4928835
47542668
61175523
81132271
69582840
38590346
84680159
75686369
91191802
81880168
54432113
42406564
60835387
7526653
11095885
38450431
17119616
75436889
89668869
25818268
34097806
76290409
11370958
85352998
52776417
27841077
85667530
30796020
43328269
29529265
33619866
87475934
82856783
54365113
17755062
65512531
56534998
52604461
19541001
88860506
48187407
17347165
55982746
59849681
62660204
7415172
3025717
23765215
31991741
2355031
91741670
14803356
21658601
37320051
78409164
63279377
16890581
82784790
63199082
37763866
64113914
70753243
41144087
9691401
7772741
89570918
19903927
34595040
67476628
53517939
28361262
8459480
57740544
29417125
69215180
81051124
71814160
78308061
47385623
44415579
76566846
85844841
26780597
11841717
63830230
91735342
27210843
14163544
70146190
54091775
89430664
34383593
84402415
1412441
15175243
77386171
47118776
17137536
26300273
54405898
26453666
75951364
48643782
80450613
42485118
67589758
11800185
52814577
21622301
62480571
72531202
79394417
18250149
85271190
60231555
72943284
8935385
90634118
68125242
69576793
26364981
76727205
78608065
27901083
82748034
13332393
78913326
53278787
44064325
93052944
85828416
22597595
18579865
7398461
39528056
70411894
52273633
2658382
4404663
93538660
8610224
1087441
27652123
51678448
91589652
60881927
19559165
31088721
85540793
17046874
33401756
42828419
44729614
14005285
63974504
1151360
91316757
42803820
23781920
90126016
83160549
51473147
39229307
71626544
45987794
9231352
47510148
30965646
18555713
81475837
14383276
57146874
47597807
65167997
12393164
70620415
63347537
36428502
68247285
5160591
1755002
91075732
19480314
82391883
8639560
32232327
37026182
10097307
2719878
25672619
6580601
3038175
74726991
45389654
89669022
24431918
48542059
6869131
10836135
65198054
66776740
37116330
78248918
49123861
64602209
26045097
32386347
13237250
93510045
65019914
18405586
15835816
49216504
71968735
41847794
11573918
89616764
20645322
62076729
59015574
56639605
74708163
26485178
74651193
26407957
36984345
3994463
6586044
52124446
60776240
22235914
4091298
70809357
38944650
91872011
65243370
45065431
12396961
25532072
