81073891
28934725
60544264
11571974
15884971
32678659
52322381
68268442
85577781
660513
4982420
29319823
15079984
88445871
87022473
70984490
11551498
80521984
49440696
58857695
26758739
63413078
63378462
48118215
4266992
47624417
72777127
79390810
38131894
6664650
88488055
24839917
84121303
71704403
59326934
12317175
89482202
29248164
75761008
518997
63913900
41730835
55373856
53694580
38839718
28514965
51245021
2150664
2707357
64304930
43564210
75082691
11734260
18410269
34432358
21413626
42710050
311802
24819085
90958263
83479497
43551641
37094082
51208295
7793628
32672129
60281925
87024919
72164007
83131477
45003138
35986057
38738816
49958933
91774703
214768
68557727
73099255
39150527
59591187
53771751
2373174
51057737
92574130
58250376
36448145
7276983
44184051
24675391
18194120
88029475
90692493
22327262
20232990
43338370
44905540
16384512
58761676
57401151
90221814
72405571
3745554
70590732
8896266
88695466
42673758
38723219
33946155
56974430
22606734
5613035
79079526
28477927
19869283
49476170
42710046
36799409
