47938157
284077
40970916
71244435
82018830
18056797
52515841
69042890
27364063
21758595
30516736
83509
81063827
22167937
69228678
12729705
11009198
44163372
23175550
62359969
69594478
6834815
65223813
19831479
8778112
69709924
7276234
47459468
72413049
50134485
93017473
63806700
19497349
48238562
87185917
62506722
69981634
19154939
66410997
22786792
68897281
80895478
70879060
4631667
15191816
44917215
57197044
73402825
67721317
16952008
12832846
2388118
19509335
21409441
60298078
49367550
45515103
7977973
36196129
89588516
22520702
72272871
2055318
28689070
59151624
48390563
75887076
51645270
93122757
5496296
16128178
84478868
63689987
9923333
85459727
2548963
55537787
31152499
30131089
84931265
87967184
56168078
65443129
72104912
26912761
88659765
40538972
34550966
31541547
28804989
75395840
83062677
74332787
87247182
94542890
91653529
18353473
11530955
21667845
43092195
16307616
40211830
20805597
93990542
67100099
86757755
30292928
36720025
54375286
8921892
62566659
34336862
72529106
44545148
91307495
71846516
65114179
56870965
60141511
80022946
33697198
74857601
50988590
12069255
48901359
36686054
82556129
30255909
55212832
88353250
45601205
78707223
73822820
67488061
26366048
85480204
54779773
34799694
63358596
51467272
3826709
3683380
83539937
52743857
33392538
88548396
39217816
52037450
67625235
44406286
51518151
87645383
63478629
61815487
42470610
34455120
50739945
11112259
16473994
74779391
37233816
74432374
2243595
28562301
84500406
63646135
92444552
93514209
41814932
40116335
25866691
35614483
10196668
30779990
2155446
11205649
59448129
83076998
25209984
58267704
52880293
22842362
82682082
19087604
453221
16518248
23825307
84070320
42429772
42429773
4693686
23940507
48748634
33090362
64822547
23097727
46120616
86176532
53627130
13313454
24305695
92578706
33606176
46856729
32811840
36981823
92778470
76531129
85079343
65987666
47025048
81916527
33530851
7606625
47911360
53317667
38210708
50511596
17781387
31739557
85190817
30040661
51182508
92046527
41316650
74873590
59517039
48967926
56943567
21571016
31837533
77231411
66989588
88004082
84048047
29944332
39506081
2611728
91806041
64904222
86398869
94185718
43865441
36579206
46180937
73887308
11808852
81629428
40056014
5920607
1266926
84269026
669813
71668680
71659524
7165117
8284798
64742024
19276618
6418992
17471203
831555
76916190
28357126
5386337
67185063
41332084
44675116
59816916
46707678
53673934
20283145
9232776
75936648
90268969
47791457
87032038
87206900
59381906
68312538
25948789
31291691
7978611
46883036
87728242
27388100
19486922
13757286
81687864
17844468
56523891
71891651
12653404
71478961
27255465
13287404
54635969
71843544
87631034
1686925
42570878
82194991
61477811
63303799
43792354
77124620
83851903
94159481
29558153
18006297
101907
2249139
49724680
80363165
77552130
88467361
6777655
2022971
44259259
19682383
78791144
86977503
22835953
23806831
89263352
11498431
52181004
2380052
70249136
16275005
11373145
21798979
63506794
9512101
51344035
6341435
94087056
4853693
50508679
27378653
76919734
26191527
9738538
64756572
15393447
49805537
44825838
47159145
20831805
30182686
21428317
87449569
38257581
68693749
81122307
38124091
26578208
65111479
82763784
14074053
54813109
10253194
20596106
54871289
67802963
60862742
57592838
93639054
3945898
89861544
68997033
73091800
65236256
72573392
16015728
45624836
93456799
69092306
41260002
53970340
42148848
18072092
77460002
4705731
7874836
55094982
27842205
3827280
88783384
78655498
81844927
51371281
89972151
88926906
9791619
25503480
27985772
33021577
33400068
83839198
12981255
11933346
62245968
35690316
8657755
22101017
87045795
22184429
39465793
58472529
78509064
88844324
47464910
85954106
57777966
56266471
47273613
4409939
93193115
71142179
42831689
73616228
26094466
31841946
8576317
9638691
82505574
74077596
72182998
70988275
74557306
19599538
94296194
43556359
49887868
71755502
80836191
86895641
86015391
77779576
71636408
75491565
92876524
27110567
33577347
56017535
53188182
50359509
29134751
21633631
82314977
5489648
25882839
14549590
11109988
40314411
44282491
20224446
9103744
37645980
91412352
80412675
14376039
47508357
21632678
69328019
45150267
51405360
60554785
88418217
69369249
55542576
75731277
74601645
3485714
41255712
84638523
70000862
36567667
45100205
63048025
89650748
67908059
3636152
53279121
82941446
17486301
24725576
46785306
24812274
56490232
12856185
21194032
43875743
32199616
14443471
94003400
11441321
86979149
34723849
2057107
12637555
58928287
4842780
49610139
22646230
69369058
29173104
86124104
63170512
48068067
85777769
79869489
69374285
36565162
15889200
20025234
24301724
58814742
91699970
65729451
84940946
22534886
7435321
56730757
44162098
23415471
38017648
91645065
28008225
60658823
84377027
13129848
55319159
84633538
71827759
19456650
45682176
75546459
41023489
74932797
91477840
25025705
3400231
93465297
61599040
86942149
21599455
8975524
81799925
76179026
2431656
63496111
29918163
73477958
79550930
48911488
44289395
57008253
8640173
56644351
18867183
43193432
28197915
17932325
13009186
48660078
4107197
79517283
10227510
11761623
8649161
69719911
14300717
66051280
21059150
38859862
13941524
10497001
20164446
60503461
33189888
75597532
