76957437
333738
35137316
71172210
82448667
30688157
14283918
35026704
6072666
56268759
64994981
72593463
57501774
5238761
3106712
59668900
58937088
62903534
28266662
7590579
8804792
65656454
34001316
85457246
45827160
69927790
27621443
53838430
76704793
28433020
50932334
12717698
10675268
56875396
15054672
11075059
91913181
46111880
33627483
79964221
92336665
9686077
12179215
59771211
90495134
30927986
15156240
72824203
4125589
71907361
15722953
89228033
67132444
68113092
16660194
48491586
44746380
28236312
38908064
83870409
67322065
19677018
23054927
13202414
35479491
40137916
76961281
23900526
36776457
848383
47565328
76454285
164388
79294802
59633140
36732756
45147348
33645484
9926172
10708216
13016466
88447663
76637446
79938312
54494829
57716746
50014894
92680730
74687596
41775600
46229870
81760916
11983116
28687654
11771671
15067350
52971152
77704126
37499435
43806982
78635240
92507709
57573169
6464107
44879149
3453778
52757099
72690470
9953909
33069163
16168763
83751992
84473549
27825917
56415440
39765477
46002317
2572758
88472467
20512778
80853504
76689970
32224366
60727758
72814714
62072335
84980416
51889656
86601097
44900015
2157086
11288609
36065267
74841571
42971064
58824635
20433241
87921665
62861843
51502617
62501053
23594653
69732349
32033827
85413756
13808284
1129207
19098924
81792282
19356004
43833537
17884668
42361645
62560799
26258416
80913881
29606280
51349502
35938534
32773640
84209268
69816804
89255937
24635752
73637579
31406426
38149294
58990857
53426244
36205078
75396630
52438248
72848526
71537783
59625808
17438743
61322661
30403798
27690037
52218301
1218866
36259023
18245237
65286486
92837580
24643310
81242083
62276164
8330720
6160520
5358321
4667953
4475808
74163750
16195023
12081351
1667142
25422853
20485462
32837832
13778456
50279506
84689082
355715
28286509
62692181
45624304
32418000
38410878
46051801
30408205
78090368
12045694
16936775
9841503
