73877297
89403137
34990684
75764384
64822007
18702088
17482922
75279403
79049065
14965808
59780787
33988080
12849993
20312416
42464556
48754782
63263804
24847943
69092509
90464225
53932965
59360661
35069187
2405628
88227221
47513408
16141476
51011064
91944031
83908074
60581501
74351184
58594586
41225378
14403644
2396270
46720785
43467224
92875367
37505790
76390646
66411803
50857296
11452688
73358375
91656791
80933055
46525249
60550515
8868419
59237805
66804826
8017411
70175814
39594933
82086939
63323638
10851079
2916927
93305791
63700294
47037246
87776983
86149829
41372081
28503279
25316242
19755617
45308284
32286707
15377786
56641410
92958016
44442250
15740710
11861078
52324714
43815423
78518921
91925516
73009855
13125312
70825867
86776322
38603894
87471597
21838221
61601081
86743401
25067833
39857346
91115068
45297992
36351432
57691776
80240151
62935567
84370391
86976414
17742744
92654946
23902761
16098608
79526276
38687046
62961369
83172820
72299748
14794787
19453837
87380876
93953777
43783125
44704659
73790267
50690708
83277732
36564541
91954025
53457821
43954299
67116972
78997071
91798772
25438960
94440410
47108417
60947423
87805455
94357068
70034857
83964827
67878287
18955627
7063756
85538640
42104627
70636956
93603643
51650537
91395184
10265417
81484722
45523968
10112266
48967996
84739631
10259016
66629666
63556109
59002504
49741765
16421432
63784361
44307848
79302842
8444946
90804961
36646701
3452931
56182455
42172260
26085208
53715319
37603204
50582970
19344021
58225940
48517479
68932343
51935887
419060
36051136
79976904
18161404
93275184
65378518
42581288
20770652
73496377
89259813
79355875
4856210
70805863
91377729
68367867
47522963
727014
5246424
18656458
31489787
44475469
54375733
9994501
41737107
66665253
51171286
76549794
15994102
39220142
84137988
22181313
729961
43299997
89259834
74085748
9391982
77482386
1882938
89891435
7161949
67565708
46201721
44355071
77775479
89108465
35401539
14049917
86235181
24622509
54015504
87033179
41932477
56368481
20008819
87187730
72763858
87306673
61814665
33079290
87045676
3329460
857138
68923806
29829232
33711510
67805178
62367539
78918178
23945475
35323686
21224914
24836387
21735151
31216253
24759240
74066005
47315066
7329198
42817475
24863581
3560214
45427406
72865238
62616169
77270973
69037183
13477585
64499572
85021238
60458017
72117626
75247246
42448058
46633571
93020794
58944235
18640579
7427007
12769389
5881995
18478149
25459546
86909601
3104943
47954469
24928059
59235165
44944043
65427450
57523621
41832356
2513250
81262783
1136934
69874364
