5507184
37799751
72425194
48044541
69202786
8413372
78144942
3286347
57721230
35106161
7025493
22680615
40423062
60290367
39571982
79076275
21027130
40639893
38007474
88003729
33019701
67024462
59040970
43358883
92210792
10418218
18702308
26448021
31093767
90772780
15452873
35629417
78445847
50252117
50203144
81931767
24785052
55070666
83098738
76055997
80287906
80823351
80825582
15111107
84327514
12655961
84334175
32059872
75243071
36235944
55163391
94433480
87593764
43709167
54122653
30510516
1254805
52591164
17225932
84487822
69864784
86172057
21599166
87027508
11900264
22354731
54120458
28200537
27275149
54648706
85419647
43427505
70567663
8927486
7029032
17876455
80230935
40367294
14624201
76753533
83020590
23700852
90093709
60662912
87869155
65864641
19478003
22095126
64931590
23950796
76724002
59355355
59145079
62476485
91641609
55569990
34706803
68529876
81966229
24671358
60728515
7500927
39015582
17857977
52634701
20463893
90827304
50161237
93934386
38828216
67318243
61353370
73200739
37164015
74043028
57075066
63462840
2846613
70215721
78162421
77060121
82131995
25882719
26303811
8275774
5429533
89827797
14680815
37936040
13081695
40459465
78226368
1145244
5686549
1332708
50385595
61318715
17908437
48576746
65876302
41586290
31685089
71155371
10074551
59966524
7124890
63708629
92452314
36075856
6218779
53921855
89348430
71271768
42099065
26143741
32926626
48392895
357698
72271409
7413224
