44246089
23386433
90265722
58081768
54834831
59387542
90913162
85518340
22608223
35881550
67235651
6668231
38157283
81763299
7486039
82150605
89414574
62194736
67891351
32854015
84714575
33920077
16808659
12804326
50582265
35724205
75396366
92801814
79138007
17770761
45855145
79855028
26286383
31444593
49599314
92842345
64686103
74489212
23174575
674824
61482383
26190799
6491097
55087289
43357830
27312476
86599708
85870684
83440504
62268217
69104443
64787555
83054573
13989246
40367527
29409916
18346748
22469306
51615033
72745636
16323282
18807115
1191992
90387099
44933266
64453612
82994750
84612866
90501988
64905823
4449539
7707058
87950901
83269752
36954864
24921793
33807931
86094661
70612368
33573651
45128469
39153084
85828038
34236032
38128898
62061066
3621394
44825920
10708834
39104510
27112428
62559214
62700431
88371480
65403782
83464199
54966581
71872462
62187114
69277493
47054875
17947616
88269296
59090616
75014038
46383366
49374716
69200492
84984819
83648620
16806052
38588982
23982550
48492955
8627956
91758965
55377777
30429632
55103623
85218649
47575642
25633150
19928384
37498218
7922674
60215685
39017267
76179772
91345736
21522902
45622180
72123547
6401637
68098315
54606682
3261246
43507169
78338869
22846407
88216107
59338000
7212922
85548038
15529810
10231332
35825423
17191620
50032256
62111523
12510156
69336639
59958927
43108056
78691914
13006415
11700690
14063280
42276459
59041798
62588761
12239346
36582934
30327546
68667606
19262921
