16779754
42367335
44466544
10845854
87746842
41262713
91557019
91322547
18251681
9160154
10047385
32333630
11899169
25885738
31995318
48381091
92511939
75947245
29046641
90014906
80972238
38640822
38718825
89296646
1044876
44493983
32946666
42628341
24655036
9941115
76806783
3471835
86414666
28221273
87613866
85687661
73843661
67141921
47290305
16912609
63574755
84358712
18962600
63980192
79656322
74306595
13983359
53492911
75722807
84763803
9297364
37661094
25586839
56664939
50098044
91246116
68256319
16231929
60214670
47836213
48999531
92650100
33999822
53703899
72775198
41339191
54469090
76454227
44253697
87327216
77990464
92560335
48577442
57822015
42707587
80610933
14008807
1551881
13973106
60079157
61474909
18596787
9758374
11588695
30415596
69452281
50212833
70894184
39715804
17866898
34159939
42581091
22746540
55106616
58834867
23443238
29491811
49764739
11389202
74105636
3365600
17592248
14584001
62566051
6030576
26662639
7831714
69901491
10178121
68389034
2392316
49827085
6021032
42451885
92861328
91704714
25840068
37215091
79199356
15271620
41784521
90380171
45770971
69841290
70953590
30791491
31252481
44769696
21300508
3604579
79856093
2099478
2889097
65135064
73771354
7061521
12095617
67193408
21138891
88932545
48482730
58314857
57876721
53658578
56902727
61723175
7306184
70140738
710926
59660793
36341622
12354148
2686803
12466190
48055758
64093026
76994888
57863287
2766361
12237824
45635270
33568211
61503088
48641612
37962188
28930535
86959872
82914284
21633919
24251070
90640719
2040962
22464611
52010801
24703187
73208326
36607561
43346328
71212400
400500
57650876
48594724
10291314
32639342
87580452
4071216
77669428
36702924
46524574
22828015
73783955
35174744
55084755
33739161
55087551
27862488
86682428
79906359
39814098
24205385
80926265
85933983
23045961
43705286
63101436
88559111
66823610
32303921
16008393
59784238
71465304
58818474
5200866
3110617
80974018
92334640
40207163
54061782
31245996
44055042
19130888
20867192
63633962
22785116
78713172
58359869
13167382
84423868
28803461
30438579
10896028
19477604
72417752
68522148
64066299
10095172
32653570
33545902
32990757
66007289
10622453
13293755
67562765
3970400
51896226
8275953
52357912
56337851
24109761
13768076
8879754
15601067
31475178
34809164
81443708
67031183
57965748
12706370
55198457
25393531
21333768
77555516
5795578
9740546
67987970
76606719
40502965
88338220
38398061
40548781
50997009
19163536
43653776
81403599
1545907
30111014
9078023
9027487
55479280
70402053
15823335
63753230
60591412
20684877
39819194
27707369
73822271
43780948
63363328
8482884
33218502
25760995
19248117
29451578
48367287
90514526
9300388
74487094
5534724
82855778
85938384
21507507
17638707
34379097
73198336
77380763
84046989
873914
7652433
35907814
69719935
12508934
78383898
48812175
86909364
19395054
28308518
58978737
11000807
41749776
46486500
71730928
15950611
28781403
48217131
87520576
39468115
83317813
89603252
62207014
45360411
83252981
62517172
4181908
88922683
6305509
39153431
37358238
91427515
63081836
49158390
63658047
83156053
32098680
31580625
80007032
60606330
13990658
19380275
88145012
70068020
29651894
62546033
66752365
5495832
74956177
5951963
62663884
15399632
25041767
80675214
83354679
85279197
70832543
39861026
15598138
2009716
76345800
65519664
55533863
80107146
56979785
70622619
2849804
25989752
72503209
53860851
59764850
11842095
76234829
31485360
63925511
7195389
17674171
70862348
3157286
39368390
37944938
38492097
21375679
6819709
1699108
71930332
83856118
41662987
32803128
79463505
64927293
16275056
9390367
41160718
91656570
15490290
40590762
48126602
29022683
65810211
30896776
15628584
23573422
67055350
31763657
37342706
30372214
71654271
41830887
48605872
72693001
90921435
19185074
70807496
10496853
36481653
