42799287
65597296
62907763
84576601
66551566
193569
16940503
8837737
93513406
65665913
19225054
20802265
22259507
39354467
37008703
72939637
20421084
13069348
53175041
2142112
1505984
53467924
70282337
63065942
11006127
20706725
20330655
18052393
80288487
24102754
74023866
21280859
94396067
91219658
33415858
22394417
58233793
79330573
35221614
1493588
36960385
59641714
10073059
48379873
35455017
93143647
34858546
64875253
9117410
22286703
83084867
86712906
49137757
43347232
75623117
71604717
82380633
47545046
3661552
82041686
30247553
11653554
19868771
86876732
38630386
60403769
22093602
31736414
89719388
51137468
38713944
31799971
48034358
60687907
73030605
5850176
45947158
4762019
61455991
90558979
1004989
54330493
56200371
7752366
6514619
72177208
78210728
4126964
46657536
26072777
40632039
24532738
3136315
67282341
73377624
75474716
52522162
9512397
94314443
77386333
63327546
20305416
35985064
55354752
55549386
22299489
1393098
13808502
86191210
37850020
34856770
83346828
7836221
86487773
39242679
72118007
89014313
65058933
30686999
22944068
79097327
39667517
28163926
73737920
5446223
79532809
80339657
33958282
24935458
14406524
86714571
17024057
35666265
7356973
70120051
53546528
12183328
19810648
42744145
29223729
17121168
33423825
10520653
68361805
22811650
69797055
22520751
78055967
51169952
92428842
10018043
65897043
76383791
78073711
58672569
81210538
93355851
56715421
31264631
81406417
51057898
7950265
71817800
43991897
29551747
51534238
87685235
45670456
68451356
30609281
16696929
69218337
11922628
28515217
87332306
34091595
78165176
60251551
11244425
67590929
12190984
21039708
5957778
73034844
84225997
87537350
73175368
22856470
24551422
52956258
68424553
88861259
48343385
53486233
34893900
45665245
10199635
17103071
8445337
43841701
54754062
56168461
9767291
62278343
92767632
26402666
63683051
58434298
78219694
36600414
82755607
94211599
50314031
90277974
37678789
88459857
32107291
62505283
31403629
83342883
25533858
36301415
92107113
84688556
32596394
24704877
48526924
34994950
40865139
64036795
30565739
20124286
12180942
34334413
72696898
57882770
75167968
41477692
61516784
76657517
54320905
61300733
84863715
67754529
44461419
3846597
40882496
62161495
51075071
36308122
44018009
53941991
39572149
91889845
6101406
93282557
61183578
29598883
487279
69901452
91442258
76870812
12318329
23715634
38149738
34349499
20045424
81287809
88917499
77285147
46354825
48859050
78704967
74514827
85012985
94084548
48690331
51512770
72252302
93400363
69697068
49321063
28978087
40786410
86349298
30784661
36285748
78325615
79655430
92839569
36223841
8923959
66679364
66455481
51219338
53867623
93937743
33638603
92364407
87454820
80221517
18549139
60677845
29829972
37228316
11385618
62745462
48645866
46034532
68440425
78626077
82105127
79438570
63317364
63777946
87123937
91562183
56302658
25861535
17838155
13907443
84522022
41715097
26441329
33354180
33188843
8416654
36252000
68175805
75215914
32481526
77952683
30020480
64682934
64048432
60688193
88726347
66922175
12373928
5805539
70712811
38667120
11867721
30407868
15432779
26955666
44614122
17551546
88741556
63601189
30656394
