15499037
37882600
46666605
73488080
11422319
30823368
62407828
10474737
69358016
89451773
19036321
60602153
16696857
56700391
28726069
61427441
4222922
32725493
91982609
60870927
73666526
33575334
91808565
13743571
83832020
80807607
71219110
76468985
70457953
81986996
10615321
1484453
38059595
85950402
45978981
10099205
17141853
45934613
61914892
42638952
54552107
54300841
25716943
80678629
56314014
92621285
84593020
43330840
46078964
87025526
45059183
32376676
71991963
2947787
14473224
52006660
40875882
44634459
32136505
78275293
22556845
49906061
92079904
37712409
14487644
58621566
83677637
82422429
89691074
86005676
16460887
50134111
44799036
39141966
83547082
7249333
13753807
20901066
4405623
47909510
23556813
55312968
61031112
83591127
53520701
56084150
75083139
55623953
87239410
65903250
45826227
9562314
83538889
55564106
49363147
92381377
29601071
20500205
66454586
28114055
18535083
83246662
458062
39729546
51280779
56651252
71785559
13628489
46863449
15944183
50226602
27314388
69823861
15458606
7367711
72404215
84156419
21960231
32547204
38855804
1941250
82836891
35874151
37993333
331447
64257957
14322662
82933726
23812100
89454588
14552463
80412587
49525701
88185353
62725607
92795939
19832989
465447
48315952
40787109
20663569
54726
52303109
86396671
20547774
61184340
92825579
1830261
59996255
76718383
66287981
68366092
69163108
17935800
14511360
46424332
14487055
37662374
14102172
14021757
4910406
9489916
50523472
51408514
92022821
51723167
23477758
92964774
52774770
20722587
15954996
67862826
67238790
2485868
53699325
70104557
90806041
91102987
38277497
77780171
35106072
40176554
4945682
16044901
25465430
27170109
11384775
29924453
54062113
58168362
12652989
44001181
31898121
52327269
1423523
41889256
15534765
29717620
36269775
35263994
82436924
26823521
82762749
74017395
71554523
57597992
49530314
36006343
44888451
39046343
50669882
23256518
36902094
3568558
56773902
14171378
36291473
66897475
80659297
17353389
16175228
14265974
87621633
86800172
91490577
43276082
47311617
92634428
70851152
35338708
60584826
29795662
66177344
15423298
19084621
84103030
66678964
67866742
10970848
52041497
2597301
47625827
66208253
61211618
51701518
30454378
439375
36237143
91120825
23422756
67488004
83587275
77133001
12374101
55980540
15981978
17214015
18880843
73291898
73576485
43366959
43611636
92359488
50936532
7125119
66466921
70456853
17803851
11642749
44249538
53378022
63668091
46377260
10210309
73754454
76437796
53118038
14879560
54034366
77475535
65302817
51667268
14179384
87123321
5663785
81091057
53358119
25302257
74472429
75920258
73684733
41731365
29667707
1252707
42510560
6813090
76820821
59315568
2083156
77843007
53212507
50231827
74458016
92098858
9671869
32584596
60405229
30479715
15378783
28835635
8921201
33731236
12214578
44551494
91125219
13233552
20612876
82181017
73942904
82103727
21658529
63227302
46128725
20518459
71879399
68810234
41961831
5884135
63492697
44613771
12664877
52180189
29770447
62144687
48498579
23538723
76924088
23588091
64453221
56521740
7391796
92734333
64851037
40583320
33820745
26730679
23465290
20109366
57121213
36296166
23069382
86985182
28494463
8831208
67327985
57007180
58091558
84595269
92675544
8735794
33773851
67256276
6140938
47658
80616059
25843752
65102773
66449833
75880658
60629397
39703374
59162359
68530274
42042746
22501764
68212058
20806941
8644212
59158839
46115957
54650640
55854263
74300859
80319549
73728889
48828350
31569320
5225957
42536099
61089235
6389630
4090291
51318890
1025403
2853956
51479244
33038290
70330367
84859988
15640009
8152197
1264896
18531347
41323056
50644676
49246129
69839075
12887109
56576726
6221034
16762100
91639660
75666554
13960536
2667098
26926334
60190990
37944691
51316793
80368939
26024235
65036743
34615112
35697028
43864431
53504120
72598211
12632521
79963059
75637488
88678556
71422059
31421555
76561509
59437302
82901625
39909721
42341270
13338968
19398176
83161503
22528590
7347029
13131967
31757044
20576644
53183483
28272813
92573977
5799927
71436195
27465680
43643597
57799937
19585791
37317050
42661749
59362735
91571457
88554241
18576048
77997666
60774635
4307852
23201051
57475987
41713879
47512448
79105626
19304967
84322372
66751183
86661914
70111440
6494433
32800522
40376932
38640140
42682839
39713553
36449519
38901362
72299192
41342162
64587441
50500273
13964857
65074793
16952513
58300286
90043569
57254375
1431990
30583437
45867594
542294
53586107
91683518
18672319
33886771
49989011
56965501
62545115
51575137
4249866
45731528
83070049
83070050
52497943
78893908
1603691
5373694
33590080
83260312
73045338
44137018
37322980
34859002
57820179
57023375
60801893
37011931
75789611
87620484
75299731
20949145
78980787
19355876
81336157
92981513
53437735
93088076
56178015
74536787
41994736
9565837
72734385
32180671
75834172
36856631
15472148
34498027
84094532
7071070
90529640
90825176
87127780
596807
40723549
74131216
23682902
25701938
20417057
58829510
80613119
89230644
8441223
15496652
21687090
20372879
54180711
45469271
64087825
86358602
85296112
89528788
51685150
65288558
38930960
58990587
31566410
72498237
21423308
5393503
42527242
18679202
13927628
7959328
10057019
61738979
38596986
18458750
3042665
11308262
11801446
40057367
20363763
49902530
12962537
47004511
40504959
63683967
56234033
87558158
90674445
87172355
82525079
76576647
29071571
61058906
26189205
55927723
85732343
47108853
75997120
59211401
24000209
41298040
21343577
57712439
49858320
3648911
45644047
59324197
364803
45191050
71304068
81436658
59162723
63866764
77788521
78765535
89259854
36135967
1410473
79205251
56905605
12873186
34696362
70318826
10347391
65795279
64909495
9328479
63472535
10057617
11246566
62861864
76767501
33646679
65431184
74283614
75000407
71486244
67792962
70475018
74379503
26639614
2361297
62988248
81328478
40378911
55156252
55328793
89234
49296258
68311636
37607386
17234703
40602815
62392946
34129021
38572785
31448352
85064815
27515527
69951409
43070330
6424451
87833764
21618728
72007638
9143416
67201193
44958208
9055181
85490905
35703321
24340499
49690499
28368526
66059262
33452138
59138132
55538537
71722665
71836194
56504783
76305229
74031439
47483390
78201188
71332267
88706674
62502963
48506707
75756700
77599723
74298594
14330727
30272764
23837469
44730664
78476472
83376941
9686381
30347643
70088655
11319455
54142146
50968305
35409020
71088404
54518598
83879114
58170453
13779389
14720442
62512467
2557246
61198304
88210746
86665234
64108532
43378349
34431456
72054971
26664019
27629525
16858536
47787025
49039893
68972529
794526
62839906
50234800
48559263
22962704
65958319
10337474
84071122
36740414
79317857
79602313
929166
76379339
2098588
40902681
48884412
21553093
29952568
77602373
55436037
6331068
19949098
66969498
63854354
61246607
18582592
42614032
65196145
53479576
27083161
33770781
47215377
59412252
70026712
5226560
46344838
35378634
55320557
32688681
46467135
8660006
66321167
48730647
