74529509
49768065
23476681
171221
26696566
6906906
72698723
67937676
56771586
6842610
66489357
94521604
55972230
9665818
79520743
4536891
13481040
39144385
11443390
63188859
40394577
92189795
31691630
69132635
67958878
83327204
21597970
55839171
1539354
78428597
73823113
35383369
55550440
25500824
48541403
12296491
20654224
76593438
33805501
45943972
56822356
32916395
92311827
36716063
4685164
8316585
42447200
87184346
20922858
59635337
55412160
49319181
36962438
68716599
23190783
55108119
47251734
26267355
63269816
36031231
10647167
53617812
32491644
30881965
16818853
3562298
65256804
53057402
37532378
6201768
55371828
12887165
32031162
20528266
18595485
35961129
784285
64023741
10630621
48028223
92552118
38010648
82859704
52593801
75673778
71236292
37524020
64783572
18011206
32317089
73435775
94530716
63813945
9119751
9765538
34158828
49243832
39710383
12988538
37932955
51631148
87594542
85948787
85857157
86142735
75309336
86827722
46410930
83169054
52768549
70866582
12857507
13392863
68154182
64482669
84649243
35910682
712799
46341305
63821707
15412148
7963643
39754562
73196815
79324536
85559452
94172621
37035677
8486423
14781767
34524088
73672892
23329767
71410606
40650049
79785496
66802005
8000025
74002604
67532115
91484691
90112552
82756103
10759354
70628257
56224078
8961771
42882732
42704556
36182965
86358487
54107087
51722449
40338868
64979421
61393726
91750794
60775747
3988465
56874651
21605152
993775
16870904
1739844
19297329
19332743
23243326
69145466
74823214
43469433
39115036
71323196
15963175
41929258
11305002
23167230
13492551
8675012
28537147
6431752
33177410
49142158
90928655
16842634
43890980
64307561
10052906
55193215
34759510
28746743
3923652
16670608
39614488
66539577
46835193
36499162
3029731
6423423
15202258
54655385
22882763
63310155
13928315
22668965
56804218
4910032
88391667
729750
36848207
32422167
19163213
35686164
1969962
80665524
94400032
35191478
14583569
64369068
73983417
94374678
77387754
79007089
5231123
57508253
84975302
51345199
25442567
69728444
82296572
27889643
80391714
27676182
79448231
73057875
21235703
1278878
25916199
54617063
39717227
89652451
1798599
86365855
28050441
22391267
80645798
10967827
76349332
49629624
278144
80539904
71717116
33016608
65965596
88382000
57170266
16331884
25333024
30218074
83617580
26553601
68468831
63713435
73335196
32588588
51658330
9017941
64041672
29634848
8162174
62021162
83282013
5919421
87378074
44872082
68213116
91237367
87891232
62970961
23081075
44232122
62684888
61247469
23101639
14483316
41177107
81076828
2289839
76073729
9107723
92186668
47803086
41987481
46590176
28530382
1081640
55807993
40052747
80747463
68149182
48716572
91307959
4089274
5778557
28034451
64620197
59265122
80790205
27548973
28838794
35228847
28069645
70893356
36584884
55623902
20284407
23418198
53752167
53990213
72932360
59019394
16384167
56961690
78985382
25724925
34252705
7095702
55852279
34465338
58907110
31413811
55049694
88871376
8554218
74598832
1595373
12578861
78176229
50121421
75399265
29053131
54916195
29670867
29797682
65454927
909805
23837309
78477267
17177341
12761424
20523269
71318748
13546154
30867604
77222341
61408315
87435901
32291853
2642825
33107982
66920428
28673967
5117520
51020699
29455067
27445308
19438268
70474672
89050868
92939587
46400561
50772781
53044503
35976044
23422735
28980131
37038002
83525622
20030229
93903218
34052534
57909844
92510451
17624931
30977059
77030760
1038808
32021554
16928839
56130075
89398525
85271308
8662422
39323781
69499120
15116782
74757467
65810693
72236508
85705363
57378661
36987409
26383073
10706821
1062950
53588510
63809176
71515762
52942062
86183772
25713153
92744475
32041189
11796026
2562611
37142716
85328838
85328839
5079166
2887180
72258987
52675152
84234938
60339125
50892132
84947363
35548052
64067304
49495319
38794576
8531830
57251171
4629671
19443025
85980912
71262587
13590076
20862216
21520294
6654726
12240465
82252425
10767638
65081083
84894485
67186035
6931561
85204231
77141832
56346820
8629882
73967940
23495215
64253088
59439767
65035833
27703473
82828988
3488664
22113592
92542867
77544620
11985808
3997346
94446914
45611610
34547429
11471819
20157220
89589053
17041639
14195013
37312828
10234761
69071743
17263849
48654597
68300752
26664661
23275065
66002097
27833697
465900
28370649
35900130
31832429
27742643
55199093
63340104
34329204
5648961
78551325
44991846
4614640
28169207
75634971
5304664
51923948
61751911
88311351
31747861
69724425
7423813
76879282
88794547
66188989
12343804
36170980
85336922
28732906
12521923
16976913
48559936
31574205
55732
88615808
33314111
72487967
82548013
34608559
65914605
79437876
76644283
51938693
94144895
39622506
62606050
71171600
86313197
91343922
94414
36655200
72440908
30159686
59265208
59142247
59395025
76614423
16376135
62648033
4077815
7756009
43575392
37225439
52742704
49660623
16094996
76808012
41397960
48139147
15114878
14173289
70226248
72810334
41567133
43898654
38671261
60574900
85526035
76213284
45033480
4741017
80854281
78710912
57128054
62730254
45799686
28371777
57583226
25903585
5631651
9214843
89166303
89695530
9948807
74714397
75029424
82559132
12238140
72471621
54357988
2859743
88897085
3565950
39750383
51076138
1979040
89763754
92672105
61633307
71147600
48172569
54164588
8507397
91616787
55559652
25372101
17570375
22988599
195304
85818840
25917153
75043122
34207352
18265981
47847689
36244338
42888204
90145796
60758638
33879983
89197936
74447031
29297900
60423184
12833554
68214658
17412724
12266174
7559952
89622961
49367750
12639880
7778184
24797252
29015452
44654383
70220315
50818907
70334695
12165596
81682775
19205548
74566644
10462587
17641200
78703349
33759687
36125124
44842260
30134005
59100318
76049956
63973577
66981545
76468876
26095301
84191534
18457412
39103428
75281563
40597219
60020718
54999064
8751258
38283972
34118026
72163441
21444372
776055
59181002
90764077
70727739
52531449
39303013
73223127
45124059
35493446
28524649
67131439
14575846
92646805
68004042
26977831
63260862
34718002
54507737
80339941
37699925
63499448
53438528
12675200
22778073
7585626
68392886
88201993
86933391
70178858
2597370
19051770
22312956
36780202
5055024
39004721
45857674
15008828
4222406
21232246
25687193
66340346
88473850
3766114
49095494
47846102
7700510
72893049
54141923
50010943
38665608
37238710
50001411
36892014
92800263
48870669
40190934
80917230
53301232
24026791
70043741
72198520
63707477
75118279
31777570
36208500
50730075
11182332
19997593
80486103
75950300
70741768
18606114
30597443
70479398
15064666
79708268
64096385
31763188
16385277
91102135
20975761
52330740
59937295
4829214
82067084
15730686
39684581
68343223
59455035
63507196
75992518
9949281
39386566
83768165
15180411
52924018
6915257
33224998
8296779
3761102
62723315
16148245
72706128
89711004
65036375
93793907
23067806
89803626
84945278
14481695
30249533
34742813
84719698
39047761
67884666
10193012
85356427
91474294
10994095
50299286
77434742
15199535
64313995
90192855
61980915
45208319
65002440
82530971
16264236
34312571
29178764
18212410
73303913
50510345
6887319
33147712
1313638
53881790
79981276
58116831
57529687
36225480
70468689
6757261
51132055
728731
81963046
3936481
45171545
26691713
6998365
23361250
64940521
35281816
45545292
10248015
87414623
54517194
68391303
32909463
77670753
78235325
50522087
41587949
32330466
9697675
13733966
93374409
71078628
65286731
57384178
32791814
61938186
82358257
81715033
40346719
9537136
32976034
13601043
76639161
28945407
37719135
75668229
18186472
89739381
16981371
86716832
53242113
67007781
55496573
35870860
23345852
9488829
54412075
52258957
70860249
72903195
40940392
6948815
61244700
32846229
20900984
86893915
17784785
61012546
67800220
61903075
8607908
42827833
46291496
92724976
27348809
47808799
83646287
54470968
71531092
74793762
79282584
732958
51764847
5223709
51999945
1114244
68042833
66885672
85184509
57951013
5060458
45964533
60035385
63483953
36641510
79803181
8615554
43552472
23955588
18191996
73798020
63055219
36063601
63229027
61030714
70050174
6970800
30689163
86089431
56460616
38460244
17128568
47907253
73867848
84642594
79680049
43742847
58605867
42027383
68512921
31067638
26978341
75368412
92530320
35921599
48853111
60181374
30034617
39185868
83513115
33422452
71122655
66410599
30634345
55621153
81809518
43616894
71455747
20900930
65626690
51889758
1665743
73191607
28051112
56411057
81420956
12459994
89429298
18133862
18165960
41626495
28300803
50847021
92779905
78352603
24336151
12772150
43527329
30415767
86697706
56010643
37057233
13913025
46350417
85539461
27457152
16163154
84734716
19630184
22318797
19401882
90663427
55725303
13891581
87417584
57122533
81742709
58258090
40746037
62300799
1947588
83027009
43078643
50049402
27305947
42685723
58221165
58141634
83343551
90455615
63874021
43426974
51421682
803358
69438017
64664032
21440378
25559284
41695944
75656299
81410072
13055663
71306203
90785735
71448009
87515627
72576715
39677385
72983017
48716574
87747190
56490855
77468070
5999075
28677780
56382282
88977745
32101138
1685764
44432146
92311565
29044196
36757338
25926923
3656831
79819526
4894614
64454881
69648928
2532571
57035140
77679569
17672881
52082269
76988916
61297457
11831443
33034724
92946086
719221
47753722
8126537
70640480
44128249
61297732
93479198
86741575
38519124
66352126
27951353
16666627
12552529
6246471
73122271
84482249
43762259
71079428
34091400
73508893
80758976
89702803
85813017
39959607
94372366
22332042
44258266
76879487
84328253
70285827
17353759
12722310
40109407
89645518
8117258
76206732
46629012
77481818
75218754
69204837
1749555
81710889
7716707
14773341
38544034
15527351
27230536
68841874
32471607
80179479
55624075
85222880
7381187
14632928
16892981
66161560
67987783
64938639
34012487
933284
50898918
57226704
86717587
93799640
21841659
51660868
70642226
80457471
83058109
6726625
70935941
66305180
84200466
93026693
31495903
92844775
8865672
58831980
44411258
30973093
69227609
43812773
11758649
65386149
39104284
29930229
74401078
76265133
9127184
60195415
9517300
89995072
66876961
48907200
30596494
73551565
88921755
13362124
77720172
8548332
41093291
85887933
56181595
68021454
10473030
11791217
68792147
62537482
62132518
27497377
29847095
58335356
88953305
70368047
1355900
17840528
66081506
92496828
68107644
36987766
88200279
13514669
948626
59019952
42811233
38390702
9926462
53469617
15881211
74609462
36073809
19348489
35601468
31037088
14510702
8520834
39067061
26520023
45256783
25813432
33003078
12402979
56608412
10027471
57801377
9010648
63012137
53183411
73537072
76024210
37555047
4440801
78328569
23616605
28300057
72148164
6366866
62561134
62050708
89824629
9660828
90115222
53531303
51632996
88937770
42921820
68016553
64772406
18449981
72939378
84877133
63513155
74112153
28366221
70747944
25224202
94587771
91394238
74213388
93503298
56497099
88320124
82483197
15868177
38639782
37553842
26871542
51318777
42077392
80736428
3441144
67808859
14944895
78526803
51751161
44403287
50017491
91262457
55886108
9502668
94174470
52317481
1225066
71571879
61026958
16344165
43551285
46487827
42837610
85160844
36401133
46374771
66736095
12234442
55314284
3375874
75331391
50365709
63245318
2744009
79394177
27614956
27279346
24098390
48421407
9729601
68373184
79679558
43904567
33683628
65731864
35368267
35403360
81078087
70245337
30709064
41944510
49898434
78727977
33594434
11086594
35075852
92176641
82228927
45066958
76719703
73105370
77588103
30225335
62339633
8754848
20583189
639680
75568949
3758567
77452019
44093120
81759101
79991027
60173861
46608265
22091579
7986256
65193953
48365755
22471440
26631697
75317269
19878156
64861817
9518113
83329069
35283101
10652330
34839866
25706216
28493257
65735471
8093573
28057115
74603474
29904099
12353190
86876747
45180268
55781727
27600202
73978598
78892651
54795817
39862427
39880557
73572237
14536906
69467549
52616749
93527680
75420108
82089648
61786354
40944839
80727334
32727936
7156340
46424862
73948695
6913329
83356142
93505909
3026057
54138625
41496519
3298452
94381441
49055977
18348746
23433436
13586013
63702887
87482396
35358635
49944372
94567309
89913744
85863778
46891475
29050347
32806290
51530591
71410971
46852807
78181190
15350537
36031555
59298961
68851389
17473025
9309464
72024124
5924701
67472701
33597570
13869571
8338982
73049571
15171166
15364522
46999723
21388136
60428227
88861931
22284374
76778620
46641222
91046809
10396433
14688477
86727977
73116068
94411539
91001719
71982770
86941536
5719360
57291435
18988890
30910463
9326701
65381256
65769800
40256900
15353141
54898660
9526331
12920639
76516349
18145205
53681761
85002961
54872173
19784524
72417107
62716663
76823792
10226713
42401786
69989087
11405968
505526
70338532
45720421
21598824
81583971
93126671
17653864
9025526
66656365
46766923
87932490
29619742
53441451
18777140
51715685
64025096
3794060
19460207
19101432
30206840
63150830
24115085
41601220
72966000
87107650
61331658
26047140
31637940
80332906
8963605
3998742
72650074
77076543
52456164
30051611
7783149
21367548
23713389
69181101
7716137
15000026
12850799
35879488
2270084
13726177
26899282
4598855
44943058
32791587
70896733
71075955
68653031
58984723
14785574
78458520
80716908
59333148
19282490
59963848
15567810
65335970
43327854
17220098
86016288
60743065
37384597
18840368
62129447
8782809
17014393
33210949
69025887
17515194
11506247
87667822
40362647
14751691
59845610
1285263
90883712
43701639
153917
1792031
15149426
15149429
47371677
82402682
28805500
79402602
24819038
9913775
72647252
45313877
47354388
6978788
42876825
74802663
72966138
86779080
15154588
74138887
43938623
25888202
84419471
56972948
30666668
93470775
85214468
74705739
57850888
18500597
90009286
675996
45427047
29299078
42977698
51571099
72307667
88822916
53251303
73636726
5767351
37174745
21955750
29793482
46591404
17011695
14908075
6485539
42642866
76206921
78694610
20532357
43784688
42613499
82475143
71282465
79148155
6982846
72498660
68773513
29116691
26433759
35224220
40647224
538488
19955079
50401411
26753033
40576902
14910915
86601079
2407014
25731085
60934004
13819052
55918958
2655842
23353294
40936855
64188047
64056506
89589051
78873315
81250870
33506643
34158833
17621972
10929495
23202110
64652938
2699629
3489453
2391592
1225830
34469811
72462840
46562362
93456024
91580984
77696331
54530688
35952245
27342086
92041390
28053947
51876405
92401640
59945709
89320237
9087426
74296657
28266641
19912515
26853663
36883360
12282855
94114435
22984370
43870539
11443597
36485385
90400162
17451881
21865037
72996048
31067336
11956985
409128
28191010
87705190
67501914
26992670
31782596
10097565
41178833
40843591
75203911
33444475
4344682
92291612
59685936
23980425
63161963
74856525
2905670
14798857
90609102
47598756
31551909
62377033
4983856
34666702
43347965
62000359
83995729
662058
16177293
28188405
32532530
23017601
27009332
26760958
84710467
28306034
78391014
14464940
70268148
39971251
70369034
37965099
85834348
38552936
32881443
76998393
29724812
65634744
57967437
50997496
7727133
77578387
33320093
4107187
68439981
76717808
26462858
30343893
20869486
52581926
12458313
26672469
27766388
38186917
56083559
60114771
57134589
10303782
56039973
26773545
62733984
71395327
7372544
91098375
57846763
34494114
11525740
76473556
94271996
47584228
28248021
53407397
92172231
92534445
70684966
2514813
51878198
18138103
70633985
32457260
43752922
17790843
63886474
25721957
27058583
86965966
46906369
57774090
70200671
28065849
55914288
25041070
52755765
92186685
7669248
84336750
18727501
82191754
3291606
8053816
9435043
