39058859
7909991
31932212
13353988
70808200
72003914
47382724
90772499
1091061
86091223
59123365
74653530
36239653
55550657
49404972
87155649
73820288
34618330
19112849
58996535
18596888
56471561
20193916
28184599
47488142
83021442
29604313
40396326
56995949
53183542
89239329
86029046
50975435
23646169
46159614
82096474
67007422
20092605
14232932
75667847
24949120
31365874
83575319
61885079
69135977
53915585
9877157
47428249
77723518
80793407
60207710
61828736
60092127
80760383
13155121
3847841
65393525
71927022
88661181
52773094
11105386
41779076
73512736
87247655
3126730
93006635
68495543
