48862986
8333066
18806581
20251556
68469337
16569617
89052618
80035582
83551699
10377089
18286535
20009446
11561800
10877162
24611330
81853585
40194523
26456521
32369338
85826259
7688248
26116142
26975638
971457
54946592
68069799
72956875
38268375
34955023
7339917
34798245
68648294
72203328
50297722
55031832
10035841
63517061
22885842
41075749
52416083
82207735
12484976
62270269
5438017
91411197
79827905
90569833
80247354
28196847
80935268
18468482
43947084
82335738
74938708
70384188
48288215
48343568
45811937
44155389
25291951
66275740
48532515
19052554
79940035
71615565
37736499
35022386
57092021
5990381
74126913
33303794
27656234
88056786
54322442
76500386
65590849
37485361
73268005
76865583
22894987
28513355
56373525
22542725
10239458
2972976
18223269
27210039
25255915
39366505
83035780
38769371
88652358
68301510
47119851
66672097
60866605
43671908
17368298
53356526
39538765
33262267
38563706
73329127
49154046
83403628
41603756
3199818
92479685
66989929
76661108
74149083
77735745
25396206
39304928
18808842
3135424
14013927
15133398
5331724
42111142
83382218
91460586
45231710
22273549
86645844
67776367
74933718
19903647
52466606
8091158
73062438
35550330
81849303
10654054
78660619
33605693
10872738
14523554
17452336
86887690
67775532
