67831960
76246390
43460769
84240561
86364246
88054796
91794710
82033984
39897187
19201819
13991277
23353409
16408640
7699205
16867017
18643675
18412990
44655434
5374898
63581978
4553602
41029746
13277291
79909417
84241982
64008945
87305193
51791511
84298370
75392281
80720717
34386205
48380179
74274172
20174723
54397318
37407036
40879848
20668114
89899467
30305085
8618904
91641613
22535885
64788814
10233042
13767556
45540224
46120763
35446868
26803046
53063147
23291657
83007181
91716894
60026973
54144382
80724059
437512
88162301
30053104
59944589
41855908
61291181
3333609
33152708
86892763
86369584
