60360207
74083213
82180836
77333044
92106135
42456196
27552561
18895456
29517774
80928619
61149776
2837614
46089139
92801907
16945257
65681237
52045642
66112890
23281592
59932197
86596436
69144602
38535123
17379669
33441535
56078301
78330455
25634372
2035978
24434266
3826307
34342353
87736002
17014936
24686119
43287961
63066937
25326827
89828369
72686340
67335857
23480421
78814574
70927207
31824886
32901203
57201253
7553028
81516433
71844530
59470872
14416118
44875625
68860181
7220606
39793023
77705715
48425963
40267644
3699417
72054534
2047138
77838851
67480375
24231526
24896728
86332183
35741441
65179650
90521355
51690778
38154246
86832969
56460944
37723501
68060132
72495056
84630213
79428685
3966585
79028563
63899228
65598499
38815273
29005162
11827503
75204071
26032302
80807758
33569815
92789017
59693055
14084302
16447480
39949217
38325051
13300754
85311013
68587307
48161951
81936538
26508024
62446025
80886795
22126472
62368540
60204394
38019070
72955270
86102976
72573309
11088993
64367000
81406156
42316009
10332874
19515901
24395519
34951065
41450436
4601897
92856726
8801563
26684097
4671927
41988101
38653560
87958683
34534791
27433389
89665611
77346029
14366152
64848633
67104369
7426814
36220919
66426186
54652466
43151871
73306420
18038298
50549970
8833627
29466565
50032379
