47436539
61848484
32117244
50949194
58317865
56429949
37166031
16596643
37649698
3660134
40221658
30891801
82047923
56177075
29061712
67587915
80176381
19257122
69564852
62127093
46730950
61504913
64592677
18880021
15675578
59366949
37328726
92049439
67459285
6352476
31008273
23374513
56525473
66739967
16753734
84280071
48193931
45170417
91911460
39864218
28444645
83702441
27936731
23158999
59590278
69305017
6082826
7202565
51562659
12046504
42073982
3514907
34079152
79549201
63923912
42707352
64023499
29243139
44274558
74470536
36209746
39868808
45786034
86887826
92397090
19092033
39188167
16380745
73674957
64317661
2187161
59458602
70382583
77408258
31267772
65468139
57137221
57126541
7172823
62360581
70964852
33681497
28104171
76031762
81709028
26472608
60585214
19051099
23527241
61165278
68171177
57284735
748725
49560426
30936394
40466918
63881704
65990032
29902478
43709034
16438061
73422174
32784255
7003483
15451328
8280851
24725539
359168
7910367
14468153
67391691
46522684
33324675
10332454
35953819
19813356
18386598
90211726
79413404
26250360
23791570
60981030
25729240
47713336
55687770
4560402
84646188
84248246
65860349
13927554
49635293
61236629
51833352
80218841
47806852
19841826
80486033
84493781
27865052
93060125
58933938
2957786
41802619
28493644
42546663
12171108
22122235
80958029
89485089
92568456
49163827
4832045
44174318
38766042
47793845
28600798
52180324
25913698
2829316
31925632
16273857
25705751
69079522
40477939
51148006
85783829
90942109
90153171
57983497
39255714
46236787
77229823
91381544
20824009
80887846
12892268
81475213
43502960
63160816
33200511
74180036
1929572
87289089
78516998
44607089
45679129
74235738
13869064
4002535
52809400
91622698
1355280
74278729
70141762
88554997
39431589
8090295
12364046
75682112
72420691
48799099
31516574
50204505
45852032
55433029
16492291
3525329
626083
18025467
12968605
74711542
41598518
65298295
49142967
33459683
13148457
60719216
59213556
15531212
20997284
