75464419
68838449
18365597
88160141
48905607
68397907
29671570
10402525
73731338
15342551
25252961
24393329
52385593
39069801
13674854
43217783
21690240
91182325
86253920
35491691
24536290
21672895
89530987
29769262
8485263
39025185
78253321
48033543
47963348
25889897
30898052
75732919
60808070
32690096
81620172
17635797
48278357
31853897
4410308
36064129
63219232
5187680
92361101
72900767
27968187
62772402
41741353
69559647
83441357
50833905
77331956
43745359
19708391
69116584
30962533
82414088
33705331
50539481
40295038
60129445
18475737
51051763
32485009
88197878
27550270
43457068
67535296
20482668
7138021
27666218
25483947
46508454
72581551
3186471
71869345
87006286
58004256
8716491
35438231
54291523
63025374
40194928
4804122
64102480
10737024
7081240
19397629
36289225
773479
44157830
44202755
10174433
74245963
8278737
45200511
74832916
28212498
26686451
84330516
94222218
25456356
29259544
71485319
53060716
8125895
91885359
84292907
94495989
77243830
7208085
48106297
29117733
77836056
15236906
32959168
8916963
46991706
56691692
36044794
85553097
74961282
90365437
37356176
38592743
32783146
85452568
18993037
68460247
36514292
5856844
23209361
69148186
38291847
19400536
72449559
1689236
73161228
62506259
8554280
14774726
38443545
83269059
37520239
42924456
80524298
86561056
53448816
9121973
59317304
79910501
65549835
10590097
85771429
37456964
66492409
8047618
16106289
50570913
57560215
91135022
88456355
76487138
9143586
86037393
34823646
29993531
58308385
19430318
6111900
22209302
32764543
73071437
85126009
55336588
10463666
90951792
68906765
58763786
16379696
8245282
78637868
85634548
73930445
37352188
36999105
23609979
9882721
43503804
79965309
77025372
92594125
50030722
61170583
72317089
47621711
6797525
1483614
56199136
76322570
85897540
21935995
16321731
49385881
49247883
78929202
21802835
16836807
43271937
68016793
6962128
62557356
56041775
56609624
53114884
35336873
64561450
29429716
84602659
84416716
36183632
77556355
66931425
73104856
72235331
12223441
32776022
12880534
74874296
5826807
60306267
23150549
9868605
89640921
54881015
5893028
13102419
26930453
21418821
92135731
79722782
83499229
27735161
77985278
73200074
76066753
88329366
53328863
20181396
18588008
18363394
72374724
10651176
27640855
52900885
11730202
2106256
87154951
59148113
27431620
69324945
32598185
27947815
37853064
80893259
61247982
11882822
58574771
11575622
8609964
92214747
43189344
10085552
91924476
51056287
84034045
33227389
6345066
87435193
55208519
20988142
37032534
20564118
50288172
37173786
33782095
10730927
88903404
2510863
61162160
53301855
2309080
64871158
76904915
44038201
2115494
53553505
88146951
71734932
23259826
2028289
40267648
64322376
2399679
2117814
70223087
71679317
8267260
78616916
818461
68143180
22049302
55878377
79273541
2918251
30744499
54516336
64044662
63812227
80213500
29746869
49325090
54723665
59629317
21372859
47219747
65721793
77029619
14792588
