46305754
42954699
73553805
24362552
69920436
74250360
86996460
47404465
24667664
72922403
90766900
62953875
81711668
56398459
74473341
47901385
49300298
21927066
75575803
16960700
55931596
75450638
69609575
17641779
10149623
16243127
44574179
10011060
78493699
87892725
77104514
82277077
20172483
65687059
64567629
89284889
39207371
64270689
30560556
43197200
23573505
66155623
24970443
13657236
74418682
89262590
66055669
68970984
5911579
37647953
38364138
22540295
9627604
12452057
45502219
40167551
70833952
48668898
31911290
16110054
50365095
11290602
66457020
6599720
6916497
29116272
56459543
77104512
5252222
41669681
79144946
915493
3748314
48696463
18426227
40858284
31072185
92725572
17141353
86448372
51061861
92932581
1080556
13477314
35068896
10181842
9598003
30622385
38069190
1365689
63741518
54831986
46697653
63792065
54111076
22276611
71052155
43167142
88389838
31992318
82421519
82760646
61235936
20155765
56934436
90143537
31340416
79261757
83306195
64162908
50335183
23299436
13630491
92844225
17301818
70770226
83370453
20630035
66283973
36107152
14911153
68843080
11290422
4359292
89243437
4741561
8107877
41362154
10656695
52448048
19113225
9392537
55279898
92243068
26285372
66341828
2178780
30115842
8579316
50565590
89457780
88930554
81430828
54074141
71268410
77228825
68307240
11958170
14782961
44327176
24644326
58461394
61806479
28306307
17749616
8111785
16943578
7334819
34029937
84396100
66251986
9933041
9933042
41386915
58276561
49851762
34938424
21744938
51984299
40526956
21917611
33475870
28865893
92047823
56793308
52456664
75710583
68532696
23906027
26750028
56856923
21089515
25265858
89574535
50481809
9439973
8094005
42621547
41693224
92491493
63251695
24806330
24887662
18826109
9854108
41940401
39693061
12978408
53566031
61880255
58690362
86259662
36769041
567415
11601032
56707700
77056909
56618194
16635077
54830546
24518594
28736167
17525722
2096857
84148022
2493775
45376773
23898091
18954524
42478143
69970082
15219220
84331163
20670715
4591944
61387089
29736178
48284883
1885831
16960188
40727075
90603950
74358857
599137
27051492
16126974
79952870
8116508
1422535
30447660
41297133
41291416
36919360
37676134
17040376
84835228
64228247
5022736
54354877
49223434
10026999
61628869
34938399
89678030
3521549
61750109
77958003
46337471
72929556
16493664
31432761
16509184
17554269
81578003
40488668
4529732
59713062
87428404
12252001
