81044693
66639009
85821271
73863993
9478192
47682481
34901394
48590544
47049892
23652720
69705724
46612219
36521101
18294536
77698906
71999522
56735514
56735515
69702472
3370630
69784989
94599739
65143514
87153029
81515959
85119037
31779379
91188737
69295419
45287299
18046548
17002164
37593063
24185440
43504568
53520593
16711083
7357903
63406816
19619223
41726283
50659953
55135287
52948094
80122703
50739700
62663778
45804708
40540483
87419765
70277944
92874824
10996011
91398087
35385736
22121329
58806080
17328985
70500383
24276991
61322479
14320805
80814169
33933250
19966759
29213824
46902032
66367790
14629002
18055161
49944485
32706935
86891479
46304208
38683112
58669991
68084711
46874748
80169710
47228899
5472407
52658930
33482423
68994786
27753794
54873424
91840371
89407793
13501752
10557404
1434243
33182393
1911169
74377052
69777109
16896947
92251058
14848434
15941097
34595170
58572740
73218078
82955766
71582971
66825131
7506095
76283758
35364417
75534194
87656143
75596683
77040683
67249183
89280887
34471989
78521909
87672547
25752875
47162312
70443918
40284408
85509384
669451
86456125
57213843
63631295
46512360
20725545
