17979015
25085397
84438489
34582674
10857856
58047606
73154169
77845296
42419941
47765885
2984929
17714987
66067547
27583665
3583338
59732462
44574743
5260409
86131444
7029314
78738458
8178184
7308867
41124704
65409459
86220894
56786224
263318
27289575
91683481
79797412
9558799
43812025
44395480
7800786
8349893
38257818
40813260
32265177
63739962
58645465
37535500
55032195
4805544
52406781
82021496
67931820
58047608
76834365
12417853
85891400
3050447
23494494
71449915
66829638
28474761
41807001
59820990
26100911
34930862
1913518
84121026
58514402
82559677
50103163
14375731
51901896
48418138
47788036
45478157
20390276
29688735
80734902
48565484
63601643
22046128
67931819
32559038
58431427
61743723
71310884
12234877
12422922
52192820
73458137
58061110
66759150
85667325
37571407
39376513
61947110
20569721
78059772
87057499
91486505
38818417
6316540
39824949
43385437
91303921
