43746547
65682892
82685744
11052290
28281689
51615465
90926037
35290582
54815688
91105255
72687039
11145219
37478815
36602698
36846283
29275342
47755256
1193117
89887680
24656623
76926488
45307565
69109680
59301666
75281451
75516066
35187291
77810017
1266925
41941630
35744734
40050018
52522563
92919123
44409910
10426060
65648644
24957053
37096800
47102413
17284217
35156936
70358833
78831108
77314356
38273583
21665782
90413351
93113257
1769280
10831691
3855441
21443036
58633510
64861263
10634452
60694378
53360991
37951947
56751611
77881662
58082819
85720756
49249250
45878180
46442264
85460613
88514699
62575321
65147971
40109884
29174169
10509760
61885729
40685446
14433777
20611133
33183910
36392790
52438664
27408199
1296518
56487578
74048400
70751864
1128716
7431655
71559682
23575857
7706107
30020391
79951046
93406698
20641215
22075237
60929548
25733902
67681229
50779953
5651891
16734331
45088477
85049945
70860056
38904113
34753694
28537571
34971891
28531065
89699972
1619138
25691796
12502399
60741845
90738410
34395310
80699847
89367055
40527814
11454688
36007582
12788259
42904950
61243482
38197961
18519892
22091094
32763501
87605910
19892465
63676580
15448525
36094954
80006736
34807063
37513495
61430004
68251469
33482120
61182608
50692373
34200663
79190677
73696604
48850013
70468542
55834756
36253448
52815855
17319925
80846557
39508540
59295474
23575856
50002515
557483
81706830
15750194
46795480
28328052
9864054
64249732
55291855
94078382
82798076
59049525
17693213
17561985
58756682
78035402
40480558
12040220
53893573
14017596
33212679
81567419
87182628
71956266
21711293
71148354
37397584
31527802
86269616
88083370
50843594
20098321
17605367
51082444
89631364
8267318
75284580
