68758432
63687514
38600584
78643733
20864420
10103535
43656105
92643135
21104067
76483060
83591965
82363640
35248083
59117998
24712243
19694360
11319854
30652686
82125971
68382840
55897116
32352163
40804201
3324211
47264522
5311648
17611883
23228583
1956337
27679329
79121664
89614115
57702895
50995784
9008574
91192246
5711148
11576243
72653258
7335471
73500192
60003333
92672478
43833214
24279847
81937201
64710784
79707436
48132544
42981650
28137472
13292469
6446875
61581642
22931542
3899656
72461138
32847958
27918582
6887792
81468749
81399309
85543939
86250118
38027858
78157457
89747927
70153754
10312852
15611184
46768725
71770204
30234
58512937
82769494
27316435
94113305
21730270
17187049
48666959
21551856
94010547
47779451
15029530
49333391
52149438
6128904
39855775
91686463
13107246
74920351
30821516
52636565
27912024
90178862
52666451
36203426
84275815
14812030
38503254
48896241
48896242
70073697
76404303
76285701
72641050
87956703
51696092
22911956
70433540
301125
13563294
58690393
17148018
18549786
30111706
32955286
27991264
46421637
44383179
8657763
31097801
49413108
55221844
81688507
83779184
18558008
51334700
93493420
48219054
22727663
76864764
82194059
55589548
60573901
27183310
46087102
37297057
63625268
47765652
44561487
70710431
73311370
1037026
50735801
51165257
23996820
77988263
68668712
51330479
32016459
33099557
19961128
55474487
82025
21941093
43357152
58550249
34612098
55506874
2763962
30132169
17275739
83632438
10269026
20077752
68489029
51367917
5975288
60233885
47510228
52139932
9357396
41391208
5440568
74696222
56178141
25909407
5848072
90732981
78344744
29982654
24313520
32845249
83511072
51756288
6335923
22009952
36058439
56322685
65128336
75735487
49901915
41150657
64874896
92335631
40178405
31957323
84356968
168221
75854635
29494928
94588984
83960768
27521590
59761207
6697268
49346548
43143983
35014348
34400958
65937579
4288123
87950968
62102894
25236873
58372968
72427823
66836286
88866823
13251554
4958880
86145916
17083564
77083762
92811525
87027372
4506810
84068510
84145931
77111041
85357034
52988966
37716179
7724943
39810090
60733155
62409399
50476797
40282845
93148047
68981662
79853487
42842906
93955759
83188623
68202617
1649220
12370991
19780352
80190671
22790182
5562996
2575776
5619941
27274656
4650207
62990784
21229618
4233489
58967040
3750965
61005289
88181747
52237893
2177588
