49759741
4548635
75260006
20504217
66807323
31767863
10030102
56930029
71348529
18242690
5258369
70530231
72839259
20125471
22586872
37440494
8720990
979502
36521361
56485338
46695637
4502408
57654644
6893696
30631794
56532324
64559155
43713933
55839127
75625915
78916342
88248483
10155373
29384738
18149787
12644055
20824220
55717995
77087771
62380770
24791865
49109403
67600533
91102356
38229214
24851134
1167737
78587969
49061981
52757551
17277969
92253911
13375776
93302460
11502206
13145588
25882484
36091470
94445278
74692689
81355310
86240658
64330296
81043718
15550335
41593379
89267397
13224834
42053908
61021461
3501442
43252419
20775954
59815867
71908457
51654862
36280425
7257658
1110292
3100167
85301909
31436098
84612496
13423453
30505307
65915533
4396858
9319934
44121255
93791828
43563996
33909866
23081229
17845236
81203506
53905211
55305841
6203740
21507032
56854234
22531097
13787736
58206313
3515069
70716958
75685223
35970232
8054109
93734353
48718511
1632750
755169
89061089
76229903
18195467
25130409
10405161
83864223
68098518
75257424
6605733
87433155
74092056
66623448
80002795
57451735
34732841
57682997
32079910
25024293
55108415
48311358
52350780
25357242
75668863
16273573
77613051
38226910
70358048
24780275
18996340
18200722
74417161
32686651
20153172
83568309
31831061
63350122
8673790
58602689
77800472
91348104
29110353
74919717
37422238
7667749
60477450
79786853
69973694
3893641
50098822
68226163
21850268
86687912
12052609
13905361
16371646
58858307
67029221
4500650
41107238
82670423
62893808
86951398
57051003
12625406
57722315
47127350
90968601
94180231
63990401
35293792
9940840
83324556
75430116
68212967
23344035
15532774
157558
592645
38972133
19297531
81670503
71290050
71290053
76946587
12609099
67031771
2569114
30228163
2578883
73775646
35017391
75278305
25916292
10460467
55000056
5258374
89078123
24925231
38847901
76983558
74962532
4598809
9263583
88639222
18003934
25195542
21323676
19410294
78640713
19977521
17828002
25236406
11243416
67500258
12377101
26621722
75308415
83861274
7753804
44353596
907868
36668331
73777043
80609325
24118502
1826088
11088413
16373347
23212465
89412390
43670877
63879274
94038030
24520700
74042048
5622156
34294874
11204128
61918812
42641557
12002381
57102251
61396252
73578071
26460582
81353537
7639625
25861125
16640063
43713936
40329274
92767570
93304055
58915406
48115617
58955193
21720105
94521752
989008
87125787
82767363
41321720
12032988
45257255
53355805
8554070
77732653
17068797
85356678
6122429
2748614
7403442
46440387
13534605
79815115
68588127
40891991
78602731
88601771
1232752
35620453
27731596
70433720
77940545
427789
92669755
58045731
87950731
17505384
41777970
69020895
61578388
22357721
54710600
3714808
79985864
85668999
56122008
48583548
8372099
52422889
38621644
92170193
12994031
22466051
48078174
4297994
21731117
62800382
17892730
46780463
72776235
485357
40872610
30880550
26558054
50050172
64588703
92967282
36483169
556005
49189916
56207391
21179962
22035322
81551689
46778633
53300047
73947551
76263894
16223532
92275945
59906851
75675740
78580150
33337195
86315310
36739574
51260611
38801184
4717241
35116601
18092372
30588284
41791440
64746129
19577914
66985277
70975230
59716624
87894523
48082708
11097548
89056320
18095105
1689044
65351355
94467766
76431684
35839840
85606312
4123850
51872467
39669494
20368515
82345693
24437835
40587139
57251769
47373877
83696929
87816550
27026351
17090087
28579413
