90038391
65771133
21693343
45419630
17303337
32536644
27927134
33513239
1080339
15352142
19068826
59881697
24280931
64060317
62265942
63924152
76811506
88338509
80814819
85401577
63959511
43440694
34723123
23760842
26050794
52783026
73495188
30852656
7953658
42839456
67771408
24888243
3752540
60922568
12102569
346847
72096705
23300157
18424274
66516311
13968128
75957767
55873236
54199598
37023204
20258316
4986617
39903059
31863556
18838138
81845689
19745650
20446879
74122321
68813110
14175871
17204971
5417540
19548949
45108007
2163678
79560411
29963004
56332589
8007706
42643832
91354113
40257399
57718962
7648056
16081319
51082316
49373951
64177751
57215237
40243556
31121582
39336510
84876171
35908038
2742239
82836015
32323037
32626422
6962047
10913181
8313947
41728363
38296865
62933159
16700778
38545677
19922292
70367394
75861360
26727545
90909445
14902116
90418841
73771981
74496085
18880804
1763034
70468695
24623958
61490465
53209989
33390346
6542150
3132480
44429825
40811299
55822377
43418346
35873113
23425524
61694238
54767679
64791082
92193966
69135023
66234217
1110580
21274704
6929781
12061023
64536465
74014260
40331124
10048537
27422794
4979344
50100197
10514964
2870586
77300327
67313296
42597028
40596804
958783
31563661
62832862
44931770
43261964
40537674
1672829
66268356
77072887
26134915
21851430
49707588
64600990
29048354
55851399
2473179
24452915
11913339
37202516
22202056
69565306
7554860
25193241
83099104
10727385
49372354
531045
85832539
5492371
32293185
70833124
24482436
60835098
49508878
11525892
7444146
71413320
12424999
24429510
81314357
701774
49870496
72009598
2026182
71211620
80589990
41860784
80246819
41910069
23536846
62711367
53818220
43956789
5185558
26854643
84269934
30739433
44589701
13611753
71668039
6212277
35103254
42568254
381296
52743807
34523639
56625724
45468092
2714536
40445210
52768849
84399032
46887407
24593599
65210795
61886236
81530545
38050302
910594
9119109
17968214
43558106
67288141
47479902
52854864
66831422
24681272
73053717
71042834
20487360
1075582
89964700
79074229
86922328
44506782
83045454
45981534
31142257
86696013
81579838
3868980
72619043
85244286
65688758
84411859
90618957
83660656
80648681
48295647
81795382
26395493
40173137
21356980
73099038
3604124
77351689
40657349
30077272
86421820
82582477
34003787
36322378
81925607
9695563
86480131
19373612
34722588
79455651
69423697
51030278
89112209
20824422
26907327
32573765
38424028
64362029
49107215
55496708
20333548
20671467
15142605
20610485
42273343
76450318
14166185
42922161
9606538
35143701
45176819
56909654
38970988
66411171
472337
26082463
10791006
68426716
30859899
63594623
26597428
34700897
88255229
10719437
39137629
81927223
46815257
80573205
42095595
62237698
64574039
28674710
29819820
57107108
14361531
35304568
76088445
23093891
39529952
28888808
28364854
7522192
65549173
38587682
69389452
46509237
2359063
85563026
22329384
91318233
6237190
24747214
64381317
67202845
41727646
83470478
49456333
30500375
20800017
18869518
89840566
59355858
8472017
81809511
52487701
85831270
23086172
44664890
539791
73691781
76302112
56508550
11488028
10530978
70998946
34035967
55838799
21217760
22547552
546924
61623147
7082620
31869023
15230370
1631914
34462804
39651639
12252195
5333547
57832050
58485499
11148278
91419856
3734574
33812057
49358248
28766583
11613422
92737310
9314648
46210890
47530631
90967378
84924116
66832952
21488571
53445406
75266741
24499202
5881794
6655134
38841738
31206881
49459867
32815360
48101603
68051828
60288836
77841598
91003463
48411459
61023444
9494562
64710181
85710017
86723276
28021842
73080888
83163514
71560576
31154495
22930582
39492724
72839627
806557
85806799
69272486
67431387
90487626
66769405
78287623
55603871
65437992
64008299
45335069
77611345
66446963
61811671
46255609
83049905
2724000
31567758
6053243
65723282
2843529
44390120
64000148
1705152
85301022
14986050
83975986
43534559
48460109
19080533
4322056
79582027
43103532
53484481
8681785
44797606
55614988
34617205
41744012
57655468
74313121
12900280
558334
67104198
3565190
34569755
73734040
52727407
56994722
67216608
60423883
36426025
1590860
5670191
66204816
3573171
45338703
71546335
8219937
9718239
55429583
2543848
89066110
83675246
25695680
74706685
42367395
21746929
90020766
9011669
22969466
66420251
476185
37059875
69285849
63352556
82958111
73416188
43059468
42821423
76068372
48427441
30921577
37806386
21813444
80795384
68030142
57443743
78386841
71131024
24482372
63190322
25311498
34214087
49272926
68201091
12536964
44941457
12593951
8172255
22294371
5983644
37388652
88942780
34752844
47320670
11866359
11589884
8134441
66740969
82044899
43290967
7824558
28031285
40012753
58312142
5459057
18838229
29339953
36474526
7175122
28022883
81892037
59413870
19285518
76306478
28525416
36921077
63491512
31337485
24351990
61134815
7517646
87572703
74066805
89974090
83867606
28227776
91346864
23126244
31964758
4387233
64744381
47619901
66975795
51103389
81086949
43709888
49186828
83140405
20095750
32681623
30591390
60209688
56660818
87206260
57443749
74480746
73969050
27757385
37296323
49918159
55340790
49712485
68739255
21445353
43093267
66764027
68145440
70299917
7471603
7856583
61055907
13577539
73227764
82091180
61608827
70960751
34843084
15240921
2043339
26233008
15388331
24051858
60101658
68389293
30558585
40096327
76936069
80453914
22942335
63316154
42429492
13908890
40384597
85553701
52729833
87492450
18370349
56287841
16311
