35125449
85145507
25758065
51613470
73321084
19956573
53916365
5625461
10430103
32710297
46592930
17801717
26453045
94002632
43917254
77599066
60209846
8279331
26506929
59290000
7393880
11852905
42562716
64796213
93749475
76300865
51745818
63355350
22167301
26658197
80007015
45271392
79024846
45241346
92497694
28592730
61611842
46232464
34758583
52543432
72595051
42337392
88266306
89956739
50590309
41406002
85928812
54550360
22403270
10009621
20844279
61009518
63190588
22368393
86250012
35780455
55684026
10386450
37375436
31709957
53319617
31534701
89469145
68464944
93360557
13630484
79616075
35651633
68044724
31154848
85983673
92933805
65786859
75833328
56321461
80078269
6189740
18526198
24205536
21842148
25311186
91242621
19128592
23426468
59289171
28253030
51156480
79323904
92281767
93485255
78280172
79179657
1269917
19071919
90762293
30495568
72372549
32264406
4664530
69937495
91375970
14787506
35983094
33838058
28883509
30935877
68924196
86158103
68546177
16312583
51254121
57347097
66095949
60749353
9856789
45066906
59912351
8288901
46769108
78793067
34031384
64302189
2158587
27152604
91964580
66467824
41066894
26155095
27927592
48963803
65754180
85629094
73176425
51251966
19627282
91464325
79719653
7888778
28119786
71661592
945198
65514672
82540544
91057307
61316437
25691457
14852398
80189149
92988782
74225873
87045394
50390813
66498087
4376512
53924836
76539282
1023876
29590777
83809952
75478727
9648362
32360305
76050961
17610211
43448738
43346587
16879477
87250367
63160531
30937469
85958750
14414416
67067075
1438898
93697964
76330094
30026432
36989781
27710564
22622230
36388335
11938786
8520897
32738839
72947725
91668611
81812180
45501703
71234813
70675498
91647449
67003409
94207457
34691426
17665851
49429980
25580065
32825157
64747687
42043539
93657396
12815271
21021520
93323407
57218274
73640438
84699761
60617782
85343477
78110417
56075951
641837
30336688
83178174
28793288
45030354
21156238
83409008
72409835
93132327
23855420
92397308
75716444
18483117
83311339
77493120
83831604
1456167
24280000
77542992
62841343
10731805
11701151
56373571
43486232
