39865732
77760399
67194529
26772506
19704992
46341067
41273394
3147452
15541388
9115452
49227341
65126718
52550049
28600516
38848443
39651446
89177063
57240539
7664672
46674894
45416545
11910211
20102085
10340784
59112705
87019920
5962944
43688163
77902934
7590995
21243341
9818229
1337499
71389160
42739301
32927222
19982259
70253959
34927904
92035080
66472694
32688194
3658298
57982834
16227340
35320414
5744260
16004177
89027447
2999073
24904567
56469894
42474684
70021630
41401495
49491946
86330060
79071688
53912446
21884893
33233955
36183128
10704187
72830709
18115405
90713893
55573282
50273253
89392137
4350897
76150682
7938606
78584985
11803795
85618095
34895840
52626484
69929832
63035317
52053868
55458817
63034761
38763105
67411421
70569161
8056230
31779213
30257480
64319593
86733621
31326626
51339620
74331088
28655788
65618991
66717899
82351235
88664286
707708
65034444
12313400
91237924
46055345
50044468
90103213
14553702
70552194
56511400
70726040
85206688
22414054
40068059
81327295
62962128
44388943
63338235
76570690
17087997
44024039
66055105
65133199
59822187
46899866
24781232
2472128
11864988
24920909
37819164
39630782
2230407
45917186
66260923
25035172
72579276
71198935
42260127
22594450
11988527
16620216
15385410
14811439
69012073
13211585
50364315
52946851
53289120
35661812
34252722
54548069
7253321
90546985
50184134
13830797
81722329
74758014
45422218
5064412
84662327
15203537
28178940
10597394
89234393
44508684
79768309
2230404
38745330
83235187
48382047
70237599
31963122
67225830
16432735
52800519
57945514
774815
70158786
85311521
85464879
73885217
68044594
25147503
71803363
85692321
90933087
69964269
90052815
60804034
40482117
47769542
69615823
25239164
12718432
74683106
35138143
10566501
37790701
62588960
57063154
55978897
20599670
20876723
84591834
59308835
79884586
37730053
70109319
1782608
59077853
40776845
23517303
70105126
49540093
43736287
56798716
11862777
87722223
58162560
85094623
8459438
49493333
3522944
11137936
47839503
23138334
50290267
25095771
4160632
87168239
55713641
166464
83139985
11928724
44962467
13056310
63111064
15286675
52736902
84874731
3453535
642368
26415659
2288661
15124708
49976400
80128180
20012945
955001
12890079
36274579
65791717
39630627
11178616
84507474
92514826
67699062
2516493
51818542
43023638
77922077
5335841
49994544
79323755
22202983
7747027
39456152
43732699
8505759
83915492
54186678
69189392
28538483
14066378
57610362
47961953
15134311
56258699
85380302
16062804
44090568
90676444
88832316
9399776
69385199
51687489
67494417
25340430
3326164
62284447
62756166
69936141
17928334
51366955
30751431
29553879
4069568
37730050
39126183
54527737
17350960
80689360
4188444
84918026
51320221
75914458
8719770
17723803
89625746
74553662
51422967
3522004
44820379
63093504
52852714
38387313
53983502
696892
44284984
16282428
71286278
85264361
70068458
54323953
59983639
63860363
19618050
47136626
13718
78293679
25159288
50481335
26642896
3666957
42705843
92251785
44988082
84624868
58390710
93089659
14125335
59104670
38484848
80421445
86136657
20874414
77920498
34736778
59019897
17568168
45719791
36091149
20092243
47543063
36782665
61929455
71173511
31344701
75536535
67158844
58870039
41226792
51771392
57666557
72513
2071284
34317760
10717943
90635692
55138895
77619568
64670749
72462090
19530306
67067721
73153925
82009403
63542137
4372463
36030441
92017412
15248356
73182037
82988075
11456327
87844525
72499853
45569919
70701542
10963548
29810112
15353505
31863359
64327185
25096651
47837424
63530442
41298475
12421800
6968339
83378885
22227101
90016161
3467040
63975298
52728067
86698849
46224523
84321679
60933775
54946254
7034112
30602756
80599007
67943955
29194719
41234203
73754527
37460457
58313676
60393966
7066564
3219792
69873146
35284496
85391324
18862215
40519796
2350056
84079170
16183410
64052451
24299139
71050307
6488040
86654114
26736493
80644529
86737020
28341628
14947177
39638799
23424958
53754491
46228403
571677
1062608
70136675
70136677
20356896
13203683
57039270
80210560
67878532
54124956
19301730
78045500
10384712
74571177
714589
83955997
6358989
45044816
59084013
11489978
89522818
39029504
63196891
21195571
74995447
30672961
13233417
67778038
86127690
46371495
28937614
43913625
47732214
20737231
14890552
49342086
20532059
57158895
72762664
23271798
669685
14592292
86136630
42338135
63808189
43234953
73165446
16630531
71814528
9429088
70830622
69233612
78798311
11013273
62572370
85186168
62287053
71165220
42709737
37080158
57487435
140213
86560064
19314316
24859969
64284960
40418376
8573912
59653701
81755080
74889070
37701391
32808316
70015300
30435946
