55136304
51643183
92184084
56943034
76380573
70836100
44625716
5306662
51347247
74489090
34813638
2346721
10154235
38131744
49124779
31913031
22281047
81352108
57330166
52040283
4243241
84766273
14189833
71093811
76260061
48782542
82704300
79008498
4588079
55566516
26768078
18567058
7420618
66104424
75651133
24308682
26969269
90067063
23773468
42473133
39965852
51621107
80324739
92299338
24523291
92472754
63874023
70390689
89187038
47300814
88942250
6097387
49731162
47660139
68722097
12636270
4331402
4808589
24178287
4539181
7909621
27461363
46692781
84194325
85017299
71438265
59290626
43069912
86701682
93079069
29076393
54228423
83692410
