71804924
78683622
30532416
35078953
85405541
52863351
84453994
54366321
71548715
41482144
80544042
1615509
74179832
11222417
35591642
49928232
67920049
810550
47940728
78789539
90063901
90054914
57577317
90452807
34387851
53419830
26711740
58283546
27865916
9859513
84825009
29958767
1252745
34963108
6036967
50575247
74757100
67423946
9200164
75286168
75880278
68839398
41520338
84351565
55229385
83528629
33427514
55989572
22970555
90654261
2983181
36901433
89564202
25493152
26600357
43186541
67925205
27634839
81399256
92347878
44157472
34398630
20203626
18236060
23626694
85247694
60741395
71928788
58534445
17469545
19236362
81447943
69724871
55292385
54334436
11756079
53106593
36685881
29683121
