84321922
78231963
65294735
38527006
74660730
45295945
43407289
92686061
82134546
52551330
42342425
49525962
78574073
79641564
12532706
81703806
4032898
72720062
30007424
1611080
84685126
86359139
64624632
75831092
25202786
15975559
22103336
75568927
56007864
67791344
395225
35003576
78852443
57805507
91054634
52937320
69956885
14228784
49014756
53754907
2951836
12527530
15166039
16651877
22739712
18046778
90154546
33261047
18871107
30795082
29912920
19519706
83812519
74663534
85717809
47618712
34106552
38844988
13351342
8048436
77543691
8304565
62413389
54720349
54720350
31250982
15931919
60339667
70828977
2916192
73212210
4315646
41036879
3216155
75231451
40834724
31527424
50542535
13038537
18425064
54834409
66028760
59161747
24394784
6711139
78928737
865153
75869757
14424769
55645325
72301748
82481134
43404596
64639512
43470380
16934107
25733521
18193832
65152066
57912539
38587741
