64573391
42936117
19210358
45700261
59816348
85904621
38814654
82766499
13519355
65819883
83604907
81910668
14420211
47774763
12768683
60696475
13314591
88794627
17464644
41771030
41727399
75277919
39308895
2244363
10773995
80304250
24110522
68558423
45036327
78168480
84151177
30057318
60300721
3826927
77383144
85670627
58673239
17348214
9635709
70260095
71198273
73714556
37127697
23561382
73597218
46252057
52934421
43670930
70015882
56964871
84637614
67518688
16782058
65924894
30804307
72087223
55525229
90129551
76210953
63078222
71527449
82462835
57943727
27925706
79660184
60516400
41844083
62628922
1261822
77336413
82882092
83649924
46855804
47725327
61455345
27820548
9177685
57643576
41286126
92444633
26899508
25865965
74133306
16413748
8701842
4322887
1301219
76879685
48207084
36547249
60342735
86095918
58938956
34673542
19377185
85740834
28109217
57492054
71250989
59307081
35464644
30531421
81404485
84947656
62196961
23728361
24430834
20091947
1378389
85937043
10165437
24878429
29236429
85018993
39202015
90681994
57743801
16714210
41727953
67739182
61477949
325028
18260670
71745702
39125002
16007300
44811408
84262473
73265467
9718929
27906076
17115105
78905066
40450194
64470122
84089462
37118132
70838090
38408545
71966796
33672748
28430700
59252609
87768644
8553035
74827280
15155385
49505579
89639599
89010233
13929280
10652965
56310327
76027745
30906081
6938803
82666363
9347831
68820586
2275038
82432897
87425699
76665346
2180028
60745845
33564968
69462197
74430796
10081111
1483289
19641337
54056073
48467672
32233058
14339304
915069
9307933
69233615
11027573
73920314
12236621
21410008
31199727
75251805
60811467
31324443
91225683
62159756
9551973
26950278
53518922
67279400
5075854
11662238
48041654
40065495
7526027
80964471
10906970
40114734
24815733
18679453
48694664
22835842
7424487
33683858
12587011
48438691
79097693
2070073
89976631
53128878
80624257
45877638
47321166
61701442
86341287
51186654
11360736
84065910
10238416
28933830
46312248
32785068
81912499
5088175
31821976
7387357
67466656
21732480
47545230
25446086
38020564
8260532
45973965
36516219
67697943
56380243
77738431
86716780
62369666
50098005
58820153
41833175
81781402
47244382
43834539
17695180
8546565
72275289
49688693
49532477
65495211
27782028
73009229
81890960
32626106
12200639
76811339
50289952
33380701
39671265
76499569
29105943
88898287
58238687
86399284
44686849
80323663
54137551
78422285
86395717
56999079
80568160
72844555
36397003
68069635
88749159
48643645
46566390
55014214
38468688
67561791
25991895
42613282
5101975
10697550
15069757
37552664
1827437
81445670
64315236
39228748
74094756
53907629
78527297
71614411
23620384
37308076
30790815
74179647
72321950
31854905
23131544
17683718
89450040
70416520
2689537
78321361
17821410
35494121
89185127
89994196
25617491
86257842
19237540
76358188
23487810
83343745
8177125
9130540
8787245
41978451
