65112721
26385424
45953529
13077432
54200137
65555044
80183920
82540507
88609895
23830265
2092246
22813538
27493580
51260947
41920573
85648356
48360803
87127750
67829545
82794993
51220353
10557737
65944485
32466426
91564058
81328462
56941129
20267717
63013298
48209204
53619240
68427301
45916293
67353049
2107504
57569056
63339785
21883383
24287153
73408886
66224525
86228943
32283389
66222872
49777532
34831578
35840296
70449270
37041368
31637985
36902573
8176364
5175754
27631562
11765800
56929792
37284495
88205121
76615911
75332230
25790467
30386742
38315011
78881864
37660818
85233953
12610637
54039043
84772417
69699712
35140942
44599047
88663087
73691922
21491686
78809778
72810308
63591134
7632311
46093175
86136937
54875975
68595236
45272586
43612343
13014549
62100849
41307849
19187709
87626675
75160736
50998172
15696828
53743629
62466296
51873827
60554192
12342318
52766484
67752315
33206733
10700513
20196108
33217852
89809625
12324106
54142717
68520855
83722443
91974752
76980767
84384402
73725899
35343101
55074377
34324390
14275260
8703313
63170523
17034130
7551567
46890804
34238234
72624011
43314112
80815416
54415599
84058217
10498548
36182882
59551354
82902361
32386392
11697828
59358774
26533539
60564316
671850
28630023
51290663
44237617
33199857
54914356
24943769
37152227
29461080
36903540
68092607
52188911
77600748
52941079
81467501
23562498
64633910
43597110
31124684
35085138
18521868
57672221
40944958
20744776
27748367
33438711
82261712
41135393
4861582
66331303
54247690
54247694
14156650
46564107
41339470
38011068
36261479
20453552
46801846
78681455
48759413
59623769
35047195
8747664
19657167
37194015
67528187
90749311
56334765
57892308
58426170
38842082
84102446
42633772
42126526
86013746
91996959
23938153
50189369
90301449
54919004
46318050
25797847
36099296
30395494
6966956
22246904
81078527
71126390
39006419
75588941
61612938
85800433
24036324
90028791
71049069
87014640
91232621
7432174
3243342
83870562
86876343
31725147
75007873
2850798
58139564
81880478
49259557
46007464
79158178
56768395
80810767
43880175
13702805
91231715
58193850
81046113
70296345
9447353
50932251
30597214
55694465
69659888
60373633
87047178
38007705
11210735
40901098
37731311
64962097
21704553
28014992
91534556
60736141
63348787
10198578
14847124
44422190
7212657
47333044
26051551
88940237
26240539
36489930
10286905
87723253
51867106
64095135
46201817
41125937
26720505
18730020
18730021
89050794
32512716
77886654
78198705
64544242
71405561
76412702
24468213
54773643
29793372
63451990
85630099
5059233
72727778
74890885
16675876
9505470
41183960
21290561
41145439
49038030
77735625
33407352
47639468
63108841
79331781
31916840
21900437
53622725
59906272
89603644
6203865
6806951
11400939
58709815
46286785
20198567
32538661
59108069
34850094
85919262
37130795
33433621
3366289
4495003
88459810
72850188
30376131
13279217
61766778
47535543
36211626
76125597
56006997
8871133
4874935
37496102
21592546
44348179
83397410
57962685
63773217
54927253
25908552
78488729
50040295
23584933
59839263
72839041
33653198
6251727
17749542
41121614
74999249
39640951
25948068
59926012
39058718
58804899
614743
90831746
1334116
46234873
6406754
53240854
87767618
44086781
40676976
46007462
12365764
31359707
40599904
68554712
83035450
74070516
33364100
71267859
76181164
10939432
30282758
92673171
74636166
73039271
28163286
86883197
19857678
14269149
53598080
70002365
3912996
77340205
24535889
37489478
84187813
20702673
92596697
62957126
39660395
6909269
87218367
50069967
62465545
91742900
65977822
68867150
32469274
48426826
714070
11610111
5951976
60476133
37078179
24782427
16998788
23906925
24626701
31581055
34645523
65939140
82798489
25602863
42406666
46395385
22164006
76500715
89757829
82056192
7838080
90448049
79087833
12816094
55364749
39581757
72764312
55984396
8727734
34745885
18693568
28441625
36588593
92357695
63978462
80621711
63287674
43383803
55460484
84276572
13929430
70515953
43488140
71056128
39415275
42801045
47411362
85786393
78134957
23441623
