50615524
23777178
29026952
37707966
37855198
23737464
24986323
51131146
63072914
78150337
3303061
76958366
75116801
74184713
24131003
38643428
79390782
79572193
25135078
93158709
5945143
37609430
16337756
18208550
55964189
60565634
48089497
18286506
62535721
89724153
11076538
23401050
16524062
60410244
9305221
29968532
55487713
79419346
92888204
7920809
61259298
63198429
90312932
39021723
55827033
23026446
32565166
4032450
32969370
54891391
64968958
18163039
86410695
92572552
12491169
34669655
51147558
46220952
55096593
73274905
29852065
32131757
2399930
17953060
34572993
50718376
36220812
50655960
74342328
7996690
83526869
82948054
49742696
81047894
1211318
71131682
32871601
18205517
40600849
36750099
19119819
90500003
69450865
85058223
29073730
86107824
79079428
18311226
90791449
74557553
50974271
63050961
74848490
55592958
58899795
78491821
34492040
22946617
83991448
71588662
9319417
54135132
77998322
64879117
45242
23403492
60017558
72227706
44871019
47602327
90667437
780732
43041124
18813324
56012078
5225336
60160823
45174693
42737211
87960969
48873128
31661666
6888925
51292147
6435688
60917161
49432243
49557999
52654727
53800158
20595908
90684416
80455661
63176984
39954509
70518787
5498994
55011095
37684789
3182332
67435596
77879911
80373802
82793147
57654486
93072348
1727939
81436660
69696099
76546150
23131185
77551751
19855862
58981219
39829892
20602808
78674209
4543401
39625484
83071934
45706082
92277157
66486205
87666865
25305397
10054649
41505145
46848102
55367880
27700301
25883696
64172624
90640281
28078303
89826477
81009999
4703216
80224987
5319238
48734296
85020206
33521228
8604803
27640832
42615081
56153959
26456890
54084418
16487243
49204363
93555669
45072742
40225639
37946810
59918717
22327328
11309084
66061051
65361545
91095573
38600216
9845693
67482694
41655738
4371625
27034339
92277163
52705472
48906521
46019480
34837926
7904889
23621543
55823063
90416998
11753925
89163670
7027822
41842182
76045261
68030990
53985704
22215974
36756441
3802391
23168170
37349390
93555068
61506362
58703984
24419019
69324443
4554295
32622306
15982121
49160843
77499947
2715407
83931284
65289358
65491111
34012175
92971934
65573979
49028974
26159340
27955136
32366887
49277054
7518317
21147934
7799249
4850918
75978441
23314454
25931164
46056852
89778750
81759237
56413854
88942148
88301936
33378069
81602181
4772348
6296504
40112658
84153516
48732275
43049116
9578671
1296711
78532079
11448212
53557706
19158502
35996580
70243014
32411898
69054307
84642911
62182928
81567304
29014968
62024915
69391753
58713361
53519572
81946442
68449864
22291873
89298089
47356134
60685034
21866528
32093250
82307409
63348946
36548061
81995772
52654722
1754601
68640265
53083693
41815566
7987947
74850361
686958
67050989
35161056
49013199
45092271
6225899
84016439
5134714
78272980
82424308
9034096
90783275
8214576
82817382
73135899
26172006
49442476
30971713
22209849
85605175
19962578
35664450
87165245
12140746
43871332
93600007
5122462
69723455
78035809
50184137
74763734
77166035
2071358
29706497
76707408
78860148
60917099
54672051
67972029
50101084
20318115
55929089
29284948
68587199
36872585
13291369
7602735
32888661
23540483
78492936
36389227
11660067
46020019
70243017
10525061
25222055
51608134
13353859
71340339
2163829
40728489
54775060
86547848
81716616
50961563
81310222
67092349
