81793721
58604215
41292438
8942233
29106122
39536050
56997786
41660407
50287703
63536554
66045151
45193163
75841259
25906749
48961514
63220278
69669006
21691710
68309612
39325306
70583717
28281522
25022498
5134930
68304242
6646071
75942993
81867700
23514444
9706152
41689314
77331644
64913832
8511063
28752528
70712722
63173562
26788275
9743982
52573798
69787667
28713321
40396890
8029642
44819496
75297188
79890194
44428713
1956077
92046770
88302748
4817068
88110780
28914228
58162297
27891982
90423925
28820690
45265299
76461018
74983776
23643900
10772557
42758298
23419727
31749142
4243406
92678500
21432126
10773788
59849381
50184889
14042051
13700133
10037675
20040728
88475772
88310433
55305902
18412478
69559284
6486405
82539018
16311232
12886780
74319359
89596534
78814145
53850676
85338569
73633814
81209708
39193067
91491970
52613076
46765106
52315919
43820346
68706156
9615963
72984488
19707921
76181837
34679548
57440306
18094168
92199538
82332458
63442498
67775730
48177454
65048083
71283142
68222393
29756547
6667611
54831015
77391212
43703278
