38412960
74485678
80614556
75450471
65808607
30185538
24766248
34029671
18339594
70022875
93631477
54535821
82083284
85695692
49594361
33100761
27029375
50883260
52938220
93864475
41448917
79403636
87471383
52280926
62036447
64980407
24846480
7519159
65999851
75426829
37146815
62867558
48418737
79201402
69243393
91994324
63869201
55636065
42594990
44764680
63003314
16857360
7663500
93718248
83342784
71444187
81730290
62720608
19817157
50972981
89362828
2611901
32971374
66064647
6273732
6272086
27134142
35925203
48644046
55440263
21983652
18214802
10189012
65277837
