92645197
4723511
25674786
8510983
28934687
84926038
75538907
67224374
87435553
26425832
90764359
43457151
26436690
1884009
70322661
77078639
17903443
88289096
13799198
56923847
7211860
66353491
62956667
25434299
33464817
37097721
44248361
58929886
80850783
61533556
85049928
15309122
81838795
19235397
25317732
42494747
5826547
32017005
70778704
56542395
49010153
72035811
66463096
67247145
12871195
3725986
16309748
52525835
6260756
64655149
87223796
32062365
57412874
30336588
45700485
73267157
66509808
39882012
61851741
54222760
6491641
11313237
58120218
5808925
12423881
76006800
78655080
66275412
13738181
86971102
2817895
4960624
1633237
83828145
55609862
11882178
59932874
49960314
47225200
1651450
67591847
85117202
87193621
76725673
77503625
36720894
34221507
80436847
14549234
63017472
244129
64483731
2662224
66895860
30087537
59213983
29162085
65408070
847732
67773144
72866655
9675601
9005294
83460919
23582040
52338225
18503521
55069835
82141371
66530158
25773323
87083371
25176418
47625603
17885895
26294687
19538860
28833461
86464000
61892192
6344306
34915935
5456180
57409708
84092639
49191267
39860378
11267561
15870714
16775611
81047971
66725345
35085719
25043238
49891723
53716484
42411684
8153115
46274841
2054389
5242671
92902360
9702420
7067013
92613678
11080796
85192757
30473632
65209008
47888295
10677163
20862589
30631432
46151238
46400091
64122020
46508630
944155
32579302
46287625
57024440
20362458
51218667
43139884
43831866
56077783
5626154
46492475
92185827
16693256
62810796
74044292
5154455
36988876
77212163
69635143
52974454
33102831
51470714
24371630
84517688
76980316
12127194
40106437
43173497
43809893
47358275
58701935
17937578
46307944
4808604
10280854
44432217
89433341
45521019
9610757
43936875
88577152
44681495
20517726
60397290
64540399
60645726
80615351
47963355
10928823
31172304
10040461
77465785
44997156
43957462
3604351
77058538
67605241
30879861
48604021
36121989
15938699
54485470
73814220
53253121
25295432
53697099
66059475
17381452
5800602
58914008
51267788
81394726
78002602
63847171
62255486
22118329
90591715
24366734
2772151
8854638
31841925
33335185
25538038
8249220
33733612
76404263
24139222
11428301
68334582
88126373
74613507
58115929
72278502
51174353
46781623
58297160
75806782
26461970
69736301
42041784
25075028
57159867
51828441
17484521
84215946
42599898
80986297
48843138
35831408
89081136
24065637
53358772
90438496
40763296
3763987
83597945
46922731
89607904
12928350
53807
