50158602
52980094
80760234
40103843
76696516
42595897
73007108
1245749
24491686
68197841
79472715
58911300
59225437
82452940
64586639
88667194
23580584
8935129
82046968
37776231
48205044
30909937
7928510
70860707
11180781
64280425
94379091
23030988
23030466
42353919
65608476
85969249
60578793
70483334
81243759
87584282
20732895
78836767
43715228
36659284
1956689
28355930
53330189
76195685
64872964
74061555
47049216
18993756
25475974
2933881
81180419
41661337
10283144
36298824
43044190
79623530
7840173
68674712
53745047
72901306
94113381
6146409
52394965
44569220
56429394
49955841
622900
93648725
40476024
84637254
59663783
74619658
64707474
36449376
35801287
41418732
46619944
56570192
15727195
17306716
24571419
69168040
81116658
24232663
3406995
79852284
87574948
40356881
94577052
31385696
72263052
67472869
19240835
46568720
16900538
16210661
71924623
1599974
35844728
59500585
92815824
3080081
11178736
62283242
35872981
49587904
86349375
86318121
27703986
4062374
47274706
80006672
58080256
83793012
45614653
85019091
39034754
26119097
5584977
31146517
3256730
90341933
44025019
66325586
57225335
50139666
76976887
15965107
81075167
85485829
56459468
52998541
7108820
56873497
44416034
10512951
42928595
18967477
44810303
75627162
42628216
3876637
50054970
29930367
5833629
28493596
80682395
26448147
25869847
36451651
12220785
15473290
3892592
42331502
35082331
30258089
70798729
41855112
60438989
54519248
38956224
91415266
67621956
82281097
53581926
39688190
15458303
75831313
15277849
10500255
17405764
57784303
63893527
78303604
34426498
29513450
13748617
14126027
50669573
13162104
678512
53871918
42334583
69906940
3078764
63515486
69435856
37742787
5598034
55721177
10271137
5245971
12484982
11788347
76769848
21051316
2862050
10316288
40266464
86063566
24722134
85479648
29539338
8200840
80875966
5533698
86905848
11141099
90697698
57773000
33474327
50173467
91888239
53302488
27170018
77736771
56940532
20181460
51493903
71827040
41608396
82685909
70603692
76345215
45197380
64792535
4702811
35422881
46708100
91060956
70849812
87175066
62974312
87078882
75422049
58213248
3476431
34829631
77891668
70028710
51940600
