92817538
8431639
62043974
59984122
9556745
80162856
22376960
2256997
57990976
37787606
8710537
41857483
16238770
30909880
9666137
5105848
25830169
54825483
92605064
25810935
11177555
11673178
43422248
79973860
89042423
83246755
789374
42298533
18851752
8162815
8452726
36326090
80038963
69066143
40576397
41505835
75795375
68479454
70166149
30739843
28938991
48783536
90862617
29570961
17878406
61817602
71627969
27329099
86715390
84415896
15198082
72344108
87400699
11283799
73455850
79993221
56330115
3903941
93058731
12026852
44028438
75899671
20188657
51797135
69090940
83912489
66073580
28487559
73147522
49292530
78953327
67681107
