87022727
74086284
73341948
93318154
80228216
56735514
56735515
36150691
55288539
73214885
75533736
18294536
48216078
30572561
86886559
18367376
14009770
74968429
61006548
34977483
61388704
55754946
56413859
67795090
73823100
5177237
9971824
31785399
59889050
59378288
71836673
61322479
38280292
54600086
75433392
93723380
34673517
87241108
69045887
3712183
63420679
67964913
481709
45853846
48367134
60568711
18046548
11132575
56344669
80169710
14270001
15423323
69702472
32982864
85187832
65993567
32300908
4460598
17328985
71442157
65524837
38418810
53459831
78562149
19585713
26987274
46304208
68990213
93944944
59944820
58572740
5137805
21861179
35679649
16459916
78176050
53915965
60829794
81261458
79355595
84392627
61812118
4434709
69791508
47228899
75905259
60213738
5552819
53530834
46156441
22585681
89280887
56797209
94033942
75921550
41371505
5536574
65564956
75914835
56001812
88207925
13501752
75004073
39239969
22703057
30549323
2059809
20775890
24176286
23170360
40540483
17077709
4966948
9165975
14352802
50789594
81130681
37359845
49275310
43326951
70277944
7481018
53004929
4923183
1416535
74522710
62252259
44299145
68744763
11633332
43442547
72043497
61365098
17802320
56257768
32278338
