48046005
28545178
15568506
47730432
91107871
29684379
85746044
60380435
25710297
65475331
31575808
19774041
31245568
3726018
80374782
4290164
36938288
25277228
27141548
22312192
79691826
11808376
66952897
23859208
2349582
19372907
35660375
57397431
81053922
62865162
3682468
82735931
57727199
15001171
79083412
13753855
59669474
613194
92675149
23573041
35513973
71815861
27399110
53087203
16911804
64802112
1506833
25246688
83453198
37474689
85282326
47662986
5182285
42289824
9101109
58952015
73874821
33912204
32233913
30598663
89183261
76977155
5815348
17846307
76190986
82618071
49617696
13002
21777178
92315002
1563489
25445582
6108264
91098513
50975782
25900275
46763612
63091722
31981236
82315848
67801170
21195366
25668470
65880432
13375725
71334474
4488084
24722416
21541189
55216236
5994502
94137182
23564484
59638327
13261595
2263200
40436580
68010674
19629513
85808587
76298082
61927702
7895006
85336327
66956515
14624286
83933299
40505859
5907083
75128271
73037516
83575718
70526081
70899003
30484007
54665479
16276030
90139840
55933906
61862002
93244950
67283645
35944099
41182446
29673417
55399212
18450632
71769792
12391065
74446378
75764211
86653238
33112500
80386348
55074334
78709616
68778393
39132319
18593674
79741455
5935794
74177990
25787328
46491301
69155910
1312865
19395228
28545526
8654615
92545208
18322972
39233109
32206824
7440049
93502850
12887473
24015998
86079182
58792081
35833701
75776120
61419436
56997707
67031903
25717231
37099287
27848399
66891326
29895543
84829078
12827744
78789015
42289844
29357222
21636852
33553475
57826861
27390033
35989809
29712783
22440939
14932920
62621777
31204493
72619812
77104706
21246898
32512675
19043139
40239890
48272762
22799921
82688977
76789367
1147854
5753018
51809939
62860366
69695611
74157247
86767249
