43691815
59996482
87004222
51683046
24972568
22567578
10062912
21163354
71090852
7578827
87472575
55944444
20777988
83467168
25823356
37208594
20022060
48087192
89756597
31550079
62964308
91952635
28702006
31925490
59706550
15515868
5833788
57905852
80372580
56538101
27521208
3445697
73751453
8443235
48784027
11609044
76495411
14778452
63427598
61481925
15500887
36104991
22557511
26852826
52557833
9624715
68968105
24672228
34229115
68330351
67760676
40319940
45178206
34603790
9644167
20327142
66362384
38993645
18301265
40880140
77322511
2662136
9058499
12814929
36791822
48500208
28864711
49900635
44629776
362684
30709378
1472138
71502031
46386411
60453638
43642214
86554282
10136610
22264342
68288198
79462069
29556566
62130763
92033241
5115849
11455655
33172757
40765736
5226543
93599479
24533321
27740453
50238677
72852563
47691188
8945356
17812850
84756683
65804118
64798098
66220298
24527901
30986023
39947105
34654154
43604124
29233226
62151496
52925191
93770793
93121520
44111324
55182590
69893352
33899291
32072292
86083611
57516549
84176547
5448415
39334784
13786020
20227390
22064608
63444453
17471568
76138489
11610183
35884799
32876587
10506740
51122036
1356939
60417584
31437363
40753876
66934642
64671138
2860116
63517727
55546102
21136864
9585990
88875064
82355724
38478783
61688828
16207951
9442900
63720348
93301408
52575511
58800317
38595702
36906309
9375556
74927398
44493097
1428334
51615329
28324267
55794316
72735975
51065350
407930
38391785
21566555
85960883
4292297
60250732
89202580
78222799
62041719
91145962
69762666
15201581
70593476
29987044
45085577
31750181
54300038
29799726
72387692
72606209
24234017
35553112
62597696
47628854
55607536
41219921
36194316
55123736
39390829
50019230
76130451
33611163
57069698
40866991
41780860
7235729
29936595
89819532
