52726202
75914010
3911702
53577230
24056891
15672455
75454057
54629118
39554093
6443782
60189346
25560504
12929171
62659732
34354146
40974129
63749803
26689061
7080513
1612044
32073934
77968691
42790826
13435629
25879339
48534772
8125257
8887860
58427089
910472
29244057
1391933
54287509
64839500
51040094
8207133
88448558
27490620
70152000
68127484
674323
42191913
27962621
51590654
24052566
52016103
30688810
60762639
27847207
79591917
4431797
7581616
67677066
37917356
70816586
90077839
37699353
80067301
47499844
76721614
25392232
49603631
35048945
17069308
28687257
10238690
46273156
82341812
76921612
33855522
69035509
70887829
70729936
35259346
84389503
2287757
12207262
77721804
