57820105
57246463
39708068
41097742
68306727
79910812
20196405
54888284
3144455
27634385
64760010
91609568
6180317
3734306
26384630
71411120
79977713
25510328
51689562
34409915
11575174
35991163
43058718
60108655
33994436
40882245
84590704
70339039
10844627
24816663
58572460
7631667
2332436
23128730
1842827
84480021
10660577
19061274
92070541
54544739
63707762
46376785
37375877
13139529
91784164
22967627
36155106
49108489
9262498
21616340
79903759
15604669
10979118
50853599
88994829
19191548
959680
63513365
31319557
40675775
26254014
35083198
10969867
80255940
38247797
3521628
79322884
57772369
86738754
79942625
39511927
85806778
75671588
8570372
69700263
88040778
63047758
18866915
39060932
77061913
84693607
13759048
12253744
64172571
44237448
57994900
91622758
30960367
25488499
68478281
45575317
172374
55886601
72721330
6026660
76149990
77547764
86974352
64384543
51845357
16398295
52670652
59055872
17989164
6974751
33219855
49596288
12532411
47965172
74118068
40639179
91572471
39267021
49874089
84919107
74818627
13781540
69480393
76430758
58320053
13787194
69095250
87658742
34100634
61250569
43382096
4998145
17962003
72441491
7848353
15384917
37919363
10689661
14887778
53967499
72772951
63517973
1217492
47681000
40364717
34683623
34170939
73367926
10300835
5088941
36452010
84573925
12790549
84953597
14672769
5071332
8607751
50270484
49844422
37384563
63913773
23847074
14516577
79875325
23399232
49451386
44951687
25027575
30343511
75439402
23037465
14837215
52107430
52579393
50016410
67949750
66375706
19957606
64879132
76086961
65180574
47614868
1174392
78689791
81945820
9069706
86098679
52301703
36396718
79150142
31128600
86728724
44635765
58215337
63564534
23106172
29921805
68547742
52197265
77588255
72487340
41086347
16365211
52266438
25983142
87280659
9336397
70684924
74435876
77118152
19828386
57810427
82738020
59553634
73953839
2040906
78762949
91670291
26634379
66172251
6464341
23409113
29024847
33018789
40352429
29712541
17778424
74663838
689120
92037903
16542434
36052079
26368293
19498888
71774999
49372531
40989775
86349660
56900366
67598540
44038633
10154154
67656249
67220283
56288107
48457735
23103755
36842778
61277558
48227767
15628810
71402255
47453012
52027399
73503837
66579739
83820843
84302702
44707701
35611654
560699
56581640
70491797
1746956
64487318
186583
11974986
20645250
10657766
39964005
58314251
86660703
77583891
5750490
22079327
15449269
72214272
20045245
82586502
42523456
2655027
35126463
32776370
6987633
25834130
9210109
20340778
29293766
74063188
43455976
1608359
23178493
33971624
58055270
29028353
72252096
21595949
91985685
49478
10987072
3577801
24737266
25840949
55205154
74763292
61551772
35936117
56281921
38098209
1586432
63546098
57743348
87382003
89911075
47708463
83286299
35598519
32881147
69110828
79200891
81673036
89339360
73820690
42962772
56551134
48736885
91179643
15843467
83489398
23087465
3014877
88332472
66026415
15060388
56531953
42537992
12284621
65844092
52499145
47425686
68743768
59988746
55026326
84143070
59988472
57259558
41283541
62740202
89851592
6197291
40141809
7279736
17960000
13444216
69567189
44400531
37155932
67878188
29033505
72574206
35551452
25448529
31391112
76010509
43552626
63271037
81731041
90783398
14876845
20717138
70528390
55438767
19635021
43467148
66444099
13919987
36345315
25429438
91278157
87940285
35217256
55430077
28605073
45364693
39060119
48280243
1701537
2615598
39134870
53040725
56076444
8021830
83488899
76899571
71361246
60389761
52131583
87211567
93096587
87284677
51870562
57010049
81945608
29191006
65390799
19209400
2709065
85532625
9512379
4877714
29643814
89048886
30076283
89173892
43890113
52089590
50565211
45912135
18803414
11632030
67592224
74179425
66281653
51598836
37097785
16675739
80079922
74387205
24890283
63582644
7514834
46328042
43833650
89350495
80889670
45220450
18467453
88470520
9543744
45341176
13934257
12954326
91901174
37107195
10793118
52881148
51932083
26975401
30520041
60755873
19529017
32103020
6994280
10652400
87264848
57936561
80360378
92545420
68743737
85059919
39612578
61138351
34711335
74923863
85788991
77590858
27430521
25951487
2350336
28154594
33868478
31720191
33971495
23095535
2186345
88845391
68736940
24440413
34126969
67596120
850974
26295215
22950910
44953547
54273141
49485863
45973405
22924816
67621612
70639066
91557666
52735859
35311281
79525176
18526713
54191423
8698115
48561443
6106158
7653748
11501273
68566148
32237569
74919365
28533758
40048728
79706680
48802398
6322130
48328815
32237566
16539047
44086780
46742037
66889994
50888326
90067935
18920904
75297960
8017122
53206365
3620605
4069047
48307537
38041896
60391234
19176799
22211066
77166325
21983080
36020551
62391125
82204622
67379713
79941851
38834093
80462511
47821795
7491421
27876217
88196637
30871529
24113149
73903882
36958783
32855769
90440854
17842973
39072758
82893061
78064388
24308502
22348599
80529674
11026567
31276606
78891512
37787257
93054300
61583842
10996350
86107752
43890481
23257622
70434036
4600352
76421407
26505678
49193744
8624293
40174232
17537488
90556258
82500665
18264692
51744696
6522604
89172137
34028169
43876574
8981792
58415847
91641478
38420526
39715617
77355939
74329150
3740947
20551297
54509134
63211858
37606476
1680092
5399180
71618302
16078686
41576760
50940519
36895798
89630803
9995621
55143598
88207465
39821141
53201956
80228864
81753174
85450168
82788758
69104470
66327898
49967203
29343857
15568081
60632294
21871050
20214697
2350567
16117183
16001202
73951641
71570205
78611991
1695436
18432079
71447212
18682725
65023680
13850407
82562925
16885822
71525294
24149962
54715161
13180926
65262993
63066424
23662225
42407094
92927045
68477052
37144494
52789945
9388087
85039899
90686215
63517975
58528309
45229423
20945185
83268308
47813581
80185357
38148774
53050734
24399720
32863594
88414350
78250982
9129404
46078916
3811951
65389144
79574209
66757415
26482102
35588207
36377938
85790944
22627722
78179602
48860206
55654755
22447348
53687912
24237190
73979762
40967109
42390085
2275580
48095845
5270200
5773071
67609508
54851037
87956004
20888885
5206780
58243375
63565488
37603435
28165217
45936039
17010183
5477072
69276627
62535186
69400060
74651925
81996345
76167483
25759323
85759646
61814997
55062743
51982550
42848155
89486834
13334677
39931684
61429302
45602346
43513821
13508416
61891797
23555174
61632480
41928795
39814475
43850553
82688808
53775273
42349540
7888871
28140112
89230752
