88138586
26254493
7546841
83026394
24824653
27592979
43534972
3248149
12462773
82033642
84962209
46022727
21608025
50397603
89567270
67163508
52596355
15928684
90723774
71919691
78279598
58030359
55635654
65168287
88372832
43378879
57539652
26197287
48821488
1552795
89783120
122413
60787579
32462547
28945533
50414573
43677748
4997112
49667904
87088286
20355815
87453852
89021520
24694018
2356604
17438636
47149614
78326869
62405746
64244453
83440951
80303574
64616611
4921730
68058675
57467191
80719793
29199885
6938734
70293936
7243759
83610128
20608201
23016773
30396275
33214915
15543449
31491506
