74877398
39736043
37037913
38194054
21482613
90902329
64463528
77174101
7322867
9107090
13384149
43039214
83886499
17946528
26930572
42461832
24410789
30915841
41759479
71880183
84188958
11750997
64284594
29916174
50331178
70817633
20606351
18140641
84756297
30900627
70867671
39918943
73476701
36413156
30554270
20969364
17730645
14700587
21486409
33426304
9406834
18642333
15053214
65537004
11029768
14360037
4674546
23508784
50385211
22769752
86445405
89004039
92085121
76951034
1643801
53611302
2227801
45650868
89931933
8483420
42187787
42855719
81962867
33776409
34788313
64026312
10353015
89560101
11173207
52135129
2609896
35596775
56146062
13355746
19866795
4649217
19386640
68029684
30655118
55170694
17354225
27043035
28782912
49278250
79245537
48378537
66607370
20444029
86209722
52092600
85473133
27611554
91964586
13747936
4703412
10934169
87427921
18409865
25425430
43372611
75217407
36414691
86207559
82163383
86338457
44441085
5288880
29376408
6803028
42075602
15670950
48368747
59786646
36277718
76509385
8886322
86471475
50264339
86008413
50910132
45647085
12921332
22085322
40635354
71254349
17366565
7680543
82887276
62896921
50635307
45864253
87673071
82473299
56159232
88350567
29882261
34554078
91825922
6308038
17917570
16475403
6046984
47870060
