75721948
79466531
61125743
78035952
17920018
8270553
78740148
2234968
71296953
67920653
17281509
29177065
2686208
78163847
5882708
64044933
31458962
50224163
5218679
22804594
34861419
85710994
85752956
5611393
60512636
28301981
77971683
28385858
93351056
57147825
36908127
24844495
55774524
7128379
7070866
76375757
41951723
17581802
90369400
42884997
12324390
7965080
85682914
50513684
40487810
16135053
78910215
66890175
2295085
66047456
13948252
88732307
18471599
53373037
59772665
62903701
7597481
45478433
77813598
68083655
58241234
83063735
35881126
29916001
54200008
57522324
92794914
80722396
12060542
753690
53712964
78527596
17679480
75441732
90943369
10692434
33901529
77616555
91706662
91489156
4609017
58319596
11148909
48230725
23781855
47691210
86807196
13145137
34410442
63458227
19701209
11778385
66071990
29242156
43569057
32884262
76901647
54286541
60126038
39201711
28667982
78132694
522081
87146891
47590473
69657264
11776363
48824899
39119971
74373568
63995821
45513160
82658544
67605071
63075377
52136248
6795527
92194325
49242976
35287114
88612005
36106577
66108769
81100055
76777804
852217
63436421
72963124
29732007
64436444
47905976
89730678
35289914
40973824
90324765
52082102
29574121
41755222
45272097
47554
1116088
19803889
74777059
85661093
45902087
58685255
71758745
68532360
33977444
51692406
13773571
87425602
47964712
755100
6663464
70042294
83658787
64249485
48229147
49037485
44123301
33022728
61094749
76711351
88991133
50581464
33003671
23166558
1905806
37275231
70404268
84676874
73816036
49151100
36613613
92499711
80762417
35433859
71940529
67856624
32850816
40372887
49477804
42112267
26172443
37341351
45950267
86701209
16743686
13251803
15274617
40789602
45027405
45486383
