77000609
13799728
91504696
92026674
73884388
21529858
89372682
84905327
20197335
13072962
31753062
89542494
54940000
39006641
48877733
67312042
20527235
36549266
10573953
26491074
66755316
15824470
40181335
12972773
13399411
76768935
38730121
19357644
54296734
45548920
15692370
36840517
16822700
81026751
8989007
32844797
56666306
24496327
7813685
58050222
17303434
4285721
4239070
67769845
50958759
7086467
28324597
41289282
51419901
92331206
28987351
55690738
49544240
13842803
78251230
73301014
6004926
35716049
92019319
14579553
73410993
82380965
4844493
86367034
92822179
29685540
20687778
11914612
45613215
1341259
29304143
85833805
83550692
5347070
2537073
64100673
8659002
9515730
39936094
45169669
41198578
54958276
71212279
62080813
18542599
61569933
79589539
14946743
50365104
12347893
46359733
31778145
77019468
10515323
42255449
68134138
62721074
68496220
21240713
91752581
29316486
703282
49078545
65122303
45864682
