77232972
21002997
88942856
41719803
47291537
3621189
29405019
51624169
50105910
45492546
20509324
62569619
83300931
92754155
71196251
33608363
9700691
69485044
54893637
18304817
15302773
49009091
41006563
13059936
26861042
80080332
88916492
22334483
40304628
35832375
26744104
22660840
6626860
5471940
20712973
33463755
12501535
42089922
59996296
40884996
46133642
87611339
63854263
54641379
36806854
91370708
85623078
44282004
20254660
70720383
11997376
57123916
50660841
4922521
32765253
15004840
39318589
5492888
73480642
17106633
39299169
77332068
46087880
75803661
26633935
55747565
29915762
76994156
82379781
22384371
90924615
26606269
6447615
14726574
77754129
39751193
26904929
17290276
28559203
3688456
29012113
69787874
40383516
57249193
14615802
28685393
80193997
10519266
72171214
10066389
65494478
41179004
94238022
24432996
35394617
13171648
17000266
74185269
94639512
13200058
5264287
11393064
52763267
63971737
29382904
91446021
46409357
79713871
69352928
7002531
13392127
28751080
44435626
70621883
18606183
46853749
81868861
4845725
59811870
3651453
40020750
49536507
44618310
50169143
84305226
60629673
75580535
42047205
74385056
58561901
66825995
19359023
28460066
28969304
49162388
78332447
35266462
68640676
85960237
69848702
73292552
72028936
3405469
47286474
16930229
50161864
84772638
17180128
47362783
7757290
10741483
81212449
70511122
41045750
78326702
46381648
31916059
90668730
54071293
58260405
55959030
6763485
7848513
85076535
23922017
52874397
15946716
57711586
22795741
28888782
33346484
31128071
50637046
91068956
64210130
36036049
74790599
27292595
68931574
8933214
15009057
51117522
62542621
69780972
26045034
65726457
8727347
54059199
52739461
5328091
87521486
1779812
16493786
13525893
57381117
6694496
56400702
24027669
5303783
82111845
57510520
26002921
68371310
90472653
69863927
71865715
1944021
6885755
90697371
46967230
86202232
89875789
80409509
60438762
72982103
73013862
85207989
47137533
87860087
17408897
58548281
9540198
69735376
23373983
50979558
25809087
46353184
93253218
94542891
43896006
61109387
41834093
86481585
22548138
49707924
50507319
57915571
31593628
2475700
9630592
24860207
79824693
38001773
91641104
68556157
73914678
55911035
83749845
57012891
16447199
57018216
36173734
30760008
48223782
20584158
482581
7597424
34763182
26781577
73183346
68070007
72544488
65801279
86259391
45551310
17315830
22354259
58866406
67757821
19007958
72603279
68575535
16596544
94174782
20028038
33489514
74764330
27370025
9423362
75973096
63939886
23020187
85872222
48229419
75137444
86586546
16281579
3365273
18704553
7715624
38691238
39924092
43249077
55988861
4693921
43718964
90032215
81969074
46560719
85964383
6771098
54546038
3281913
37535675
87435890
2650533
32483665
1385582
67553467
25532287
56545121
92136979
53530520
67113013
70514218
36985069
21332822
66291293
488177
80385123
37844143
57879734
93028096
13865324
55779306
76648392
41885911
26087559
52027894
85028739
39849766
73518712
52576363
32353056
89488004
79721945
89558979
64029565
44648263
46194784
42053507
78197251
61665703
73706548
83418422
53263949
18288901
86171255
91856882
26281247
7636421
8964454
24195158
22114631
14818471
56135473
90439469
90025954
701112
62664379
19511907
90108701
89338161
24680205
19632472
70378138
56015057
53424345
73515688
72441804
93177375
93880798
50343886
59107188
30378528
17807550
8018774
31904509
46797420
93474304
52509287
3306417
2291962
64866663
67988246
33591019
57973697
7549916
36831516
2880795
58051453
37121920
68478538
51104620
90504664
87984351
65056783
48380869
83985080
65574333
7023587
59474063
6607529
93755641
74633399
20167256
64304096
85856985
50646529
19223470
6988272
89233050
52298606
3757054
19256584
43844238
80599047
53647811
49793345
8079460
29375294
92834058
4406024
76038371
44471930
17836880
28641437
56083159
74269643
45820166
2590295
53283096
71470639
69980279
48253029
79724278
58559657
59910859
12259909
9176936
27814572
41967572
41391349
87833849
39337847
70886760
19486462
15207345
81212394
3020903
43820898
85317639
32347780
62023187
13356470
79221341
84820552
43261255
42089422
10365060
76325571
35959802
82397625
57111115
81764632
30884549
35824191
43659407
40364708
24847964
16761686
46265081
10560015
81702113
34753111
75992797
31815043
50554268
43685523
63320290
72239187
76561613
71031976
26930994
79303387
65118897
63171409
55839426
58008915
35120556
70672556
87582360
51772697
11791545
72178403
87481377
1630881
66039744
6827125
55035054
39939457
78811388
77241563
58291291
27272023
45210959
71094448
47203653
30266740
75436573
1057180
88194385
32478887
38814466
25650654
92772928
80475268
33254259
19780179
39769036
5046520
84485464
87016079
16613075
3776824
4815374
17119012
94635304
36695524
57930405
83999481
89691438
80381065
11792045
12849670
71937838
60495057
47667275
87320930
87787602
42266885
65642230
75938175
54055340
17826555
39137356
86063209
39178084
19878930
90948584
14374480
12602990
18162080
11839924
40788523
72900345
71618067
64199010
53881535
83016250
35023528
25989849
43704906
18210383
18010632
41275260
91674069
57350964
16735916
82507097
48969550
64943876
36883022
46319972
22704707
10639762
78597667
39300487
61625150
62011740
6810853
66416098
68465507
12641646
56517223
14528263
67361789
16862640
81602711
12872838
22694761
23614568
28119446
72634738
5407589
78111193
77417303
76380808
73608348
79198699
49165476
35888402
679367
70593554
12143426
32513365
48695250
84850803
44847814
15501779
59877745
31089384
50514201
52556579
27838065
21834038
4548592
61852367
41623951
77518570
57508439
63415608
33951202
37579926
54708588
82060378
85860141
80473122
12225821
76321446
21779784
87241730
71555014
28326939
76228502
21908497
35522778
78070895
46914380
81647662
60634233
63427986
15406885
545773
37057408
18841654
5962142
28412743
86393844
11311856
49375681
16892670
83212125
1479074
93191354
57415822
22446867
54040644
80769791
94439638
8561573
47993496
44921873
51339753
90167195
37592602
58634225
82968495
13336667
44771043
70999827
26525742
81168507
9847425
30060035
80982254
5694507
27806096
56996789
38012806
89147076
12608197
70568273
24568361
17095478
65908755
81167511
66146026
62875782
15634067
12305813
9178764
2145416
25662332
21903497
70183803
80953370
90187304
68398924
77830182
13748242
41716856
49946958
68589280
27630105
67162358
50205837
50834168
30280283
30235752
32745628
85846817
76614701
15419423
20924625
37261624
27858573
62868077
47902692
49076927
85766048
75329161
42297851
59365204
44509391
76219762
6267192
72569566
60242125
71070391
47389953
35533638
82460763
36630744
60111805
68812699
17837077
6593899
45048749
84860724
77628445
50428498
26732885
69917254
4117711
40619578
29120439
14210039
56641705
78287644
16153796
38469591
40178201
52660074
53432080
31947196
46753346
24940224
92603940
25324821
90450801
50303735
46521304
82540288
5649983
42487093
717352
47544211
15547597
74840410
70940687
57918089
10288560
85609295
45313074
24797962
77550985
44814556
34030211
79645275
10253989
4629213
81611773
11341254
87802875
1445780
87244692
66589154
7704145
21231023
55090538
1042231
28612007
47623483
57852124
24134144
18033054
59808565
48622782
59573360
19637227
92919211
74746629
50469812
90550552
13158524
30163721
46186136
48666155
84481331
15538963
77833256
12677429
58684971
76607327
12661798
91283449
4834947
92599632
29948813
11927798
74889641
9134388
40802443
86703546
34992260
72883284
33121443
37310049
11999227
379558
27103085
42671201
32788656
2951964
50090334
19892124
87894600
55571730
22041881
36318720
15380336
19962464
83418183
48239328
75174244
77707149
30718741
85487647
31259081
23370598
27127910
32727346
45301765
58111931
34776758
50493385
84201605
19903176
12871845
1337212
46755165
4894027
46984052
64411281
58691693
30394175
55049370
85135364
85537339
32966410
24432787
42646310
72683557
80443594
12999979
46640745
50462962
59022196
21259152
38204577
44675461
59934826
40004943
80092225
48529456
58495285
54461477
93052645
94031907
75369934
16383152
55236758
87000494
80614377
16730652
23342767
17382763
5221945
69353414
85254929
10879755
7721204
72421489
68825110
6299621
56266128
86879432
69081309
93132678
34654384
89809624
4572605
13646332
90058189
75196383
86321578
89702798
9491360
87524568
81682907
82889072
77623067
36336716
35526600
76510134
4235925
57556822
17026350
64200914
25008073
54989540
40248950
91431127
13908993
40333313
90201944
65385677
49999287
12068514
57599911
1287457
17908227
72407270
60246106
84328195
55164167
91301091
59659453
65542882
16545939
84850799
23006766
83225864
76595819
90956857
2475001
58687763
35097654
69362761
84118041
36352023
56715394
91602090
71430216
72751282
38646447
70281060
75798450
80021528
84225593
15202600
74883214
26516015
53943023
93273000
17828084
57432001
78577821
10252295
7002839
65401650
25298317
49436120
18223090
60511873
59359045
15660080
69301829
44327492
39479836
75263352
45225710
42249320
71244608
19066806
83993314
61785880
36259557
28438213
33338377
33382104
31735735
76352896
36302333
41401219
30252940
24292705
8151176
1139550
22792115
61910514
28559253
9459700
30960580
18247820
26798534
25210614
59817904
68398921
24110254
54141409
60106673
60356297
81465203
1187979
83851845
3248599
30865079
62916975
42983317
21032730
45547581
49760716
11914549
75475793
92450261
11562516
38436863
84769712
51566504
74162657
68464977
94234463
39600435
68407743
20067547
11595732
38188024
40286750
9963891
6806874
17554096
2233972
65111833
67935941
17737266
82761590
91367545
75458131
82615620
43108985
9007485
40675146
58932464
18134157
35283130
65103749
90987594
43216955
80122456
86748478
34473622
70572590
35667098
31851229
69068207
23542382
65960744
87940430
70520611
22113348
22942315
8335777
52886955
69114184
4462180
65480828
73710036
20088396
27433200
64695654
69020593
44638700
27876152
16781591
59334241
51858329
94187060
4811069
23202190
43335732
44714993
14798174
34691997
22049547
68970913
19684986
40327093
10097463
56124066
50247714
83727422
23772696
8413036
34583564
63535134
42007867
53266549
74436912
59720018
42602346
50052671
10341855
84049270
36711543
36350609
43032490
21028347
22932635
47347595
40469804
80561781
40019962
71438234
82869617
50516900
43184278
6214080
66004728
69962025
69329351
64918684
68171022
41314091
53284133
82213077
66219078
44096795
59242894
54686113
26910900
78910013
35594948
20949655
45267342
45934594
30910218
65343817
21979827
26633414
58401235
79988531
93545356
65149011
722844
10863938
88582884
15819727
85797194
55853315
65258753
23706488
24205532
20999492
27077115
41005986
83967904
38697667
94129208
18816060
54864830
35483584
20782643
76385977
35750633
15042846
41139413
47207872
55654993
19415883
24807428
76390336
32802816
80601658
59368443
73951122
45386348
5844373
34947590
10041389
69480263
77494001
29526395
35330511
26046985
58614653
28884674
34966652
69018300
71948309
85645719
13156217
35688267
18588314
6895198
32562851
74067349
88165546
74736979
2761846
17885464
18510914
55556702
7012994
33654985
2582151
68499252
2571100
82737270
45896349
77482256
9880889
21872300
90866606
18758851
27738927
90369277
17447274
91756502
38825155
28447495
52376226
81271058
2977702
58569383
78317255
66978368
93576737
59612111
24575212
29534517
80752125
11776102
53783024
81572147
65953836
64658026
2786693
9752900
35428693
50802773
88089263
55868099
53592542
69075386
39339598
69247838
31674220
44469028
92092182
52003275
36259645
39078134
1264042
66940480
16996390
33350639
58600937
90485265
18011432
13961577
82454736
23100463
62540549
69316393
50354569
81434929
20577290
59037943
90206365
13925153
1016130
34722003
16671923
74174868
2835836
74834115
66747479
34157415
40042439
7293781
3416023
37726529
50223265
55526670
82596959
73327558
18170745
27687492
48073600
55807061
49952219
90195083
54808577
22620224
19587548
11023189
84331112
93957701
72469914
