55724142
41522600
15996113
58199530
48311274
60958356
46467646
8670749
70566149
1119572
65414220
83294156
84057705
91318463
57142815
43466227
57951610
29269255
78441848
8853427
32723237
47705738
15943587
59039906
79104911
48456376
57910283
70841927
6690053
56474538
61721383
6501636
39500959
15792453
14280556
27128460
45872337
63850814
8778570
52571676
71224681
34438880
6545651
17464710
23768353
86563602
72789858
79829430
25303482
4151767
928260
68150667
16986581
2165142
63107596
40654475
31317629
39291345
90019227
43382766
10296985
57064794
50559348
73107156
14499222
66237295
