25800182
66491426
60358796
39271293
79280947
57286614
73698442
66184265
68990045
27843518
87025683
46069407
14363843
86651516
61910567
42017847
60177980
19184401
57381024
92709998
12732837
40492083
56030373
32211542
79967264
1849448
408223
14197580
38741785
88114087
80430488
1741142
79568645
71274212
31905800
92743716
11861719
31000035
71260245
39594626
26599589
20247973
61501629
64681352
68849057
49436361
45666480
56929137
22253726
65514686
90691973
56068926
28485559
43074268
24779865
9527528
78089505
306013
10932928
65593337
60177559
88928535
59696089
12544702
65085429
13776106
13307404
26434354
39392033
3676443
57186467
76790823
13739125
68911711
