34009098
15509374
41617769
4765699
23093172
59528920
86920988
18312970
30328208
4382655
10941032
93507606
39803232
59534592
70277032
63394062
47812796
40382693
84510812
40710791
45573712
88494752
88184294
47059708
38573709
48369781
54901367
20256909
50355808
82448706
2976530
41113833
71548918
25885803
19645991
16921938
10340224
33254510
81154585
42569406
24897489
61462005
37247504
74526208
37828552
66676396
8929138
4473471
21284758
45497041
32925361
86463473
9631331
81475997
53526148
34440896
76235223
3822633
67855778
85360220
53095062
89022424
28073047
94060868
44083619
101862
82467946
23557276
54716149
81392676
56223879
79485160
40932476
37944900
55967152
39613414
66565828
25958446
16886160
54765100
28265552
64821457
45811537
6505187
29899592
35899240
36185310
7710568
39776898
3020225
59256475
90602318
11691036
69320028
70122025
2516284
7416749
