15791658
64880582
14415210
8088550
33286811
44251687
41983457
25089431
55527367
32675166
47703689
32489238
49489947
5187831
8312263
91468487
11262612
25832767
3987475
3893833
67761205
77278449
67533787
31843610
74777190
72178946
3052064
41614440
45700947
90111215
54726744
8330030
11364857
37793382
47721420
46855183
19189417
29555307
76591422
92720661
77714361
4157750
68807639
4433996
68248565
65001380
43697470
93296886
47092893
16370733
11779947
24331524
5149803
79552290
52654465
55627462
55795523
3098761
52181911
39522753
35364061
42173857
62538826
45649870
73447446
55232319
75717311
44379963
2686163
28166541
87798991
84233481
11783794
64167299
66127551
62241289
1258704
75498583
11784754
47521749
59947962
621380
87063455
59339163
35888995
58232942
44715603
65983120
41907030
68936803
941299
85255557
64116448
31508538
76003089
38768895
65041521
85143874
66380127
38041597
55569146
47721029
76315766
60390399
94083446
24561572
51900061
37595154
51296665
8395875
86336947
29809848
56293603
75007834
17921781
21603361
76362088
40568819
52362271
15040223
21845320
58467572
13604315
48064745
55681818
93640074
59086087
37597770
62868713
18188221
6250789
5768205
7848443
44494505
85404384
65782318
9966155
60183250
83720129
1699408
93574624
92222809
30410576
71280974
58600473
49263540
64122081
21977478
86608502
39573357
64378849
77738277
32015680
54304670
24682003
32757720
48555472
79271177
8292993
61940136
4502162
5700317
3701837
48524975
69292778
8080362
13454719
25365984
90252985
83066425
40824907
6638652
66413370
10327168
9973032
57113159
33918658
60925707
25657084
74190412
42218153
6056092
35036069
15234668
44856517
15176663
93804209
94407015
184441
40277740
9584610
6967609
885220
88342725
86024945
911127
13474608
17419184
64034731
38254837
40838844
46505089
9589557
54360551
26675838
90918650
66888566
21156077
86256695
73531136
56351808
26105449
