49500944
67010928
55824710
54740216
25609573
15673242
13846609
55100744
18085377
66241792
47781638
57252374
9840617
55966908
9157047
59943185
28836226
53826921
14582313
3320273
65253723
11267385
75859022
13136193
81898579
6646273
90968693
16063173
15425071
70827829
3255114
1692320
71395257
44271963
39870840
83134103
41182533
77389651
62700538
17814594
29309159
39597374
6410419
4640577
28974001
55533248
64751384
62041164
70881633
2738863
41363499
10044795
43661178
33508451
36485964
43616221
45010169
87413771
9669968
43485856
14804933
87056544
35458736
86113792
1488640
46248891
60268399
67938330
32450955
80634346
49157321
51003737
78960066
45408357
13919421
24127430
