81447769
20664439
68034010
15987693
4615865
78517083
56299725
50612295
42162703
79959939
49314650
57384972
70298498
20666339
18699395
43936187
93290775
41876125
20204793
83136449
52352878
41140360
13090065
94459839
64514041
91616148
73502217
2226038
15254287
85568938
85366570
39108532
70194468
76678673
93903138
18950268
31488435
39070422
14404827
79432992
15501492
15228589
89905239
49342309
17730134
13209342
41745349
78334378
64211850
25476303
83051450
58327769
61150215
32590662
39854435
73565599
36118017
47416363
71282844
82924643
84815221
32941970
37973426
25339141
52478346
90819678
61157285
16571823
35856703
34920422
60469836
39877750
28451141
1308401
58552461
723145
8912688
448178
26389504
40364658
5554783
87829016
62302867
59223502
34217964
5377397
132579
44547662
41016641
93313153
54364986
28597391
59654577
37238379
54070931
57293637
66931023
6668999
65119144
43859720
12570094
42976726
72387351
77759251
42727931
83665370
60271816
22566538
8476370
16011620
81511362
68314774
84963077
517951
25372047
61276531
89809110
77346264
14394472
1359484
50792579
33276114
75642566
23109762
47323891
73861127
55816269
31747224
78820925
88785700
34166448
75034267
842563
45391607
74348367
59224970
47622805
75646648
25634587
50456642
7914593
38862258
87393652
43555428
33928874
27710781
62911953
53192950
82181355
20497104
58376421
24815079
54935839
16975575
57851208
61410557
83220699
63490900
55269866
57588632
28039333
2337029
76063831
68451829
66880018
66069200
42683625
7619628
87171474
33919414
3577659
51729990
9424873
75323619
90942315
47608757
62913121
56395328
42859018
76508290
13193508
24162129
33794931
47933752
36864138
27152293
65581653
92895654
8444988
85677643
84336628
9736284
79373862
12069104
47752680
87784669
51608665
88799774
62183250
567884
45188601
36789023
11509183
7130239
46089523
66015088
49915300
57957595
11919754
36042473
90802001
73521989
13772209
51667905
54584601
14043477
56669573
73907108
75367375
77999452
64142763
68954265
30409753
34341427
87360786
80843418
56613719
19504467
52937271
64327322
32907631
70405166
44959817
19474832
41695961
22461538
81409959
59512791
45164579
91573984
55322194
44659435
64075433
1516611
15691304
80474334
16725563
54656292
31663431
73019299
13664041
39364080
83596062
45587409
5692696
31580528
58008792
64749612
92815849
54499620
10995992
21687043
45895924
70863053
45838572
28005013
57417392
26013230
26400216
84774282
47767800
90151420
37523255
28995567
47295111
23879578
19679180
86333153
1958252
52375529
31949782
28294975
15979376
93837299
49467810
82214460
33097173
38924618
67249395
44212549
73831698
34798436
14004124
82034656
74710097
41595490
18829288
37721235
59779549
44586067
82924639
37446990
28326140
56762196
56338880
60758714
57250139
32055093
82035459
85468793
25044800
92102969
66112776
20007196
78588251
57196719
91776324
13462107
94280836
43121283
70406221
17627200
1591900
49808542
87139686
48231098
17848868
57375368
73126143
38246701
274534
19371740
66937044
91868969
70142176
22765740
56799494
92973375
18366596
43230604
79738117
80216852
74273465
74873701
49512547
32494627
40997055
61360318
28475400
87813655
87047395
47154598
3062244
81307679
77609507
48934048
70405182
39411760
45042618
4070272
24525586
29889750
3196014
60487485
74304790
25339107
52306260
10311957
39381974
11354492
74698308
2959342
61452881
34804879
72081580
69180852
7673579
72100631
59295494
93991523
39168028
9479410
28901094
85435058
7453443
53414117
93473983
20731054
69126141
16910393
52978178
6566592
43516170
89726005
8358263
71206179
35534280
67434805
60553655
75963505
84119590
16216762
6652784
20913202
90981836
43267805
81095788
28984571
74429960
75146353
24695325
62312521
67407544
5444073
88015888
50565501
4051649
16944653
88081007
14436209
86793343
70966150
59704949
78357144
16560178
64065218
4737259
21957371
15385554
64010595
54231830
4351134
78079396
89537565
78799569
50199780
12784914
18657650
58843825
10424427
22378237
6804310
57316715
68438091
34447748
32165122
25859653
49113195
20689411
26450180
79840857
46698270
48455065
10224496
13664567
7372376
28743239
67298629
90222165
21207470
39035972
28212449
34654370
18922338
93414928
50908904
12317744
68796099
89845614
59092563
15421005
13210599
55773292
69454606
70275536
4906616
80889723
49378188
23643312
37912192
20190081
28707775
41839314
15783891
6796155
25488906
10690103
58217675
69518073
50420202
29055768
48333554
30976642
73232735
61968568
28654852
54746691
80235723
2291784
59845771
67971229
93322520
29833431
53577612
71602239
9247138
61787535
11488332
94410051
2133101
62131543
17475105
40961905
45474466
57757161
20255100
53263213
89006469
4485885
42749505
75731378
25255249
86925702
41121003
64975608
5064613
70405158
83885753
13244575
92302715
53949200
82303205
37519133
68431161
68659140
29682949
8881460
50285256
89891685
14548808
33597388
83749221
67991773
45443095
92768184
15372289
48160169
2850950
61505402
62216850
74336318
1183345
50621154
10116664
35483657
39338598
68042639
47637754
62286436
66325887
88164367
13031867
64145645
70557686
41342930
56505572
28681616
12810828
10265733
1362522
84252509
42940866
70022446
10698579
22861099
41159826
80233704
49679866
