26836663
36006559
73784981
65420010
24948091
1861081
90723281
46973111
26845225
90758376
43232628
4883018
27441401
50139296
16916897
41851197
15183227
51562438
82642468
34058147
40958100
80535569
83616268
19714647
85186260
38100670
8563477
5430572
3742578
87204769
65956075
21302785
22022746
9719040
85046599
61458727
25010865
28196937
17942274
30931878
92393076
26209318
8108201
49651822
41658469
65535009
32850929
37107624
2187692
26078046
37860371
796617
24431442
23231905
20051101
71235502
87048770
19207483
60749071
58396924
53048481
22179616
83368002
13773602
22720516
42477163
44876820
56945182
74782295
42413229
45820268
37028223
10067954
13474949
69357689
54776908
63675714
74553850
20949339
51606869
11156197
15224552
92550330
9068408
6571617
23789616
90434788
776165
91088711
38824077
56447150
59517876
45884506
46146864
52314726
5427561
28706433
84391009
90064855
14588321
56582321
45126504
5864588
18649210
52106996
8091464
22290834
66422344
10649562
79502756
17917381
26533290
7381955
36594627
90818572
17454510
20480913
25629568
34296389
63731154
6071962
58775948
56124378
35871931
43987299
51233421
54435569
30629495
84313103
44017802
4091956
55857020
63309575
40753512
52737465
26471560
57252548
14232284
55813715
61388242
36237466
88563329
23650686
34797769
43449829
76084979
72102274
59688800
45947749
23062626
34762870
17998430
50368313
50625613
13871743
75899645
78157029
85549638
81413686
82769836
21303817
41194157
58319686
25888860
40997588
78253709
69971419
50727011
86144706
87458222
84190724
42491649
7567017
12709062
44805038
7312737
37912152
8346883
79313205
49973985
53797770
11588490
8322906
73897353
55317404
85262877
70879872
11595829
9948490
57219081
4665468
17550108
58651648
34960432
17660584
76261729
70390041
2977596
19805851
13626812
9820176
92288674
19287499
35763596
55659097
74217147
12453698
64292867
72513940
92583517
66066341
13456594
92168087
53623675
45606177
71748007
91937426
27225996
92519259
26331472
79756363
54112380
41726756
64525055
3768173
55185040
87497544
76311943
90240730
67088765
25689652
47206365
67866976
25741529
43093455
41324240
48572194
78846968
85123990
11776692
86280810
48822623
61156602
76828944
69513406
35830551
76718237
58439202
62877782
85084749
38581099
67176374
48943288
3466516
3519323
83273531
34833559
9948302
13936916
3005613
9034819
5245775
60377491
79496945
51354800
25950150
83417470
73771328
83301792
36113351
89249910
68142945
82441476
63655514
87887008
33436798
53540165
82852808
22926953
17831661
24429463
54829155
71477042
137930
64182964
85122306
36321240
61638227
13808409
47029640
59277311
6587242
72277803
10338137
70554548
49243828
34756086
74375247
17757708
51964516
6060810
40877888
10247867
91221469
1579810
75448871
57755081
28530521
41643947
55428119
24260451
24371130
11120659
62345570
17317907
833421
8205434
90651624
70169231
55783162
87804928
5631519
51351219
52052328
51214666
36273817
515894
15940913
8217178
41506886
20457312
10553014
36846031
314361
68628731
39237977
3850248
25418619
80750929
45116766
75756768
33968541
10608331
34292105
72616850
38365133
15777759
89766580
920698
62547450
62698431
8040094
51606870
80107366
76770031
35632238
36346389
4325737
24542097
53169012
83947738
86213769
4554715
1501229
55744161
36261340
62310710
44447006
39185321
33778675
86558655
23629692
29376053
33811788
31318068
5854853
26682897
54610229
5845631
43521687
45893735
74176687
39788453
55520240
19492728
37913736
9261239
24527312
25674496
45741199
80335547
26496785
55257578
13802084
75854979
50584054
80549640
69217936
42900648
37655875
88885686
10207809
88628384
58888154
77094780
52858120
1328082
78247848
17035566
66507612
10947132
3207074
52528924
68689880
35361198
22902821
16948031
40106692
75206724
11385359
15568944
24674381
44401423
38783162
7453479
78180877
36428912
56900468
65133256
21390170
84814055
1527334
25164130
44022822
32323126
49404286
49404287
43375057
35413136
85468093
15652288
77888895
8666944
62368026
10976992
80520601
82125634
15987386
80324210
83432998
84200286
77680844
77674082
42924978
30009265
20598381
7522480
51025900
55022285
84410478
12239033
14169971
37523099
41617558
12343937
5335360
63047518
48561033
64054403
77921128
