25832169
3677958
16305541
87077818
87617571
66920823
62265341
29465433
84435684
84036289
32786472
43774930
27862693
93031576
16531613
89701001
27050733
44154665
78093278
18413445
20328375
11987057
46106311
20381382
90957531
14121961
40217119
37782129
45132893
68716330
90515102
34348481
10164225
12472826
17810674
77101979
35870913
24376608
22588674
79586406
35891167
85438273
69164310
30644790
36700384
46145287
27443050
47999195
863394
25683235
73237211
22771254
93218831
91226666
84656370
13411659
32566698
78461687
65747124
44065865
6681571
45500305
12655707
51436911
73285550
14904406
66671624
4808256
58882575
93405200
3047974
87603644
69161298
19109123
74494639
25356110
46538347
22086607
89092009
29541204
75843512
24916964
31684646
55155175
38305444
4820204
48713934
21875516
61340927
79843991
4078725
20289644
40388889
16701231
42320694
33429732
2360492
78504949
26003223
93316317
23663563
16569924
58599395
56951689
60109217
79975376
34740210
12020151
80699553
41393174
92889170
35362856
18534012
12436908
14505522
25060718
49386278
42335832
64132203
89154325
35554519
40708769
16736849
9805264
85416177
5829793
15040672
51832804
75939143
40990240
64978071
34334462
10512005
7967675
18040274
18578042
34563547
45458699
44281872
41879710
56262993
44023844
3119328
45554320
1968364
60025725
62667980
26069520
40742434
50929688
70991808
6963710
72538904
31309284
88561279
38902756
38919298
58720785
10391777
62745445
37057126
56408481
91367629
51961961
58917102
31180792
81244125
60571921
66405987
65154230
81431288
45400794
70633497
27822189
91017245
52731706
83552714
58930612
76755507
5958307
50215934
3125874
90890585
89413770
15253456
82475606
43867434
70080404
12501760
28820785
57449810
52003791
90601012
25478031
74793169
24315814
46907078
70855927
11959570
3197367
59227571
14052654
79895685
60421245
19520948
17259041
68390583
84210624
91965679
44389813
70845320
4341551
7445519
38295957
57007128
42851352
60143526
39792840
7574269
58041147
35913063
32066712
12709590
4269523
22561743
22117108
36359435
13073295
37200894
71343998
15621727
5330198
75050692
71908046
81617764
13701194
92916876
67617751
28511451
34261418
83208829
75789651
7332389
28804730
11658855
15955528
90604432
86714150
74862327
60096214
48567711
1794740
67969924
74827399
16445117
1817421
73238918
45682908
76116528
80330713
64605084
21113245
49403470
24509147
17338050
23679920
69877367
47744784
36853842
24146691
3635886
4215660
78138036
53710009
18211120
39207607
81600970
6360678
58338514
21831144
47499939
18127429
92269481
59044183
24420319
65120188
27113398
76885476
14643339
