84724026
8964929
1082453
514460
83035591
35849500
18411864
85956673
2287017
16056167
75867310
94100415
75871150
32047855
52546586
62717307
30203464
58827242
86930298
64190205
73190072
15404226
5171849
92875636
92305273
25175458
14753536
35493901
36349057
81791718
55953516
61890051
94201173
85230714
88420881
93710341
84075336
75698814
32602383
62141592
18029749
14449951
33089195
4751467
69123848
91511
20702180
77042886
41999195
23990767
86885589
22286541
68332394
24689768
76421323
30560026
608954
35854948
65509387
60618714
47969592
29810923
91592472
30095265
87103865
5172121
8236725
86184839
29068101
62165930
54023796
60447465
910177
55137472
51746110
86260808
21002209
32911224
78272950
64902254
90625974
84869639
34595275
915736
2324629
54998348
7967089
83937392
39654914
15024281
4772427
71665063
50750312
31544453
63867935
91026386
41149093
26810799
18343695
54996494
60362735
692362
50549354
52887626
40103795
213449
5988932
70732218
2519458
81374973
90876216
87205463
65204746
5543305
72894593
89613153
40197942
91771565
45780134
65038302
22827083
52891828
15935936
18993746
28719065
17159807
91042617
44746913
71321720
36438822
13488315
92738031
11552715
2543211
94424675
73508283
15263702
50010464
77665513
67661410
44041637
9126850
6287766
91494393
92928290
73887955
33809562
61877418
33600238
29745144
25151075
44410393
24403381
17246729
49898223
70416798
62956951
80316689
21903539
91478781
12714859
57603154
62521472
10231636
66847172
45315214
56354208
81805046
16018214
8126458
67025245
46583306
28609193
79362454
93026812
85101293
31840780
89274417
48201954
33603648
21273614
33341955
23378695
67451936
31456381
11216264
66983434
81277859
54172611
15037501
16949079
93964565
49808873
44610897
35187099
77913617
85878594
65309391
40067283
67672691
87404326
6622450
65865690
80059388
55890040
43415369
35422737
46473704
44190867
83487815
9104810
92679081
93149375
64251725
63509391
49651175
47867493
61675541
7878665
31164071
36691753
2317752
60803294
15727922
56565969
87971524
13142846
73473166
59303440
9261455
4872269
89621096
34444497
36470003
19237429
20814719
70004341
69468583
93149342
24293700
37720265
35570881
82223416
46015932
56617121
8677074
91003167
5517279
4488671
47095106
52688652
37008399
60906085
94569944
24374380
7739434
83401851
35278958
23738385
76772584
51616808
83787568
39661324
7434273
92893873
39302390
74686366
45326091
67342173
64584890
42160746
9357550
69110509
37683139
60618711
10006768
26183244
3871589
44508868
18669223
33355240
45383745
63549617
77799116
78428049
63682526
45050015
46320530
76073671
27801814
39907277
67366436
25416384
54125168
51264273
43849319
83563755
19915118
53702176
66765335
44266601
73808038
24318747
5323920
39175168
38524360
29601133
73874996
47740264
11226803
30019530
72894586
19024266
51371525
15758805
47352912
40413758
90688102
27506646
41303390
91696855
32295533
71386718
34227827
49758121
85523868
6792636
45686077
82047861
75628976
26561574
51625821
22074255
63168295
73284206
35217910
13112236
44451059
33935570
768541
62496218
9379551
71418919
14179555
11286653
2768648
34403620
87542771
55043587
733405
89708412
20781761
9298006
28574378
36367639
51828070
18906987
37071612
84416699
35771796
34725950
71711638
22207951
76842033
24095842
74327119
9843234
52778347
39213865
39139395
4770119
33341977
81812527
4489668
84829375
44041020
65482411
50423945
12197170
38380524
40560470
22399297
63292540
54105473
26394606
7939630
75083996
53088645
90587396
67407816
88353475
37975632
55309119
863959
12227500
26816375
40885715
30035980
78131759
10258942
71705022
16150580
79807299
61444722
66086783
66086784
5435454
47922788
88994197
8025590
11339154
73583567
21545705
72808967
16780926
11815704
54727034
14189012
29705552
67280284
66562679
22457238
25011863
48948146
91997377
41101231
70162779
68885220
67131631
83853642
29657332
17152605
4917177
5097407
22353721
40230709
6393131
47050339
42811694
38184263
86939388
19695172
22182734
22780874
77601360
61234917
73852289
36380999
13537340
65399953
54206900
16269257
57846934
51018885
8173431
19550828
88406977
10199855
32958378
82155722
58543683
87427663
46189774
45408302
52273044
64920721
69383089
11726273
90379708
66526078
86784835
48540424
68774844
62824207
16083528
29045569
10757863
15869299
39641994
2279721
91547855
36949466
55473311
50867444
34581891
74213271
34352706
28642688
33555348
87912081
76445958
38847845
3525706
68654255
18854343
70035657
83903188
83761463
57830443
93572962
48897384
86195406
61425083
12818077
3622919
21626520
56693703
912156
44096504
783762
21738223
71337943
12255804
78790598
10663714
71579569
6550152
12818240
75295109
6255112
53314676
85523398
48788638
23403513
82250448
29238052
7787772
44258497
32135205
31174033
82139029
1964400
81603399
80997176
30850241
75274307
71467525
52769221
19286982
45072522
28278766
93822105
35738823
42681253
19658575
20797672
24586759
5901112
32141904
46175685
6289115
48723741
28131105
11299231
12765332
59648345
71476200
58418464
36930667
30784852
60482461
24752059
47558594
47221358
10573822
13815870
47208687
62179061
6719654
66167995
13988140
35282064
65234581
35124105
70308218
7015091
64409346
140064
64910669
2282501
13317666
88783729
85160010
65399311
53062979
20497240
16932884
60904411
19466151
2738109
57245674
75608917
42306548
2312062
90700598
10602811
70404618
38207728
47005015
49021963
28063199
74763848
23741156
8385493
26214446
65944592
78848183
68397588
40030847
89890726
79229711
37456180
90407079
90138024
34444669
59482937
31234910
21286062
53209712
71840573
52280309
3098034
58247511
37836658
51059238
30613255
19368916
6281124
1142303
81997754
83672299
29880676
82519984
42138102
302235
39663125
5387233
7246696
39657938
27370406
70308448
48339646
85021307
42400267
47860021
29348297
21334945
18238681
38761893
3641262
80086116
80884375
70967033
16221461
80695992
8744356
68505955
56331537
21946206
2407746
63492923
77914317
72349483
29835290
8118414
69326540
7006771
85912858
41992304
90638781
39497754
85861810
27139103
76300344
58045229
2741810
87493736
5032961
50724079
83915929
75894511
70028563
53832010
5867796
14730374
22211180
75440274
29849723
93284984
32023853
28784364
79576193
43794127
15798292
37631323
12909602
47284154
85963164
92918556
48372918
79383899
8691243
66352436
24253966
191887
22824124
79154560
54063744
93366187
25197053
32519310
36862257
