299634
37286051
20520244
30250793
28310132
2677262
89803830
85349814
32055149
18115940
12668508
84541238
14257279
73244560
31638788
53293658
85928300
71489891
24698375
13627576
7679516
50756690
75375111
87928876
68883796
22429096
81798811
45599940
5510983
65584048
18183955
66646202
23640594
20650548
86514576
22792326
82861930
8103415
11096679
44672986
84203295
51634978
83774750
8227023
5748388
59956773
61608597
76545450
29145614
77589474
31189459
80126037
61847535
9493144
9089331
75800548
52297167
34521878
49739795
63898560
86807256
21903111
60789423
20030020
11829385
92450395
25501215
62491006
92543859
12954645
50157677
18069357
29181359
27516243
19669030
89575987
91743452
53348634
87792604
29418336
75832637
30006690
43108310
45293247
76931616
44171770
56919720
86139370
82480433
22084496
71935213
68412707
42165281
92282208
49010743
53074014
68504828
11714243
74105487
27196953
6697103
56028047
12578732
86928094
13594242
21270300
45128797
27935678
51466120
45304846
61935021
91093096
48343980
7923878
18023324
61550942
41989630
77752477
69913223
44055012
92608918
70021132
57225266
59061314
52680018
45654741
27065473
70665692
84215428
25868879
68781336
26662043
7451172
1373460
67030526
84366974
4619690
41713962
31384390
31852526
69611936
25238160
35798190
85184799
43702237
8160614
87559129
33673347
90851034
52881708
84848344
88348501
55347725
50741579
4921659
30674854
28362
88294268
83617428
4060755
47466905
33175054
32623774
25840180
21900923
28410670
19512213
59738460
13323227
57313592
27874769
52125218
84778961
8644122
11973132
15434471
85294609
68494086
41892241
72648995
63212701
74521569
89893784
56240705
43235094
61233035
19631277
61262773
44175675
39903506
17355602
90566523
84832692
80947820
84909459
45088733
110352
52197855
6775052
27470772
39660102
75599230
44210793
60920932
88453078
63003388
67307996
67080587
42806618
84316502
42071858
88754057
40826045
3483702
78786242
15947089
59039073
27072625
36442688
52882511
19873406
21450994
88335337
53627797
53162981
18119995
64850879
41646313
44146817
90146562
47950715
51316813
8942510
79163396
72558977
57688330
1287423
15186410
33383913
70010315
14114138
48676832
83007434
48981484
90413459
15382325
45241199
44278217
85623083
49768282
79571176
75952521
80719731
83430601
54351055
61875123
60558365
53354917
37643437
69650241
66451022
52238672
60411820
8206656
70413253
7411881
24301598
65154524
59319648
9052766
54416124
25602088
43583754
35006062
88316739
24310099
29590060
4067387
80379228
58865159
84740704
9605841
41814633
29259928
90495375
66657673
848582
84047575
12488630
84289220
65066090
24009965
78446049
18129666
61805725
61805726
51039645
51931633
20501814
