72248748
84751136
81080185
63022977
44124005
76761859
94250933
54427314
73068412
10919980
21644263
57165890
53663454
60816044
18311419
13055373
26987108
51298796
47090080
15818779
11110728
74650380
31480739
48719516
36093411
42940577
54878309
73628479
55076603
40661437
53671649
24983622
36455028
58265730
72543959
40016900
72825803
7977817
37813521
29394024
80788531
34659751
15620209
18084900
36999606
87976324
40476315
30414736
32750695
82437344
951472
75916629
86565684
18104828
63848030
8481324
36157576
82608502
38202220
91500589
79613661
12369458
75539752
88566469
20615085
25836163
54812337
61654864
45270892
49124861
74452919
23157241
36879263
1416039
52168363
57969439
9760278
69062763
58996516
63690593
91792613
74184414
78432364
9624085
57240189
80537259
34194068
5155564
75609601
5776415
37418648
60367831
76524750
15470426
68431316
63470884
53681508
7125736
27667710
53521507
1725794
33913328
71576762
52234638
55354934
36526180
71567942
75950039
15378544
84490388
12403675
24023303
2231465
60089021
58617578
85676359
78800012
33748734
276633
61654283
92408192
71465334
85160114
8061679
51004206
12688316
67986669
74048236
69887577
9811608
89136053
58495609
10798053
23167646
72949760
54023519
90673987
86676007
54929695
72015319
19135342
44688871
15705240
93513135
90662558
64237196
43163394
41070155
10501662
72872547
49755798
12362628
42369565
57354463
56202538
41471917
67211317
48295664
42386052
49168585
93356768
86129136
92416966
10584077
17611934
55351681
41317461
60904935
64061750
32060557
22776858
12537749
61383421
31346918
88509552
13616095
82977450
42758170
16237702
40109938
64489769
60717644
54064357
78841654
31287004
27404874
69466490
11256778
33416527
69578452
18345490
47877763
51309425
30040649
40404841
27915802
55360929
32760707
50936838
13067007
56597713
72250360
27088325
3156400
14094036
51272813
