37309097
52177686
14796622
76192341
22925014
4906616
10116664
476660
20867237
37672941
32171686
65943387
82360303
89617461
60186808
93357264
85844839
29367145
41332763
32590662
32073792
61505402
52426670
32907631
39108532
5846258
45685069
94410051
10265733
76884194
57012375
28005013
83749221
16560618
76399757
15421004
67264799
13247307
40053710
79885027
32879197
45951365
43530234
4737259
2337029
73110805
89981494
11954946
17627200
27998967
25802639
44686549
29369953
30485830
49469955
6306374
14958033
36588121
35401580
61430309
65912818
46967709
1491773
91900251
74873701
66502647
53107707
89905240
86904771
57052379
17632105
58494983
14016004
33919414
41234766
7372376
33165263
83051450
22385492
84021105
89830982
27295308
2256205
33173649
3256599
5208464
82034656
70275536
6780552
50929937
93675391
62739273
7972339
21207470
40449409
18121681
53243196
65119144
17357145
71751981
13625932
25794612
6796155
29416514
42350477
32102789
7042198
9865523
26936897
25527602
56020542
40397958
32371614
15275879
43736348
32206744
81232233
18922338
92734598
61230090
91142488
2079978
84996805
28294975
38075437
57719902
66599328
36042473
70272773
37463084
93649522
76582722
49314650
12311711
62183250
8445341
19153342
48292737
59223502
24513665
80683525
87324847
46808518
32338163
21484569
9651436
79348119
17244298
80457954
81290665
94484454
1387450
94419735
79995974
62253294
10424427
89641433
50875253
10378402
63608648
43245322
59153053
53066069
14711157
6882591
91852670
37747779
84376437
19474832
25339141
41121003
379883
45329721
80529334
70405158
55773292
80152082
78820925
69166024
23786233
86353225
17475105
46449162
58685287
30976642
56457489
69818507
90819678
61170010
11488333
82924643
25443498
53481257
53857655
27506024
42537390
45310301
27062066
55917427
16043144
41140360
63315611
28940168
3062244
84367408
46384578
90942315
75214833
21850793
71602239
34798436
84041793
45465705
68857650
69454606
75146353
84085820
34418692
47078610
52820971
71192338
64244144
66015088
50403955
4823341
71227396
52375529
73521989
74888362
12618201
88379438
65196329
24378451
83980759
11628918
5182009
4809792
71995027
29889750
58280741
34062627
13754574
63983255
12400616
58997922
59417915
37446990
71863428
46329320
43477572
31342091
79427923
11509183
49378192
27710781
20731054
64761529
36388395
76375913
19131453
2964519
70405182
28447763
36524631
50456642
80666807
28918495
21162235
13209342
90945289
91574213
21501708
76063831
4493191
67232977
76328326
54858309
3198976
63126723
28440233
17465666
65629977
91415296
69070386
3853387
2149053
39855075
66693609
16259932
88150080
81908519
50020392
58480732
78221772
89006469
59824967
34550898
73232735
79341571
51212508
70523309
61568815
68042639
27885657
25037101
17541662
65065622
71025752
24803309
4618812
85232277
10976106
47637754
14946860
45838572
93771000
81815023
92359665
12883043
84110811
90554697
6325497
58786545
60313477
59854301
145420
83220699
80691793
20450616
19265522
50754497
79670048
36515441
31984360
28707775
45895924
36592013
81832760
81328753
36900696
89149296
44792023
43494991
27369599
92102969
65776406
9142543
78288498
80902204
3513607
68735023
93221471
38106420
24082871
11311079
74147707
18780476
87912644
24380135
58346844
5885299
6359421
85100074
75437028
91186986
69553089
21875939
81307679
70239403
9424873
21801821
1730899
6566592
54645347
68711584
87010331
9479410
83136449
87829016
74471465
90524446
64532620
77781180
27431661
82181355
81075819
80013339
45443960
46420623
88082303
73050664
77409227
30903703
20216165
90057294
5479852
40929186
12982267
88287294
61448928
48468515
38246701
94246558
25135503
20308942
22976637
35554033
39730354
12719788
88918834
60458567
54473937
43696399
62869058
1023807
6804310
7295180
14511598
61452881
87038045
43230604
7099378
76564179
57293637
89888994
40981382
26168113
21878026
60271816
49567021
26938779
73861127
11354492
77632230
69413869
52034944
46279505
31897653
75622952
441696
35534280
27502302
51010783
36088229
88368591
41053506
19371740
54252913
35292491
9865427
54485713
82924639
87396037
56290920
24515631
89040616
11460537
50792581
92789528
47416363
94000758
62869560
36275124
78357144
42162703
73689574
75235935
44820327
35169923
22370061
92270866
51220130
32971605
47515420
61598436
61426573
31890137
44015090
32282898
41597291
65289262
5887184
68659140
86691020
40418426
88092335
7025837
22947565
55610166
52244288
34341427
50420202
82592527
19117460
82688527
79050983
57313335
63273914
37721235
87763282
71230774
61045190
13419971
928336
81934780
15144011
19782974
33349854
34391694
73327882
44348786
32055093
74908025
62270283
10224496
3374110
47767800
23788714
88799774
61772286
50908904
90805071
29283845
35163594
68330293
71972283
79111647
79840857
71615412
50285421
42315494
20664439
18717283
56395328
8699461
43276757
877842
68456829
74807859
70790376
25890760
61242927
70649812
41341943
2291784
86055472
25394532
74250059
23821525
14838167
11919754
93991523
49044423
57957595
77598618
83054001
28189398
