74655178
79778594
22208135
19639982
347629
13640169
84184622
13126014
69558009
77479449
40364233
14412063
17531950
89852436
40513295
17883175
65927400
64268877
7510990
18335755
34590371
71325043
41695268
20549680
7021831
42759032
88273278
32619964
73819267
51021768
61027702
57781587
63240867
37469995
36455521
17025573
24493029
79733181
59518515
78642347
53903230
48018329
81832211
59133240
13216354
34664628
39416176
65968373
2467822
9054765
6748069
69107613
30565694
64958820
74117173
78580254
4723334
28383016
58886357
23379734
31143618
92562048
9599091
23575416
83473655
59938222
23364292
44457807
25085076
56061431
27116101
74456904
56029399
23520147
30187213
38380348
21506395
68306385
29022592
47173548
23277212
57644040
77878456
22419443
66087045
42356828
37272619
3864672
66600767
62604523
35067171
29138478
80760482
17654401
9818626
84596360
62675994
73755282
9869030
82953109
37860744
10120987
63203243
11518106
27695240
63319223
52585672
76276972
8608516
43101053
41953804
49962020
45561579
35688867
13566409
60841752
51022824
39500224
69402210
58344415
24667982
2667258
12216709
58309817
89510914
22135723
82211559
7444565
31007067
45418084
89210986
27409003
70007152
54288285
17579156
69520590
18494953
860825
5718758
75842114
49885316
2587721
9144284
72174237
86330495
33350627
39024733
89684440
5504972
59917506
62672634
8229297
6794762
55595448
92263954
71792756
33149356
69462683
49433059
47070383
72381787
74059070
75480454
40677358
17557757
63522801
58915487
63540676
52369150
26666299
5369259
67984051
24940906
55250336
70056191
57235895
45377767
1920501
22872895
69410691
88407804
85712661
25811379
42279621
32710296
59356914
92592965
49898310
39921976
46926235
82172145
51460885
14682852
61926363
40910624
69306936
6878774
37881543
89525067
391131
4798345
55207681
43878925
24036806
63085226
79705619
62538395
11196865
56851882
46899075
82781492
3357326
23180762
63221436
59956721
40600490
57796327
83556213
79855019
38688220
62695018
8782616
30095060
61052355
86401582
56598217
66188711
27619868
74459206
51324467
32898294
53657300
12457574
59423449
36348657
56653174
4692321
86761048
70163492
23035731
62107523
18262526
22852313
42233220
42935228
82262810
78797873
38174670
22198740
2227248
3374021
5782343
38224731
77966999
13580261
63512138
90960377
16673203
32171004
50576216
52968280
21477849
62822869
83978323
74145587
66458464
78108386
60579022
79123671
71185139
55389703
90002078
25626061
81101625
90097872
10709065
68187159
18291055
84575076
11516857
56789352
