62919216
90180543
27138105
25671133
33480645
62661766
26161823
72620254
86063266
30553350
21635580
63823062
18420490
86202541
26835158
58801957
12713404
54657304
32819863
34353049
14086588
19073110
67115933
67115939
86083011
25943992
60588928
71170967
82689405
39360394
23975506
15105039
74472813
85142112
11434124
56421577
17231673
10430756
73830009
81125239
74465761
17522778
16456790
82076690
71770845
85654048
44783683
79346443
60865788
12073660
54959558
81349988
34382553
78104784
42662266
16703695
10776005
73022734
84639639
981265
92173479
45035810
16995599
16326845
52492290
16024172
65022843
35312763
19755293
21947359
27133135
7393461
67888850
12149374
54697213
66501570
23421448
29337477
79635325
15824005
44521928
56642624
13488789
1467434
2190027
11777498
35307228
12630330
45197562
31639198
14054722
90611013
74629543
76606999
43106222
89238539
61130371
87507399
88390395
14555644
63245664
18984574
85352114
78317328
45308974
57783214
12963376
729743
69655956
47270952
53040361
62378425
88356175
84304080
41225913
65319830
81717017
27031959
52887248
68712833
