7476333
86395960
15637320
74461016
21791868
28616599
48134466
80944109
78689936
693257
79980019
72365414
368750
2833472
34650299
84231408
59872895
50575786
23962112
50462176
9606914
66104481
56631073
15677111
24190452
86255918
73619871
58926839
46240911
14029721
32793938
43705887
83878638
79433770
34270252
57167891
75713882
71940206
63737591
51391388
29032345
52603607
50284497
86978453
57167888
26993107
8629306
83452593
45780943
90361116
83557435
45194272
1468530
91506365
30687479
69233210
20681590
49479343
39217827
24724347
80857713
63124570
36295488
83525872
28016590
62885895
55782765
37557986
84226697
41601949
