79886550
47236922
77182696
87081556
84512968
67940049
5838090
82235803
24748527
38790548
49952867
39299641
69401045
7286126
7733342
40794493
74030856
87558294
21381286
57316269
54623836
6139882
12693490
27864481
20076394
5635942
57254550
15142172
86905890
71689376
88719953
9725723
56429051
10956713
89625394
12536068
17896477
14518019
87428370
40191867
30017896
89356462
30338587
56516514
5481362
4397617
12838506
19354846
3628844
81467033
24102880
36270169
5302705
88745439
44923602
64350226
71265172
67178360
56805667
50680740
89036508
60108256
7785961
4999982
30776783
11289247
43254632
91344645
49225710
53289966
10342194
78591778
59562437
39393945
70866464
68560279
27938310
88127590
27312774
21356031
45696502
86742377
20504281
64954984
24857672
17894061
62390335
52825264
79466989
45876015
84082319
85097678
85082768
36164659
92937010
55255455
65233478
45626398
4994244
57906762
27053235
4987248
38916120
6289285
27704006
17251439
10805798
94181292
72283720
87605146
72064790
68034055
48862973
66668806
38098407
48407124
64164205
36555113
88091673
25489575
45820961
34585552
80293618
20673446
81774551
45219477
21306136
87730552
93915994
78053693
36233959
18764715
17895590
87649617
9345189
57076041
74167351
86634393
25796250
87658837
61050540
83063905
28039768
35360281
8362921
35939121
11772340
91680025
78081118
21989290
24136971
49184384
6739451
32168149
59072565
78959041
51311738
9866541
13552288
91761037
93920109
3272389
72383168
9559772
88109764
80848147
23227965
45427558
69410742
75938518
