18681024
27611140
46646794
39398173
83528538
35240527
86854864
45731217
16387044
58606235
32149281
64183191
51078730
24098705
13916045
91259605
18436611
73211830
68792051
92705971
62462507
12643916
22052162
85821397
22322632
87803146
46926587
37639669
39647207
22245674
57967120
18895034
17561187
89028488
92820259
60032286
28579545
9311860
28640575
70775080
23257550
27039044
37521831
86487941
27662140
33565788
54764963
49204586
64985324
27228401
60158572
80403008
28696859
51260462
46960942
62365699
45521666
38068891
84226835
48847686
51566819
62456234
29408317
33761204
72990695
57438507
43017284
565109
4760934
87973134
66174544
83002215
83020256
18767961
11481097
55498558
78020366
67432623
31250253
38258207
1972913
82736800
58156664
79868123
63316451
51638357
55253979
83936777
81764285
91294257
88267561
39614492
61230671
10984030
84283553
84287898
65599692
36949267
58517622
36501151
8038838
76855973
85302452
