20546624
79348814
52954213
5573589
78109228
11903618
76296952
9402964
29296932
33505564
65871034
9547261
14682683
31662623
48913740
13892663
92504614
91755077
445541
25498447
39177246
68316449
33834354
11902966
58274014
92227692
60184781
29556731
109080
33118860
1518699
73219326
64791178
35004540
39149399
72153037
36899563
266253
61615248
27979796
15521761
80296000
25371325
36695672
34296357
91567038
46312126
32015321
54292814
14021020
1834834
40173134
40510663
90956416
59349901
10815082
6632528
7332470
4544167
45371962
52928703
58528662
48971391
92711678
12865498
41937761
90253735
43288375
11961398
1124439
3311663
45374213
58508584
8177267
31943476
66688364
2034321
58423524
85051460
33549109
14169946
9709936
31118686
67356364
47576553
61227764
14287573
89267336
91863599
51302498
39534858
30339345
5443896
42145770
37392108
47770642
93996712
66738986
79277359
29112565
58805514
62872378
90572376
72931667
65329977
11711535
42230686
26253195
32818407
72484874
65220842
71734890
93261432
93613189
22966665
64283270
37664774
79582328
89116994
28880622
42330746
47920604
54987708
48457859
29996488
30645384
16286852
63280027
72771412
32282647
42704068
44631379
42612389
38650977
2178155
11972232
9396504
75464128
39072374
63014097
81941912
47749189
6661187
88354641
18103881
46101751
21823268
17059583
38977234
39368225
50572138
36561060
2845425
11215126
4679905
75349616
32312578
13470631
65876410
5119449
34582038
79287688
68675097
3252126
43252987
63265811
40854796
82432961
62280526
29729593
64159939
23551431
46234884
72234437
64193881
72090529
51911755
6355275
94447693
16082839
41747943
85920757
19651247
46313963
91792462
591649
51008512
36087168
22692161
62401919
67658023
38492980
65566851
94342581
88425932
15805380
44197442
24382318
66332996
73350690
62308444
79363702
40699501
91039172
21264918
84403353
91882696
16224260
24218618
22712547
48726067
41294730
45119699
49697863
90263664
52746197
92195710
24208754
41917380
80149344
9074342
73753917
2561969
44507156
21421819
37539096
8336334
29524699
61028910
69909994
16076660
51893828
73081487
60087231
66362953
24343891
51584958
65705907
75918986
47270381
12974698
7369928
57076314
43230999
86679932
50061581
28550935
84865368
80859773
3807876
36053581
79800823
69305427
42598669
41616696
89434066
24960135
71525103
6721866
31119791
83613307
34261097
24135145
23197020
54647503
69138089
14963484
3997118
38230533
43620925
53091695
65052028
76589881
41072875
4585573
63900306
81484124
22402916
43601922
88071940
40797544
42096030
61143848
51856256
2470900
77325472
67791394
62898435
89891424
24143118
6984741
34941696
3024703
67788372
63235238
32722221
34899357
77796070
82894644
59715411
87610457
74698704
37963476
76353784
71519924
28084325
12583517
25505202
88004418
28991711
12450154
53990999
71795609
79457462
6184072
41991181
14455863
50154150
17027389
88439238
22812266
53732515
1470492
28158488
7197802
6971747
31007513
73392702
16781502
18044664
88442624
81823486
92497918
26128176
23550799
6254342
66932216
82349197
51604915
63421522
81527509
84814444
38842955
2327384
25340253
27397931
40143793
24894808
23130040
32183796
54380185
68361172
59242366
46980010
28601818
25420442
5411594
38322778
27993091
82739956
74875138
65578134
42745943
29793222
77243099
17916346
827691
36764478
89947636
16667704
5849158
28471578
71390973
26375053
80797622
12972342
14169182
46293128
70022258
86341572
29664265
28142017
29260242
25081748
35859338
46025639
45911898
23724916
39696531
37739852
18222824
81725612
16005201
44340179
2191669
63797597
94549083
89817054
66450155
43140517
49979283
54950284
3922326
81745029
63304737
48497407
34636745
73967678
34912813
29957790
24880966
25818312
64419803
78104673
63289614
51898314
50096695
67652987
68596551
6232098
86415656
70351172
47743058
23403897
71682471
70055835
50835764
81873164
