69114101
94467733
84711031
7064909
54039174
87069419
29074544
24575841
73294115
10769456
11815123
66328948
69582829
6042053
78953921
60249924
18370228
1766770
48695139
77709901
49711666
65713793
84707782
35670690
50727840
198378
52047429
65292816
6214555
63120460
48246634
47067093
20112486
44104830
93555766
45661346
44388044
1917515
33575336
11110746
33927143
63389987
807956
62486521
75089430
25205341
31834837
35293764
92461871
28469746
93752445
81453175
53172440
16190004
16710400
53565091
52274333
66647409
18220766
93090900
44708423
41399935
3559294
92773021
4326559
21215462
73517291
91397826
46294956
47654446
57314184
89112223
74903619
6153846
33219471
14957051
81109897
72695528
14432251
76778736
34671201
64986777
75838552
75115481
21216898
83122840
50653562
30662442
91804615
51221432
93115510
54367963
92548940
44707442
13543485
42517724
6249010
84920776
18477607
72975334
88430363
83344098
41999193
28428187
12010628
7612005
46708787
48752123
10103562
30466844
52629269
79287636
91007420
47496668
36649769
16334865
59795748
11999384
78624961
37820987
90344785
92418082
93915984
16869192
64672457
51345921
32047081
34180962
60757590
54235100
36592260
91352574
30345693
1762063
52247855
69184293
37273978
83803
58807432
87332203
4202090
10177702
120867
4980288
77815578
18856171
