91543306
57749787
57411520
58423687
29976347
85502667
573734
6175727
45010465
4330745
45522114
57596579
65778399
77332271
38273861
86797214
37466537
13365752
10685980
35585899
45408213
47762608
65511184
91621716
57395405
42762820
41746867
53634859
59394253
30203746
16921150
16137560
27359441
66451629
15173298
66305120
14340680
6908386
30457961
11228143
8452655
85419815
84316264
6541203
62608873
77140177
30382343
11108184
19935634
78692322
15460353
66322317
1539256
8426036
73941301
89669783
11740982
35624782
89168102
7905115
26522179
19835240
31800989
7276678
79345951
86107685
12805374
19620171
69395739
33352365
35466527
55384798
34419846
22352449
19992809
53381567
38416211
35227330
10028967
84143631
58269234
89602578
28736010
5046378
47721933
45773143
55889617
39717860
721337
12588281
6200121
68378451
38020706
38149372
1259390
71784024
62016928
87915279
58306607
81657691
82398838
92828795
48554425
58688869
10085762
18126010
89178365
80309130
1378083
36740425
86400460
32805078
8583291
72747758
41662068
59654869
14304842
9381654
49639386
68258152
80734260
74960579
81924791
33074500
54948204
79282401
17473502
39152742
33966592
80660852
67136827
41068652
29522782
9537983
59862814
82324455
60782055
60396899
40450706
8587966
19593150
69871294
10734699
81883753
6814967
4508367
30307157
53360311
11787452
34214996
11132111
86869604
2040864
11394531
63240438
51990725
76939670
20178668
6709748
86292996
44053089
68010239
77936541
54957599
5978785
80088482
67386874
48400850
84760815
57993487
14750823
24313366
91494150
5959242
33260897
25553822
77238010
39909803
65494752
26096121
51024031
78499813
57449087
90964873
