17870896
76240770
63695436
61031348
91393764
25108639
65127107
24894272
45981864
15281429
11937301
44779481
58995908
47886231
86740604
69441832
92750059
17342753
84259442
55648003
73005904
66838380
51236773
27523264
70640310
25484504
62563645
30141128
30851778
40589171
27319770
25086044
43587638
89996567
20123792
49707706
85174309
80543022
1461460
63524434
38676686
20052319
59225149
86009478
67543241
90743
69844896
11039058
92436299
88331128
42993128
90579567
30617867
59448453
66946804
10110102
21095346
17892091
57254159
17349999
16349418
10329342
47089457
90522466
11237222
77072454
39223839
25470354
13756280
24329528
80360703
64245792
67239150
30633956
93083294
3548706
51811035
82138365
42460387
90969930
42326968
63165354
41880535
3127624
79949301
19113665
6664295
37629689
21575827
35858278
33456606
70498226
47790400
89875760
433637
22231692
15198955
65999421
28710059
32231918
40247277
5511551
78765047
68009973
69819786
29756021
58518885
62088042
77896775
36960894
14338275
35761739
1079691
11885861
65255975
44988247
6394514
77146100
3280281
11584599
80611905
78996451
17878390
58699357
60290655
42332015
88819518
66112243
25921686
11189416
60166243
63470800
2326429
38361069
54100697
57765938
28331981
75027290
87292377
81461928
77945139
67436013
58079381
38406669
90083734
49997864
56792499
50714943
8318227
52593131
27599748
27909965
12946936
73145609
28331223
30905816
83574146
77652771
17506831
15462078
5063525
33770087
2939292
7953083
53605379
49591202
65195899
37510564
48807641
40004510
43956806
38617912
82902989
86823584
42465283
83191576
51146428
24273775
39783445
46399306
23752749
3876293
11728637
11229037
57582812
84301702
92597030
76705883
10396190
13999848
23773907
28619719
25346904
40302453
39467438
61729212
67085486
55129225
16150437
34048091
82505744
42167933
71216252
9775980
4289037
62336334
27044428
48550500
32762258
36569551
10047211
488310
50106606
82928756
8159044
63807607
59217247
21720015
92553607
11911989
24123190
87231369
910653
10499717
6309792
25218066
67236591
61886878
30482590
25023032
12573253
18832053
29360596
34149838
3667198
28286798
34497772
89442672
43499597
30914677
55744967
91008242
51851006
36698114
64261960
89116074
33568495
60564421
52666728
86112315
3295401
86316917
81794890
91295315
62581241
1644931
48303482
66885721
34193405
2094990
13132395
16498352
85039353
89633847
36500644
17065961
39170798
74918130
80838210
93036522
62650384
24917776
33222231
12788413
21043972
68545736
10102745
27996149
429516
27965392
76747388
69787014
16474170
26292902
36693336
5769944
49783472
1373685
82181823
55454151
35988977
40075762
89482044
37646076
59791025
62838770
55508744
56709773
90131194
67293864
49737251
52636889
2700861
246453
91277691
63359087
73923088
66503267
20472614
24653576
60577179
71058494
57869831
43493199
79746799
40602269
50195527
58662300
3371183
90435753
8811822
17518607
54281600
14418068
79519261
69953764
21571993
15355563
39765589
8876101
89930066
18591682
62385795
60403104
47819646
19142474
50045820
37750636
41568916
33454543
7992422
51453304
38085095
48846861
45759789
72445992
83272413
32444384
8717640
65522468
36130617
82433024
41992500
84644394
82001224
42335178
64536197
92240088
33063851
43034796
90318522
4696164
62949109
41887109
89551468
87112090
52516799
54283090
86790744
27392146
21621005
91349978
63354557
44211182
64209170
15038240
19134708
56419777
84807287
87836325
41436935
44195248
79911674
48792080
27532198
57208485
71747237
17877496
60208628
28528563
89126386
44131944
88906187
56177007
90464061
29535300
32830094
89018224
82110382
30232791
84907846
72030567
83253256
3399137
82853449
87530076
45420304
86623085
55249305
45774544
63779150
