13346814
42080610
74164706
17560232
19282392
64799217
79455743
81321008
62593764
22867674
91618850
49653455
3119426
7635160
44484550
70637630
11174292
47419536
93434022
53428514
42241239
8950879
33866111
79553468
86467013
60004303
77278655
87366497
50364321
2157724
9032592
25351792
44456757
54689886
11905540
50668906
65589727
89262317
93854067
86529045
79264537
73150142
11157827
52225
38606206
59035995
27842225
35385270
91377341
54842431
29320884
86809043
60755162
85800341
58586857
72617047
32299019
68546287
19785636
14341467
26700658
28239512
33516011
75355846
65919204
10020684
41020421
17351521
84743016
84232479
25577640
23409926
474916
48435151
61771699
85772992
1592664
73075248
41097669
54845254
42363032
15960496
20850759
3240565
93513353
29179941
3505927
91796349
57594540
41581674
6479764
36451062
86491637
9359234
68710723
73613583
23465387
27700124
29125222
901507
53724331
28554103
2128974
29840598
44453746
45877590
68204648
49073777
70385114
72974028
59647791
70451599
75762947
60510969
