17652625
58341597
57826866
27571075
31036649
72786394
8634640
56573625
28046691
57652839
14928804
42975131
29184431
90490904
34520867
33054094
67140843
86632566
12959945
61037248
67765281
39098721
6887340
88730384
25347458
81973372
25158963
18422657
7858695
89283120
88030293
84919202
62918251
79827189
18598836
6153754
56477007
62160168
2860816
2946415
88901241
10657061
76726099
80244667
82491256
49403438
32375347
54260440
38565262
83961773
70231877
78718654
44010154
88449505
42438027
23696190
41836921
46141107
72993297
34699783
3485218
17204291
13070649
42132593
52587671
40014919
17725989
12305037
14659472
88471733
33334162
69761081
78221882
89932232
27370505
45817441
39576153
56440378
87579184
79007435
84050750
8610115
55264068
53010243
11272975
25343224
9776773
69616292
7514266
43574400
45602499
44359718
38857796
76982261
20659010
41395915
52811161
81055690
60190184
94392495
36297434
88007624
83673070
36345458
59439211
25265458
10426805
74694518
69129164
13820337
80454565
50124460
84962995
35190273
56098631
51163563
81807967
27444340
29060829
25877897
75562146
66188959
76706430
33759961
42296673
67864357
93788736
7579460
86902396
74370804
83287064
9721679
37605119
92730736
1303466
21046643
20014517
4390831
20590612
382655
6412630
47856952
58209649
44998008
31734132
74604646
31809790
12454451
17579029
58219303
58219304
54431371
62431568
50942898
38494330
90145026
79145653
86785254
28352422
6446316
6187742
14178792
72699695
61503864
52054342
20868961
33744333
37233690
23780568
18581434
86282498
76369433
23719919
62230673
50531184
47646608
80755432
87093290
66555535
36438366
30326804
50815594
76251536
44125470
51340442
55229246
1469523
15216643
75567864
872470
50207848
37302914
28072220
63160151
73216697
67635843
82648768
93181559
25952183
65219374
25659332
89472384
29484016
56478179
38165312
71893314
78712555
8069382
84464291
50912612
49330703
59302591
45837045
24260943
16541771
61471386
72825117
32699230
62387989
10039522
74077567
14935719
1858780
46318670
60754878
40480564
33831306
92921842
83550514
19101836
51587978
88743957
67698719
64423231
5589241
31178253
36053588
16893838
68148493
78147217
13285556
31805887
17469387
26514556
82838798
3109021
70826984
58495961
82287679
46902914
92794664
71713946
21167752
66396195
6276484
52771170
5860828
47822514
58095268
52348669
18761575
12865082
24672001
39298831
17978795
18307486
28942692
56257465
55850920
37509180
70234641
26354051
69239585
42267507
61377778
39257684
31820888
9668210
59504549
4692060
27170108
15572645
24625630
33022935
25137934
65014405
88380632
75952070
16290999
63876512
33701837
16971325
27671915
22917334
91559760
46417866
43268291
86949006
19620925
26338150
75241551
17882125
69968183
14771626
1901937
68744540
92615070
26938384
70357579
3699203
91075426
76189547
4304443
65835070
85319373
60666713
34842771
82207929
61359797
25743689
2059208
54625543
23618174
84750546
70818822
924973
17975384
59590266
63915752
74105099
11774494
3459043
70464461
46926242
83104870
68230770
46465072
93417599
32613126
73112720
28716028
34139857
93444514
44704528
40363771
73241774
86346294
50036665
42494416
29436179
23149146
32306710
2604418
35989140
53993138
93156200
32035564
48905973
48905974
80034107
74745121
89562140
86652038
88491651
41159274
25441045
81050134
17520586
1746238
79139751
58029139
29392876
76136589
13262729
42654906
12309989
77246350
38350150
66820178
86629229
34589614
52993880
34598463
45692354
64883494
27903702
26886339
4120553
58077319
80223365
82305197
74465715
64490058
8916844
90799919
4113988
36892364
34568350
53471554
6058992
69013259
78305417
80589083
32445118
58153880
28146228
25042033
56524898
74700041
74861470
59778014
85889233
26611135
46973184
74502939
5304244
35365102
971805
480468
44154055
35878827
36045003
86276563
66694291
83982349
22899679
67955077
16834737
41102939
41833712
17938428
50908414
9857527
89322672
1205258
48231714
15709517
5211369
47139907
61946223
39087589
25293373
34712356
88093030
47084305
23660670
26525884
55308564
54203238
12604796
37781991
26395407
54073961
29144333
56880110
37245893
82516099
71305583
42868287
62950668
3771346
71095170
11718169
69206578
24836823
7226870
63137177
32942405
78779356
20680983
57797749
57869505
15252781
23229478
54496954
65433574
93056008
92011475
40376352
53911489
67861055
5911438
70324265
23692170
70007804
43704300
7142261
2762068
88015609
85487689
17743902
79687446
70894199
94570680
79439704
12221472
35546366
78387920
1713582
60332824
89752197
6976465
72967050
3289242
83726613
37789580
71729419
73331449
92764288
25346400
60575325
19000330
70592095
54314352
44749582
27967645
34463037
12005271
74443061
48805913
78920207
72744118
45251135
72112160
56703573
35182201
84007444
46646055
24560905
8802374
69399222
38578294
37694515
40644136
12138039
35965374
26367474
21734181
65098788
36022509
90224053
4125336
48490851
39959512
62223188
50024776
2356594
26019557
85847318
62393139
1725796
4871514
76704277
21080102
47471601
63983892
66225167
68827328
28125622
64343338
76006490
71604791
11104154
54537584
57055071
70150887
53286445
19386546
68676217
89312684
50912613
33324891
517098
75148476
72933429
8524070
68480738
77261766
27633061
31954232
22105845
69026983
23760181
58313670
51970002
