1154693
38603497
75118779
74267913
84823243
26023816
72522109
9421490
82480472
21490868
24026894
40651057
40242968
78423520
1509627
37498957
84614124
12357038
64373841
79878470
53191125
91475988
60358957
66699294
1629012
30825489
15032175
89744156
32150265
52405844
81637265
8444912
14571396
27310242
47244614
52238104
85286760
12784983
31417950
56720191
37161947
81414589
94234932
45896037
76430491
66251197
47629258
59392940
89967647
51819028
20514754
20696528
84179597
71040629
46150337
58380194
40367953
60741011
57448004
45541675
55753634
36107680
71015086
60475860
74416984
93288011
51723001
88423648
54062698
86291035
40061843
47496335
74961761
47678381
37694633
15524373
32643439
53879946
47567324
64606734
33691747
36541385
82822194
10084547
69983108
29716645
51882687
53932007
65203279
73662720
76837530
8841578
10296405
85779387
68279489
90398732
18811640
41738191
33953065
2887275
56445111
94237450
83414748
3875839
13296070
34400106
48742768
24293482
12038427
76888545
13835682
9582020
67083603
194707
8564524
502042
71422003
9728455
53482105
84587489
43347827
44589166
54001249
14834919
93105936
72652879
2059454
55983056
31772649
81145997
2286189
80782279
47007832
37474606
74767023
25284229
27878037
70610778
2478798
87647131
21199066
92300876
57660553
49641666
91221411
70680632
79614521
6257775
86268768
92756280
90181100
82373554
8892211
75697442
80944138
39102021
34666244
69073845
60184072
89938258
90559316
67002716
11185735
65310547
79002157
34472664
42674577
33010578
4248306
32574265
91905568
56315758
52953821
9500434
25171680
21316735
88818150
76123036
73995043
84845058
5350931
25752794
41424602
4313213
25864333
76317308
57893115
9621959
22702827
67050206
7507383
67891164
40427623
29173258
51458195
86757426
83095133
31083372
7345338
93734172
37020872
1932235
31493789
21640529
17292782
4073208
55400691
32255441
58914297
26501220
87624338
62088295
36380359
50715826
46356988
69525891
24774162
4538891
55850421
72199255
17305853
88202096
51378238
72853224
75318668
33189489
71767535
16166739
94398350
89930786
91305421
65067918
49636655
85674096
26914314
77049983
46712991
2693446
44158270
76691038
55207583
53458375
23948279
22332265
9555525
41758517
91634356
64039399
41008969
71755720
14205399
65414718
41896066
5565107
9137803
63523881
34837523
1058479
55694279
8434811
41224006
2481882
75377699
44718800
81591454
1325176
91276467
23329093
63898280
83686843
19123703
35735165
93941733
15123278
43024459
44947916
74733520
23622786
54979322
13200215
480701
2218354
28832006
62490859
60922638
11988687
52478867
89296760
91594662
54436628
19727897
18153941
39622779
38638395
59781263
8964041
69419184
66037882
73871738
89578689
78026369
5194804
56986604
27818008
89950105
12631751
51797679
55889760
19313572
3527687
38452365
30211862
56097302
1825187
46843447
36992411
84270854
15969975
80870967
9396384
72081209
78181060
80460552
15665473
77197927
748525
53507196
40581645
58347982
82268479
12532801
23600141
51094149
21122686
67577410
60805492
58253914
39036190
21254687
31190073
35640387
10638629
29040136
57224199
80459719
39598117
30537821
47910328
13266932
2623309
53195406
90505918
41490700
69202606
51813133
80272583
40591232
75454591
1613052
55154700
89805462
58528428
19600957
56170761
66059153
70708556
67807519
90698178
1489116
90855426
84263257
67710809
54775117
6514881
15508928
15651785
94614973
70044839
26096887
78908351
32181192
42198034
89503219
42869435
54662211
41476015
49046037
55316495
58504744
2954486
21716263
15184919
14878553
66593142
24598525
84080256
72367477
73143757
22651338
43446259
64421915
92816018
66940233
79870654
30508178
52932017
51901118
44512350
48072903
18663860
6934808
63919089
29892130
33433204
59034443
15088472
90572209
52175048
45501157
58782004
3396709
73309786
9284248
55552449
20246131
7172815
91823988
23722594
74451411
19575479
36556999
62304211
56996260
49541450
61969384
83304556
12404167
62730401
87895440
66874420
6341556
15921672
77021899
8962991
91656139
44107861
11837345
29633494
13537784
76650385
37778095
41097513
74660749
92578208
9007898
54388664
50590675
7378203
83888768
13258368
54992353
24941976
70731258
38390899
34143170
46695330
4423364
63416216
6841956
56197161
63149816
7045330
3641529
91518967
76791966
17797735
63729995
68469224
54862637
23302862
5322269
60745663
93244521
51373331
6133343
48736822
63193501
15382173
38938786
41765922
62000955
8105789
67566292
47049896
64603313
46016230
35267751
83293555
36762041
83423440
51087484
18036665
42013972
74837149
78072130
93328798
89220362
68664238
43566091
58582917
77669985
4923698
76947997
50660947
75648183
64466532
1740228
19379711
53526895
69626522
36768503
25806127
39748483
92868052
6834750
77213927
3364604
76315388
45113895
90671401
6781151
3957881
42820469
28362448
2106357
81648854
1710396
72710932
20847855
62424061
7203298
11148052
5917074
90674750
46086426
59339599
92030888
16703189
31889345
17430777
35844131
208917
11862418
30520105
11694051
73877369
2265835
26624208
66235793
73092350
54444806
40522703
48485531
29991268
13152587
72455796
42887802
10848175
60266129
26852036
86314809
25681713
48754449
43749539
32414845
11158790
40549330
90372662
281565
58872860
58528000
27393143
57582442
9855719
58190555
42010250
59074504
56710369
82678313
27735778
60637194
81582590
88714070
57676891
59522740
60363581
2692616
1315897
91421838
82985572
62491017
49928033
68850143
59007492
2785256
74465973
89055701
57855479
38572380
30918610
45324443
53831500
3557854
59803272
83051394
78668047
75047042
43663010
13879982
19350837
50276098
22733440
60139772
84857474
85592132
67260247
34630818
55612309
461992
46305947
34741520
12271102
13963407
3668888
67263922
10409326
45660825
47565269
16497890
77642573
26688106
75993360
43259300
59983863
31894906
61648319
74993086
78383964
68400422
34658708
48808702
94489432
19110819
87340745
71064856
48240475
62357099
42169292
14371260
12142592
68437151
65804578
81853246
4972802
36800176
48148996
58061635
18939014
89629354
45350245
6869417
10066522
2202814
92865192
38000595
12324326
55402372
53807138
40868471
67744204
5838808
93347928
73018021
89851846
65489414
8464346
20698070
14795522
58276046
3928118
49517939
25240793
37344331
51128114
63016440
15397915
58571648
9446790
36848504
2756352
28916302
28990414
52191029
21691198
77688552
84937016
89914718
20343263
82334163
30923401
12323453
75146713
30236105
57632785
53112052
61285771
83575904
47834452
61278890
15480917
61307244
64858451
68623770
51053380
57444366
69017641
51757385
26321250
46619302
36772476
9113162
82387450
14693113
19213545
56150446
32426148
90206562
27785545
15215214
83965587
1173285
5015848
38386108
41933961
70866262
69034309
5324366
44592776
65787785
3296513
74437888
88637388
71344202
28786600
42344633
64800816
54332983
71128677
35907864
56443810
68968019
23548867
58623126
77088844
9544957
9722807
72277383
75820504
16057525
30814241
47385526
59975678
38970924
70446774
74760884
85397535
94331542
45505492
34933741
57973081
57692908
69665017
2756925
1949636
59390934
76062152
40837851
63717670
4653277
9568938
52859163
49481617
79271550
23675869
6165945
74994387
17441446
72621605
80111008
50812433
36444506
26412953
5415317
8937763
82864566
14769791
73448194
32249114
54027901
29200669
4545042
63990277
66999068
41529447
20698511
32139493
55636970
23917368
17647145
75078504
12490947
77328143
84486980
46502774
49491857
8616743
5294321
81133193
18012653
76262731
82173597
93710172
46405687
44998941
17274242
25307003
91924416
55775218
65816474
19291854
72618791
67110490
75838063
40595452
52616846
35957557
82157255
17958952
82708901
18823087
40527216
75564667
1549699
77251832
92236266
76533193
29608678
40726945
56803763
60349463
6182572
71359785
22715554
84856502
92900662
37777785
34933442
42205280
11563873
87240234
43355260
45536167
19697162
70634402
20144042
90132011
82342617
64811657
47935640
47758421
34300208
23206477
66164444
8606820
38856709
75870301
19017083
31749189
37892807
83916821
22296837
68349715
8011022
60975340
88971844
5737088
16946908
57145182
13307488
27902334
24832483
19535594
68783071
73231178
9640722
93101761
43372279
27764045
76855875
39812940
74416170
43793936
12989871
59014289
30320256
48842087
67340120
31121030
25307627
37793467
4626254
79270515
26151549
10060603
77569986
76975286
89693336
19906079
7135321
80825810
18076685
56770318
57193982
55890955
59462562
42857837
81369251
13512288
55863185
67219173
72928934
18983626
84040102
77420199
21822243
24877190
68799703
67613849
46503359
31756418
24095449
90729230
72097170
17131754
14610127
6100115
41810521
16939234
83149019
10538833
59480888
81046174
31108881
23456815
2093440
93695519
62403786
40796876
35526048
59849611
88830864
65313279
79680547
14446327
29482213
31883746
77286611
1407896
74876807
36721634
78699704
20465888
25532975
92155788
47271928
78264284
59381015
47010864
57301039
66471517
80070210
11538558
78502522
55249672
31552047
63794996
24725845
78272731
88504701
46292861
67397928
15219806
50633546
31036456
24418997
31188200
35579953
57226862
51263864
4817121
87116221
58017517
27420591
40942619
66199233
56658613
43334360
32615528
21106652
37937810
39031912
83132767
65597185
23255946
24193296
78247058
8266487
85704902
87999702
19173455
14634978
36217492
79208470
46171520
61199539
30497650
37327854
62678623
45365009
66282357
90261247
9782369
23524066
45567195
86164088
13401203
86562227
82496252
34547513
85523728
73762677
34742642
81448253
71864867
93403142
54387016
38958343
37270613
40273412
92344100
54046
59815317
47600861
38344894
8880648
72545664
66838857
49794061
43436169
44940628
45801516
85152442
3997008
86432401
66572452
3026508
63792232
66507703
47022986
80008138
44231359
56859872
41385240
2194183
37841404
73672983
1844883
39522037
71466925
933213
86419041
25219254
89542412
58917073
52212908
33330430
68302318
77616022
16891867
17960233
42253052
21171368
43895128
26301691
45053831
14630567
28703569
86035211
87761086
61849334
44018116
8258396
16591338
58137471
32630690
39237409
63482584
81121877
57875504
89319459
89636288
69610700
80103190
36752630
66589388
89517140
36494622
3812584
73765726
87735102
40752712
31466439
28178021
18814019
87252947
92181687
37336093
23851811
28732619
61009691
54268408
68646675
43578260
31832460
5099967
650089
4798382
51905804
44189130
61438825
8562119
28991212
2908123
41731507
81180518
80324759
993569
66022418
57038131
49353842
37977819
41353744
26228886
78435801
87773401
64461344
66709219
49853918
53814469
9792073
47171143
38519734
48211732
86890262
90614630
10662634
25698945
37672559
89353273
55642086
45504841
21576399
86284914
61259346
82857080
88679713
94475979
40372606
68053304
63521493
25130619
87598915
1500793
2210164
82379205
63514841
16708660
80251363
94268205
53326098
29118872
29420955
12111732
83570455
67956089
17685859
82619172
81175443
85370292
19490430
29059432
70645410
76466357
51261801
74440158
80579981
3647344
90546409
29110609
8617986
58603608
54362625
73196118
76820337
76575227
72017019
56478527
53472114
49832303
78128443
33099466
39968426
88752222
62088294
33542472
68900242
69761567
81739450
4381081
857279
70938793
1026627
90454289
22206010
26287073
52353367
34551574
73325721
27934422
58366870
94518186
59142658
22159525
10992374
79328415
7225855
94341777
14665698
84179240
42566123
50027201
78730811
11418164
73898304
40486804
27145101
50354326
30090762
59841429
55513191
84738197
61193486
70110608
73617508
10498338
42747937
54633460
4388181
56342704
19513958
31437076
53400640
61415838
24668484
37490147
5737442
24512723
42505168
38836382
27815617
92306822
83952822
54897499
64700964
48357039
81425672
78841205
25777023
58023148
54733337
92474104
59826868
24509356
53325758
31143731
56574717
77836224
39133827
85815018
53407381
24307786
67425623
27316886
72283272
31664055
20466069
7874251
85792629
67665849
47278296
60400471
19582615
8291156
14479320
74028170
67273010
71541053
94094030
77376998
4012975
82608685
59673529
7638461
3133716
93106559
79667886
704885
8430985
46387246
29717082
57745524
17766287
84789440
21019577
69212864
41566325
48914811
35671121
34151335
57484347
19220403
11566304
85120516
55416587
90339965
28766870
73261258
81322841
73093389
66397847
75915393
16626284
66317482
38362047
538893
57552447
66434055
43351582
32467268
18983251
47861997
63422424
25837184
28145310
89858740
40841305
4136182
30902006
11013676
75360900
11320966
16303086
52889430
72430078
6530187
76062732
2566948
5452583
1159048
28487188
5850031
70048397
36171793
75556891
76588734
67830157
14390083
66640019
86989534
36491717
33247291
68487702
64735545
43687342
17084207
67137025
71789563
61077516
75824092
4191191
80111457
53308898
83644677
68280286
61566688
17657039
7902637
27600659
54473112
36772979
47716710
81399554
89518171
84126711
36844029
61265121
51730145
20158920
67544291
8472426
24560962
8635013
48318714
59268402
69446305
24909459
59007290
28869864
86756416
72271454
1543417
10859717
38100069
1210010
68954568
45855238
91941946
4106017
12095932
69370875
68691253
30004919
42748424
22684062
69388079
35908316
56766366
2463130
26018893
33120478
92211969
5785968
78526248
14931639
48734841
80824738
24480425
27136305
2357110
9261092
56005078
26901411
89813826
62723104
18715595
67336567
36928270
23504053
2096684
65597699
19373101
13284786
4100972
81087809
15093977
59242824
57321406
6075569
1810444
33797560
44234583
75818450
12491144
72025812
93147088
14294264
15108778
50696506
5570000
57383057
46122562
40773594
64486489
61104513
41260242
40929040
6108211
34419756
28246364
66055989
3544178
48730918
57386076
52579136
68536421
57632786
2729575
82460947
40106096
77213692
10434770
74823069
40494600
9722756
89969111
20991609
23629297
29488134
86229990
82071979
11155033
80611914
63236822
85819072
44549624
24668239
84299188
33080055
8065481
41896249
67120758
81231793
69748045
90699195
37178248
34064559
57506750
70372072
37678151
51596918
39296171
27636496
60381676
66438634
43722249
11174902
41987374
43825218
13769064
73930870
2053934
41294599
52581264
22723203
58371843
31062893
28359454
10055791
51954591
54844517
69298819
55276094
53270392
24573957
90809274
19929331
69919161
81934259
58916411
6018101
81821823
49420640
90530892
40632603
16009538
6712178
74661
13462807
45702459
17791274
46433128
81147715
62068639
23572895
38323931
28398300
22343400
67983776
55309257
83089637
11387999
77940125
87262811
84186320
75319931
38660733
24491189
58387098
89726636
74595766
19669489
21529114
43152394
22689147
88759394
14568005
13004534
88646458
44000053
40206877
82109301
63907283
91424735
45458108
49062598
618901
15010724
22680820
74073651
83904998
27729650
2413747
49417179
69759853
13555297
19416038
89772260
33318981
8574643
2997805
24789093
77925869
50921360
22902139
11693759
70786013
31585116
60308951
85260930
50436735
52760444
45830103
14426654
48288769
89442635
53141458
55959568
85729753
68541601
45556122
