68881074
41048565
9581289
61366637
52292240
88658845
7212309
27698614
37301426
70475922
44002305
31044382
21391641
85811912
13955245
34000617
23824019
63239134
44006470
13849390
13696731
43432784
27280247
4227063
28274922
74772320
24128286
75522538
59818677
40014920
6496442
83959629
65363904
70950942
63971501
63650346
59023779
77559348
68291237
2608610
88089231
43616726
33109214
36822556
51578664
85561503
18945400
9085773
84755495
83404375
28378112
35843283
75834911
12149618
91641863
54721394
35530622
31961468
20108441
5070651
36809582
80811603
64421824
53073740
28751355
64018213
92824325
39191009
44549926
55745973
45834837
15697975
20081633
90107598
73870548
44785686
67578512
82745388
70928327
8358489
57685540
49822256
24685621
24923896
78518845
27202817
74294231
86452308
86531675
83841168
3065425
13900988
92359419
61535576
53870270
30441011
18999707
88822210
21136605
49412774
87162608
5100004
50221556
89952805
78564706
65872657
62523989
57101595
12527262
13400777
2383277
1908246
45940327
53505888
52560935
90634799
32100304
39015431
32412664
37275554
42735569
90658877
20292679
66649563
28841501
6048612
24459532
53325818
18818252
54296864
8425251
71997454
35694369
21025947
47320395
9233852
9233854
27940518
23724980
66504114
44567412
62677850
6070990
9526345
72834264
26936371
81559784
21704908
58960437
13287002
72569222
19929154
81123292
79421124
6330910
41158930
67599521
74620449
85774278
41103725
4363533
80512057
10609084
26174840
19341006
32101905
212810
69092616
38088862
89794056
83921362
23460137
70559079
20848957
26357316
80082446
5045881
7704839
65230926
86050432
44959078
22309843
57341884
11962799
7014014
36023980
80986829
48766582
7032781
4188657
72253938
10248287
60978325
51001761
15301313
44116523
12698955
61116481
9891695
70352191
22014344
2335946
30503860
23885061
11279467
89156365
33602169
79355722
54572888
25643356
20706114
70459707
36019833
1997261
55214131
52411165
60351066
60449377
30219569
17285478
30506230
82122099
89102478
26316352
3494550
33862048
37880305
63963305
13551319
55290898
71695142
82815242
15706990
73235722
39789804
83818765
17804721
59016120
13449874
21606027
84196836
26717000
32912378
53070164
5460360
69520141
21603044
75795275
63192285
15990318
43635088
37864206
16303347
55325466
41075619
56034942
28314416
40735304
34309831
28292569
5752752
18055894
72156417
42339768
41554477
70464445
63223679
74986331
50100683
49536608
35591654
3028299
37853732
1905543
47561859
54235029
23171369
44503806
36544057
83551413
76748444
14183035
27301231
11931452
290294
55100315
45773520
57118268
54011860
86370186
7072439
72434481
48868080
22061222
17418886
83561435
27896700
41882035
90614132
29892320
80452097
66438643
33564064
35634911
67714271
73242380
91710041
64738208
91402254
73829499
91856016
15951457
55267485
50229810
91268247
74141894
51246726
34541361
47663032
74402238
1851813
76050562
16083322
84113168
71366601
42628317
35497776
43102555
53085962
14144072
26247586
71243459
63874721
79115431
61230600
36188523
43352340
20184085
35325883
34049027
62084242
51535790
43088868
48535552
2417638
89755600
26765665
56838111
76497110
72907175
74944650
12526668
36355089
26294820
79128654
80680925
64410972
1790207
17937491
75329137
54315539
35260528
12291618
46363463
65980680
46645318
57122007
58147173
39165868
20224007
81313865
40800902
1704023
7410852
8452692
40689608
27473394
22824387
38036491
25898477
76119261
5825563
82795229
87225186
82914209
67292338
2445275
78426757
80409491
89913301
9514436
42186880
9235389
85313841
40425906
70134906
88968393
64972130
38650409
48349449
79470538
24327394
91898867
79983708
84410410
83018435
13347433
8720018
65821810
31830930
79698610
53894428
85729566
82579494
40206230
7739780
51403177
75545647
7301541
31036655
28503026
7824467
85581126
57161328
66779815
4027131
63972963
44965742
69243733
20874006
21163964
62630074
88964543
48247049
78620683
73726142
19056264
7817402
78536125
76803337
40589338
81659226
46593809
48843535
54215248
34878962
75235778
51270809
66553469
64696468
37233187
44785186
41176779
53118744
41537136
18493303
75867624
13327505
70513400
84154367
72901918
19991069
55367882
65395842
85640776
36793700
46879071
853852
30861597
90823174
54005007
11261121
47441002
15139271
49591989
8528596
82290563
6387693
16689334
84546691
55573875
38485003
59022192
27108976
30714995
3257161
27101487
79024980
75794509
34448063
25895818
51782528
49724434
72387602
73204799
25149044
26724705
1325199
47845160
25478876
10765368
22367488
25555449
74363650
83487205
28922330
29127237
6661575
87107403
14084757
78299926
44916445
46794136
59255394
34086573
30945248
12259658
28208892
8771162
43976298
49887018
19817619
24933413
86465218
80377658
14982071
34505520
87962505
33354159
24072893
57522365
58840054
79691620
2286965
32709133
29586321
59449949
16705954
19696622
44936788
2852579
46375806
1581397
5078870
20582581
