83745832
61858085
42693767
87325778
36302994
83868543
75806616
25695507
45197744
38944936
88463087
70213118
9497328
46991416
53855516
41843095
11993965
92196524
80099975
53066971
79953451
79028889
5730449
41038836
84442121
52745740
21528941
16145702
67185587
73108232
28450424
8698844
41088626
59798402
61327979
72653385
15958207
54965426
48726498
67424555
48817227
14770949
44823529
70728295
19237032
28603053
32452561
66962658
61970582
32206573
39454600
65839673
91310792
29609416
33622876
33342854
15228259
9916822
79124284
50460103
7302214
5143702
29283750
6625084
21092020
48128284
91221273
40775975
69680358
38375490
68391524
87101420
76268640
77270602
46855830
23075607
54131853
83316074
62051718
88831088
80078568
20415024
77530985
45057339
16019232
89278415
40027171
36408960
30444600
18155720
80646380
20583041
64681988
4117883
6204135
76026057
49696841
88143391
19211585
53489924
47577297
74747708
70405977
24774601
18490660
7610349
14684341
52790480
78700782
55755428
26523166
40730056
5043879
1638594
23588489
24152009
31976669
5537199
1070678
78855576
4419537
79867295
34449091
10746415
23733058
20506218
54985153
12496994
31136208
16544917
67369753
36102219
44288933
64045932
91838471
90597825
31835823
29621207
85907939
62931781
14926827
59333461
20110260
87854806
7800369
75165663
44872130
50177408
16032925
7309056
71720614
27729685
41436184
56574253
1170707
33333000
47979010
79626102
79147005
37876369
33202463
64153030
44315683
67681866
11006545
26006910
88236867
60876427
27135165
38441028
43787453
92182896
50262468
83959701
84525227
90767395
9510399
34165310
36301096
71340164
61782327
32760832
4888727
59498109
51592332
76385848
84706901
44071040
67074301
72320508
57206747
42567830
62703578
63270796
22262348
36793303
17334134
70320051
66702383
60838856
47524465
13883786
2380645
66348183
6933381
92621875
67926107
53742704
37891569
35160368
17288054
35219766
65135300
64573607
27252184
11284940
27145400
52757246
50344434
70437750
92267531
63421741
49486722
89599243
57486052
64496177
47933525
89770460
15434595
25678826
5341958
60072333
69529227
81603960
34405292
65041291
6459996
44947474
76044494
41080887
32307921
21663542
57480970
42528339
19069943
80882148
49752758
62243502
70651419
70845903
27793639
38229305
14544093
83733007
49475034
116646
55387361
5094020
46900105
31225953
9451384
61146763
1197591
87695561
34841820
21291694
1103474
16758334
51514750
43232494
37882746
24603520
26851034
65738239
66844407
43489338
38934102
32791905
68471497
55091346
66744102
20463278
61627953
93053842
49587837
90373324
1454080
19885652
16604702
6719061
11315072
81860994
26038903
25938622
17637851
18107591
66527476
52240691
5417944
20393936
25064495
10275261
65115783
15469084
82940361
2096919
77587868
38641499
59470342
28812789
52276783
67447259
7255787
41245070
50732111
46440383
29944053
46745382
33488879
63237962
60736337
89583783
56462590
39535745
82835876
12018276
70941993
7276771
76832643
75139248
77645817
55896464
37116726
57350712
67744876
34117745
39307012
7744122
6768391
34859998
44126369
16707165
47829849
20253038
3544778
5997429
52120606
37012389
42546466
44413305
67370420
81520373
32928699
5574547
78734198
2913705
19026214
79640253
32706584
20764418
9018605
67412845
52216415
9343073
41316528
92326895
85081186
52793327
12972410
37667016
30306476
24384329
24306270
87317592
61901297
16141914
51100630
53571079
59125821
20252116
17339715
64915738
74233629
29958489
48914823
85244366
71365815
6889587
87752271
19736500
85204278
81716778
75845292
68867006
37685125
76937913
8941155
73642814
44940172
92313531
8551015
15201541
3795208
11198511
17792808
40682725
8275002
78480657
5826269
75018483
11000878
69427974
41874421
70001976
862792
49240839
55136711
45252491
85705916
86097414
2286824
92748968
64360675
81058891
797422
21834734
47912015
44831718
59008304
55638822
45161355
63396981
63995938
7067225
3446193
19533176
17524609
32081256
24573971
42707169
84241947
25753753
2016710
43260305
32838478
3258657
51607971
16391752
63361961
52026481
88739586
88112459
10537452
12646664
216754
63721478
39333477
91418577
3712902
81726027
28578976
17850039
13006975
9264509
60108581
50228342
91403047
14229992
15384462
83894783
47828807
51867407
92825118
24935032
76178381
46871487
10161731
35236748
84557780
89563677
22725189
66977444
65016702
39557034
57364392
82341224
52102892
86708234
79359190
6462657
7614768
35420971
26824244
54095708
31789960
25414041
37072877
26373296
43630265
71647976
32046511
87553218
8614192
9735773
24802071
65283220
38016449
88613002
63936579
51126341
50610712
16200447
16127069
44884722
77056292
16449130
81421630
2109410
47597100
92207271
88665714
44273373
22020400
36851624
54616395
10443077
73958635
29154788
5509476
48346808
61882130
36804404
37696598
37715706
28993177
18645886
818759
36039371
68830969
30250297
64528529
52882383
61250201
51316628
91914405
31870419
75130137
14350293
78099758
21124727
19839919
61981160
54801922
53640119
52597244
7598307
69018099
50217322
23242292
8423278
13145744
91196259
10295687
7471368
75172649
2536830
79726273
56550252
53471676
1199597
26008646
34250084
23494153
23308085
64716401
80596474
9894464
21873518
40503882
47597219
91048127
91393541
44571772
16415252
69583127
45572219
62354847
67710250
28648977
53052873
36045140
78688157
63998241
82302189
26233274
72294644
23440139
2731677
66755179
82149605
57708702
35709969
10988398
14781489
61086506
37607345
74940403
42275642
22622400
6492653
67182607
74438740
5474882
50840083
74878271
11642088
56253177
18002471
17835884
70499452
48246497
8859216
38184969
52394219
93092753
7657432
5161827
34878691
8782
55388115
37396853
81559255
28052000
45815970
32997517
69495706
63315304
10138598
28489808
43796856
37001318
35311143
90802669
17850718
34261496
63412459
56143534
