89652569
3124184
12866758
73053530
73494495
62738086
8218856
7840054
65487327
45706018
12340625
45408923
804160
38579146
17137426
13131446
6213264
83343486
74588528
3251404
57875126
84135102
60993811
60290517
53453549
5241233
83348859
90605933
40247817
2294059
54898594
73212109
32551484
53886740
24471160
14746200
67023115
72095815
36397399
16512567
4561525
23742088
65694293
54106047
73180253
38991742
34179662
49043552
14787728
35857526
26658646
82911379
66439869
55051961
5324801
26604552
19492901
68170572
1691919
89997399
87099048
28721235
69769621
46321523
91147577
62739813
91542296
49241669
44623512
48476637
77897967
50358288
63369840
30104138
48620045
4544759
58958850
73867048
43644928
45326481
24447172
74643462
53130376
625073
19163884
41900472
41690974
28725459
87716945
34385342
5224444
40519446
92827604
36495262
10128152
16414430
39565492
73217988
66461445
70130820
5426910
5199830
79044513
52408080
27052778
62434435
70141310
87554002
23218558
30598496
6849560
77081621
89211170
34588420
51129583
74797010
33338603
74403152
74709276
9710160
86879626
70680749
59427190
90257135
71186101
87111937
10693369
26907775
78611500
20825688
85805349
7005847
8879852
71814900
89459315
59901541
74038655
10344815
3534565
53510792
19649357
73116716
3210720
37679465
56359084
9174263
16449836
63148876
33238816
49065630
62109445
67529231
29461626
74429264
63848638
10029219
22909592
12813760
31599022
42181072
51236891
21956597
19288271
1293570
29576654
31208016
68853881
86530295
48667850
70641255
51173619
54273438
32557357
55392779
68961605
52825614
1577560
83549779
84528853
59821005
21651544
65930690
21875162
25383929
12907891
15419471
3159114
37886504
70765363
44990253
76360103
13845588
92664184
87330303
8073718
41580816
12978596
80668369
74889241
35162618
80427958
79335334
25639825
54273440
29273977
82230741
34738981
18553739
31365926
20981376
36785802
34933995
25389692
80174196
57346914
385647
23738883
82102415
54891377
32530086
48993955
91463010
5749435
23737026
84504122
21823910
42209218
45860980
79636194
62538049
34255783
21893840
67565284
21545023
35667845
4523058
62500381
91732071
17303535
77984063
89670511
15656078
25431960
355851
22031570
38961409
42814924
5489237
59078721
24433149
47513051
90051930
27029559
71588437
77388271
73085849
12601949
45760611
77043643
75649751
56425156
53680538
55809527
86978878
57735310
11949205
1297741
74097838
80808976
6747147
36670127
53864194
93043069
89967057
38420120
73969249
11030437
67725684
53687327
86586229
58407136
34387436
81382807
38144684
71088417
67886766
37054058
52946321
21813234
32149222
58470513
59603988
45321630
90576043
69045688
52009424
732010
48262193
56785028
31183486
39788818
59298249
19736967
16658480
86429237
41064556
54324743
15030681
38162204
48036217
25893456
77692351
50589702
83932604
37406856
42847364
71890619
90234245
31701001
66235231
39663252
90043552
64687158
82411973
26885253
75381843
89645950
70718619
90551269
22990802
18080665
29898593
28280669
34456159
56668047
27051629
2409011
63415240
7513095
92403917
65106943
19853820
29358705
42762536
18302785
12311793
45281633
61032279
47141816
87602813
75076423
72771088
42946296
21716728
84205888
57101142
37640125
38280493
16373454
26800035
4802580
83511148
41732949
66170960
23232168
23342864
10510676
17707891
18880865
90896013
7938242
71449821
34447192
63548928
82798393
43261649
74123651
79034745
9295922
73295198
32211948
43371396
7597284
47285926
16420271
60959495
88800712
63688007
57629727
25225537
15005453
43071221
76807309
6414340
55923027
54603853
80166995
45835321
47303054
13528889
7790498
60227495
41543019
64483284
52925429
67258572
60425674
86357549
5011501
65021401
22511911
65457722
31205541
19040442
75063657
50302690
81349419
88435506
58967056
33279231
81170405
65513631
27300264
67578068
40747682
72241536
74456325
41893484
3705767
981477
87002509
15775034
5130393
92425528
40704398
1934184
9954850
56578154
81873565
28421345
35894711
58491380
57886067
74937297
16955863
36134238
47758260
1038330
13201450
2150053
90254662
42300611
27659931
77081961
41614176
63382556
