64635698
55006721
61336917
31344969
80566969
69671428
2076656
1258243
61168601
83313463
84356546
55038227
58427597
65278335
16649611
15013352
56918128
31623051
20977297
51328517
62626749
70429579
50236405
57361441
85981598
30203157
63685464
4527370
36642162
55550773
7767955
88732179
60750475
27066640
73918038
5836299
66024975
10355925
75500210
85304585
40066381
46549742
84484902
47205158
91500815
5953450
88294778
28132646
84496423
64517541
21461151
82609294
80027681
31187534
5255397
21212980
14901364
75744915
51860819
61523748
15850869
62552927
74886379
19347200
51897121
75937562
2745251
62092916
3980215
70230658
26697619
68347460
45522656
12227264
45745473
50226370
32636731
48016930
14428459
48244573
30938444
38294451
65125476
1981097
85670447
72455460
34113482
61699513
92686697
55416359
54682786
16236119
8826531
32521330
50629891
32735809
22446186
24805205
7135206
3912770
11541291
29129317
69523065
16287276
14618375
65652306
38423232
91535968
50386035
48194884
52252984
77633368
13631944
91762719
28018458
69575821
79756921
11660407
36327658
16612231
4281003
10271896
5688843
2932281
60853
60925605
16966625
83623809
49257422
87460577
13336340
49739211
71382938
49208035
25225068
60088181
55886835
31134958
36029521
22986176
77217420
6279519
51309006
9547664
5983020
53806159
15197795
50653045
57309959
82522414
16655214
79420352
65531015
62859928
82130289
44384456
25340067
54871116
23458081
58465314
69142195
21673232
25491323
64441737
54791540
39807362
89312354
75129521
92760922
30646201
4629791
44343502
47077248
26049653
27881265
34660927
84472710
29458791
27486934
68948754
82693005
64357723
5372604
44010575
49855235
71357406
29616221
58928978
80335738
33783676
12343829
74241121
25889411
49803354
62385595
66544191
84724175
6716463
53558657
15846159
13020557
69564034
22426829
57160770
38710953
92648924
41880881
40842149
92326505
91213392
47745232
59279595
81099080
54461110
16027101
32753698
73789092
54111869
59008143
72317156
73016578
54545237
45796843
63906872
92617000
73345724
27344898
188892
71257415
49893812
85032059
53070623
307423
73901398
77604600
69317390
38292750
88891068
82175055
13248029
76852372
35749517
84917088
7507470
61797028
92663753
68942434
65249057
40440147
15222470
90816718
72540153
51346943
68164308
38209043
9509601
26213983
65461535
46908605
9204346
75336884
38599602
89096278
78051456
20957160
83259096
56151286
90054515
41501770
49657387
54766322
23609130
9225140
44503907
42524421
81150155
62349878
41244863
28419048
35987816
12267705
10037381
18907448
43766439
16494384
65326432
20619743
92299526
91092517
18207101
23508217
91000774
28894209
1664708
12588802
45998962
81738186
24740818
44353869
26142023
70636813
82459753
68856734
44999325
88363160
71897718
58014819
91366880
13001072
33651746
2707266
32263386
45063176
3547204
35531899
77039051
83492145
22019918
3671690
65805810
27957072
56466138
56466140
52898544
9298446
32671094
11106562
48746467
41447002
58057073
10984746
54338448
26258560
20706546
6191477
22760694
54619599
71615903
68683903
50583170
3394315
54452888
14113033
20207333
64881181
5118371
51359210
23469907
27753730
38443956
46659082
69061040
65176565
23421662
37686845
2154433
30760380
68790901
81462893
19564961
68378848
61777990
41746063
18777954
85815643
54497483
30607524
21161966
28080528
35054213
49275088
82193486
5686041
78726799
31974061
4935781
30022682
38366736
86275321
67309180
4435942
52874411
69098025
63204976
93009830
8659664
71346981
80162022
20219542
29744200
13396067
29933308
66386743
22347873
83133753
66609497
45925529
2450662
60210451
75236931
