46857404
3737302
68557871
45848606
10525872
86735434
30668923
81725899
69704979
14778354
1264972
65075911
35632691
8215129
79758686
21329907
89298455
2764009
7795897
52580916
12552734
41614961
4250879
86840093
49799358
39963069
77896559
4899990
59811651
19925310
21793677
46976426
24953550
36651408
43443270
6313802
58607124
47611443
31934164
82542758
36024910
62551577
65891746
36968582
84300087
75720726
54429531
419222
15823349
21882543
85129188
80664127
73312970
93387474
3678523
21990910
54309732
4274573
41973559
79030316
11627953
67954541
2648231
13332126
89290968
6071714
50340725
49842085
11587874
46110594
27133271
64844839
71311568
66138596
25989983
53022266
37789883
91897802
27290040
29096587
89740334
93484817
35274928
76579015
84326972
88433189
3058940
9604964
78416030
23598790
90163434
69930368
81278237
80963480
92823836
6168299
27037111
44959205
77401863
64002262
77810717
65978786
3469618
52667019
47960235
44844845
66507357
66457812
92476127
71446065
63762033
52302709
2948748
8211167
35454732
79776612
35990724
23017048
67832759
