62256964
62256967
51078302
54327614
52778338
7397849
65870822
85354693
10924934
83425598
9164482
87285368
28247579
88201981
949496
74998200
5742023
4189872
20149259
79931917
73728539
27880149
22253072
785873
82141878
57902726
70754126
41069682
38664888
11110805
29956628
38754992
52582848
16104078
81767691
29336470
66861783
73980097
72706043
87917606
18022366
37169232
2250167
44085781
22290076
51980504
15758590
54499022
30577852
260200
54271492
88375105
16015723
86952174
14587511
81606168
33597260
84366491
31998416
1891510
23891769
86310308
42650729
5534529
283381
33818177
3850207
51405234
65419482
20484853
55300384
35323504
33864929
47425748
14286668
27689235
83956681
5178412
57479329
10718106
69609495
28389444
34966060
60802958
44493477
77693921
58180326
24530778
9725179
1983461
78134305
22867489
33496378
80772537
68627677
25599201
77783290
32097604
69887504
53776545
31290414
43636671
45830177
44367619
44569417
80539039
31697182
39004150
81997555
15429310
39602647
46667306
35682805
25746541
1402105
41986525
25173899
25409120
9898797
38980807
68490467
89272209
22195372
89886561
49429843
58449989
10736012
86457740
39153880
48681738
47257612
23105256
10929464
92252012
21618694
42791492
33979755
67070873
32815832
90231285
85920521
63114339
44984427
52479290
45183676
16042312
51446158
56009665
88142662
17107978
52636157
31750003
92332104
71222407
80059003
67842879
80002423
30752548
85191987
78508777
14894397
35122479
62050121
85282786
45879181
57755776
29756314
20653756
12664619
48183637
56645620
65161873
62076358
57805256
28051178
49277826
14778397
92954875
44454793
91574494
90392378
48184698
14131026
44734431
64942816
9300057
42327131
59236910
89408829
22349174
74185593
58979781
7697214
31540457
83472898
85856569
18043346
9803919
3326122
21995523
82102085
49213064
62269912
49217542
69067310
29781465
73073144
7574001
76904171
44125618
84481129
85511151
78042344
47314803
71547787
10780183
9295617
58159960
41781716
63763889
87196005
39489595
54056831
48946584
92544328
56203313
1088448
63848638
24052155
4379049
11938645
79919408
28185036
18604557
22628873
86211929
74465233
6195593
72235651
32481189
36112154
73929233
71093899
45005535
1266747
53950818
75254708
23802755
55644336
63002354
68354171
20155559
82836850
51835153
22903333
21351666
54693994
81254496
91434348
42327266
9822599
28869608
11444307
80699089
20801875
30989456
46517462
82510798
38427873
41829539
46825517
37391517
9026392
39599965
63718728
67811918
74990239
2011885
29746002
38954283
45668008
72077954
78096911
3801890
28070508
85875168
59439158
38985681
81992218
5265273
3920384
49727519
24380211
88408202
15582450
65968581
65968582
57104737
8792551
19620319
25204765
17599264
34017424
23881056
78244157
89949296
56984346
53641160
39896260
1752008
7017783
12344681
19165205
92206007
33762796
73802674
7480887
92729950
70303246
80956655
39322770
9423799
80449790
66066802
25251757
80847242
28633995
41294640
46404152
6280502
82430702
48810692
37438891
35334420
40144392
81103051
59765971
47584562
54304678
72278911
71120774
53616089
325628
37711303
51663247
70884092
91161623
70421652
60514488
72403067
36210264
74768294
9625456
20271103
71482521
19480852
73313884
1737525
83934790
89355906
44237575
53774879
77682987
76919460
14037447
64408677
19611631
68429728
38093460
30495567
18775432
29031643
38645258
21979441
25240601
11573265
44488607
56688355
3145579
76017250
80406213
12832335
71336490
39876104
10515941
91143645
45905498
18654046
65218632
91934270
8997678
10007789
54341626
76273586
66600975
37208023
42548797
57435564
26706233
76143932
36487609
14412430
14645452
81131913
909898
32085814
54279498
29344243
88014393
86586229
59171921
88217890
3160616
33349445
31628341
85117464
24552716
48093303
49643380
54422371
60570518
25738099
45147422
89171972
51681567
80029512
46907672
3745265
10092527
3433891
21643576
34362364
62466674
67020343
65153920
27076149
89668341
43682105
66782981
16329658
21078076
17005513
44365186
18916478
12199088
15926292
29180299
67222325
73591144
192769
5940331
216454
50163977
42404387
19211351
54257982
48433639
27790642
24532113
9370855
12226904
70148045
32175897
6072100
1364839
16043708
15463459
42667343
5699544
56368845
40502890
85903222
1602108
50022800
81710071
77622790
25493325
26315181
27341586
82242020
33328490
82982051
11896545
71798121
13862270
11131679
61691854
68889085
82634511
26124294
32175945
74737650
72126107
52434045
70694474
27539331
43292721
91255062
26002338
92833619
21287427
65807882
84146689
33617368
10642627
67408183
13529035
55835321
87585382
60665742
17774147
30242324
74260222
84048280
61477930
9810648
57411681
51419941
17491702
10872929
12648261
48351690
55166466
15930611
55622439
70350187
24901982
74120044
75455917
81980860
70138954
63528247
84635550
58404668
52264244
29558124
87394666
86091292
30552059
92141408
82697333
92673975
58742405
90896013
16764205
47654292
49910208
43363655
89039656
79397883
18743198
61275054
2176921
31195531
30195893
18116690
47638298
6761419
34774915
7907245
4366849
49663574
71860441
42742111
46406073
53361476
68385235
28293101
26270652
63708841
85875688
13064350
72027142
32870269
86668960
75809913
67576861
90067089
52460061
18261014
4504929
9854899
31640497
85498674
86057198
62247831
46425671
84967742
83523937
49455716
28986671
2042429
90946473
20719418
75880272
28270404
55059220
359546
51733688
89108499
21661840
88401393
70053189
53495075
82011438
80319137
86826097
84089099
18484124
45866307
24677357
53532004
42333575
28001106
71608259
28717862
51163753
24477527
79358365
42100164
38377396
68037025
3056408
31466079
67659294
18594149
25158593
21818765
20796079
37378973
58666084
79293924
88474927
61074687
56578154
74518336
5907340
80585725
59254670
41461515
6599675
15951403
52426699
26012961
10764421
27285479
89874169
65474901
61963562
71549746
74905035
22673637
77542696
117828
20046520
38541747
20787543
52871049
67687316
22739346
89211483
6545053
