37477303
92989648
22807929
35260758
55028211
41546628
77560822
38862346
69391766
45347934
54444359
18821981
49953802
558278
53443659
23420840
23534840
62121841
1346648
88486763
63406637
10575865
85362731
42336795
22563099
58237739
88702237
46767891
48660276
39671778
69200237
31113458
76174039
81364517
50229691
2052115
55460516
37366259
42510605
3727268
2313396
61793632
38299247
94061035
1641087
56372546
12806636
48150773
40163256
33076197
5917025
9797157
20253032
48541456
52867143
22503609
64951434
52127117
62184955
59289219
13126134
7744995
3640672
6463115
82228838
46157237
84117718
60916512
63311628
53682863
87768112
18157359
77681725
56529151
86836239
73130468
24247263
83137661
78123859
56203499
31948620
81373374
6997653
17242895
20726016
71365015
87224541
60166309
8048951
55208942
77925586
55366188
3238751
5974826
36087454
4887156
61442269
56929923
23380648
70299056
89888661
6157168
56076218
76520277
48381829
93108028
31135581
42370189
51208609
77504498
64579200
62807474
67888165
4768144
19605537
8719270
1542467
28089276
1077578
2251564
64771016
64601519
53696147
9086723
82679676
65573102
76983282
56865155
44184342
75320076
37209396
40725632
34020387
39374855
27158890
8365397
7348502
2514310
85821429
46236129
75325303
90709062
52134032
65088682
9554528
53991893
38181688
18885061
48404732
87261866
71334327
28301150
53753592
84610039
8284460
93556176
56822245
45732033
77587029
28915908
3652608
45444984
47792843
57501549
78147064
88902056
5613369
8198973
70207410
33418719
60609579
20845993
90316024
8700029
24681153
72756007
40041025
14107669
42919901
56102495
36969549
81667137
74522820
43105951
44285888
55773040
23106506
33753924
89656364
45286752
11954098
61581814
73845972
7453008
27129759
82044201
66290679
32119336
6399578
18940393
23563000
8132064
64889628
63434065
71593622
25328775
65600021
68003276
2125099
68405333
8037699
67140211
93314738
2576364
34986541
54574582
63164375
42829340
19266674
8528578
49435647
33596686
59291720
19255439
76334627
52343521
74264798
55108409
48873631
20588809
40758892
45223191
74108956
828669
21017051
41442016
40080727
39190983
79296664
76540506
42300306
89883101
80407231
2915941
82867816
81883440
39526696
43708884
15134713
39277969
69594543
77711222
45425272
27523193
18098450
19482749
40378873
15474891
51807937
47721950
54947358
7324739
22336136
94253036
15530476
64761874
56559156
4481475
8056264
18206773
88536741
55028274
92327132
23234076
84658832
73277478
72587813
48386912
44081447
65198071
70157877
85628971
58343855
66019927
4151774
90767716
26699301
47771317
85869750
93393527
6765384
88697500
17613394
53662078
14759355
65870871
86327137
38652873
52399268
25219560
17751641
61685657
82831730
79302115
59728236
82059219
37781599
5887106
33650603
26203668
61670445
18602543
93064131
52808257
63528193
72693010
37154226
11745820
25385805
71450813
18490419
40224258
89513039
71638545
42538250
76516189
13771042
80445346
10443599
936088
64519284
40269223
8969932
54702326
11970131
74190644
35954476
55435799
15361002
23671722
24139025
8676187
44363216
20676774
46485066
24529360
7417188
48513050
21078443
93933813
79147386
63141195
42101556
50884271
24763941
90326475
45769223
2969202
68807691
68922003
69160169
90830203
74795019
10784922
79146799
60241613
89233337
10220945
20659251
84352452
70701309
3746958
87485193
48381548
4608342
63867411
36316877
3587409
91095124
93853729
7905051
46225199
88645933
27067429
31341582
38188788
38388833
17819112
2588608
66394184
66112437
82591375
87700247
15688276
4937386
50374440
82448801
87991869
41149317
78183643
61411839
51879548
63448061
83017130
56636097
92884470
22111205
42591284
30349462
79887164
86748170
67282732
15224369
2276501
37533672
61758347
53875144
91495446
19507632
67180963
84045657
46963429
3077257
2125023
34877817
61452933
5704374
38287496
81966026
32999040
12279594
33343855
54014442
40126400
93782056
88504230
85872809
37634827
84835716
7090193
13301109
13494418
80022328
87326600
73591988
5246576
2868767
76640699
72616849
799012
91408758
47451512
60508657
23876949
13019194
69234233
86486021
59641716
1654930
74208442
1336127
34964090
8309200
49777836
25747821
25747822
85352681
91331088
90040034
25871832
84123066
7556634
68992708
29452303
60438337
4348214
86397156
33871776
81509077
69838262
70199125
6804011
19927488
90427217
89015571
10629524
23284465
6875733
74306074
13207420
25629421
79370209
31129020
13001601
70642259
31958279
91790109
86758897
36396068
43029157
13673086
51517156
83638613
56971630
22263150
4053294
36734422
9989932
61892136
60077651
81073037
6562594
6044234
76642025
6807755
22598379
27717800
46444493
50036815
93786896
23143456
58586980
32345197
54092698
64213358
20546701
58030535
19242304
58490211
78695529
84891439
56759084
40057738
8460919
92878426
37890149
27899371
39774548
88826268
64013135
83941586
8014215
53768008
63909270
71949034
886458
79151904
39797454
8370802
73596497
78373965
35391046
52704326
18433267
11521145
52831215
25166814
53364607
4451340
70542482
31534748
54344813
21991952
71443898
37217035
1871755
45968655
73857041
24827797
58102557
5465514
41940222
22438446
12319447
65474582
70377538
5687079
45434376
88754180
38276393
7226673
33612231
61311843
17661513
9767969
7760221
77520173
20093300
78986771
85383238
53814550
5185107
83925835
8177815
23994315
82049854
6309883
74877434
21062336
9654643
11543662
24429936
62223056
82894212
3237443
70613525
7248049
7324806
94066279
31990058
39162545
60149652
31697654
30626830
46050829
11817971
69277439
77672842
52650736
73425328
2995406
31494698
56919790
11305423
79127834
69214509
12356376
50362063
82262331
12073428
15637479
72565468
20699444
35981136
35059265
26201216
5838259
22509216
46360529
43433117
89286898
93992748
59490380
42185577
63226573
64191154
16522397
12239548
5807997
49484007
50952201
34188845
42295249
64135968
17174640
45121111
85973681
64133872
82017812
43035980
89035941
45750692
76660195
46683719
40294577
43231757
11100463
79553561
87286378
33580827
28240225
36801654
71945286
88662453
64235074
77665625
41566406
55842519
35819807
33276818
28154381
27719548
53343721
65897220
60184012
52666099
24453588
71089946
41498844
77190184
22009664
17580486
87188677
82542540
3284979
75916571
57502074
26754250
85835182
39865533
30262005
11166377
40408322
48072248
56937885
94423373
58469187
9278029
73963811
60358965
6656091
87287661
74487469
12698851
22959254
66312780
39244870
21975134
32185692
78315719
87871764
84599358
89463208
40069844
2337308
81680138
16025756
81507333
61822774
24897969
12019740
20162327
58685774
8028283
53301318
68525787
20580836
92727141
4208955
82760531
73908325
8269560
65626625
58415390
87829915
85820782
50743318
54426544
46120993
45677708
27582207
72183218
89475525
69529293
81051242
68094484
80241604
57932981
64920661
52389085
41800155
80732814
85404838
73664200
79316300
76413360
54770280
3799275
80531573
7120991
36499523
55262503
88225379
54058259
27373273
83003019
41143429
28820260
86102191
32939972
17367230
9483155
22071246
23716894
88223486
16417234
69908893
6510585
15020834
26044751
16181612
46950169
12698875
62813341
39888902
13350997
57527039
86161677
78296365
68601663
32751451
91861456
5748799
62542494
51335553
12902231
5401564
58004147
13189296
17763716
32308649
9182211
35955927
45658380
42506756
72381009
59716073
66502875
16681609
53403336
24785370
75944323
40159141
4488992
61415258
73132937
25955410
81843173
93747207
46022918
43945393
58398807
89114211
61030447
91363003
21831909
90517426
65313290
61692834
89916323
49570304
60020654
71497882
92974694
41426450
78999621
60632868
9651812
16640497
39308286
680048
34764921
73634939
79471474
45642145
79321255
80271218
46550928
13198729
56810869
17216209
29948497
58714588
35400624
59239964
15316769
61287251
42255405
14625477
17581173
26469291
48375189
1196037
33668524
45333083
34694521
49944551
29351203
31420734
24398480
43192707
84810200
42747673
64574428
87700323
23596065
32474950
68929569
91103821
79868361
82858385
32301602
37765047
42774205
50180244
59073669
60775450
57734656
83809718
33275069
36399327
73779186
10180414
37653765
57725927
26852740
74918691
74712333
41047803
61110806
93592979
35414617
52601127
59581916
84795116
36476730
24114706
10019711
63072652
87548009
42460288
7424035
86148945
68743384
78997804
58583923
29378868
85147783
60199627
92673106
77119088
56656419
18870751
11401092
89802467
22507988
41038206
24309718
77633017
34626337
23529640
77474144
56588175
29293590
18507332
66905104
23268071
2750789
43314405
25231784
79698873
32280672
92667251
15533468
79943416
56575979
28916683
81300938
76457758
50105844
14527350
74457396
39111897
2932367
57108859
90467173
82881371
20650322
52544262
19774178
58421199
72332035
60624643
259913
10404544
89729258
49709491
85107336
16395498
15487057
21447506
38154144
35078398
50878416
35593330
40093431
51893524
2834751
27882421
89584496
7406867
31023993
56076251
85201468
38391847
88391647
9156244
69114976
26902070
21345220
92348595
65721481
44233175
89167414
15927851
94411556
1788483
72457693
3597112
38790096
83089266
40466098
72464911
46268896
18479414
25924681
33246598
52422221
64892948
82403781
22999399
82869054
40716705
41308383
92258682
26858846
19968031
74723438
90812336
5843625
90867735
38871650
17962592
24286641
59832420
9439765
87811360
3084064
25250825
22143595
15834565
36342404
85863446
2099742
83293707
45135212
76116276
30656256
48707730
70854012
59509603
18858575
22284524
805562
57488290
45803
59222563
9643251
62409475
79651005
37787372
36648650
21477575
7768992
53256461
32696262
92435045
4767614
7869441
78462159
40188964
70277367
36204545
4283325
91148235
82913798
65528504
25688507
90073078
13539345
77042349
30936027
44280839
61179702
94102134
92102005
25679909
22826599
21204534
25419581
5501094
4642125
39288116
382510
28450607
37918380
81332209
83632596
87754270
62978444
22357194
88300998
51388330
48390313
20032024
93073107
40685203
55997000
64468886
82931004
27191604
70181482
7518512
21106030
22299553
16673632
23806311
24700218
28957301
44659241
4736058
84993786
53220036
73648278
84058363
89170768
85031084
51897734
92981744
16832563
55293123
47085659
54820077
82744175
20124189
4323295
55133422
6290933
79986012
13041220
68087671
28129034
25425317
9773624
82280346
65990567
85328567
68875494
34064827
83704602
6637100
64287648
60317180
74517024
87825925
47644258
76990533
5187854
85122293
78080203
28784615
50882224
47569386
87378373
91751908
57574535
62108674
62108676
53313355
26349393
74886134
94112764
53270285
42316110
68837072
83204148
37818365
92294774
68745772
14107263
18991716
1922382
18800311
76192559
42875695
4004470
82654905
43476347
38133488
7289379
67637516
66660406
83171306
88113444
70789709
59148647
16942452
55825667
8992532
68578797
55685770
34328261
78415753
73972628
65385444
6777876
54348510
80569752
60891134
69586293
18154800
83337213
40826888
61564621
12207339
69642389
646376
45595892
77482786
30592186
79032120
25064802
61993539
25834173
36371906
36371908
27779399
14341707
45083408
36760057
9242600
40444913
82541954
46148869
82569785
83793841
6608253
82792571
80770887
14473725
34088823
50390665
3210441
59475523
76393520
81455995
23806175
69866492
31582998
82830076
13820725
15509492
24947667
85498605
44955097
18734899
80381198
23127112
9207757
27801914
30830450
52262788
58687706
68959599
91559441
55624692
8520064
64758011
12785351
60307591
20073458
21019830
34185097
66752773
54529612
4673347
77492652
32075978
88703648
16151292
69650755
38260495
27011721
42650372
73569076
92489336
18924004
10030028
78757069
8391945
90906419
31323617
23669979
30207767
8678476
52864564
332436
26445647
36923036
68854786
26558707
579132
21195877
94608888
51992069
57992187
55291548
94351659
91135461
85212957
54795863
94257678
74906602
2973373
48388177
8655296
71099438
7035880
65846708
62355512
87208362
44917817
91882085
31236047
73349098
28725821
11976590
13694438
45484272
19734285
49154473
62682022
65064866
31877101
67259269
28535683
88644921
87143681
56101980
6811621
72217859
2196509
87949878
3918398
6264869
25701339
59599062
65205662
85513934
91254187
38944926
90166645
42356018
965893
17803976
38191659
11648196
38200103
7741343
93167695
40360726
16997259
47121179
66013029
72983366
20982756
88593798
58025377
78017181
42204035
53614311
94020880
16617648
13417239
27739467
4744951
56333125
11229652
46672108
75609777
72695516
58923657
11566782
93197590
31201116
56353257
24373146
62959865
69303445
4982096
41756621
17220769
46531964
65321308
38832613
67998884
84918538
19600454
16730969
24476331
15511513
83302196
41836582
87791447
24216911
70019592
74527591
90628863
76370979
45331720
26504956
31301125
5966865
39677835
55628858
32393118
74708674
37612442
36018346
76737003
44294429
90141807
52902942
23227331
91652026
41671896
41888461
41878834
26991828
10646668
91364748
73093961
64620620
65006223
6008195
38821357
53896270
38658714
50333684
62781948
77286323
22159393
18544781
46075344
19410280
29499206
79110127
51899212
79740431
9799298
89182606
53739990
83267659
69844742
13757005
40246121
53036371
56778663
39549486
54537422
83889272
55942305
90597525
35709476
25654855
93442239
24044740
94538148
57937234
49897617
54716314
65223136
80995769
51882531
9044698
93972357
4946474
52015513
80941028
70274399
94460899
54825733
93816751
74954183
66669607
11456331
38368865
17344335
41528873
60378421
8256734
27220390
65072496
48064081
65150391
94401604
42808674
79336997
84189501
43562327
69766850
17415204
44737895
19844296
46249348
1326280
72307984
19646241
31205701
75897080
17048670
94317111
90428890
29234663
72379830
23670714
4126832
52599349
84160041
42725339
65686011
70654627
84694350
5655214
3316334
73782666
88107561
79927215
51604434
22968346
67474049
19300079
22547388
25117447
33428197
26150311
76730627
73764704
80266979
38505604
71796790
66226209
54524664
55048967
82049462
43239410
29689551
72941623
75252460
74843133
10744784
22013853
9248253
45348550
63928475
60870788
74848780
86253243
90926228
50927065
42997207
72185044
48489817
54433720
55790045
55451214
40430750
64277679
63261295
78585161
32165759
65966147
32134970
2050402
42656852
19962790
44116330
66431348
54152699
47444862
88979499
38779952
19576968
72436374
2942688
18558806
71084508
91604729
26959474
75660381
38379888
22252910
73038827
10594418
36020847
24360515
9874014
11811020
51326175
70331003
33116867
30197628
60755094
83625583
47018583
19515316
88416238
15941141
81084625
525676
66764469
29671117
38466550
17537096
84294257
28230799
65435692
78614399
92604739
14948242
76969375
17810775
16109767
47841186
30743505
65632555
3535200
30195746
70400277
12920442
53813296
43867965
88644183
31676940
62412365
62063529
62918510
78085341
79461301
50771474
67309783
4283557
82726486
34123014
86773787
