53988581
71778541
28735375
3267754
77524769
32714705
79864735
62678719
47779462
57738654
496015
34709501
39293240
22707568
63531382
90174554
57613501
83000850
6958822
47230535
38520515
59957246
16248311
49343967
28458620
16627927
26284380
20492549
30717241
50585444
88209497
52857163
19707410
4784222
15678887
68961159
41289223
71274089
30196062
16617744
58845824
81225613
49311622
33760488
44563099
68150736
14003312
72950110
56505364
33768427
66498402
21242926
86771356
2997904
45659239
33157939
75141706
84364400
81130771
81906238
18500826
31252395
69451761
40246888
9121292
1383635
87548041
14156614
77337431
20800491
12544272
82373552
47666461
51248839
66861377
77117374
91216489
68096240
12301166
78876976
39913022
63746249
22617323
62819781
73256242
56374147
14092643
88320058
54924393
76849917
62018904
74105437
89376167
68361415
91047148
27511676
4181441
72687814
82043126
92830951
36461294
24399462
26189143
37856085
524348
83506294
29325349
52767543
66238396
9583407
35019093
36741347
25932307
50471014
86153310
30194070
83788849
65487414
79348778
81377532
38156291
17243301
55235308
69593384
90144866
85749505
55396099
69271342
82742344
8114314
93049830
16167453
20522799
44641736
46818922
44061605
10158826
81435281
20722158
14614131
50760417
63073563
39245511
50311723
72318199
45456495
25728060
28921886
25094002
89574999
12829498
64270199
60530943
2154405
79563563
14586346
80960729
66341591
69959103
35494771
62244822
27673521
21307317
5134499
22969278
19205317
31028252
75252586
2121404
44750913
17681774
60184964
35178264
81158535
7698093
78169924
4576696
35751668
48574881
69444293
88089933
35354357
88959320
92924489
75858916
38639868
59017777
26936986
32892241
73861477
3016905
2504755
60119788
19938131
30234575
51692763
41584161
9286921
21187339
5690897
81426294
68544257
71619125
42542154
89925665
52836316
47583315
85333763
10304510
18196178
25382398
56932589
45553305
47217937
86786851
12461759
47878508
41769485
47774447
61556551
76898694
89754644
84485403
9377188
50122384
16453327
41813242
66273408
29904247
73939097
52711688
15850505
27433726
32351320
92209487
21336063
35767028
16799470
44968236
72242513
47708635
65012897
45512250
29519860
14858885
37861623
21823428
6461750
44928163
49847083
43261239
73281261
65089032
36689159
57506159
68029034
24628498
33960040
47727168
65676240
45930375
11486720
64314278
2589067
68287605
20636708
46997684
79477756
87516138
71363939
51048385
50298246
61545952
6489942
30764119
45148346
78863876
3352310
15524547
40642827
67066188
31768751
22400509
53614422
2718966
14374346
25294315
83850298
38637997
55858245
46267416
32150373
50324132
45987746
75427968
54930671
32746652
69757276
54342067
74274815
13909267
41585148
83280631
1265661
51670651
70398993
79367056
16705809
10752443
49808588
21939446
6163227
6978635
36608848
67965723
10948299
90432644
26612307
68231296
25351129
79825089
69706191
83635882
59250433
6540121
55178245
82371171
80414484
34979646
39082552
79114298
5978763
67713674
73211863
65641118
90209717
78740937
62429589
37974585
31217896
14207022
83168003
18962692
33940002
59826178
72430790
86311
62642487
22541978
13337642
92651409
4758231
40386210
10783920
27225036
14725216
8526946
49512778
37608210
52414063
44065722
69223747
37607014
48358276
35646563
16931252
25403184
90425214
76774317
86424924
78716591
29724954
20168607
39061240
12481914
77913626
72532750
43791263
72786133
72770862
49503993
91042922
17263762
262392
920604
9842206
80625579
9226774
1907668
43494132
42076213
55201772
36368444
72103557
90889178
37332389
71386439
66347166
81626192
48101670
8934930
59471632
33037209
79645891
86773369
41326405
70501757
19884860
74192768
83672345
86139950
23930564
32751231
66879306
41208942
59264993
14265769
78592021
41816585
4373823
51058175
83319926
48071517
51124175
17283478
578804
60271754
69524596
42449517
53705296
31825596
91552165
37243283
39943547
15879983
12341940
80377043
62710169
56396138
77462287
30742108
92111155
25765848
85167701
85677967
92126124
16328312
80630425
23930166
41454320
64788788
86611858
83876133
55513055
1106482
1452946
77062424
60050082
40478541
80654919
42074842
25665986
7602370
46962522
78387390
37620974
28739719
3154544
22676977
70848331
86218965
56152592
65196896
92962722
27373043
48204354
6899784
29103544
49439914
5449399
88700072
65960631
88526451
66612935
80540067
49058212
18595011
41830185
55133706
11968025
86738471
9471353
41748107
29170703
47771585
82963257
3074444
70690956
26548479
92414824
16754657
76025996
32955823
1065843
55411121
52803851
90553064
92719083
356029
30483243
14207060
72164774
25384780
35705966
15698707
44928166
15204058
55553667
62891976
17141782
24571018
38997738
9060381
72277617
52932004
38412363
29087245
35475220
54792364
2095768
53682689
1550204
59944552
39291192
86005978
40409278
25293646
79530944
48336933
59991401
52966982
92030036
10633441
58402785
74346101
44844532
69469477
62924289
91760519
35984857
12355459
1616436
