45308030
79633830
86856203
58134159
11946782
19110634
77799043
3634166
328230
37733776
20981196
52383043
41777137
81556197
32249029
67031697
71952085
31879773
37343536
89748035
44072275
2109289
25526571
42248578
13228536
35134327
41798600
42275708
26126950
48400809
62254281
86888642
54768828
26441602
78699006
31608642
36740198
72137552
78664062
72089638
57912037
29134837
64492576
22547894
91293892
11702234
33718356
73616547
51782449
53136181
62686919
26803560
27386227
58928052
87184774
67930620
33425174
28111371
85236011
92380563
35306518
12829267
89150868
60927119
21007968
39995156
32662986
17329966
58669191
8282501
16348081
50903966
68016555
56244496
73509553
4373015
60095474
61576059
50752927
39323771
10172630
85631729
59438887
11260498
38852373
59271179
51613143
89368638
55477138
29228190
50511150
23262850
73168336
53023856
17317403
59784650
9573563
71637672
1324689
89128273
85411299
34292248
24145091
12821077
4183155
61341660
15275380
91501048
39331864
29799693
55575341
17858135
53150732
1891048
31524
51807262
31725267
2117589
38721954
19446849
82650317
83919972
27272340
50268827
33553788
86246496
75655341
33821936
799601
69101705
62856976
88432677
63466041
35939642
82122577
41213197
54870812
62185398
35061093
37506065
76305704
22605434
77449183
78611624
58011681
74818698
23955469
50556364
25767614
89378762
82262901
89784493
68254095
4436503
33886696
6208961
88560399
10266424
69469001
3481141
89882172
47917816
80265106
41292906
86834437
73585136
70200594
40390682
40546400
75262203
30926212
86917174
13387833
565345
83977210
18879891
52150141
44360038
30053460
60827312
62550231
57294475
50620783
10357778
65481147
36261964
71751513
8845179
33505271
24101132
90607196
89885873
72464905
7080442
7622826
72368004
50743369
52654394
69998399
1912392
31921768
76432092
59832312
7594291
7040910
48395971
29450098
92322507
20380862
79217620
76545635
540688
71066192
73355404
9319209
49742369
43689311
20961684
15459504
44957348
79580488
64428829
32055288
87027486
82121801
1332369
21512006
92391618
35967934
67935053
21785580
58125692
61103391
21108352
23914
73268608
35178198
35178203
25510252
30871922
49223513
27217842
19202453
36527426
36547640
34610425
20743695
14217612
36104227
85814353
59416301
22380787
3998926
38812624
84718281
67857850
78930998
28336585
45948584
7923024
25903032
92909191
66192057
7529804
11659857
43011262
77307925
92438776
65739343
1105151
1037649
46657729
19923255
13895716
36917006
46948714
44854572
23041974
47172902
50405390
50179697
6181709
27958474
33604145
42683204
71796343
13582940
39892440
15471642
4609426
29361221
55040901
7980106
57900874
67164919
719429
36561324
90205404
78103246
22074939
45923129
80552282
80153155
26805501
22139583
32878677
79675141
45658860
40638255
45960733
35362485
18691396
20215179
2991886
36963562
3067775
91281899
63239904
48844792
10394973
53660255
13571215
86227909
90911764
92905206
15648491
5752715
27130999
57290718
79587541
8649189
83684490
49581061
4014571
79052328
16653098
63763975
35298922
74109439
14449513
48348064
76700389
90784561
2177287
70942603
70942605
13967097
31284496
84891818
19031036
37087788
17383286
6366935
60372264
61487966
81263301
39945385
8979124
81041291
13326896
57441751
40906886
16105323
28286890
10511822
63478696
3917736
37179714
10172624
77697990
79808229
55553651
89489870
6788497
56302221
24890520
61550409
57942673
17052852
54740760
35964329
55505249
38357319
37969874
59891097
68711657
11895694
37775341
80002318
73186663
11164329
48235834
19483672
656229
69033399
49318806
12825770
22051316
28811719
44556492
5838494
63970781
10128193
85558079
27717272
66084641
25302535
86997912
63560208
71903554
22051767
53702649
84296198
19087975
39168868
16145146
64209398
91040073
73924110
28978723
90690624
35314536
20689485
68733726
41345073
30591279
88584660
75672042
81229282
88964153
79242197
60402216
42041599
11980224
12491849
26433471
31332517
75171254
92455988
33453578
77990151
54250938
46732508
51422951
29682984
88686347
85111308
74704191
65083803
70146700
35835918
45727843
24383026
38495385
51106250
9995768
44433444
75008913
13050950
69310445
24485180
16602373
31491943
56707084
28022965
81762012
1320388
91763896
88674806
58895159
32029025
64931539
56185012
41857285
53982744
6328194
9392186
77946137
17380099
33821050
51704830
45832500
3247378
50611953
26148022
85588095
18696220
28199506
73336341
75361343
69237183
2307548
61631582
58274854
37709261
45793974
82869278
3253635
67351416
91969902
18165271
70201895
7966435
62770314
67150314
5752718
70185126
90344015
90151208
90151209
38986987
63405869
56562279
61479580
42280651
74192855
39241992
14331357
51823397
17232170
62369929
