75455453
9646568
2381254
77174161
58046899
84615756
73741355
5693063
5693065
54067745
71611970
1000692
42810853
58380521
56496973
59407327
38424639
72500751
64275688
55633311
40804228
91597132
65162384
34610689
28641684
70475135
24265207
64124757
79901230
92583339
90714850
21540144
36631749
15558496
26656670
64249876
29495640
30163083
4666438
51402455
46384746
6926326
41877981
45715737
4099052
30946914
49322287
51074561
4659783
62233246
17342652
7849288
21517953
22110203
82506199
36313139
79076679
22922883
39914558
71461372
78168254
58991396
71508677
45035080
16487009
66495187
51854503
23651835
50717144
4661472
36187944
18778894
92415139
52002704
82702272
68132008
1622257
39011858
6675520
49997529
69988557
72486032
46958253
13842362
11743188
17237817
83474102
17392820
32803182
28755122
49797025
71460067
71867593
26989310
45643816
67250704
80644239
29466405
36673421
55533600
61278363
90259203
20897441
16938137
63149853
79146426
7955931
63606354
91311466
76089722
53635234
40837850
10621560
5785848
41497948
11965490
55978424
34862201
8777244
29094708
89630178
49113688
81255246
45394971
72516348
80282909
11682047
28675559
84610752
3896147
52519442
53460355
32565734
54329683
21833795
70063264
60755300
92891916
48341930
89985101
86702797
81707606
25374386
38999585
29416158
69634743
28434593
46140075
49864278
56381614
18236909
75684707
7921157
83538581
89337930
26261163
88801093
58144712
57603635
87546804
13200469
83784882
15610588
7546091
27749157
54925000
55013250
83851281
42409194
34224127
5243366
76752441
28817187
51255838
38001911
88044123
88318856
25145108
8928082
9428001
68389389
13553695
43826172
91308930
8625180
753584
17774085
58835323
50604319
50711105
63416616
12357383
75657145
42752469
38927951
43138444
33791225
29067209
26193974
35130310
36257123
30149728
82740494
48207532
35191324
13618389
10688194
18087384
73410511
43849597
27045837
77121536
9543545
43036127
16832569
26887445
22075828
14232721
27533403
1953808
19743234
1254664
4380237
80948225
36349132
14019727
53940949
46991447
65939511
3093285
53916040
1957308
77369118
28646988
48747035
91009942
20410975
51790362
68979907
32585495
29673646
88458677
66858589
23990582
34464681
19968657
54015580
41193092
78262179
20833971
62683881
42947074
18971382
16115493
74846253
31780971
55582019
42810806
29590548
66329022
63252092
44478366
45114911
9925043
14972590
12400785
45317458
69179423
87030721
2377372
22862764
74527235
18942982
76284042
77936814
43194610
50181547
82034931
8602173
67266460
9470837
76137874
74566569
41297087
33009453
34095436
90594891
6284047
55124629
62306242
92198566
74833872
87502928
26155099
38942061
25653698
55086398
86737361
42272325
43507988
56992634
2731592
85453342
76663479
64871920
51630633
75398390
52757973
75635727
12950412
20039034
28794827
50946387
26011896
91882639
42303435
69019076
64548754
48897388
72435072
43264414
16505063
6583686
6961105
78438599
85197003
31299864
92081621
29040493
31348241
14957918
66941121
8124424
51886133
62540618
12476004
39173218
30851447
38935664
81764764
22028158
81724581
27324627
13249216
45437432
77167131
32297648
57516303
14759949
29045606
4666254
29578934
88112873
3453779
69970062
2088696
70544239
82462055
39502634
61934663
42662584
40230460
32011803
28847510
22665069
40960438
42727203
92373331
8449415
7407905
64524971
53680528
24188839
39554085
66677358
47293558
44407501
82777557
38360801
43178633
25178029
60157217
20005979
34819118
37099933
37607284
8470211
14107348
27428382
29085065
49262189
72603298
39655219
81253753
61406098
19249822
23282492
45146402
45513351
39616994
75411309
16601292
71824769
83288792
50428145
45469776
73620148
19616785
81366388
79334801
15583200
57364324
55226648
59559880
82235727
84452023
25739988
16392576
38595193
419979
25571550
33390458
77443167
89539596
87922088
41241421
64539149
66144827
6741966
83451446
83473303
23729631
750447
41813581
15518489
23607529
35494303
80569901
18834092
87180278
33737569
85506271
37663779
67911491
13235057
46167316
70723600
21173950
1902930
82301830
22530655
27950824
23357707
75547341
61599201
21983064
81994278
63894314
55777679
92483031
73309341
70070578
67939276
35830478
14429826
26081680
57835439
78145304
1026013
34769436
31610521
43724685
84282025
584881
61203062
77594459
32929106
13396730
68818249
40094899
56840037
61412979
6812674
622525
5916102
32823601
86605341
58864124
7956419
31940261
47661873
30967677
67690673
76267399
63168248
71848247
33692906
87885749
3079182
84637764
21611642
10153165
22162325
37752921
73507906
62633663
26129898
40741255
1962850
13794559
18810671
75018189
85905660
42609159
69691276
75366966
30490645
87033826
21068972
42988892
13419516
85977250
16575489
3726051
45067392
92375214
148458
38471485
77334187
15975769
81981811
74016472
43003845
35229597
7431805
30904550
59730582
25879571
61609464
93020639
42261562
5881029
41932632
82653649
92913487
43631086
83863977
48127404
92586273
31077804
35375121
14778725
4015869
50887351
35489822
17203261
77871552
48477026
40164780
57101034
30609344
37504716
2611864
73067356
40449923
22552005
31913095
43765397
70879834
79090234
66759201
58361267
28671231
75876369
39947845
2894778
69473837
13053875
80282448
25665616
90047913
55806222
50182862
36125009
4211050
47728100
9271064
74182053
47723169
1826361
69390440
87750752
41436384
18653459
8124149
8897715
74036714
59081942
27575713
85997245
16785090
5244058
9517557
64591361
65612189
57994114
34926256
62427840
43764726
33481701
67302767
69265416
42612793
46231261
29786958
89292522
32495741
44523204
29550249
86197349
51723616
42028645
16613782
15963568
89178488
90311872
76689338
85731220
42596376
39098688
37353299
54731933
25560062
49027212
39163484
44320231
34609724
40258385
51932307
28750532
75858320
45226345
32053552
79810360
14563223
23007831
52049858
83758642
15871774
19293723
23280803
43601297
70480748
28244148
86884988
72047212
67150106
74847178
69103179
16651531
8737834
91414648
55854503
19842781
75264563
32117850
20749589
17978566
87198043
16297725
7951085
85836259
59025193
83991368
60852047
67985560
6617292
21296193
48886925
20137433
25272581
27453603
80505976
52646116
39497210
81802773
70204746
65367687
16842591
18230995
81848922
54623889
53309808
56766287
28619168
12686295
19722037
17136793
32185616
13312219
50023380
76913601
72521472
71398138
21999368
86144834
57366840
8102515
80270202
30477807
79664968
43163520
19676037
14048577
89006443
51200297
26741806
64640117
28123913
17612010
2086407
53170796
88843326
74117833
20940922
39330080
86127693
48434261
60065599
555280
9111192
60299955
32209483
85723645
17774088
17827234
8127237
26636468
35186557
80510410
17127784
87971684
4951340
45709098
11731621
12201202
22191671
53244783
33874936
82831049
61877477
29637078
681946
58032992
9994814
28912106
74487029
23871604
79144831
75881863
23641874
11259171
59902735
10658830
72929210
34945304
89850995
84040603
84164311
4086796
58556739
45650741
67414795
76247653
86269052
69225387
5459902
39405641
19171813
54156445
26961037
13660587
40764103
54938496
67152951
73818184
81151991
70634748
85899877
33163735
46614220
51436731
73632387
12455797
34921025
63103083
35854604
90974784
39831654
67636958
11571603
47661579
24457719
61247278
58322701
5374395
10533272
23016888
38092168
48561775
83948314
77355405
16207085
92028779
12950306
7550775
55830545
21767494
26565528
52102490
63915215
9806991
70364131
356076
13675213
65610717
76294159
56563420
55189405
17240301
7936534
92862421
30797110
38023416
59812042
85075830
78662129
81694978
63425977
58864798
47248726
89101025
90967556
47087730
48093132
73435144
59766479
47329261
41963130
76885706
82056855
87548312
38982324
55891313
36592249
36731331
22218787
89184928
35814437
20113561
71778989
33848492
62724623
77688867
92357025
85252638
92014570
14067134
85285382
53874582
49737356
62148587
82818909
46294170
25767850
70238701
12245256
56265045
87396387
41529625
62576697
6711255
67969284
49182870
59983306
51714023
75147241
48918044
87184275
83093795
44895460
69905369
76479458
8401617
13845847
21452905
10596384
76389830
22550973
84971763
38746765
25871893
1267581
21403474
91359512
65784873
52808461
48933870
14412201
54245253
3240838
36713462
48493984
11179890
46534238
42466816
2747787
84436184
86501074
1958714
53640531
10805751
55753231
1195885
26411024
51203773
67422122
83630521
14134626
85804524
71737578
11375651
38647149
58109822
36653533
44766329
8707753
35886335
51173917
20235428
80342953
29205900
12621756
77964612
6624769
80168466
30422557
88952200
1029017
51865364
29276356
17053061
84114387
48051467
549768
2413993
9654904
76347565
88007359
87208410
30813732
70921887
74684403
25303908
65493458
9425600
65548275
67445345
42788809
42036996
19230266
263410
87500273
41476916
87102722
30858183
39683825
4942819
30492478
90450726
64166975
53026140
80253925
32227940
11049375
32383413
64300081
36139743
20495398
79135586
15331534
65504185
59175732
72210200
48965367
87416639
35972930
48486037
18631635
36662664
67039598
21708353
29558775
30030289
30508526
6832233
86740689
14048648
22634534
47881342
72844705
29729301
67006788
50399381
47615452
93047035
40920503
32655285
17389595
65574354
37807272
67968898
32101071
5354198
31749855
65427735
34684262
52037549
32281408
68861683
26093655
50136211
68625905
11747203
45111976
66826110
8775336
77049844
4111410
4712282
47471379
72497104
62323208
29788587
2154305
46767558
54273277
48026678
85640743
47635861
38038205
77834521
37957390
46409053
40843638
80852967
10286117
88308355
79719923
73371393
78813579
13456496
34902689
10230332
49899207
89856309
23799920
53840248
82605185
60999319
34200868
2711683
10571899
58131400
45539023
74348635
4701973
9134080
53299146
23773563
36242487
56697465
45832438
30651824
52935866
56275107
43473356
75180679
12193519
73550258
30687942
20887613
17708042
3376842
57684389
92918500
23674923
62363124
28655391
17029148
2391166
80605514
44884381
63209792
86138308
55397942
65831169
69556520
71776592
29796700
84927450
70922558
84848253
23410405
63463984
68313892
55639817
54155173
80791100
68579166
55922696
77622196
69887328
62386885
72643080
77765731
51761765
81364552
21647540
15130292
7216558
48827932
2376361
12147570
44751622
70116992
40574626
59093947
56536020
3870117
44080745
50349471
65417680
2474063
34483462
63160234
2072816
87652351
76885747
3773241
82505189
54838508
1701026
20459012
80386164
66445100
20296673
25381618
37700032
11828459
18760144
52941787
59941253
37611467
47019928
13689723
92742791
74844839
32946230
55276718
78860986
87794520
51577107
55248597
56242386
27519458
21470009
29862151
8219865
66673833
66128724
70483879
63903441
88337778
60239812
56392784
26660857
3320024
74130882
52571450
68042342
28195545
73413753
50052962
90945343
79780762
34751399
55946851
40346427
27580386
75016103
74090796
27957971
83376365
35850122
6037746
33335623
10120270
77112225
62580439
76920047
40383780
71141029
42858677
69652817
68043428
84302224
42664793
46655184
8590737
72378377
92861063
24995999
2104535
15599782
25792619
1617342
77387226
91576159
27223435
13921205
21683842
67500521
35932435
42914447
74772270
26528265
71581065
66753156
44168480
83461316
77937523
38103323
56985044
91588584
44684148
36426909
85963442
67968397
25904861
58317805
64277309
61352475
54965350
76693899
30613654
63716968
58459609
41114430
58158242
8438875
9950198
8796427
62051138
56331502
34838443
33449910
43473266
28017702
89952899
68326982
81019737
52427894
24435914
62887358
80792540
36524125
35195551
51447567
32275507
9138566
33725663
5103783
6835944
33426132
52231008
37323074
2458957
79693331
12207468
36873085
10285921
46573164
48273729
81591859
30316401
63976286
71390398
34977321
1203329
14600808
26984178
18977239
82542296
66947760
31142606
81037284
5153104
25102447
81942164
34360837
33975909
59581553
37344583
303500
59426985
68115
62462056
54493244
46828222
48044703
60050990
38564203
44098749
85970042
89735007
55324244
89729897
2275868
80243752
24130799
72172175
40734980
57967004
69894040
83776141
39548583
55586657
56404999
19726544
4786231
80221199
15613634
84698795
23766058
7032628
64080808
58879863
57505277
4983412
59180497
10267934
33822565
4583958
22905582
8338099
55383706
24336292
86273847
37622158
47836290
1616568
80471648
92325305
32886618
71960928
76986005
9484235
18042738
36514768
23471361
82103340
21316241
86615268
44138747
33253589
78311193
72090231
53928499
64078753
29415844
9850240
30966604
6143712
46119746
31816678
22987465
20299777
79233419
913315
26076698
24793421
29482793
71163833
75228451
27047213
91996675
2684508
14690685
34536421
36053017
76703791
63453656
72307656
91753163
48606072
10366981
69048275
86636286
75175467
76502703
32170697
55075064
45305079
32262104
67352990
44292377
85884297
82917017
87351650
43053102
53532198
16197125
4669232
61107683
52883214
91524825
11836380
63140360
18152612
47704293
64902951
11748772
43382257
67201617
391888
74332399
54683550
93041727
29086768
91578383
2027957
34577732
42241205
87464209
75406185
82098085
6151922
7568997
9540168
21692138
26911835
13858558
32152847
35705005
75711871
67452358
8953833
69200711
41359414
70995324
41536257
50519619
67572798
26419099
54160983
62462072
54287818
53447585
5191865
33655751
11124342
36310693
67930372
73717531
23631199
63459248
17082874
13946207
323336
30875544
90546396
76048135
89302772
43116517
68286485
10017787
31769131
7386551
27537971
52660856
24980416
33234200
45116953
35143807
40676518
29161640
56053098
24588212
484276
12566663
55981575
51538651
67566931
14503640
16342586
82977821
77069464
57950636
38053170
89225687
91350130
5563539
63364543
5266062
75780973
32588509
50921105
68586044
72401881
35892984
68090168
78659891
45695221
91306751
82124388
35821666
5008485
19982077
86655918
18615838
5814376
16354731
8841646
67051572
83297223
72409677
1023180
8518202
85004174
76650257
41794183
67112615
1080114
61798615
46183124
572567
6028253
4670506
781272
75607925
65999565
68553761
62948416
5246695
35509292
30845247
24306675
72784839
67606734
88935855
51413420
87505288
25310064
67991705
51786215
35892078
38116236
29822766
60552875
9810152
34998565
4831421
56273583
1876247
23711274
83099467
83892051
12487906
49117814
39701749
23250136
30076854
17475285
84652003
53781440
37689218
53540802
80789951
51047586
66762607
65462635
71788973
84899261
78640059
10159851
64216237
35953854
1676151
41812677
21031518
78802771
64464409
89581529
58623033
11064892
81439846
78717149
86238440
4367389
82694686
44807215
9794636
81858182
57226675
37436257
66658110
44263341
69050764
47480067
44399032
31149597
48663277
47464967
54708499
29046070
82312929
62853902
92780468
60603092
12295655
43508877
27107558
31723344
35171360
76794851
78896281
87716515
7344291
12480208
1204044
49657787
88311653
1925621
12147184
18273277
54898859
5502409
60579466
19865160
62115104
92097726
32832637
51942800
40109377
20371063
40674018
55933073
82008913
26902231
38335380
41904935
62375238
66851236
18997755
52629116
24514379
84351503
36373193
3202874
40836054
36035928
49600943
6444123
17542937
73251738
70251944
92493200
58678282
65492711
19790920
21792591
65354257
50187393
41494554
36308147
86432465
56964460
89765220
53006532
58029746
43656726
52005876
60048898
73388177
3724978
63636523
57071972
39022918
44970169
18174523
33755749
88778558
43976125
2891672
1339131
59615015
65482637
71824936
58704799
37380958
2684197
44484453
31257702
83051586
28464306
50286674
21451273
73191440
53752308
15596671
26652343
30666503
12556571
76167652
59113740
11919122
50629642
89159082
17244581
1030282
13201364
13518541
88381918
75490289
52551816
43801100
69945935
30265971
40454002
14109993
85752950
53282306
38885565
47668305
22747407
87971370
83599952
4518035
39646681
3027248
13079061
86114952
10617886
1214757
40851053
85920056
54602607
54838028
60002074
45439092
56148391
28587464
13987694
92780166
6536613
11012367
53473561
65235663
71420195
4637221
77013160
87543782
23148390
43673795
47306077
91504250
43003333
54889499
63639540
86065927
687080
90883227
73096160
38361187
77114046
21508199
93067294
63883191
44730298
47079042
3238088
81556223
25484642
84618295
69118304
12762800
49931157
47360561
77377128
92452090
69388102
81746232
38880401
14229234
29423327
19850195
35391391
47951077
93077976
69473383
71880362
8920938
39787569
72036847
14341960
31072392
36113155
18261373
39405546
25612989
6922649
68731679
64233109
39318018
67638049
11416339
82587330
46435751
57681839
55658162
2195597
74177464
46951628
87338729
49410140
6471575
18268423
8940910
73961685
52732863
51605140
44366847
237399
43926400
25757961
30900683
20086884
84607227
27432888
75178421
65375158
4036102
4501388
34806074
10269884
47846595
87190377
4295550
47833938
31472666
10521909
69756988
9892763
13246068
16868082
33938250
65030764
26567777
17153046
18334189
68846364
88842797
79300586
64732546
58818893
22719377
76012345
1888324
84246510
87672875
29985210
82787688
56545314
61783439
86138447
40505850
36880649
64872248
35161494
78398060
82410614
86210873
92045169
15958551
31117068
43882954
72209884
71579255
70247567
20416574
51582647
55758655
74591355
67468224
25357113
35974603
79485024
88397791
73475113
23752136
25648371
23506668
33493139
83494435
79255641
20726160
86477292
87406165
3543614
66146047
86529546
31973991
15734580
26328365
16821815
82533779
11495090
53534889
6032911
5509382
42301270
45604901
41221555
7823303
58098764
23785516
67102080
5861057
13186164
7700
1738282
32723829
6985430
2255497
34343291
7970243
91009174
53360568
73631128
3227395
73235811
18579862
597342
67560623
15250787
34884487
24756167
35882050
38496670
63839027
63741106
18457540
66841120
18684503
28924818
11057901
26353533
23307441
52165538
53149026
87514101
11122954
23300330
2790952
84383289
27891752
51093004
34689889
25276938
68330321
78990138
14622532
46368034
75482575
67605276
87028639
63555455
14037709
60921857
6326527
24800418
81471638
78209690
10182654
9839613
26117538
67113602
58149281
55128198
80236308
39429479
38329096
74799960
89985885
61110021
76512157
19933923
22083341
6407474
12930952
31746560
7358789
74372664
30217771
30914640
56062381
14797974
68303947
91817946
34030047
46859522
1146796
679065
9075959
87581582
51935096
21350996
74273059
33809770
79968491
90027967
65336702
7182629
80789228
7353890
31850169
48738929
46177763
22696145
68771193
38916594
75517776
4413129
59417714
14406583
59737012
73449942
85123051
91853126
67836043
29262292
51298804
83314188
3958501
39394691
14140275
42424407
28655943
8427498
52541244
12877650
77254002
77440478
53533076
60478385
83736941
87054508
954997
36426530
10265363
32422367
26920036
75222263
20444083
30929470
28778685
31456592
38281493
56860624
24097890
26287029
88636823
35657139
92305604
54491244
14142668
24340474
79527535
54772219
61296
89626491
28720946
69774691
78682747
5607437
5681663
17300025
71432380
2018820
92399890
82336982
89742904
83889402
54707687
38724090
22901841
23225984
29060360
8552919
67666816
19551603
67835859
35263367
75317783
13386844
42284928
92318282
41019062
31044276
31895839
29588252
55036874
72416551
33280505
84210906
64633838
64915288
82407257
43860326
67806163
72216399
33142252
30322376
82193645
17721074
20852144
12803316
38374124
31999614
39471143
36166980
54763652
85306746
69160956
38002948
16719810
80280422
42065226
33893780
24215702
14692398
77818813
31804876
75189987
64209915
73368243
30402946
38181121
68436030
64438729
23462828
49258148
43897855
63918577
45788399
6069029
54659605
69728713
64289349
4842877
77999583
62678899
25114617
89279008
3262166
32442847
11812584
4249226
13971969
10995440
30108650
33141565
19931761
48391661
34047629
4769105
81407396
22420982
92399138
9430801
56367528
6832897
71685739
75655912
67477891
58097409
73947528
82763343
66032442
91431983
30925616
34216838
22718888
41742366
85665313
42715235
51472288
79320678
92723371
85993211
16680625
25187643
35917269
91473452
59413939
54297241
88304482
77391806
28207195
46658697
29393914
53297798
43385703
92153701
49167053
32764409
23713206
27543632
22911483
69088515
18607613
39373949
88208298
18357633
35239390
54637107
81606766
277701
27378737
62796234
62482739
69294190
5581492
887126
74559027
42082791
50083095
75786108
51369297
31584420
18461083
76206073
77265723
41435955
44190786
15693877
30663262
9375796
74749071
53692335
12446319
20972437
78210911
57535081
82866224
61594874
83488130
8445628
50042460
6973504
12475241
59315686
48253144
47326432
89371620
35005910
6975365
40598605
7913107
59627887
69762266
24166597
9195453
35515785
51925397
63880948
69712839
88233097
5115206
36779387
32123580
19176413
92893364
26930883
58859818
45718727
6281855
10361668
86126427
7229523
23073645
92971115
23538053
59477032
52060811
42930794
39344368
84180378
5393592
50997066
89749875
78369962
435938
91366257
14014009
89146919
39434449
7531843
65689001
72529509
44595341
68464696
44728482
44032396
9545296
5144397
41873869
22352676
48039377
30040540
75909889
49850306
4977931
53325364
51505149
11879731
70246952
28670726
646146
10095640
12123210
17795925
41380047
4942393
72184854
67526500
16720836
16932589
67401126
47850607
21150219
28655469
6340143
21515077
20185930
65579259
55245540
75242691
49339724
64441419
6979801
23740911
17364349
76945257
92110948
66505604
66373587
21981376
7944333
93016629
66372703
15145343
91055773
21930979
68833196
23369046
68600173
54155407
55011302
74612647
22321220
84403761
87070060
82460344
41196791
57537541
28351414
66123701
84715182
66045681
79586467
88012455
29262502
26099220
54902328
88589277
19217315
69170791
2684550
16442782
37987836
43125790
20650505
24383785
1260238
88362490
14578044
74629258
20558899
81484165
40044285
10023135
28410008
274585
15752244
1778
24632342
86416091
29965160
27009380
62052619
14813660
23333956
7397187
75904339
76071485
60492361
81139946
81827218
69656385
46732472
59129440
80782744
52580726
84213812
74987819
87057574
85585543
66545951
77950204
52645190
47138573
37973886
18223533
91684365
64072091
62735093
21748574
47902498
14014849
2925271
34608283
39878382
14226825
23677270
78669688
7610643
80820513
35251563
54666283
90332259
5669190
32559028
38161784
57608865
60065274
50917334
78625131
41277832
51560891
56919421
62743115
46795413
60079252
46634157
90563180
8409000
36270565
70177233
24104162
27730896
84374850
28523585
85372303
63413638
72075848
37406897
21268236
68211588
91428284
22670601
5851836
76589801
23802797
87865540
72004589
17790717
58424154
5750811
42635584
89292263
21156001
34660222
52259577
55843818
26851889
15325733
77097733
14093269
51031070
62531815
6423916
18147012
78140282
52124190
66658358
65178023
20006612
61624543
77127285
18382226
67162354
64161562
60852718
52526915
35902755
25492945
43836254
72635922
39445926
86622268
27756805
5834209
51457259
86655257
41961870
61274913
78311856
37008487
22829196
16458951
51380260
16872558
17570510
41208452
28703956
53479248
63772631
11375442
93028700
33305949
16562386
5517940
71218782
52266858
26141248
27891596
25449563
12153645
82913611
58262702
18900139
69713125
68632622
52038579
55458414
3706164
42440828
91203019
66764136
84418757
63007224
23937239
67756083
71860764
66173932
15586053
54088278
70743978
11958171
58562258
10765800
25993365
71063490
36350498
31541550
38747469
17031463
67387716
85059570
59100375
66769213
15375846
88897518
18561262
49052245
82529380
5826284
77943399
80277901
51060655
35877439
36099032
12531430
40071294
39963802
72201249
67408132
77907326
49039069
90896231
23973405
40705273
31419787
39900763
21967705
92292652
11507412
5446750
78612897
22280050
82375923
7720971
31486133
15707184
54897081
39495577
16207222
79456939
76167743
66648313
60235906
1498119
28358188
89890120
3019093
63777653
87393112
92500836
87593181
69916759
31045373
36740929
73831546
35706892
91349080
55012806
82071554
32430256
86644622
2006021
44117647
82566887
46177768
47905385
24784834
78475009
17063494
43770677
59896038
26557288
42627775
11449895
91719770
22033361
73364009
54718870
48748752
21494277
53246456
46772139
37562877
1706768
52614353
51703898
18915998
61737649
58101579
38606329
15414145
85540615
4323001
17934770
56347288
23359164
74543329
76129928
4964520
30270846
20519885
67898922
65825803
42808951
52561429
12815167
41879011
42562654
85307129
27222201
62209943
82677438
8172336
11940463
26045279
2687576
89682754
47638240
34769027
86439697
42063977
45065963
34207213
5267733
85465133
67521979
89820838
61788239
30574281
12626235
4838600
71722279
59011638
15916133
69144714
30991693
43055439
7240350
82442630
44111875
24217981
79414117
10580337
49410385
35631455
41466811
89338677
5103785
44871602
59282248
29792963
17269854
85629205
71672040
74698305
27158562
65446604
74213284
28595441
39056090
71493959
29944622
26954035
13701560
79240545
36717617
60857032
56048439
76236835
8617427
66362471
2935214
48718512
85411567
71697036
75383405
49025199
86338187
43213746
80247660
585699
29710127
1522737
79961093
78776096
39204822
22076285
17980131
8404785
61935166
9409206
81738170
22345311
26295694
54825107
63274245
34370039
16446122
38188692
27638339
84616855
38169675
60173139
10170538
12840180
40261300
85343535
42448667
19342914
1457607
26050255
51380127
58005713
77308078
42508493
52917013
63909134
62726171
82176939
54674841
6494472
71017348
5247165
17751492
8085472
50521880
39218631
16728871
73645149
37501270
2888533
54927976
88897589
90013859
86742672
63649760
8990356
30679777
23111747
50085842
9166959
39298357
27060309
28182726
56594045
72742490
16463591
64022115
22732448
76247657
88403459
35387170
12383872
76422190
71545483
48415251
66368529
13986817
54555822
79609883
7058279
46635634
23541025
55568583
76702396
28574709
18630632
15045235
37011989
60609982
79238283
56751725
73629065
36639572
85841071
89826583
55034695
88379516
24938841
25090816
78595934
30536288
21861143
74667034
27856195
57509934
34293484
88844441
7740035
4802800
83169540
53241745
48001415
18337921
150225
61069805
16815846
85567656
5837893
363377
27068926
75589115
14521955
48246316
51654611
53542092
6565269
59345621
34445371
81272266
37777579
67810844
89216650
60955952
54439045
78694498
66064271
40208899
60767807
65440357
12452800
38796156
86421251
25051258
5621855
24783409
12514993
37649942
56596654
21168016
8007060
40064422
41323008
19695027
26797825
68656810
86109294
21966513
46837176
50553693
46032790
58044730
81527491
40218864
60480081
88888776
12998088
2560512
92477324
52660513
69372543
33491962
68846374
47397728
92532711
21499664
27595919
83933987
57298169
17625587
49710491
3341937
49100693
31417845
5078414
72933415
72519951
30179288
27526113
58122358
81550113
52131040
92654863
70720086
4613342
42203958
11707729
51160230
75133141
5623609
5753628
3222060
409917
17502883
12864491
56626135
46684564
27362829
14109779
20095109
63057188
78145326
28291046
17031376
23276993
45682374
87749919
16041500
22954644
26102714
87668276
58232614
31644964
16688261
49983122
69232666
43159644
83387505
34270139
87696828
63058481
43440365
7180815
75409008
63780423
33662120
28991373
22457655
854803
39847202
51533491
86957005
70521944
29511061
48833062
89394694
70296784
62808190
2925101
84670850
56480965
36834619
36852602
26065452
80949306
13202234
52735404
60169465
81116733
65536345
54230881
28054528
50947814
54323289
80161236
52720412
15410423
32404972
76496379
50283539
65698662
56155380
80481260
46120546
50886325
85921552
53040040
6774379
88636968
70371742
57145711
92755851
49938184
5074344
84554816
14966562
38597926
35612159
2891876
40892867
58087740
75457745
12597109
73210488
85001763
80421877
83571559
70474578
52774988
33367776
24839298
63277003
7289807
35426246
68801746
7971201
44805177
76161394
6067243
24668068
36737342
4443308
77622279
14464515
3020205
93004287
81945233
44911538
850929
47413621
85941814
20668116
35045931
61691154
11616322
73033275
79182704
43807277
69532092
4746346
88153837
43828291
71026518
39882991
47517700
80338220
23462358
57856636
2198446
1346485
34836863
49170732
772688
37519575
59203105
40075660
50009759
28288357
79833953
72038735
62334089
57758513
69501969
8652203
54520590
55533940
69280230
9937036
81731555
30190981
9363675
1215627
11097265
19777678
31579091
47230262
26918987
69018385
6025473
26399210
76347917
70047307
15663641
12695461
4512101
60479206
67143068
20565572
72436806
43376341
52574088
65052873
1932116
9049752
66821177
80688099
25236763
88653352
68448747
55906162
90559700
30759788
52851879
73200994
78529146
3691593
62309049
53036171
5382525
26490205
67361557
24174956
81087995
53403422
63560158
20401304
10611598
50301891
79696920
20178143
34167341
85742578
62577432
556498
52779851
26805524
7054038
37395031
82416012
38757089
19004826
1633668
81555683
35255248
59289981
79028604
28619517
88542116
3140047
3622843
50451110
92720147
15288986
14657601
73275029
41113724
11476377
38179754
48304928
81479965
43584643
58630545
25386930
1438657
12190021
67265211
35248147
82001837
57097135
34062445
54893378
41171496
13764800
13866879
58333198
7585637
78124117
28513862
60566047
6677091
84829759
85377636
73017925
844560
67520579
24889184
21036215
24224283
60310524
17221225
55918689
61026049
5922981
25374848
15605404
42756032
39553081
76161545
16364983
70809284
69824791
43441958
7531381
89617760
70429404
80580617
40348910
32425197
36829602
48808869
71501897
70950987
16266867
29619330
49582121
69655020
36287557
59661092
68165557
38822754
73943988
68987308
51430239
14304531
61713656
75964847
23159323
32182521
75439776
12716354
48568521
47184873
33954639
4342090
48360075
88456149
27029223
44741858
10624301
51712369
15863440
36642834
50777728
75559682
69028687
36559616
48265170
78347605
34441466
66317090
17976969
31112833
61073344
7037438
92308656
8724628
75278892
530900
85140781
33852930
89006202
3361225
61900704
86965576
32247711
64650871
3828509
33959404
67339507
53898753
30953359
81024198
57384804
65714274
61296140
76811289
11007382
80896074
56589816
90288923
67229528
62126057
33939934
4549638
90889664
41474238
31548319
22406173
27796434
47848278
54522580
23806353
40193931
41743612
58468199
20547405
77061082
22068667
24554346
10452164
20969398
74462049
32186264
14120065
9133125
46925724
86665953
20210072
92174432
63474442
63414181
26007632
9007222
52804518
40020647
6960468
71567089
55234455
26139293
19528285
26068059
52659230
44533784
6442219
29661761
17699054
8079833
29135891
55705365
54995564
23880016
56454233
60124405
90326495
8534945
3554776
45144175
90313706
40605327
82122014
75625398
27564291
85271534
47144778
1639619
39327952
82461359
41140493
47858323
66638168
39150733
69440002
26856419
37665055
2746018
23310765
1216400
19603977
38487849
91892768
82902253
64847664
48221182
50400314
77128224
7965958
40303269
59701554
80489671
12884713
42997950
16111923
83514616
4335993
50672913
27651933
36830162
7921527
22696876
87238201
83914933
30506294
83850051
84155773
68352951
44009483
53671022
6218009
70155202
71402623
5649137
91044902
46971196
73622572
58970946
42998909
37923572
55072672
33727396
9029400
7582224
71643366
10269674
63284767
71422624
4218609
49091587
40865052
18968230
74232283
69452631
22299455
83360005
88839476
31639408
31843479
74249078
48690337
10430828
5679137
1727407
88630082
35440055
4563942
60633831
87659639
58121406
66793076
70333231
62487265
69304693
974305
59808859
47700533
22954420
25692610
48827063
9930039
49436555
43390215
5833676
32674155
51845946
69322986
61047622
67830912
42778117
74634603
59676491
52611212
1873881
43632393
419993
75873068
6131543
38732981
36823098
26041407
46054055
23002796
947580
72520599
29507707
31209821
83045190
15615427
56424277
39878385
18414929
81197955
29651516
71379307
18563964
59983052
20860596
35618108
30701097
23148980
88062644
34326258
15250078
50642548
73406295
63863385
87518618
19488884
35008159
72479737
11672966
17360639
19275250
85315022
11318587
68948445
32272895
44158524
52988687
28931902
60547771
71938543
19338683
89448333
24235172
84122184
91203525
76419197
83153668
77130864
55756905
83319531
22482158
90992006
86468318
45012091
38443763
32147731
77535310
84324762
35504758
47669816
31341616
30233078
4058148
36681159
16737766
85989734
70006832
32005374
32219626
34009646
48994427
55654577
77809731
14731243
16523742
46164
27680949
49802248
79736192
69853000
64635796
56904362
77084536
51215444
27613053
89539458
53122299
85172268
18869490
67392932
41955323
22102928
62230008
73898455
71577543
58490207
35246122
52479946
79203022
81289339
11676339
52420811
36507691
51543250
32738893
10912789
14523659
65562530
32551947
9523273
33753758
8842636
58988087
9133803
2790107
41502193
45337922
31094294
66611268
57991654
44064215
59539067
76208274
50409617
69215198
84337226
48799990
71134056
46689980
45222126
37083778
52069694
20989415
9335729
11746005
63669825
9515355
93091108
47133823
43162371
6741197
39921138
22291383
85740306
83593890
29449911
2493760
55929021
71055843
5999314
31341483
38146195
64333118
17343454
89644187
66878594
80320272
34503620
38387864
3589638
55317533
70374653
85491146
22297683
32295336
7701264
74679803
49241899
91104013
23735142
16818946
75575037
87466942
6266737
13715744
29788340
78340713
25538935
47342600
62405057
78749061
20690374
89352267
1464968
8709677
54229826
10270025
77325145
65791154
79671001
88582680
12920388
56115426
77599874
81500279
10679479
62480335
44936472
83753180
69913452
86862213
63890337
1094233
56525416
14016630
80582800
85802563
16275402
13116896
56723776
58238420
37882859
78108341
42145438
1679792
75990967
11184923
9539664
87809367
35648871
31126103
39858510
69254112
54499289
37460598
81058473
87999171
57380863
85985150
48443231
82985286
42087032
37360992
42890780
9915701
66892930
41016016
68138097
7707344
30256109
29193367
24342685
84134784
33404848
83948351
66978360
62564241
74853836
90064914
44060248
51417516
48410911
9524705
36057952
20569390
75750374
11177699
3036038
91750990
25647323
36875414
10629982
34341809
59866605
44904361
46542280
79782878
86481700
25721405
21954004
48920733
72951404
42075357
53995647
11534286
32952598
10018865
22190569
30833724
77966855
69896374
83630186
72456394
62692771
33238069
17017638
32609194
72577496
47666133
81237714
18227445
16977839
6091620
21394313
77060593
35902069
39687433
32150609
52743406
23148054
13259949
88739455
72144659
74653818
44314001
19042839
67321351
74571518
81568496
54731549
79765363
24276540
8443876
19922327
85405068
14724895
28451620
23537935
68811917
30816318
28585513
68672296
26272279
76286676
13615350
61117648
69596444
63121205
88216596
49012130
10217566
84638322
53525010
12848587
6360889
36473396
820397
1870610
50515652
73940149
68664669
4183014
23423075
37672882
54741813
62223440
54180083
22623078
57627035
72850992
19077901
17499494
45096151
63236171
523558
59244545
38346955
40463597
12384056
15921552
58042993
3251600
43504267
87863181
65468166
60930315
20306420
81115927
2194593
39227650
51838858
37889462
35543733
85711944
41302133
3900091
61593332
43778304
68559908
52148126
9363807
82893015
53752034
687957
46583264
64806802
91867114
52900319
24978129
11897537
31881075
61048509
28098397
38890050
48955278
15764103
6136273
9524256
84467743
57969025
31938999
52441897
89289397
92004589
10809569
69562211
9736935
20080318
70226399
68674091
32341981
59681614
10402422
34015241
70989059
41111006
6537710
59855872
89948811
29281372
65312544
57635003
29540960
74349700
83477350
54353425
31394727
66414862
51795367
10602876
22590980
76323401
49627105
64740346
57085097
92683643
15084335
55633093
9348295
11629055
66027247
23942944
966988
1244791
24784153
90694501
84090428
8061881
15220672
91570908
36719500
9389232
46226285
29854914
82717924
60620775
42498013
65081975
91439112
60729552
38821980
52530574
39285263
9332664
72663341
5439550
87826037
41382706
92579637
66956882
14267283
54749778
70163435
88624138
57132684
81632984
17920166
71460579
25255157
44306407
28168988
20521186
41102794
10003702
86326201
3330267
9673051
56430934
75338037
74074850
60932985
76565464
79561776
68049719
43851307
74729940
73358982
19077660
69613761
16704315
61914900
27761761
79801522
53515490
47106526
52839757
55190052
66163577
508175
42177684
66001485
77790137
48044987
86834957
25681448
82893370
20360547
89841189
68427315
53673428
10604692
80599421
27152092
48877516
42345795
76866661
40538492
84362689
56285242
67636825
14412420
46052474
69339550
53848677
78682491
40913256
92127699
62338116
86038929
73049107
85502394
32500765
84776346
36652017
76214359
15514056
82319898
90836365
8685166
30172961
28772723
5889005
79304580
13916520
64657763
60988781
5403795
17191118
3476275
31042548
41941902
26024536
17737320
83557300
17165667
88969668
36063353
14868784
18551136
20259373
46890972
22644460
63127394
88173277
61739490
89329670
66452281
15063852
62503019
64746895
68179755
81797351
1450978
40197926
20391679
15437893
92095856
60665119
87914216
35778153
74697263
85809921
64865508
70170552
58690567
45838803
81743499
5764625
30731794
84536014
71507804
28927959
31423291
36830370
55466812
41313464
41989747
92533065
71043933
16252148
3156287
1783358
53336517
48719575
73236513
79676694
69647255
18028833
21288072
40378043
28955581
84061907
38258636
71758180
44090762
54656314
52678567
80518980
9400395
42920957
28882841
11710425
83240479
11004636
1382220
8452712
12025358
39612710
33003977
89382414
3289554
23342356
20316346
88773420
20622133
62586651
3448699
85135169
64270730
22982437
93017083
11349321
21815909
22307197
72378080
47665169
76030140
1232442
45420010
28409370
45506278
7659234
60373320
60967934
12750119
37777161
30766257
43307661
45150178
28828783
72521985
10484799
75712136
87765647
89001441
7817084
32950471
15184427
57884369
10816609
49094855
48265140
26667454
8629607
29493084
33904715
16220555
31032396
87785981
65677412
9343928
64706157
32008355
26882307
46131734
34485533
77738503
90001536
28806087
14862133
49897064
12828334
38248313
25008441
55143167
57545129
23225030
45598776
52469722
14265427
2928080
13514187
25279649
6757764
35482580
4952939
65159126
13921345
8391110
51846815
65740648
86920840
80785027
58538106
87330629
62671724
72166487
9483033
72413164
41102998
63392902
18643110
18669097
4166862
21081727
46174403
16378988
14695848
84708428
27854688
89773586
48301838
12080141
62058039
34187131
51354051
69813274
27276438
72616963
16237954
74737249
40220196
51076052
63565967
59425379
22852138
91177770
39144638
41515751
60004637
83150867
62250754
64384490
31048093
79916006
41910007
82418562
42733268
44666654
39327050
8057706
30029390
30063145
66778542
10860184
58991866
28070942
5133815
87791673
43298277
43982531
59780303
80440249
43299319
60325703
3933638
4134588
74720986
75083724
83747723
26498966
30091309
92205085
36705831
42711877
72724091
39813540
3635236
48886812
27779768
66761391
19889100
52521218
84699098
50012906
56725900
75202925
23673263
17962496
18144448
54822488
79827851
86028860
60165168
18997886
34218670
65862704
35408524
68916653
80796819
53212577
33541418
60167422
44260933
25447857
79215808
59423983
37704795
34823919
27579047
79302899
61592183
28831496
88827487
2772733
48833312
24455593
40032086
37014132
8957870
49129400
12193252
79480830
90576177
50950366
16502055
44377669
42283102
68726920
54800472
67472582
4745693
5139321
11853634
74566567
40892856
77677832
92956185
11629953
28349496
7537436
44682722
71416891
11757569
30509566
34495065
56743427
56648283
22002849
12859571
33018036
27176257
59769768
12284686
71217327
6579889
63615751
19396899
8310532
33202443
74827899
10337196
77070907
40591401
34388160
23011900
70358400
86496976
24717559
45343208
11418187
20546216
85882121
11050039
87577766
53816861
37385069
9197693
48081512
39850048
60203213
30943061
15090655
40070572
34345303
34294746
56060360
19201000
21364604
18116644
70965694
28163061
35520177
87824357
51839529
67079632
16097469
53721906
91396910
83667811
3386480
29795176
91639776
42282169
37997070
26550216
42661913
26470760
59558153
7814228
41358894
27258546
44069580
7806393
22918887
4380513
59785807
38431481
47947049
56909058
63672152
16933474
26026524
6145675
21255130
88338136
8164943
13244269
17052755
25194632
17065033
56259147
58451626
50690976
83127424
28464138
27844579
26972760
7349296
89480033
63352915
16850887
58498115
22265017
13519479
67179224
60723212
48068996
44151926
55110801
60390464
76085007
43319362
30742282
86411163
23790179
48004772
62107702
87706341
61177258
72202403
33447174
23981484
67263606
5058923
26863528
73834642
83607093
49681685
3123795
49898647
81926934
26678827
17031042
80333420
8671080
83891403
92988016
40509485
77777824
8145858
30310107
9397960
32370710
80199262
7610079
14455581
46835312
84437423
31530530
12062998
63931428
12255487
83084918
33178281
25752261
41010563
77037207
34408928
92578945
34778604
55817396
19975411
75161999
46267619
88008013
68045651
481191
70456627
71604351
71542443
31557307
91706508
23006671
57080644
11281162
1915752
45511048
88760561
10251037
3391214
83854727
84000958
4540490
11469932
39988781
24038152
86579753
13904248
43045550
45933415
81162801
38785905
70425141
1420067
61627946
53357392
45602616
14159051
2546147
23713926
16599610
24059668
70245503
47838092
84287512
79801524
50514849
85476663
32597722
51295941
33800266
62377260
75841302
87092464
52026708
42110970
2855646
38211741
83915054
51061653
71920275
92608801
66768887
17999165
76786493
83526134
4013755
62303341
35869471
91227093
92274706
67769420
66345933
88245979
56903967
47173857
32790405
32238790
65624814
32141129
29208059
6138077
11252204
13341842
13821079
42897751
16139839
51409162
18934973
45956322
72561216
20492087
39609300
8413951
12751862
21249631
80654684
53487797
79082895
67634958
21737776
11783567
37146746
68282387
75452785
836783
62580678
54699628
62421670
79119245
31004306
91608819
5467383
22311068
43396941
1653160
53443542
77040948
2888973
73553015
36475150
15869891
3312088
11777909
88383930
20551940
12468751
12556819
41448412
78098857
34167031
16187010
51364625
7154716
84689569
53375041
71768444
44528766
51695294
32527529
38227472
72144985
85543883
48101839
90561980
34117988
59226544
33112414
79847778
295024
7407680
64045179
82582975
13562440
1076800
62788443
21526597
55386966
60171293
20308504
30142885
68135671
8858676
53999963
79095097
91015169
43057081
69912972
18049718
50046252
40134848
5424044
83711218
75592867
11048826
57769714
20389817
32389537
65672753
9243050
3743047
65449795
80136956
56143476
31837417
72110716
86403682
4024670
40465221
38838629
33719768
7341269
2532331
89095318
24384669
26617598
27141940
33487642
80429677
73104999
80725094
86774773
9050058
91385086
83875984
86900458
25589760
30999643
6021220
67604233
24630497
91176187
33136838
55177497
81331264
11919668
33723560
58716518
36331014
35038319
42690123
79742008
19088905
80820653
11432416
27215320
83975006
21228595
6242488
72054242
6361628
54592267
27001115
81048978
43214005
14147503
51978136
7645165
79114032
1562283
73245343
21999196
57335256
39259262
92781287
80322062
12402593
47392394
57544026
29527368
4843491
8264984
76673880
35965523
89875794
49772292
80765577
69867061
28490714
82446564
51799139
35229988
44398226
19730877
1892529
17214533
40144160
69269235
24645452
33921962
12052402
53612486
36427697
90797257
50134606
43879679
34905510
30422627
6638983
66234123
87649020
60498959
67190935
85881911
67612205
25402772
27150844
67783447
1361639
28914742
7682153
38991583
58013811
3924212
91962448
83050433
57548551
36764082
68523279
16512026
24972609
10019112
1941841
89079527
3830952
26412653
1067491
79415318
29833088
90673516
72469584
19559716
18003872
85542413
51065633
29491156
44538140
19476183
19949934
56930100
20465779
90343585
42276423
71017082
24142443
50264290
61338122
34897969
31878379
18601012
22925161
87568342
49387485
59663548
3122114
59904200
64820239
63543580
23717527
18164166
70028661
33533316
32516290
69313199
66453627
5652590
32343178
89596368
46985364
12213710
50873219
40660496
6469576
23066205
92901114
10850719
39364100
57693474
6233841
78422624
74590554
63346454
48680729
35552731
8733342
89069381
74715991
86403305
87108356
34344853
68096703
90310989
57560562
88921007
76205057
17122596
30013555
25741129
49636799
81274119
53449993
90374657
53189657
55030472
81865064
13937318
54851189
60354031
39907937
23461116
92011176
40512940
92619113
25620331
53999593
4149485
27967107
33971411
66040125
19779107
24181546
22944804
13592859
34057294
45892883
59682499
83557389
72066826
63273297
43581180
49983732
45854946
48252068
33482034
3512615
89408543
16306353
63144592
7016395
69655913
24148357
74998064
85200627
71024177
84301735
35110761
54281786
21654125
72074723
3864511
72093491
48579454
7169577
84327826
86565302
52890754
2969406
26817012
57537218
62682696
49563450
3123954
58584911
62542248
44328809
6306178
83170750
77312156
77972222
27931461
27774624
4519158
36286428
25158884
50966343
28713019
43791375
23752362
45409157
10635094
19519640
22574874
65994271
42769340
54658768
48361468
80589594
16742175
73546664
12849823
24945072
7867539
32601679
22841957
84767916
21388
63769706
9003927
84834495
34535870
86225347
51823560
37017163
8496286
16555155
35312473
39162715
26640830
63468778
82487694
65901555
20202644
69255015
76225802
34117091
20951013
19686661
11093836
15648398
86464105
24680971
24120361
44353628
78001997
91346041
72740008
40388738
5912955
42225953
84718379
4930791
71557543
3935147
72857212
79159700
3261274
80342290
35920800
89436908
15434267
91094218
21520699
68470852
52417636
49364942
70083165
65740421
26368795
13060398
27381048
17274534
74498824
86471310
37002005
45155015
13026211
2413970
74217703
71021154
46502595
83150708
11721004
77450201
71215248
24132750
59318746
9884152
4958046
12012123
40845554
24902507
30587032
88795662
50714437
19212621
21492798
80503289
26162191
91293793
26831534
65197745
81454179
80166197
73644508
85761186
26012163
8000427
18321789
25531864
54348830
86134593
78217198
8593969
34863820
44935430
7822884
23936620
44394126
47246585
73227243
52425543
86689161
32119660
70545670
9736151
49846860
4059630
70600082
39232674
54836287
48291315
72402340
79728635
7202624
85410341
88784581
79007917
23553250
5438304
4547654
23084951
8271129
26000646
69595508
89117769
71388659
41645938
66149343
68713034
22205678
7701981
46127240
13026213
55481283
48543506
67403710
9284719
16987726
34685555
91228416
25854974
61292523
48500575
68608841
36092603
45184307
17396153
80867458
60233631
83102492
48188482
72433435
29308866
89775269
86698992
711951
10907854
50941501
13881369
80885019
42790316
77861206
15229189
49833537
58300918
38384228
36948165
19514981
40885147
79486213
48190691
4135382
79382024
53669857
10652995
16717453
36973617
25945935
21895208
25837988
88306186
30780725
12689134
76021563
9564034
26674805
63148344
89189827
79878701
3441170
84922307
85661624
44609710
8415567
84999544
53595359
42466104
21410848
93028436
47675161
28000659
40775180
75208264
79199793
31248043
83598739
88849853
49862527
59541465
82111523
51156189
23622712
30459166
80200961
52355463
79257944
76026509
6717314
91810599
27293302
63009015
87526458
83590572
18909676
37980876
85401704
82301816
89310877
47973167
30133947
3959943
82359102
54328445
19778966
68922114
73832849
91091487
39022274
84140785
2910213
18014901
76529664
30837634
56806419
3631266
65489312
5524988
82493082
31111533
37276604
48367246
34172725
41128825
21358240
81486637
56614480
85052377
87084052
84636095
41574172
78345938
22623377
34941015
47417546
39805516
69836809
62273948
62273951
21678748
2519089
80949162
88627301
15988932
56158806
23384597
70476701
33718003
51810194
72052812
51833134
75277997
75577817
12471680
81639528
68404259
61826903
70545581
83867579
38073865
41779786
35374576
45980692
83498085
52077301
89009725
64074343
66706709
12806364
73801206
73891677
61557155
21142575
11122949
45708184
75012492
22250378
18577603
12793598
5825432
9994912
74538877
85765252
67286446
24096052
13336316
20862756
8579650
89037570
49901799
36092753
26506134
79110040
61114021
40487508
28868961
14329875
29798948
25753431
2960195
88398776
16975420
35323788
48156634
57700906
34627660
76275209
45389060
57837077
7964851
34926044
12303686
17470419
8495365
49409226
70598244
36000799
75758245
24349477
76070469
27187311
27304515
92337647
31743453
64235399
77000299
22760799
14852634
36041411
51272109
61385402
38097530
9095640
39210568
32432757
60813140
1120769
80983766
88243881
26918191
5000060
82080617
59249005
37944500
49238776
91330052
