82984067
11308053
86151790
28699091
57676387
5642813
88887798
71428953
73188702
24584508
90876427
11824835
79548583
13655838
25233754
56889177
8430997
19813773
87530565
83090006
51662001
75571467
59920069
85629930
78581357
89824187
34519590
87704523
87738552
69665587
32931670
59607783
24921082
92962566
81108147
67659450
67826370
61295531
69909207
1717953
15899001
4789460
21950371
23062167
8983048
62086278
58486263
51562807
51972007
26886222
3843149
19250639
92204912
47688144
16967038
80409275
66051995
11868249
52316528
7736950
40701587
503508
44216945
93741204
69396190
9940952
70531861
20545399
15328412
56329125
17532181
41730771
5790330
77761030
85938111
83089325
78747044
1650220
70051794
68324497
33332816
87298119
80969483
32116435
8736819
20678540
12263332
74184372
69659201
74893622
59216000
5456595
55939914
19133956
35402925
41733933
37061798
39465866
7437321
77696828
14753232
1127706
44348751
3164554
51675832
67434061
12182353
42575776
68387282
89332294
57202393
27241407
92020912
60078770
84390862
44926192
44209425
52362063
10585496
73716948
61027555
71296457
86131063
29540310
65290721
39843680
46226213
69485745
7593447
26441679
27390918
28942263
12491162
56805597
49548706
74555165
46340893
59112274
33597657
47013145
14724440
62402394
51848633
19664275
75872068
64367246
50735372
77993762
58353906
52664417
77890896
23542026
62633407
56164761
31966061
69801872
10943626
60417403
3667429
57021481
6848149
78836987
38283815
76081094
17219142
858628
80289731
81913559
47870500
60332907
11101567
44084340
58777189
50268208
77483182
92846261
89111865
36894164
43917607
16806264
80166950
34228170
39304467
80982544
31061024
68412980
8701822
26654359
9803435
30921522
30402611
17810255
65562440
65726179
8595092
89854897
50605423
8750262
28734027
34892722
94511515
62709907
67436488
747237
40965023
47748688
10921056
67592304
47191833
79447017
77962040
24001368
32650391
2622600
31267935
26802579
33816226
74286794
16053034
7419979
42604610
2264195
3330513
40628380
61804466
78635574
45452969
2704582
88510959
73289523
69812898
51350438
9056418
61462315
14768335
38886579
28208627
2466527
34835051
60173599
59978008
18725395
21355721
45804280
37891100
94663879
45123994
56154746
48841922
79605718
12434814
2743659
9714435
87192581
35416181
14603785
31851130
27969052
62533769
72151593
2474027
31209750
21150596
66914769
6900758
73701877
53820381
30704815
46325230
67018295
70294952
24377322
77841139
2886007
69606804
41077269
82428048
30570574
71680922
12542145
82877356
41655660
36241336
23787466
6503475
23806362
46288459
20865904
2555587
62511298
76425109
13485295
44766004
29089292
52711008
25935257
91165482
81111837
6878188
59714317
59758884
1425395
83521635
22101946
89816479
72251578
51524957
70789938
81856857
10529418
5080745
63141530
78024835
11196730
62805182
74581835
92416831
64029256
32032077
1687274
56970022
90727540
7701734
47605204
4603480
65322261
26457223
77953137
20539199
28324470
8142872
47683801
60108679
76328723
25896071
44285682
84931746
24157076
34424225
50111527
41137656
60166126
28921161
2117632
27244051
57905458
52528563
43599
82833553
78069348
14322604
75242294
88663594
92844119
82960088
78322460
77900139
46705501
33769310
30243167
50355699
50879230
81070293
85120008
39680489
28661952
80599168
93355686
77500431
29595486
33322013
18491167
74696736
83049827
17956634
53256800
84965441
93553151
19368005
88201925
11938238
9607265
56955925
18894626
18330918
19905507
30673885
50072448
28962292
80749799
44714217
83601590
8059186
31775070
52104729
90625453
32335003
46699724
28885926
55309837
89468258
15044054
64108391
30972039
78394929
45344294
53976425
77939183
76396653
29034301
31134944
71868197
66938839
75799190
87898546
81087509
72130847
66129521
42691792
29462613
61244829
69541981
37712339
69597625
58389708
77680283
6922582
37433106
76813908
20949252
69606347
38460495
65015107
56253501
66119811
33342680
34384931
52855450
17547969
14748622
40078407
85551537
94027349
54163175
36531873
8751672
22461395
9145977
51799096
81141504
53856447
9108216
30704484
63068345
59449298
2272849
2903430
9750535
76931309
3188814
85295301
627717
22774913
7191314
17130518
45481322
44194518
76102850
54592568
19162715
75507623
89726273
45784537
59822303
72415795
22083790
50857683
34123450
80355209
57414532
92186535
79088370
12036153
84469651
67388062
88533960
44114160
7087118
67056229
47347475
9017175
34602196
80921573
64529584
32334188
31089689
17094545
70296664
70948389
79940913
92873542
63984082
73560366
56005682
44939164
62065827
39836924
13296110
62050575
85487614
56942700
93027647
64283452
54710939
28414235
87167585
73877694
76118433
90368531
62649714
76209863
11979877
48194451
85887758
80083681
42043793
67572664
9129100
6182762
61492151
33017711
13409088
52068820
75947426
40374970
23377835
37041365
52788056
39013349
54399604
11066778
69954492
67551454
51042355
42671865
64787858
52973641
13536716
2075145
37954313
53862722
85631327
13311568
80717313
94400812
72618684
55971148
51062715
78830608
2344397
82972757
60024805
47257737
12110163
25771749
6388094
44550721
12893306
75028904
89178275
73690593
65053982
82083230
76726824
79878490
80126203
92046059
53910135
67416596
90711640
23921026
588885
33406624
77493527
73292974
45632370
49207760
79895566
84258965
17698404
71691632
93781512
62718319
715562
58660791
57808023
73187374
43107074
68490154
35653171
9983245
34535779
83352104
46432024
16562648
50358767
40507329
16407036
88709712
75272301
5855654
73596844
77413410
1704163
45852968
37099446
12740023
70434554
65219728
32744414
75017876
51423000
65340961
51380321
22063682
52385173
63075293
72332652
54680377
2665215
75966458
64606486
23023976
74178961
59365413
4001101
48338317
87836278
69634279
41725109
53763594
65493879
25735658
8608386
74301486
91312962
42147221
35513964
53004225
51453215
58037403
21112640
64807060
91062692
77524444
11849353
85621812
16480595
32924979
49316303
52961359
14056006
49647012
69114993
58030331
81196937
702551
37669734
76043878
68713316
50820547
65256988
91791168
36458208
52359218
65468968
65035842
53544965
24887164
43200679
75930972
63426414
60335999
46431534
73885381
9579568
12312702
22430942
19723477
82206451
27172352
42288893
49229006
58768028
13454890
67798115
12430465
35358114
89839766
65379878
27793324
86927705
34635643
19076924
55883934
2391696
2863196
12408070
90854247
21060916
90597901
47023239
82879736
77497348
55713860
73034625
85464351
84420966
31512475
15571376
89709610
736135
20153629
7182652
29269236
93361930
89661248
81771775
4087958
72211745
73208397
3286805
55800418
66597910
35215096
71514066
50613665
20818062
44726557
52264483
83255613
78237104
3221421
85882532
86736279
2125599
63102825
9390772
50057168
88264681
18754542
64282591
5665633
35621655
19142992
33753130
61526422
76231357
68895553
9624939
76684160
50796650
18245285
87307467
93438486
2649712
7702028
22379367
3680372
25431151
82769063
56886514
74274427
80830099
77762190
45262850
75925679
76305116
71448709
43254381
24932993
44788084
6605202
47693641
68588600
62239627
53787079
88289199
87389227
31619830
9676814
60389714
52462446
54372517
13962465
16001700
30490928
57215258
37725141
79570532
77715113
40479910
16829843
69691124
19388898
61463585
69923178
36801558
40181504
83713015
85859653
41726040
68388945
61008039
52729593
17547338
10801948
9622341
45684196
5479054
45563723
6134792
40700816
85722396
27185494
53957545
75085228
15425293
57631731
66894944
77047013
7127313
3720896
49218422
22280718
91605653
6386429
76670322
70080321
88962791
74263164
82576874
68702249
76887717
71134015
87915671
64034556
22524567
28467739
14333379
38379068
26906550
30942599
46232083
45956897
21270911
62107119
8366
62709425
55030443
80481229
94119167
17638187
35485932
9463760
55813508
45596751
85692943
56616973
62813406
23020733
53470663
90160667
53986368
52620574
25209891
27155205
25690236
71826370
79470332
64316113
20129878
57296798
11490669
67211831
19912195
3030993
47705950
22442185
2792110
90924674
33681179
5787024
10411987
83451326
57063642
74014286
90605685
44571417
12891222
16686896
66433201
62626251
84678778
47306580
58045693
36156498
56026057
38319808
25109191
42157070
45494578
20938465
58291949
36619658
2847121
5503096
73456987
55022934
14478020
45299029
61268677
80551085
37026016
21547528
84798015
33305440
16243421
23159304
57923174
40764297
60542246
66819078
1585122
65624171
91905835
50792690
20406058
29899758
84031376
13328455
26076680
841495
36043960
74203092
13607739
54934979
7253251
74745788
54494013
44877492
23428655
74344039
88398616
29328626
94551885
26447683
88944711
38508169
44497562
21583181
26931760
21942897
92093952
13322467
86070594
25329910
78203216
17396455
75513786
43185241
67106231
14449704
