56869064
72101234
92539114
63674390
34834162
13505616
66591338
81423183
10300847
52146141
38552855
27363710
51065454
39001477
88127238
59467299
18276668
808794
51529460
86325916
11038685
58096560
92757371
72162633
11958633
50730323
36022585
30635571
55832044
13093264
7514929
82760079
11264572
62703406
39196755
41176995
59046067
4336098
38448741
15550668
84967199
61763923
26820145
85921319
60422448
28299552
49609852
62738294
4737072
50250430
75392786
88828578
58676165
29721911
9180213
47642560
5483923
34264272
23578750
2822854
28655634
49454719
40705335
27716570
23012
92334692
93655002
48550398
60024592
26987643
71558275
57869199
25531470
31515135
63152295
22678593
81049469
79267007
43261874
54600831
86535667
43364791
13517705
50843711
16215296
15796263
31519446
73019844
1373113
46294751
18119369
84743770
3601594
32305374
9362846
51390794
16580379
33799951
47782979
44565702
9518884
23933741
93539672
60607960
30227533
88190318
67998992
87143650
48199924
