89888351
82667957
87569385
11301153
53831617
66827292
56787526
6588248
30413807
5448462
25949051
62421080
51293491
41289230
76343799
62214667
78891147
58974342
44610164
28157790
4944601
35072841
78351080
34798768
2481829
70417891
8491718
35439488
75868549
37708277
30862897
89367265
53037505
53391804
88893708
15141852
12699111
82772337
72000230
30356751
90783137
81944566
30743391
21508614
43612676
42952363
35413494
27548225
6114211
17976068
15468983
58014684
91849268
9956814
359381
18812105
64046235
69040579
8474568
7673931
83605246
69049706
463259
71634027
68197168
68087984
56314050
15767136
46748648
19314291
4585117
33573618
9134213
31664922
53898041
86309536
28357579
90532600
22522294
5296476
9368272
81893577
37384942
32393220
35210829
43365686
2442488
64936769
31302022
61786051
39215514
40293754
73920266
38748206
34032448
79335194
64180403
6054092
63967069
89780728
66450695
89480041
84160305
64335815
4057517
84222041
62091732
41587332
73226495
60243890
58427618
73368371
47961122
1191080
47382422
70169993
39027676
36560015
48962425
52083792
26876189
53297958
22777494
83872033
38774270
35788958
63138346
72363784
55827942
41318253
33133736
34103214
29772663
27478495
70660452
75570924
25130559
51488370
45400383
86973295
21371631
26813210
3816702
1378141
74795763
84068417
87954191
22601252
16744117
37187890
5298808
25785471
87017035
28584942
28584944
25991310
62752050
697007
31270058
30208086
506618
76927245
12721720
82770822
33370002
36509444
49175509
18106881
74442696
32334707
26775989
19886302
82326034
15288381
67695955
7387727
17414918
83262428
35661778
55813226
73227820
86740107
64467371
87675056
70185458
47193993
45247087
27848656
67441959
15149674
69583604
53916281
66375209
72259141
58792569
29341873
52834767
8611359
41958445
28308817
30608950
