1148054
52544054
27915484
67221859
25971908
86313779
2360188
78523870
90004368
44665823
57583731
86567197
24957609
76362051
77965157
15041680
91545378
12081466
78795235
39949001
30397989
32932378
25122274
41356947
40992641
21256406
20670587
83373316
83087496
29188410
8153445
30752210
92412316
91020312
32147764
91570267
67195721
86533864
84729929
83396536
55236348
64682186
64693936
11509486
87093205
9978575
33275234
20805532
85148075
9825320
32802190
9434442
66398409
84079368
35352715
47781893
32515501
29367545
29008929
74668698
28179945
2137923
72963196
48005005
52357847
43206398
90084830
27405869
79264151
71198348
51255255
63696803
59545634
6493363
63892973
14527400
87652217
35699876
75568824
38774519
36889157
3809203
770559
25006344
25050430
21825634
37261739
69963309
71210489
9174184
65470820
11372446
52451988
62092092
68749058
50413106
22008378
20990978
27852516
84491721
31170705
23239651
65406620
85894682
48655532
7628297
76794058
48230608
42390256
75731439
55905267
91544652
84787622
23301956
27134371
14200510
77022054
78641369
22298083
87370525
84475127
84316383
84433862
67536904
86688560
81771857
46646941
34299516
13071034
38174694
14958589
23748129
89378849
57113759
65986108
71173475
33539319
28342720
7573223
39141746
7430276
39355943
63011865
32155253
62779248
21549782
77875647
66013627
25836904
13296703
65282091
70689134
40319671
63824701
69454383
45358028
5037554
64701620
44837488
65172746
91485436
141078
85244656
18236641
58530976
24389576
75093529
75444350
14347017
62858375
28806563
62836037
59922809
50077065
11113226
15029712
18357501
74444287
53027736
85242636
70232143
3010486
48022833
84971234
78882905
49911630
32980663
86802248
75229962
19325966
75262813
49195071
56750531
32474596
57524875
16036177
26529217
85004450
81097423
84813187
17273517
57643382
11282288
65969260
73308477
1786603
47703147
54776387
55615869
39209003
4698885
39912949
59007805
78015137
74468191
36034592
33601077
79293325
20257205
60321023
89181213
50323592
32070263
45746432
24584257
8719984
73783898
8924859
34184288
90456391
55267923
45738385
29438515
57832897
6763022
44348011
30683953
29236235
85639239
83449388
24007116
65288069
14482049
32621760
8094486
43489066
57589347
