12106601
83427980
11272187
84083806
15313331
22005291
73822810
38009932
10372914
53840529
68656454
54746083
33376486
7419007
45036327
32353737
39591594
71744492
25396836
13013233
46901052
39615854
46252057
74501361
64407785
434303
64800704
42298114
82462835
71514283
58228642
9291331
80663693
47809471
12832084
65525642
61455345
52916786
88762721
51041621
49137706
24929911
3757601
36945221
25689441
53500254
85395897
79433881
36547249
79553393
89090618
48989688
37521751
63260778
490796
87773216
40417882
17148453
69714402
52965717
36004578
19429389
76287096
67739182
92525424
85475015
58170601
34149864
40268014
41587019
50940862
38533897
70178759
59424703
64534113
89681603
51093982
12613297
58416018
2144346
36366427
89354420
26187663
5588817
56018634
48525817
84758781
26986005
4228661
67898400
83137677
67724903
435186
60647090
69220202
49990274
92821115
77297994
29413116
15534663
25426334
60318910
38628820
78566279
4861891
78389668
23815621
45563712
56092197
89267102
86520180
18996651
87244211
44386148
76179382
16076748
92968595
38020564
90404903
7836035
8440926
24482215
74001778
83181584
9453677
40242412
67603010
86303270
91876051
40122249
45114864
69355126
25991895
10760724
36928434
64944050
59752446
78081960
37552664
75371528
20383610
5957182
45664262
12691711
28341400
77818162
37685670
75269162
84389271
51922905
44521457
65604626
37663077
37534288
42210650
47152394
40237275
38339771
76724707
74404566
41776608
