89396921
88340856
9069115
20464698
80708748
22152592
49973919
9134186
43580817
22461817
42385383
55074549
58511041
88145716
22430134
9038684
53566457
19999450
45215320
87796497
15790851
93490336
73795426
56012417
32720351
91971648
9486157
59518845
9686238
75092027
81204016
71493176
30836768
66586469
91678576
75634969
33310348
522314
68935570
58852328
79930905
10423316
37549978
64291935
39751614
8374674
33185248
3049418
7614421
14560361
27024238
16513863
26643847
17723600
84327429
37973628
61859864
68676132
25491081
41081882
37726146
18402255
82743700
71276250
91615270
92817461
10089559
37892652
77264892
70289911
72949512
32967243
62145611
71085827
20345722
67063506
36520502
55129571
32137426
83114877
83381688
50062005
10112015
63399936
20172651
57918449
69821589
1302145
40261552
91678579
84795077
75982206
81491416
7339930
73041679
57129256
89084288
69320482
21134219
73491296
59762832
92220363
3962959
38381078
4879981
64594406
6502350
52578908
44483793
70835700
81467994
21308807
53364213
26352783
38053628
