12423493
33243867
68542288
46147900
3425846
35613278
34671603
80047473
25094718
9090486
49673290
74191153
79572024
40344392
91445163
91047643
20631543
8253680
28021025
89939086
29532362
59187247
63496184
51437341
77437728
3018752
17582365
69008861
41531837
74926624
56565363
35454142
58587200
56550627
37937447
49930637
38957861
74088371
25457732
24022742
53072333
19646974
21640466
20420402
50201546
55933840
8691585
75389125
28533429
24245754
68310711
89037374
55511559
46585952
40256897
7004079
86004848
36529824
34787823
28236545
87555606
68406828
28613110
11929559
68128747
51898520
26390410
38519396
89160574
20167599
6931919
85582403
17485516
10552018
83433344
26476830
43019609
6428346
55198042
3529746
74978260
7486865
68171018
31379802
12880243
18854587
43303374
21132327
50536998
68976761
79039820
8435844
77794641
50494102
18028847
50959690
86655414
4647096
73341241
10555611
49253053
10906849
35579233
51775060
24581581
9492199
34573479
62987591
69343751
60372852
9186466
31275204
68905116
5558962
10011918
27178785
13998357
83751747
35526081
19269214
64763622
50211081
4176077
54400021
20920248
52137688
74211095
41982299
55483502
82980047
88154894
4108398
92282771
60795101
13111406
66651087
41685708
29209530
84803842
64619833
18719167
66883464
69528919
25079219
88859366
18535907
89197459
50025739
62871094
23784619
68057565
27798420
86162269
47108566
47761666
82308161
29098276
31954408
54180195
92173946
17786201
14357978
67454612
68490240
48170385
70104405
87353441
53361003
80420159
38724359
72902015
27820280
51000523
51075657
56574255
50083408
58098529
43964514
25553645
60718568
58384094
6229272
48120136
46302971
47167686
36651885
66252566
9546723
26040595
53591985
46229152
55400592
86421299
62605194
69295604
79798170
16698203
4666010
37215066
87551585
41052034
7006963
60892489
52189257
46242520
2402628
49049289
37598760
68407321
73120345
73120347
18667173
47507724
71516121
54773915
14291260
49404151
24511859
34934540
55578569
64235596
86223243
38953155
45591856
11871474
11166512
91572448
25297709
85888392
81074538
66044842
81172094
50041635
26960450
29700156
43158831
79768816
73608067
32401425
41174014
12593123
6516177
400283
13227885
65856304
79716959
7385556
8804954
70978769
90396990
17178061
13451689
36664437
1504770
34478494
16285580
2472767
51310910
52179434
41187923
71092373
22912997
60678192
49020689
16722668
28598682
77311621
79375738
4663080
10640858
53289923
91156520
74267467
51632822
4714035
57036959
68138434
50536113
9616994
34716389
74427777
50233986
34432589
72384207
34553842
68489633
76916090
22274221
24202286
14194142
12962997
61199314
85670280
75243373
69070958
74864718
35931731
48212557
91603195
82414848
92043994
93038998
