2731142
31769696
76410892
29149228
25272314
62586367
1840166
52166175
19483252
33935758
75229440
16836871
8075965
38978767
77016775
86840769
86840772
69930893
2663845
24400227
27290539
54954950
11660873
42232634
50172316
58352138
62758091
37283477
61154947
3082763
65125645
80333040
41105263
23733124
70462623
72037551
3074631
39873634
67225499
29835213
62700435
15020343
63993382
29921341
11794441
12245081
10045826
34912546
56459606
71957775
48234127
9749817
63640520
91431481
65057771
47213158
35180256
34252399
31476406
66949146
23277978
15518564
12432601
9652556
76920505
72255889
46534985
13406820
47067821
47067822
4292182
51847035
70702328
77420559
365638
16418276
84166806
685946
31931212
