47873029
36600009
2155342
76353024
24150340
67167411
12040292
42512262
88915862
49053991
38396270
36070887
90054648
25324063
2104990
41537613
22893190
83705333
38429181
27804436
3792047
20518090
75603432
7612271
73231641
70394387
24671246
30239749
47777378
7554550
87272873
27559599
79268173
41761002
10474563
77151112
22485094
92014692
19350222
67860379
59415000
12102080
10095894
86170926
24253473
90922434
88252894
42965703
4026185
68811931
75269082
32295605
42946848
68233370
18281330
42242517
27479979
68782171
21712914
11712716
26246281
48237647
81133014
79054479
89685278
36172729
18299619
73301531
51397993
91624057
37177545
30580240
40495217
33366727
87532246
63541543
28896144
78432365
52357261
50488130
4494352
56792533
67209206
40012669
12969914
30692820
89062293
7537948
77485891
5672829
80186364
63849259
14678661
41646086
52058352
14291139
77443175
56102099
64898617
60646816
47813269
36665068
3381213
13849969
51034295
42479959
64971227
21935228
13522078
44500717
62038587
40424352
93179952
55864275
35025754
26812871
43454148
23052812
38617315
19797704
16367231
7297891
44105208
74958935
57188563
21319031
81337969
19803051
68350183
41827293
80427556
53969852
21045097
5965972
16615338
76024581
91755485
87286797
89427708
4485191
32989319
67222069
55846722
65335344
10456915
34958128
20982635
81590751
31867463
54321347
24716150
32738026
27938985
36996938
65695556
28598851
17976687
39220731
5343184
10609072
46354613
38729552
28039596
21209088
15562179
41978732
27628760
63849854
85069867
3267444
59213525
24968178
8155195
62434709
18926129
54480352
2382393
27552808
83979156
36099089
81991895
45027844
28630548
71302038
80813199
44658207
1156564
19389858
51746803
28984529
23624606
41329786
78529088
304695
40864028
39998148
41364927
35147574
20637341
26323819
76747128
89940875
15924770
33650904
444513
82485083
373819
1674525
70016363
32522379
51895459
76387512
17988162
36915292
9564308
18996910
39338446
20807544
60156626
72127299
56011854
536325
50307130
87974479
41938186
25614768
40909658
1932044
79421679
14047699
674455
12802315
10619541
5414606
37907721
31209488
73404908
43406139
57043414
10765947
43270160
77058554
94210571
24717674
64678345
949140
21276005
70714571
68851084
93341141
69575457
34452312
17416197
30176661
40871801
22557704
93773055
18096241
16523995
72539895
47241739
10142296
25933699
19762047
59244477
11947517
57643455
74195821
16214924
30134689
76664820
26110132
44063335
24547574
87690009
10598269
74325082
82977669
28982809
40432304
93891311
6028940
69793297
78600191
52266248
7392994
49951444
1368141
63429862
81288987
11628774
61718660
52372604
32852136
72417917
29410079
72919628
85869512
83012789
2541990
44009681
94488571
89192307
9965210
51350125
48527285
39671399
92530125
12659957
18721272
92542361
11966816
10366016
71332984
10476977
88603101
79820075
30228038
18913013
38711739
6212840
18840949
78414996
13890476
67562787
29043614
27957565
3361078
44770501
54527992
24379368
81611388
58306698
30392332
32467317
51390409
74639362
81380473
29575062
37141465
62886559
49582625
47670887
1354389
60798554
37783467
333183
91391917
5913355
5505443
18491179
86635385
31471624
83902717
20777977
22584554
48823507
86413035
66805438
