67137387
92507300
19423446
39098723
66919387
81225080
21604170
44930799
20386155
86167258
88497408
72010651
74406253
28453889
8306027
76585737
59614676
9342641
74187968
77886043
53817894
47572211
32742695
85687191
53465296
14125959
19327127
69791427
16069620
7129568
1241319
91983695
10392901
4130872
79865608
57924681
76697837
45818084
33553107
85979282
5002811
49273963
92962615
29070146
17796666
30882103
74542275
53174380
2587242
43763190
92121083
42897480
22485153
25336348
32510772
88408277
77492621
28908935
12749737
1897840
12104609
12742694
72683882
28274045
20753283
64451465
46375180
71372609
85919905
