55845767
42535736
32919109
45526213
47676372
24180046
57561886
12104949
73705560
92573440
12293838
1572711
82920326
45619672
32826360
81737466
88602448
52891256
75727263
92846633
72025478
64271040
61484239
38282501
38237457
56749247
9346720
50552694
92791315
41739600
73026649
49172297
86507253
32790548
43746368
73141786
83461538
17257801
24356909
15421394
58925525
13793862
7947987
54816906
40358325
75665957
59967158
78128785
63046749
35349841
51943031
10819309
5255333
72197213
55579912
82852564
71633085
4377366
47674949
81855978
32638540
23340333
34063535
2499336
31654350
16417281
33639375
20580992
62301633
80842420
15645976
23561210
75192566
34310302
82568919
62958117
44805425
19543654
13589302
5673881
19764789
11724692
89003765
4934704
86736781
40015966
13001045
11090925
66578838
72413378
13732795
81334719
63709970
60286911
67398311
28101463
33557781
1431433
21227554
79384344
31113267
44416001
5493297
3043128
21131208
34722128
29461410
92124120
78091605
58394507
32195645
36888305
86149147
81056034
38241644
2021469
17605399
64959622
90826184
14861956
80268210
68757398
90960868
48902831
39765868
49981842
14091336
46125705
60709155
89886736
42943475
39746684
37827319
6364363
51479552
70760813
30386797
68051250
93392419
45363379
65823451
84348328
1117970
17069517
36248224
62355743
7814458
770298
88210076
83783469
26045358
59650657
42038801
20147566
25950268
48731317
44863351
4958310
59603026
15968671
7706077
59425879
43389857
70216812
50111712
80555367
72400766
59925456
94519345
14039276
51241253
86232376
86321302
49422846
20455618
90846123
84914346
90883248
13567488
34778979
69692940
94288412
45738372
51630970
18641254
52736025
68914916
38219680
85875575
43625538
81571509
6184949
76596057
11814213
16788729
16124997
69001601
48816052
17477558
32296758
59084604
32322415
44857734
7175394
29963591
25000831
81882121
88857296
3549511
50639945
5942716
72307632
18012366
12245132
28756515
26186191
48211066
44691027
84759634
33306180
34118289
30157485
84559834
65028041
51678182
20505024
37449416
81402204
61304586
68096441
67753722
14000588
67380760
26233729
9589252
21659009
18429140
38644343
31687812
48853666
41049708
73196009
73038701
49553135
35483563
74484708
83550593
39343761
43857335
15355324
19664452
53277097
82730900
26363300
47575537
94579371
39284006
26674093
22414773
55828226
55036451
16708914
56210486
24791540
45027131
604581
85372407
3887655
73082461
4113243
22141470
34014359
87563236
7173360
33184834
633638
16534890
19601383
3615054
5148938
70540772
76769463
37923336
76525601
90090913
27964943
58079892
9916214
91411443
20372761
3361869
85258480
57926260
57489189
84983761
72652210
35885876
45038620
30799116
2183151
40305406
86323653
41532915
4892230
38551281
63316354
24504035
69562757
76804527
3413431
90275785
75185461
18443990
92104100
55191238
58202198
49067283
33638083
71580637
48387776
5911306
75642102
30129594
595088
18743214
228121
85613623
66898596
6237999
24917791
8542643
16879566
37658476
36929189
8529687
35265730
53995989
75633714
4178234
62173384
2944173
63709529
90466379
52945159
73851871
70826956
49922505
64208413
16434162
47028142
82337405
57382456
59067420
79853644
32428434
35595124
77586829
41964318
59478046
31575053
77646690
69953041
84616958
32067597
40421310
59443839
35217145
28558662
69758614
30687683
34319578
50195585
13199069
18925102
14367131
58232764
87756686
89240316
45978819
39068787
3376030
12218354
17970320
21596950
21156758
12759286
85213813
55673021
85999674
51823924
73146993
35762244
16078872
56272327
67336464
13310539
85829607
3668925
83462774
69799610
21942398
6361475
29666658
27460743
11236063
27920268
8408890
92703238
10172318
3110138
76108237
5548203
36538598
5086093
50565223
57715259
68549845
85549216
4848048
13663013
35389562
925534
30552812
42170411
62568248
6473536
29411686
80200257
31201444
78514189
75887605
91871563
92500456
64773325
595082
36013131
65983142
90341329
18267844
26916072
35781830
88804356
45444249
37633023
58454178
18394706
14596590
71731835
49784156
14333511
18818222
58805735
41662495
80348025
81396976
7790478
43705479
6111624
43799183
3220202
12496257
29844409
42149047
44136230
69643647
89944238
39408845
25000716
33113383
15537240
1037708
81563952
91271555
86669211
29385122
83263216
61354642
23086683
71247821
41234995
11755278
7555862
8246170
32356197
15589570
9329005
22731464
909202
80168506
273174
64714640
17015779
90313449
72180595
6861674
63878644
25149769
3883061
20418864
78118037
55628907
66725926
39360239
53963628
82675779
38750451
15620514
81612037
76370206
77388836
62315617
25742740
38087133
28954480
55960959
66203461
45045210
89263466
372802
55047855
73561559
19331530
18759611
5148941
22211471
26207539
71334752
50297403
93857367
88187585
61386660
44320767
79511431
90808252
47085873
8679027
2990504
21332682
1161782
14583754
38416106
58050676
846603
14780807
20818463
64069398
69769171
41921401
44354035
4705058
75061287
80027499
57465011
5234931
88771115
57388031
65741598
87503325
70726186
46898650
57507754
18083776
62644184
4901225
38323146
4629308
50540519
93911029
2297464
49865403
72671278
76270549
34265760
15655240
62487514
13234887
83371953
44540453
94336446
84602636
60795521
59577977
47844228
77601463
72848814
48033413
9762945
38449937
80152605
24032961
46025383
20667297
73117356
31068035
77094777
91505135
45362594
58921844
35355582
74292983
70052393
74499418
6830122
14260945
13594384
30054875
45839794
90742828
89212639
26622357
83394316
55650239
24387033
94582083
21789238
49650809
42546554
36640206
18199059
44374480
24372069
14759781
66961142
3138127
15787624
62462863
72850681
48877836
47944222
88062370
45288123
33560295
17004393
71292883
74944177
23979281
46198638
28632882
80786820
3282774
84738227
3152560
44687047
38120249
6305057
54142441
50101405
39543430
48581159
43830892
84432568
30127940
43554974
39586166
61753303
26914752
90725093
50019589
24157923
67547256
20733203
70136868
28608928
9224860
24749906
79037512
29134628
53126866
34487649
27550519
5205703
7820193
93860242
46761056
82750405
70660327
92177794
16062301
36538597
38427940
30772955
3552663
20561398
92058813
1690816
19306466
51100284
24377598
13254203
43175122
56445795
91550795
62096695
53917524
1526360
84911657
68331342
21440257
30336165
8568547
84925941
12488524
21101041
3947244
17118177
35340021
71046459
68967098
23365215
77881162
18398867
64209352
93349731
66381868
67741862
72599854
59148436
43290856
47581571
44326298
88924696
55379982
31933821
44009693
53784711
63861361
54698594
83911323
48724908
57196159
66434665
33985650
3844678
24288664
33060963
48788695
18610442
2774879
23182320
67458968
56426835
66197426
46589938
86320356
22059401
83289127
80985299
72699070
62975865
