75557462
70687710
66322794
55776322
76233426
49476177
81795161
17447744
45605637
88527105
57794859
49398631
52334814
33755945
82245723
72336462
69306118
64073466
67223611
72451296
25697705
52142370
75922578
63109606
8161064
79162861
27929284
67345876
93811878
8351408
27831904
9837288
79658605
1541639
46229717
15858095
83001198
625180
90763313
6707175
82904552
71504014
2130972
78525065
88392542
82414664
60902313
50479640
87273431
73194961
28292865
71797355
25721006
4353476
17158672
4799994
41040966
82492678
53745157
6309197
39295529
18842083
73306148
54368434
47103989
23240643
55698730
22108451
34269617
11317477
10499906
42671329
68527545
79901031
16034784
82176906
26529945
27888798
5364638
12791746
50396533
4239227
65674567
69342477
53304714
94387876
34551093
8653787
93126380
71900634
69296769
23453292
6364835
415021
36593003
76512018
83972967
50461642
5166533
84444468
48515904
66605018
27121640
74454197
56104353
72280659
60161028
82453666
11690174
91038903
54234732
19005238
90849533
42842757
90919677
85107145
56726029
78421102
20090312
47249859
