25750549
58836839
42809717
91565329
61793343
4898767
65659251
34013176
68076731
18167560
90318605
82465752
64903958
83671376
44482114
43667708
77575449
55556929
76515007
77329764
14966445
86594516
93702673
53073179
34910653
49793741
12401030
87153793
66638646
25298099
81565251
6797448
36103019
85948060
72339710
10928089
87916870
60780958
23843662
90103683
22958585
39484713
63869532
67302853
46671852
63632987
93560724
57663093
93885477
40455743
71256100
66417749
33112504
7322244
25781374
58088854
14459179
70635701
92417327
17771611
20765400
56933920
52213642
12788621
75028605
66250499
66928309
92473045
41738477
85716848
48394503
93434474
64491747
88019927
64706342
25881008
86467590
1819765
9085257
73429258
41659405
87956533
65338409
65337786
81392460
56549988
48420723
16209670
85691981
34523166
60723953
9228754
78859549
34936251
5077842
21228958
81140214
48859733
47327914
84143955
49725127
3082578
65522890
35109803
27033255
90053993
23004935
4484498
67087390
94161556
48094604
85352743
83266189
3957953
65250678
30051644
39380008
65186401
68587656
90315487
41482684
47260812
52599392
91845086
63081098
66720762
39539188
75816685
17037446
63262287
59320025
46002807
57115890
20807328
62344968
52739688
74441903
44045079
46820556
21867273
22626836
41789288
22547396
7009867
36913743
47660744
45667556
12939823
42675537
42831872
1017047
75029441
13649895
15852193
44293428
74102173
77789448
35639551
35473433
49586483
65035128
62053032
92968350
86808061
23286896
69849898
61272217
30354420
13457492
51356900
21559006
29552107
62368697
848837
83266423
15712221
83271362
69066368
8259875
88239637
94017856
40124566
83392193
2172853
86783679
55011493
35804002
51040701
42236258
10487770
27158203
14405176
91483369
68619085
52282304
33309525
12157253
75173795
90335337
27532207
32880199
56622099
72815189
46275595
69109668
2191573
10205352
84767627
60781616
56994015
72631124
52789817
79319413
47118700
16475307
30880463
54002173
46235184
87263188
85515476
27488663
94143997
59358222
44711987
62748255
69873171
42869809
47894838
65683918
93146646
30324214
3531800
24413390
25145480
77757554
67903503
11002133
15598637
52490612
50195402
1420370
93908663
8068859
31148352
37249408
62487582
17280318
61997673
34548641
42632926
92186273
87360830
61727868
71083263
27243741
52261202
86500388
8462588
89905958
33456880
59925979
80931554
50521911
20616362
21959360
16036382
44146965
