34494246
49414494
17648221
13351342
44321051
44145445
66028760
78852443
53176911
73946404
76713724
45295945
52781179
38188701
72301748
57912539
42532295
38338044
8481551
8016053
75869757
40024119
64237012
31388581
87092684
6041835
87757531
24577238
25790493
21466748
25199100
13740012
72888705
19625419
39778356
69627511
7577709
45390079
62065478
34106552
1951227
13764642
25733521
52108091
3216155
71824937
8993281
69956885
92393808
7809401
83145439
58091615
7634234
33723194
75102910
75568927
41506125
84446106
50632167
31436236
59318094
83248669
62413389
72023694
44148739
60339667
53096342
63105501
81992665
64089827
65986385
44039355
26979507
92735304
37351007
51056031
83036707
29590788
65728622
18304420
65929900
63241707
78095243
65451648
4280377
26232172
49215629
25471804
14228784
80058937
37426784
91831118
44646268
71670342
40880294
33873244
49993147
1157907
19788136
