89926837
40697676
21522296
10296364
35640934
27889159
52287651
78558635
22941346
69620521
85824024
42546121
28736594
35025576
5227409
70849369
74085530
34697739
46688495
24097247
61028219
17995029
62864591
24828946
92846511
36288575
83188821
51977977
3147614
81976305
21164718
51550812
25612754
75123461
74786550
64740133
90331246
36784029
81271249
67798362
52512691
3681538
35255617
83332729
3655745
76884964
78391630
92003275
52255970
88362315
64430670
70883805
1763420
89048978
71637345
13353385
10653836
3342500
45666561
51412941
15732249
6240555
55203592
5362732
33235551
91447449
87207810
41295525
43099929
52220252
70116021
33667670
30798348
30890512
50993648
62986130
12630986
34205228
50023670
26673338
90437499
72411137
78805532
92926290
93465456
75944101
9861609
80534120
50731575
81051050
51420717
34086563
73363810
77731099
84016278
51917982
48778374
35846068
81583980
77481504
51405651
59777330
78996220
50474010
28750415
6238107
86297667
13380446
57552215
3795189
27668652
10234350
52805968
40031440
42659206
19003413
31993254
34169276
48211921
6075705
84542984
77715864
23329642
56629009
17322793
45571493
55800912
46191953
63288390
63536750
7099500
30189550
1405843
87981042
33878090
47426559
23651839
25114801
70241960
57800351
69784400
3645360
66800317
70763965
64122231
61860087
82664377
31375691
81360900
3536999
73412541
46816663
24061600
26467690
28868192
89510435
52362250
92359730
23207410
40755355
13208708
93549981
14655980
56738663
40138668
63647478
69910446
58088317
61626581
61496489
37007559
55432619
76817253
17628237
7860447
29808422
69807199
20437239
89168177
94452963
14866272
25925173
31548454
19619197
36977746
4102646
29946235
22663628
25622880
10686634
41592100
37180217
45886410
36898783
32973140
41193124
85998899
69743307
39142739
17119209
15825348
20014445
42486102
10388133
9159041
3067760
16307402
14451467
28956432
29545983
63057522
19785908
70594085
14623236
10593899
93485136
41584823
88721278
16687314
29907321
75537473
40760095
32945806
4025487
