57354470
89831911
26966975
21928381
15013188
52188893
52045266
51368364
53730466
8796555
43996260
80854282
33230821
33730200
23218182
42398937
8994790
94335246
16893311
46424766
29232875
11376576
40081708
72264958
20515816
93992795
63227265
31861525
67765838
18098695
35745055
4110817
25725129
24141252
58443360
5297765
36047296
81521503
62826675
9318586
3471349
31020083
6572831
62143843
49438759
48631745
44481069
70673401
9876373
79377888
20508563
76737440
19096476
86342242
78336192
52511444
58886809
45605884
25113926
68114563
9775249
78567454
57030365
93210581
72276114
43300816
25977805
40023148
7754395
3750930
30575609
21135791
81448275
59121880
35267172
8674810
19844056
92594706
32864490
40261754
35036489
9480305
11210415
2419543
1234711
94138024
7952181
5000326
93548750
47843482
55542596
80886789
28129793
63464421
33427864
52595993
14963832
83521538
75509446
33139033
17205780
19640931
93378809
86082737
51900463
82987883
60223553
1434194
31035999
70230835
94054595
74751901
19606247
47001416
93494929
18239887
2106060
81497173
29944902
74960424
21621562
76139797
8102236
50463414
1299661
38779319
17478224
16867509
76754947
36271637
58099321
3935619
41177476
94012638
33493780
61826334
37236963
79767551
77258717
82798607
8712106
27432756
82341052
89561694
32494115
32998877
90162458
54368724
46508010
25652582
47239527
28971410
67978407
72977505
13073973
2120056
57705583
25121765
45293283
54713077
59434538
55849838
85227838
75673816
82696861
81657315
4455824
54297615
31397919
64656308
28662777
94346325
6030218
60723785
40122725
3753146
47933339
34517657
58170642
9420165
32037703
86038557
70915944
5084482
74751355
26151384
3618936
64511176
47149487
75971906
64335233
53559950
27158077
50405376
46201802
79496235
79269916
82165608
87450394
93153441
33980189
46855756
51998848
13166502
88992294
29912006
53908920
89347728
70636170
81505915
8265740
74276650
77353457
17614741
2628633
30821040
4112301
3867778
90516502
80710949
86858062
31080555
15191822
34769723
16969536
64967060
85273107
295731
59812518
84288668
25257740
62496598
49252722
9227925
50725443
15845907
82181503
53440428
36541193
93274605
7672837
93795299
59034877
68026570
30245116
49913
37091685
17716657
53820355
14466210
71748637
12332515
83944375
73108810
93538480
12868240
30531426
8587813
27680983
40072478
69439729
79753675
47879815
71794365
11428216
88886025
85893453
16911972
31646071
1660647
17020706
82903776
29338549
62063921
2438390
54999830
68771280
56992734
41038462
36186828
47810241
4790296
39681921
51909142
37572036
44131750
43626977
50093862
14104580
87795375
17501684
17536388
84278738
64122599
37172622
39500957
92450558
5916651
15911580
8270862
29427274
79352699
93294974
22136319
85733130
54360914
13202329
34365905
58051058
86852653
77289521
85298540
2564996
92925191
20703323
94177138
