33448118
61875768
17543344
40144657
3979818
47407846
88445090
51196456
80677593
13359378
78440496
25723020
15176378
1742058
90199923
46339964
86766374
3757832
25424602
73573268
51047463
34178247
77570963
87539049
80614519
62561065
79147527
50548931
55747727
11539072
49778496
37788552
1830501
88217807
41311560
53257879
62820879
55818725
25395805
9476042
13070493
61975408
12137711
15801948
54678964
59037717
39065483
6961910
64380026
90213375
50646944
931997
92449297
56583456
39355698
61205158
52902546
65591805
3109517
21836699
2862335
8609379
31440540
89034552
44275854
68356427
90546707
91176359
92122433
77010107
83716881
73814651
87721355
89297355
11585682
11498983
22604236
80332802
21452730
78310059
29459393
47070255
54679927
10583009
89324621
57955356
20579426
19297024
83301665
66754063
39156522
83890430
82519118
64859741
61692743
71182017
86882546
36278808
50569534
364692
47073951
3855506
71700404
50126956
40736014
29266437
31811377
19487163
76359030
73321019
10859817
80000529
13989258
13190236
14618838
44067
80764561
10570686
34435886
74467099
68213237
67957214
86224611
43131047
81696236
55868856
26598705
40670204
44851373
68537605
77158895
73897002
924244
72424717
76564324
24188364
45255154
72657807
36668974
62271372
92613691
22443497
3864516
72005474
60358685
39162086
64683488
67435006
86455833
51753028
31821353
66575099
53794514
1620414
49981799
61959774
3786771
72166226
3726070
55661323
63130663
85001052
21272082
46575913
78797966
36144900
38200045
30733788
89976098
24678190
69877049
67386012
9331906
40029551
72828860
33724385
21477052
66554947
2180488
77002
49714044
23090810
21687755
76118430
68708921
21127674
12611558
85758381
19486724
76803795
78719631
5433995
58873318
27697138
6704868
70539530
71629447
16515308
62679647
38015027
10923426
14943558
70210279
52818643
74851211
27113564
23207288
59722875
75253225
24589689
75696704
23368610
255998
56191645
43306638
53905998
78541175
58896697
10507213
71193818
48817906
41104488
66240975
49452116
4838748
69763224
80181076
864063
645767
40564499
14254946
73972493
58293242
53618541
28370011
30658499
88821637
86453686
88736154
42159431
74468420
53605229
91275182
67694316
80455338
62174925
6657503
92038055
31264239
39748412
305150
67851021
9557733
42761547
69684216
86927026
91655823
86957314
77649245
3377259
67798512
11890169
29322415
50796371
36750869
9508431
6073854
12772178
55768781
91317762
81059037
51776552
28110565
42616808
53455462
81743871
35046308
94610280
74973465
33313953
72932268
4502032
43857462
93584202
10431970
32304716
79096663
93078012
50711589
23202839
12856004
10594286
40771197
51235696
54676492
69862638
5988147
24588705
87933145
25861164
90989630
94419731
20842221
56334734
73595624
44753080
57718157
65380767
61641841
74829306
78065632
52518244
19126715
34127973
11152330
8588921
241158
18668249
