68871801
89152732
19752614
58983474
87433006
53557486
81970356
16688528
89822361
5098123
76320151
78308514
38071724
32905944
6901116
32032509
36941172
50688122
24588218
57371923
20795080
18916538
13509250
44552173
19303308
27964751
27479432
29499765
52200100
82107546
72226749
63496490
30614029
22346078
53190182
64352670
40416717
54811173
82712836
58968116
64645538
15950420
5199190
54723489
45823910
75213902
14614505
70380763
28399941
85673550
15999996
435515
39259576
1093814
38621968
62272294
54436280
80393601
57264874
8150357
72315400
64556787
45310538
73503136
85092683
58374845
58852171
23521440
9851492
26033935
36458436
39533473
85373955
61313458
49502526
7182063
82919515
12673218
13105170
76081206
48604539
18656627
38582823
38365594
25224603
2041639
82241120
32360997
54952995
81393198
92340635
2790641
67063687
89977333
3818911
79412672
32317369
75882400
31140096
89794321
77333468
64236498
8789935
21902245
44525722
48272772
32697051
80216642
9894423
63656012
31779139
66486512
27536596
79138733
36683789
20246685
91967498
47828144
27780325
76525591
90867980
49093175
30113205
63035522
47762785
80545783
47308311
61968861
58372284
13894250
38013920
83884654
