3831897
82235604
5236190
36482066
70280566
9000405
32424194
93927897
16141254
42435998
29337951
53944782
4685447
57143190
53301986
39943282
3714781
9913557
90051132
33852726
6338918
58339691
86065639
40700590
84375080
39017403
5953454
75218112
60741490
85996072
67965083
26706979
39581354
3184743
85443661
70479069
28915420
36828602
59687891
78219116
13160331
87235766
53479869
18567279
43624327
28191993
86273961
14826476
27584143
40944597
53770958
3814539
64796163
75685584
71555726
36342544
91722188
67152667
70893664
63574882
70087252
39451828
92141189
57164977
51967784
83183597
20524862
20913948
73417759
86072071
57915528
6262013
9643654
20468420
83697988
59275863
81643628
80172236
37915344
46534725
3811575
3342311
83268460
63343912
67880633
58852440
12868620
2744715
40583633
66589185
27200984
30083011
10144769
9165032
6591157
62216394
78821635
80386874
23886408
69215408
12852967
14040695
77282233
90169178
18417549
19128142
80012643
19711308
53915740
644659
73033105
25230393
29976991
92511928
18103280
34311746
62403537
53081151
78024785
1352901
50751327
66963808
23647661
39253441
76715055
84899625
81276509
4144900
31507181
29786429
65634151
82921529
22664438
69137829
71236083
12895363
59163512
50505141
59415013
29904229
24927989
94418059
62113565
49573951
21602447
93586606
7489351
53397426
37512880
79759262
20940052
14121108
69558307
17229754
41537533
68835876
46051306
36239695
9287664
85653102
20463314
54884043
14176648
71685791
54437597
92294488
21379520
7772702
26695087
63111082
54386851
92556823
89315745
51574633
38837808
47753167
46952115
6845574
45148347
64626422
37769886
70903509
76930762
41504317
75025596
5281991
60854976
86964141
85008457
78328881
44219244
79015891
8893846
27144146
78366729
21442625
33480291
38969561
39526718
22656513
2049458
32026012
38666204
15548952
92795412
18047989
88211462
5864650
52426260
16100412
33005166
64335637
42736951
72408007
61769709
31025713
24052951
30724337
83740479
43503941
63346617
47852787
61298824
32089092
10643059
70332953
49627366
8582657
57734465
58494150
67106883
71475124
57994952
19434230
40494333
3856663
28772810
57110519
25503481
91585473
22711672
82013227
39409201
59351452
74734454
1441320
89137738
11509767
24257089
6599030
81724506
4037503
77374967
23065161
12417961
79578434
51664466
49177415
34597392
18957646
45433841
15829837
14494349
70389674
52795991
2125722
47986137
80583147
63941777
21781013
26779729
348114
60419112
75338834
60388415
47297068
73537977
58264656
3466697
19493803
11479574
83726487
55317338
60310925
7976367
50940250
72388067
50559295
19834033
425803
56923773
66807712
52779233
26040844
22691722
58234132
63330912
14237461
60578587
83376863
15834799
69135906
89082266
84090564
21835360
82000253
78585240
61365131
55035824
78987668
93572320
12320103
80785979
5214858
55303607
58908652
57167275
10096470
62194171
7981764
62764973
20158993
25277432
19710217
89699441
69487987
73556194
80207722
78453153
22383544
21666818
71046347
765198
10656914
23344318
4832228
13041824
57034856
12705105
77443590
46069611
54942263
3177289
36386962
28495435
71651043
30744298
81980831
50073600
55206579
38363840
4330487
60206126
76454145
49815620
20893134
21421724
26559259
23264337
20704417
56637388
16527815
