68044051
7675444
13606445
13805793
68719133
61163849
9936974
55788517
4382446
53406335
69090732
76221378
32775514
80383409
78148098
19418931
76357671
29789276
28727836
57220023
45773760
3700069
77068533
43699470
10411529
18080359
21278834
58706639
6176458
15535057
62583025
33646948
25533626
29494776
32043718
877463
53249108
8737058
32314031
5908790
60487462
59031240
35951306
33988188
8549290
61993765
38564620
23663736
44207283
77622544
11234720
87279172
37206601
35078141
87026404
33716997
24456323
63995082
48451668
10472891
84033694
23062442
50297468
501236
76390595
75927866
82804434
48374307
14375668
17770283
7657169
71893693
50701478
55720518
27458867
82318335
48212284
19481836
21278830
59686842
61472561
50613617
34221502
70494070
66109842
31490976
52677594
29413343
36185680
32331501
17778417
44813240
19978145
61363007
37349375
