83798061
53619075
83848385
15428057
59207314
12029654
79694856
91157534
10589712
52417866
89577871
81727372
62048282
66101595
38103404
37121015
77296898
59559066
88959321
53527243
15263281
89222368
1754142
58894048
67926168
7275261
41186408
82461728
1573292
80471589
47292898
30802788
61642518
55799681
32993996
2304664
2304665
28020893
85694930
85351136
53145487
46314958
24791179
89831821
76935927
9342120
8549002
36816559
36331303
83583258
48649539
30847366
18742359
59744714
46859852
58844633
69711960
45477776
18305926
10421081
23852192
65636960
10751029
42696505
71352095
18139633
26273785
15944634
77488925
67994119
6058421
33125438
66541433
87507095
30276059
39625692
46320541
5029049
4421942
14057902
30690211
90194365
88310926
50168160
38124625
47537259
33160623
39381349
77127603
20473030
69189771
89497397
4798074
27768255
69576380
76882702
8789895
78780395
5770424
81282017
3831449
88607532
60534678
72237094
51421047
34168141
24580676
48767961
42160896
16638598
34088246
50753920
41626077
82012889
39132809
79040330
33739186
40852148
26724715
69179514
32985147
47686047
17653943
88963510
87885892
44932605
43659229
39085398
36984730
80152411
19134856
53258925
19256845
9826935
23579056
21404786
61830104
72147626
24970518
44632572
59201409
78216488
52874861
71288231
7985988
48273733
85210459
40772845
64600855
56096458
29792395
48166964
70013359
91601527
48524529
24751387
42616464
50012052
49101010
29827084
83310782
8352923
49306634
69680225
26644640
50928202
67093366
37171727
53380685
5790825
64892095
82512297
90070837
16490636
24548975
5723521
504021
41957849
68778583
92183800
27792611
13473571
44446302
83780589
48674664
91285440
58541809
46812912
8525200
53025331
53070274
35437495
89983094
21708931
50065267
90967061
86582275
55942397
44358781
37538090
68128509
51723816
27966715
75497286
21699008
42064386
47331912
72915727
74505969
2325150
50972423
6244758
19961113
91577791
70554705
85912747
22712079
29091270
24561912
36967055
61408724
60732338
65857291
2607228
3375213
64895718
89787732
78078339
77056844
41232220
71312138
17365557
13735638
69718894
58053869
48763420
12991330
76591656
13946195
65702825
111026
59722986
20352607
70952730
12412052
16436141
79895932
9454301
57146532
87754932
14072664
90480055
25888976
57445781
36666711
66713927
47913864
63142315
67465002
4673900
90931879
88860381
71053705
28251394
41015649
50562941
22999203
38974387
18976114
83976932
31574247
27096027
4332721
65856397
4130197
35017903
67737975
264061
38782088
81122793
36715479
74692605
7037920
78888820
53388934
55804926
21685230
10646285
6059839
945974
13721115
23742284
92028577
43136415
43284018
51532719
34883927
21918286
20862130
68962793
80895824
78467679
34132416
11940292
41583756
85649390
27451689
20432948
80678476
54007740
92359682
31470097
16834358
81166956
25253527
20655272
65858035
29004565
63850004
8633952
8540155
4315986
43789090
38539046
58946623
67146057
71003749
79842180
91881456
11881862
55828200
44542010
26285720
68900950
52357319
86098419
72240897
6282078
67281028
22796965
43211310
53724065
54816162
36430958
69919700
2280190
6830388
87128484
34002951
47993854
60008295
50603525
60903291
38848752
87260713
39191269
36393092
24965225
19239112
33093305
60338021
87832443
38509031
75296294
78899032
26160121
71895513
2161139
40613938
76309245
42520175
48394452
37899356
2313498
80468554
39064007
91874843
33849886
6651415
19621875
71702390
