18658175
52981979
63662500
36823158
38403802
42103289
91099009
68341748
39758392
80350704
65184654
44287000
23417958
90866880
92187643
39378474
48790593
58834109
29201857
82777946
73237585
42422180
62358807
79472998
10752091
75674566
54082875
6867578
20582644
52111106
90519527
34407050
52936722
39757779
1053931
40069675
64037776
59229884
5265940
12984996
77944673
29929416
31013152
41146655
93166960
36327372
39819873
50480158
13398398
4233245
40900317
69135703
433164
46425977
89624143
45790405
86878372
33785119
92290595
4943734
3943440
1377344
72589245
57908076
62736184
87271202
62817150
93019903
56405589
68764333
7565449
73022206
46948557
93105463
10642988
76343174
93883143
52188680
37669638
39986989
60562663
10662984
58925493
74284328
38475432
93462214
76892394
8985447
65463690
19173057
32184739
61685075
5805102
90290035
89887999
17468417
70270369
62118450
45241033
72459070
9500299
54790816
44722385
35182106
36604948
82831260
75931345
57982821
37410464
84917978
7941814
77152989
54793932
16144274
52381623
11482963
16195181
30734572
34763991
88230203
59826287
29911617
88532411
57718870
28684707
65099500
42248752
20295045
58614599
40089705
56141906
81849317
23587866
31510869
50180377
54510563
30288045
22530849
10661320
68666367
86727119
30975269
60909635
72436961
90213645
58214006
92734036
12610850
31979726
86797913
39242280
51432924
21076290
20590422
52031599
77347520
18775710
75181111
84182607
44533317
71272373
17146798
26610380
77084738
67045462
60115935
48077984
34369182
57843983
48644261
1879096
25100369
73868489
70473758
42932607
55827438
53186519
16567185
93027149
90752511
67349994
72812858
63843204
93398154
72367987
10817934
11895216
36727931
52260202
91322458
76102584
19832055
7819157
2348567
73261398
72201350
9758716
16635256
34188851
50575975
46981839
29886424
31233771
12046607
75574674
43220504
87264616
63034193
30469598
56044842
49585237
85308369
2404104
58868653
66416669
15101052
28438218
75803921
73003060
81577253
60389594
83421129
54557899
36180647
21169532
27153453
77457128
37424982
4737774
70283424
45319218
36977019
59909972
49301214
19063134
56393822
52792268
65842241
48764376
45607336
54976858
53076751
37194107
18554260
4114190
10359405
7492728
77306432
8911314
13492647
28079590
32960908
37666656
80931198
46420823
65098331
27071740
48341262
39968961
67742513
94038414
56158013
62409565
11590991
53566388
16516809
11159823
35526082
39737762
50389610
34123374
2250870
6941990
74709556
44862842
17160553
52534280
66647451
6707449
6179522
87670781
28576018
64153021
66579993
7440815
38786424
40576571
77865172
89144291
66476552
22109116
47278310
75020244
16413412
30000331
5971049
16791996
26012102
82257909
38628859
15855538
69381275
20791136
29539286
51492645
15272400
54595651
60572084
70917482
23639064
85085548
3565720
33729511
28694284
68435982
9667584
52746676
12903879
51970877
56739121
66820470
14289062
2506836
5222824
86794768
276032
32992486
57032597
77556085
47423966
47769587
26092708
45795056
11329023
65675667
25497645
14495507
20418523
60179601
94533659
89449923
27464168
80820781
10578374
81964588
58226771
72008986
6669496
28887275
4434319
87784195
31945248
76162469
66959547
4739505
34812488
54433636
25730756
24690272
47796753
10103915
82029999
50038767
88183592
64518614
85536011
23542510
48481071
62401437
23707559
37316805
64947388
45207826
48020849
58248563
24184686
8359200
59228109
28075052
79478203
90284476
475668
27895622
19996081
8339333
87063529
44720217
39425645
51514951
73607185
65312028
24001652
38044456
86218838
80597442
56873567
74870305
53309181
39070139
80733688
76065192
27959816
8860287
52734841
93954773
19691813
53343956
25784674
57082908
58971129
63901708
86118458
24501432
44050217
13524960
54397649
25260284
62664952
43314875
87314183
20726050
1943558
4764072
55449208
68145431
52790481
76268710
8969569
46790880
