5868688
25917523
68400303
42411997
72185642
6026831
93921716
54360908
48866319
75512299
26806344
8496378
30224219
90055390
89882532
89710355
64734655
67377954
3190580
3962569
1311158
29663035
43884221
23962028
46725083
46374392
51723646
29355773
41247528
21286727
57787107
6920100
12894466
77814548
32680800
86084962
56986683
66895074
79129146
76105443
3706198
39566298
56108097
48003368
4801072
69904474
65230947
55255392
59381833
38764943
7353084
20601502
47736712
3726876
53646910
2308592
55038367
78237852
49020551
80720870
89018831
10318740
55641963
45733769
31161605
23934776
53933352
86096688
45770937
50658831
589086
81740884
78387812
93171750
43674459
28256240
60547587
26708825
44054196
30876564
71159955
54977153
47891304
68679960
24957283
7574804
74888811
68940223
66711873
229796
54087988
60790462
24508936
53567924
64853041
58436517
22945061
11955832
24120320
36096626
81742017
80455260
32520751
92821320
59714072
38965591
14330902
82786357
53437951
37810627
20299069
83802907
53028169
31925139
13857429
43697393
18563107
11079579
50305037
23444430
15713247
61030684
25802807
4780194
35755608
94518444
48800524
90195211
29979215
93853706
80916954
18827317
82531259
30153956
21569306
28517057
68694326
22695931
84696125
82770963
2055619
73636720
21714029
36018211
2324121
23251181
22666284
87013027
40677420
30304297
89744079
52424138
37111790
33503696
39179978
26039272
47962281
73808664
43890503
28341535
10910844
56605730
24688608
23004870
47596722
70595933
86104943
44667597
94231693
21136602
25556842
14355111
52925783
69950698
25739624
17027947
67988003
27475122
70954169
6067117
59196839
36532395
10554534
38152386
60741461
1190980
53211489
26343043
21801957
89891454
626753
45134828
68803797
83360412
77448299
20363204
66347040
71528599
15801893
79930576
71174618
64884454
39149498
45279760
20971122
56229996
70079680
38919652
57308892
63213612
29832061
67802713
8888047
41080009
57520903
79477036
92754887
53243285
15045009
27747319
31551402
81551707
84742905
9504794
71338635
65179040
67304773
51671459
90816885
56721564
84327585
44237147
48398376
8467429
30098204
40630375
80691173
85984340
5050032
36681985
94202411
54434475
90263248
58959573
59163314
74332088
57074423
35400080
32947954
82313272
93728717
29566659
17588029
39544113
47642101
10723029
66518737
22118388
67136315
30345246
56929882
61251971
22454459
78945737
61582056
50738312
41194840
19328901
26686649
39755169
18905883
79783047
20864763
82312226
12194752
80380001
62000943
36604447
10784242
5991557
35973208
94270961
83578624
1981846
46263473
72891643
6867384
29464178
15707164
14308034
35778832
44911225
68087064
39690089
40310099
49532100
1570910
60015047
49421081
31230225
89325706
72027386
92701284
25563460
40805712
47558257
59574696
17669934
9285270
41925774
67255000
70259799
49141577
65876872
56057451
38121022
20077668
60339105
21056967
16470682
57258834
57626802
891284
11809213
12935895
71384646
37603247
79147137
39074957
53011180
91891543
34829115
49026414
5151405
24805622
92245399
38827125
74743530
71604727
46072350
89467503
42720175
86395135
18735984
5440333
31468965
70580890
42442413
94373152
31043468
82529175
40750336
75921358
60544389
40430068
52439021
50302676
3959110
63651191
15353532
35193078
37124232
50243330
86104454
55994356
17105905
12280100
4653594
10150717
82342926
56185434
48474905
88433992
4669907
30463784
55296744
29214953
70481147
68473552
34474908
78402604
7276116
24005654
14018477
23396409
790604
47339575
66620916
3755774
9119700
39212753
64457986
65266066
7933559
59568436
15280382
80829514
70096946
76118783
70778617
21427047
83613270
74252431
32905091
55697924
31378752
40716392
37067927
80639761
28591742
81259394
21016911
27130506
90862735
39770573
4065812
31286703
722277
69618154
6581284
19404538
13205380
92392064
30642415
89690369
11689267
94582079
16054176
16936238
80631392
42546248
32781560
27118201
67514444
91880174
2228840
10524701
31824430
56989972
5317952
51122996
15986582
24746791
37954852
43774883
24134835
36675514
81417312
80985325
12772358
50080052
16022769
90035644
20152580
83593667
76104091
69022821
3694365
43401660
12127545
51066533
51403561
9166298
33011338
24503226
26147116
90392843
58019352
54759328
75074060
78178044
8026247
48006830
82977936
94382617
94279567
51175706
78416108
82950215
44564967
41614330
18624946
47875406
90680822
35804802
38054678
3285365
91924361
6771686
6569214
78396890
30681462
