43969408
24578309
11491171
87158175
90138623
35507165
84392287
47490624
48081723
30462264
26581496
34032337
3676539
33916187
23471664
13284934
82427907
77274149
61164490
69091726
76303340
1564834
26903788
82145125
65870002
6102847
12164304
31959164
61903251
72400806
7556803
88569368
82046775
67520334
71554437
16667282
12089904
32203669
31446364
66266619
74008818
90802580
21052316
87315626
69912359
2125148
83457340
76902426
42991448
86057224
9370249
5223682
46778724
1483049
15603585
77229509
25727820
41699074
28748467
7395362
15939711
80399752
265975
53771353
29998069
83407219
6102844
89203254
46886645
52757790
71606118
3022453
81942270
92925278
15323672
72455463
63473474
32390401
42935152
4120473
50433617
83394058
3617296
23775983
66955057
21882436
84518188
61480357
88230579
40091813
80458053
76366468
55866396
55998212
74758116
38229148
89360677
5296956
4557858
65930548
80499348
5993166
76723990
84334496
33517811
5011023
12871535
37365630
74712363
80814585
17931732
71326284
3213535
32398506
33550562
58458206
51548458
43040501
52642603
14261795
42574370
69196029
13112875
16229101
43641928
88773411
63895979
25264418
12889105
3206547
36994493
65165378
72533107
11025050
75818265
63460133
55368154
17198285
86285567
30954347
49629395
6996249
35766384
42293389
56763845
58826768
64195140
19865296
259710
79299444
44400083
52102883
52737299
12767996
52855373
89660518
13906008
2587734
69939061
40173260
83228636
87199629
4293027
5373509
53391249
65700780
66963881
86526195
61511726
12871538
63547021
64510411
53673995
10670629
40848990
18620132
69441146
1663296
10259334
10002672
75570464
41478091
29515530
28694653
32200701
80722087
23760829
43319525
68892006
76938925
81741943
56321830
56038429
39856751
85796721
56477233
65030615
34497198
72505938
64445779
16934152
8010472
85670150
91800035
48187450
86448644
4718494
83777170
90073982
28786047
76864537
66359690
82375444
22399172
56101503
90761674
26399098
77957124
52920970
491969
64873764
49673693
73055277
61136587
30653894
70381753
90072853
15821091
24201429
66303989
72400931
19550447
68405686
48273860
63044240
15655274
83561208
1961861
85725930
25302768
38963648
87536262
83508953
80454156
57936326
45253712
9768261
68140318
46309010
42788790
79420978
10293634
70353336
14679417
10559288
69610588
35580563
38747359
83464388
48943207
48224093
71823228
10356530
66355834
53839067
28299835
68736123
17621239
60046823
55366126
44541333
5205378
15889358
92229330
9318012
62579576
90246782
88982981
74041081
16563085
15245168
20242751
81624325
33262661
29505508
89339131
52114551
5202006
8947267
15347344
49638742
18541939
6280706
83683413
88044679
58900510
77036945
73197903
93063153
9795538
84301454
60132076
12213443
25385732
21168716
49525216
51007113
49503114
23218136
75571109
8692602
72672462
