61781143
18737505
26337172
80944109
33253480
4965696
45194272
5898351
6386637
12256009
36056289
37631661
40423036
48743514
86255918
30234447
67021788
506779
72365414
17651480
41436141
84977289
8256216
51591319
85085453
83745331
50575786
45780943
91506365
41736247
63124570
46938184
9606914
11783210
20681590
42247859
23054824
34270252
368750
8385818
44585083
6563355
47564900
32933094
35799013
53639596
1652087
28016590
35089339
3097639
23135531
61665849
1468530
84922932
15677111
60646366
39845165
24724347
75605783
60835860
