70023357
34407272
27371074
50362633
65438779
62036601
60719442
23016988
58437976
81800672
44408079
60933949
44836292
60030173
76231406
23502612
36828933
38378837
16308591
8828274
12155994
44307471
34067579
56521821
43440238
87657903
51509179
55770341
15941327
60992242
74837293
71236960
1001922
52810196
10233848
25749060
90420719
87360650
659227
76584878
81741147
10329681
28582230
60608108
80937481
14630163
41005701
9333254
51371309
83659097
18749371
24482132
77267447
64159199
74294411
60011842
63983016
88063126
7156599
62705127
10643410
34427767
62426784
30168773
44426290
70100387
49035672
54391495
48773764
4057818
41405773
2670576
88316700
4989848
80758310
52628577
62090414
39584521
32370229
83096153
63429806
67813568
19555078
59864230
79024413
82763709
88272686
55570097
21981719
82346235
55656907
24907912
68722579
53340192
20898266
71329688
19031761
78463291
55908801
86068366
8936032
7591900
80131551
28159035
85738853
76074023
8134517
19242226
34767252
63361962
25966140
26267595
35728306
81130348
9640092
53336595
41427050
27544961
48303595
19566711
29055957
38123782
49640527
47504251
57978995
46176198
53500184
27426975
76306185
41569409
85474120
35655248
16335845
47766401
76185588
92920249
38793076
75058537
89044924
48555834
91818438
3842009
53601151
44176456
83465775
39170428
60194872
77611545
72304648
76344524
84133279
86619618
33924206
55621329
74782679
60306846
3132982
86797361
88680618
58478912
23928750
47105882
92031266
45740063
62029046
90768782
18362957
20279131
22407861
11099682
58912610
72285345
37194787
60953950
52351121
59465987
35537624
50468802
19125887
74183181
48377347
29795324
2194563
57512847
58697862
949827
54193154
19389774
19616783
18792193
91818433
19263278
66935284
29803076
84436923
32611076
6588889
71173259
37034941
78948212
45526713
83799628
71312221
16647814
21712986
39793982
87856963
20111911
92779766
77713283
26345301
82439425
8017585
19415543
36402189
70132221
60399746
65481568
92020635
39973010
71563082
25469181
34387637
86953172
63702131
32406434
43610728
9331654
35679226
48806672
28099413
43463495
50567071
6767035
15200219
3713048
70508271
26708124
11916108
92937967
51792851
33959982
47174744
58684023
72879478
66325942
72544402
58383542
54305355
38680023
17339926
50403795
81218485
27859120
72095531
1460506
89812618
82770587
56676809
21097718
6393560
53243762
1979273
58621084
12486847
63379191
2744790
48287243
44277257
44843713
42253330
26480314
7760245
58318733
72139991
46229995
25305888
40405861
68947229
9022761
72610098
7327024
74152388
81195416
70340615
46218897
90386103
79512206
6612383
11151727
8049078
11693712
47713570
2738719
51241344
88790370
27479387
32212990
67524860
65605418
67706778
29057428
17862071
5300051
70719123
4265579
27497783
6719449
8840023
87617497
31816825
78950923
62542
28378590
48092592
48053791
54819395
30558119
73201649
21784663
42599829
63013502
75927936
36458930
53283431
79134121
11901833
19648835
57356920
12585318
1316791
67051503
28003740
43620175
66909540
58714400
49551886
59774526
70148895
39409009
2340629
2201806
11136395
32542224
92082617
44937984
20072491
21514191
8248924
66331297
2564203
14206032
54427653
73721984
52260450
74242688
