68081692
31487958
46833542
83199887
92188180
18524858
56476078
48555257
24089031
89497358
69505251
90448590
6644275
89320966
53477478
84556131
2647357
87757763
49626515
50728764
74730910
27537982
12995553
33760331
85643497
45699893
33895689
53760289
74464290
59169914
13187683
37235437
90883671
75287009
88800576
25783252
33599832
30782843
33486414
2810437
32869187
61011223
37849923
81579079
67118781
30471097
12388937
87174719
57400211
65519704
75880636
23312962
29056463
6521019
63710786
28386861
67706095
19730144
35184644
67167008
6140132
48130038
72153043
45469511
5755414
57038002
43368974
87541982
29584989
8279402
52060904
26915849
76332403
36658754
47306081
14072877
39373262
26322683
85280105
6177006
50754889
76888722
16256003
17895122
63078277
30419215
3867105
25885907
58202416
68480738
28331877
79593031
36625997
61126248
29275695
30776000
56488663
55781168
67414095
92900342
55271469
1082762
71424907
66565537
89031060
72454375
18389755
53313812
14347065
38039057
1122226
85106313
12279380
9855979
4767835
18352448
31029829
51394909
77409076
82976357
81963202
78301103
15062135
45360617
63866475
84687275
78023385
91996272
41873736
868394
79899299
52912073
79023903
59317398
46389115
85860911
68673164
21720198
41496328
61737022
53633607
56861139
49278107
75991027
50336191
1851417
49948081
20545225
78400153
81261553
49080313
89270812
28757484
2976744
92496307
121356
31831850
42766427
88106967
51249310
38523955
47899745
93163197
52992164
13849715
51150481
47916959
55924330
382655
3336637
62298306
48845072
34704859
20293859
19514574
30513722
75250626
24921264
42058920
23723324
46518958
65468693
29193107
44656997
61004660
59369015
89800276
4879476
67663356
93506463
57575733
3756566
39816247
5184035
4499140
16574206
10425766
93029411
10462454
41186963
22856298
31443958
72559405
71903588
83917068
38464109
79832641
7062339
5550967
13055943
74955117
33428516
60760065
16090214
86254820
22078255
1178597
54823943
2953606
79654097
58496661
68148493
21918110
83819850
15505001
2470245
62111946
3378043
82274764
83489007
28683046
11675147
86625362
52773637
48130031
30082137
93112703
22402702
85124808
85166123
31050869
22439056
78662638
24414989
3132523
17907666
16079710
7355284
64144857
42764241
44237177
14069835
53226464
22228456
24189494
32271477
90597904
15599294
58024687
13908328
22133669
61794877
1248882
24200235
29392876
25294731
23022359
24184437
68248356
81508823
42635630
86485111
39857420
837901
89360705
45165567
84726159
33853988
61920937
91686601
80294097
72663390
53713434
62309063
82775226
18712869
13638511
64745293
73720152
73331558
63813490
78389104
57685358
84449535
44489750
4273624
51541697
25526122
39716846
60666713
87436924
12092812
56056137
35850068
69678117
60462089
4777946
19832297
25173557
26816114
8343995
67702410
33173940
41326648
4127549
60458907
54529051
27084328
82943468
78251352
92612126
15003546
26460799
85151592
88622442
75467139
92340898
25963074
66378659
89584956
24370550
72520686
84665042
77419290
28894326
12374939
56559738
21647950
83496487
64038457
67571253
5006743
1226818
34324342
91110846
93735678
85167317
31488952
60752437
84866584
14272803
67736543
43711836
18177179
49183712
60080951
48915557
15564943
19960237
43883605
84634020
69336565
41541168
12156618
66568950
63626533
2037730
2008597
89048701
23059902
91705472
34871829
17227278
10872664
91420545
91987390
54635485
44663510
49532085
20566180
52722898
35045714
12010968
19414735
63448598
40433567
11790954
7605914
73542440
47672390
73746181
83135614
77058410
47488390
84825886
91310035
35531530
20322403
69849123
41507724
44185746
26213105
83095665
24756893
65440487
60720855
2242881
39051105
22693954
93420238
52458806
751018
88557813
88108661
5633288
39718621
94245114
2240237
43733570
54600224
13470028
52993180
1013870
33206564
88863082
69885154
60140329
57886312
14235980
70237709
71725469
81568368
92777158
45745885
61416614
74695178
91314157
29513671
23723452
2285115
9244309
92687744
8883205
40350960
90170285
79856477
20889042
31702386
68043133
78986278
21804220
22284298
27665342
24258487
70053779
73954563
67576940
46694214
69230612
42867644
80332417
56573896
28823436
20834979
26214229
21369190
66132158
80338351
18352535
50458403
70357763
38414029
22986662
331698
35103249
50670356
59070580
32418904
53316621
7995594
69189999
7495517
31325719
4050553
23335653
87996506
27444340
16083620
7542357
82585088
8498926
82174409
50649748
83496490
38994567
85905620
71152156
40684260
30005623
71485838
66919155
67199325
13709220
85997903
50531184
2190729
14918682
13994331
34549082
3282514
19814428
61681934
43698152
36697707
35732962
21364997
20563308
63147565
19547881
71625688
2985265
32843037
17650756
26819142
25888848
63490254
76429854
76364848
22306957
49386905
55614433
12090846
53950958
23935621
3705805
24618775
26931837
41860262
14686890
56136
18636129
40122282
28730703
4904196
77549829
56361519
54222167
77851885
75664434
88218810
5630362
24371968
30755701
88366547
16419909
69937797
16253241
91224110
69456619
39629120
83082282
9485353
47238701
2404164
39205886
90389300
92305864
82294705
72497195
57335262
81055690
12446380
7572492
13647917
53466124
64952331
72239516
16727891
19568203
74039962
62334358
54984006
68807824
57751391
35878804
48914431
56558528
72265628
25355561
58245306
18673631
74700041
82290659
69361968
42749592
50389265
30703334
12958279
41239113
57443818
89083191
41673032
91174112
93839659
12020120
88596166
56124642
80403993
18023457
68927128
41686043
72656956
66507112
17127560
67164683
30151105
47694989
54472550
70281313
24671682
77724029
61929730
93173073
22644819
80765135
8008236
43720628
2183075
40861481
14891137
29059278
80008189
13596126
42493777
39123205
63831135
89313464
22366126
11947895
39098537
89913586
50929825
13814063
89042757
2148180
36030701
58707738
58983272
93216081
50647967
52791538
74190796
9262022
56126323
44514662
25468131
52533243
9012757
92279127
7203518
92644413
66706880
62093544
40313856
93478942
17476989
27989521
23815398
15843032
91761555
