70850180
61985422
88696334
23469095
92917448
41129613
39453745
59347073
37480909
27524087
63817954
60446600
55436270
73713073
9364173
17851582
74803307
64415600
35328482
82985586
90885955
32104425
63528754
49987241
1801466
11375906
33596331
57454796
74951641
40403157
134767
11006797
62487043
40840113
74300814
14721331
57227102
53460043
53507903
54331083
14527634
87492718
50099561
5875290
59366822
63502143
25980771
45844117
87384783
87108441
79114069
61293436
37848315
14929087
83086706
32639745
57306577
5577136
36927764
40774078
45495983
18364771
34665299
31768842
48502349
58767552
