53597554
20060972
81930680
71443396
52235887
45659061
82662513
9123566
88247507
36940373
28476891
78022890
53430464
67517988
20255354
29893378
14827325
64691368
39467993
47310348
74021661
68279907
85322230
76175529
48875947
38755423
49973280
88616988
66984348
92684534
43248091
79553237
37462617
10352343
28411639
46315431
69736243
428067
27731710
40786356
29932703
29048198
43871427
21668153
86377707
17975943
63560069
45227218
69560594
771500
51068373
15158934
93664275
21799478
4044993
52282437
92309209
81693167
61146686
40358437
9651990
7907816
26825320
52429625
52685337
76845359
87050836
18135014
4632711
13624068
48703091
51287673
16298127
14622966
75664128
88321384
25620383
50176504
14383517
58103793
83358839
83606088
38392284
89813209
61691237
43243579
36479128
59465940
62483716
51492138
12151745
33044547
13797635
5258962
94147264
31958839
32611854
41289277
50585276
91703555
41097247
86320437
15463406
48111823
79506569
58102059
77872035
3502147
80730567
38829025
67008960
13249583
46047332
63503247
46673824
9060147
56250274
13738852
91546917
13570644
10992132
52777947
5442830
50685667
46900444
30556025
7843876
37162874
78501415
25054079
48125456
44195886
70698539
36927491
7706937
57610612
44370618
34217779
81175493
74240918
56116917
27594159
11015223
71260381
26359906
4840306
75571171
25904774
487341
57188388
82824355
63604994
44548755
41965514
74322640
86074996
23505073
47882019
54258108
57906554
2759894
23155839
38782735
51996181
90601063
79332935
26393130
45744173
43857175
93365471
5247969
93118881
89786899
44328051
74394516
92895205
33368494
5450267
4548178
5109517
49634097
13469132
77438294
1216710
61398892
81117087
84658777
14215420
33432057
25758289
24476933
91522578
66469903
68219734
1516679
53556784
1573640
4490415
7393209
18279853
20612360
75220626
36389402
16286736
30532169
26906006
77197455
57411880
43056003
41708464
45034471
40763894
50599336
3558336
3132800
49049856
