86426068
24452247
46889320
21711090
82898540
59421274
52058266
70893700
83219831
88631045
82033660
37969339
19205785
56720523
54490029
79858085
56852100
87058020
2445492
86373286
579594
16416832
67727317
6114388
1750578
4325753
34382520
80805160
50682715
5957576
69415741
62019116
14754501
63389379
83353354
19108296
75290357
22802317
76164626
62597304
38531753
82808240
60665296
4180900
75936985
34022659
49816425
69277267
91748108
24759388
12656534
13443319
31047463
61491864
16237620
77038284
74460911
42690711
50382659
91856156
59184410
62679614
60520362
15606200
77208444
92902031
53487174
65733622
17250510
51720998
71102505
34085762
46129
67726516
43077640
63402645
23700320
70458572
91990752
31257080
91840737
77766605
35257862
70211558
11537902
49567278
23722680
44115888
2445035
56264144
67298620
86379184
1869155
50319497
10124019
92001987
85068501
64340769
42587626
9651786
12415322
51857184
2624515
31468048
67959650
90326820
84784370
11780044
65886605
55174268
94326246
74333427
23698356
48252778
4280704
51645832
22477955
86059427
41640070
52069566
57753701
30845900
26101264
76764983
85341064
3497815
79195491
81131221
45222964
88541781
59268641
84878412
92840449
32367517
49032796
17799224
73126143
28413934
62345085
15682681
43834615
59751803
23528759
58214350
11883257
49112781
34220331
38989484
34678872
63570677
45665463
40640753
81281819
12623641
8808887
14324587
16374123
19420123
67910757
50067388
44544539
75144882
21304406
75036922
31526952
36020920
40438229
81415883
23944092
4033452
86267804
12234967
54644104
6038230
4435099
14086762
4029680
808983
6492977
45293514
4024972
12412673
75615375
11786568
94617230
427729
6652784
29208970
70661584
205336
46097118
69167347
25826042
64057800
33967282
92983795
53740515
2416676
86599740
75383873
20459585
46618905
62411557
28999540
89594415
1809415
10423177
47318830
86321542
92114023
17340718
30888319
59584503
84619230
38991928
47182188
94328679
46690698
74999127
86829364
43423502
28689968
59742884
57143800
47150803
21398749
75246989
40671654
17945174
15188466
21921774
24259372
35450019
55265031
83699070
38701201
41314872
60672347
34447748
46533782
4959775
88542623
34804860
48840180
479958
49627601
16969464
41811655
381015
21368267
91685587
20334749
7756431
32563819
43686747
26748058
26403191
42738834
21046263
89759480
74961284
20179398
89279932
13335930
36731071
92828950
64150723
30646220
12339165
11017661
65887998
23755462
19243960
35272259
94259830
89472079
61581197
72050563
3894032
55823244
63029632
61741889
84059483
29555485
1474599
88075235
70741004
61681826
69374865
85776346
31370489
46308809
73397711
35116088
49736091
40457301
85924332
81337050
8796033
48634079
78571874
23561172
34620389
30470996
35705502
49220949
77592694
92995277
68702477
93232910
85316829
78883374
42142065
56266727
64753171
42100192
86495100
81257010
57481096
54133495
23641727
65185073
55926421
38441869
85439128
60313442
13753589
8732122
45034911
71898795
68475171
38720577
58044481
8854663
44317106
86440613
8100816
26989633
78919030
8466743
35772804
30677189
79788614
18989169
89522149
53758361
66689337
65792780
39552042
73021670
80089822
21456664
4456888
33229278
23553453
63514823
23728092
87303336
67051484
42468960
68008958
67933335
50150012
54792989
30497312
59529665
33597536
79057224
85572010
52627141
19250606
71629224
83261959
68533208
1902522
57366303
81592639
12118485
22726178
12025379
64126783
1988979
36330106
35288462
86000447
92105781
37149639
9029250
1122973
68039349
64361258
27022781
27306064
71648890
11198779
32824313
54822848
43454427
274801
71577279
1570336
94670916
58266882
62343206
2033051
13092512
23997819
12249500
10073551
70194468
20725076
18361298
8316071
61023184
42097053
58739238
40115673
38234990
44664964
54475583
48749992
27083519
61980115
22255622
93277736
65191554
40862404
7793882
29753870
30531683
372157
1490791
71044717
1329664
10822331
54570133
22643302
60054695
31410902
7056575
73228000
72444122
69818860
93570347
5130782
40900370
85405393
6192003
17740411
46253458
7113191
34810023
66640847
48890072
29916057
16863824
18851900
64911528
92753940
64248709
33513628
25201732
38261844
79989122
7764760
52579562
44118010
34779821
49244419
15773737
65000032
28616665
80203927
10273296
19919312
43474794
84458707
82865868
40762922
43076721
64899962
51017135
86734353
26812976
1544713
54743314
14269231
12286581
87195679
789710
214084
57834775
43911421
66843278
71310127
30586938
28308594
27122700
86697408
13836314
69540650
42049837
13242111
4070491
81770843
41231601
83308661
1050080
17113791
24733377
83452244
68099047
34899376
17695994
5357219
24817529
15744243
67243604
17616811
74773224
27396954
76361599
68396259
78165489
91761534
61042429
17537085
24152595
68011031
69254075
43580928
70711394
82837122
30858755
67137187
81944842
25184196
24509830
36889633
59760488
56601076
24496182
9155947
16130344
42677742
89411883
20607588
54475967
29731531
36637347
4674787
9717393
37189342
50466611
89674687
5900299
3250041
50014417
52481678
35330867
37480789
59247813
26978831
80036301
43300574
89469654
10731864
30710616
27918892
17306500
75635934
75370400
22723461
75576740
51774818
17693931
82987392
8493064
8046042
63489498
17193854
88529412
20190081
3610563
63887009
86217933
6804310
68795312
42247258
64044874
55927061
34746287
61740309
77321334
84916659
12258448
78238110
50747042
32876247
75810537
12994031
4837234
31206956
34941801
25489616
80269569
27437988
5742647
82272766
55846583
458620
14339132
9578502
44256476
32375271
9587626
28603663
32099416
67223075
35737570
42191726
63668265
7677755
52248590
24984903
45726844
48760820
74656156
9605950
53356290
61433699
91483780
25625828
71571461
26299285
5248028
22281780
38411691
78701921
87739853
34218374
68805415
10250857
56059893
88867622
26852174
21916056
38677255
71193002
63748492
6158352
62994220
27542884
70606309
51052621
63465150
79482840
41652001
62812859
39364080
47433453
72025103
81597900
54127651
56096476
11377734
63049439
7495160
53375379
2484963
43830361
56576396
157583
6160971
8071611
7005596
87287166
10113612
11223415
51479685
14223031
26029725
55919911
18158782
64708597
78455710
48587007
39224606
70601298
64333531
64371559
93834537
74278248
52436927
88990880
89084047
25974236
61609301
86164116
29863748
26974552
11848559
52350776
39749474
1191668
58375109
7461194
81139556
42051853
11844978
37543460
50986009
47279968
17081603
11917006
74463980
12698968
34654370
6726830
51112306
29392600
80985185
862044
66128218
73669950
87570358
25359349
49180367
57982512
8864578
75641789
94487250
69488196
11487874
18548099
32941970
82661899
66624616
45377713
207530
82461775
85055539
53160895
61144619
25248043
36665211
77883256
69186086
70367243
91776324
23014155
80968302
8358263
32241331
20847051
8760766
90931146
2156945
6018878
51711600
16342913
50983182
83679396
25191683
30055632
68380497
92713968
56770984
