88505195
34921800
77717207
69238648
69990398
56291528
23867970
13718713
66488348
43847590
59330658
48144403
76704100
74178036
85265846
79191542
64335089
6782873
8604519
57360574
15657359
37265078
53658632
34565637
20203395
88849527
79599599
90865374
41241696
88237364
16515416
27068626
28683664
34934045
52666798
42806857
62436290
88792179
70871498
88909212
34264487
21422866
85868602
58508843
48564541
47940535
50992692
63257470
40228427
6418277
32904279
54234827
57499612
39304444
81381432
17927803
24357787
65167217
21799984
80331565
39213727
83602112
72563356
75512386
89189048
13321940
37852141
78189473
83401189
31088713
90105344
14978973
73564665
42669204
21259840
73636981
80961015
75307450
12226872
20850880
82438073
5016914
3937789
37745746
55826806
31728156
41860684
86143813
38223494
66360542
32040945
17441726
14647292
61050352
18428674
62425639
21806123
64938412
14983484
3069751
51663287
38420091
57434992
22892266
83787921
78444492
80759565
71939709
80415586
72021467
673388
74339744
76709744
46991286
86366016
76192827
69851748
10859890
18023319
90159585
23515121
20104506
69792423
30326866
17344046
72615090
27308941
57236870
72626691
48340394
92856858
8870586
64318715
58280396
5081343
23535525
2041047
84347415
31299402
80765695
12948921
19428269
74783788
28155703
8561519
26451974
83650388
80479034
72014967
72224248
54148718
87315707
48076822
37736469
2701295
66275257
36765146
67474856
79533916
75999254
62134558
75522104
85737466
4206487
57816872
11191982
46483686
23162092
52711767
4396763
4051042
6617091
10231821
67433047
1130933
34535361
50951638
