5548579
12573661
9774141
16856568
72769507
78990126
38040205
51663250
25819839
17041486
49687106
30850217
45402076
42012676
80811608
54720364
62029200
83070053
41421080
78113690
41802212
84887156
13354824
68949219
4624845
25679951
25066012
6682058
18818981
68602047
60390300
61434897
22961901
7533744
13202462
3497384
91219867
42293484
87481011
51047182
71273274
89440168
19671085
13662754
13575075
2320490
71735109
17652727
74395415
15298474
88485951
17224708
32976527
34754377
22225447
56166653
10714750
84750453
40314189
66462308
36751235
39765190
21161069
87868737
14282800
14255766
87354502
22621024
46218064
48582952
34247235
38323912
11870119
67914674
68792447
8357139
41201349
62249061
38040314
73483799
74587079
69585365
39339747
41517594
55962614
92917060
51300873
77826093
51752820
92299447
10830783
3160126
14156471
67129106
32270976
19321877
78726245
25709819
79775353
90439819
65367648
33099609
14433061
23122912
8957581
83920046
15353090
55026937
55968319
84929479
32784220
18619599
27912865
65049604
84166817
38269956
36639122
93652906
74283740
70307905
68819434
30638765
821824
44442573
52656018
23564437
83206224
83909773
42996676
78617917
79466360
35284709
53219777
55175884
81639049
86053825
15669509
76925524
936752
45145730
86074184
50793616
7064648
17388893
42617318
27883726
94110567
28228016
70396729
33656339
37620827
1522014
26307535
87662139
71721265
1908887
18338169
45264077
68274781
8004380
63760029
82259486
83354140
84766338
39917636
27534866
14999384
76744973
46854981
52422659
70359932
60385186
68676646
27908557
13388350
21523359
72310101
94507991
66433703
92212324
74171562
32567239
61627690
7047396
61973911
21404660
22014794
17487181
11909805
28789684
4707993
62977703
61164231
63703168
1826268
90880210
51137081
87266780
9995432
40600896
27129517
66379445
52463625
83793174
28989548
73890753
32235942
59310380
61104939
58784783
57078909
44426472
47201463
70940667
15168740
29378711
89565604
58339636
71347485
4073133
7655379
63990093
63848566
6777618
58564107
47290725
24404766
73083857
84904187
35474435
91772584
28507090
13483721
5964368
75679156
8973002
2563877
38163407
18741001
74590566
39760088
62268456
50134446
22446995
55729251
32024853
64993639
74649323
46158729
67821505
1127672
86205098
57433831
44866426
57984112
61594479
27019580
64779487
67592129
49893845
3221269
67750992
20505379
65157015
20593454
88867178
73585229
5982588
42414459
48497820
11765565
59626150
78404517
45054361
35146581
54413427
28408101
72732932
17046207
44411941
85089293
58938615
87707865
81557491
34952849
21315348
2926861
35293617
85029261
74534028
75167877
74918926
79991617
72392963
17128215
4089425
67023742
15750450
84862312
5480767
93290591
83894030
37059420
63742688
13161643
76072814
39718173
66769425
85480005
85991901
71379356
52863097
3403976
56136543
76489095
21283387
50582857
9490054
79885141
16954906
19143430
12560132
54926425
23595198
79156816
46776619
83593329
48487017
55138309
48438128
36447295
18725923
43068835
78459088
66384661
75632348
39714488
70229468
91072148
37663966
1727776
73158386
57484038
54924725
55479087
63308567
71657084
52504852
29916959
42299472
44117677
70930363
68336467
20457126
90045380
85943989
70375092
93786550
10475233
33178929
29056328
93091795
23616630
54956512
70359294
86242199
85144301
6483996
46998232
60623961
81156710
8542845
3591592
57911127
35828857
77840823
80653867
34850430
4921610
35974219
76778435
42051564
74236
36235783
35166880
53972154
3888294
48327286
22638691
73718088
76781106
7052423
68597745
10814623
63626896
46390615
6569302
75200428
1719087
37793897
23525118
71736135
62415667
93019957
21855803
39082226
28828488
65317761
49741620
3433125
90546941
71440591
6313113
54430339
59884690
57238191
30993037
16306384
53708956
33723697
87177203
78264661
89526435
34948987
3227554
81045607
68700187
62766966
32606338
41348517
2825681
55866550
75605174
71106631
88563236
25058249
25832065
2818479
53596999
87549836
91746435
44470271
9647202
12370048
20755217
55165717
17490469
11655435
83412423
79299270
80418273
56294130
1498425
57762479
80905209
63544228
68988198
47119815
16747744
38872511
80647174
16372334
10322157
80370334
21328038
83077889
62338436
28820980
86994887
80587727
36674796
49335405
32048758
36243333
58843572
47688700
88934543
42152957
640131
5231408
56255038
68943174
86305172
17315846
6145530
86181085
15725861
39716456
45704931
76821791
269088
85485663
63047746
42792949
71520069
46458634
86008013
53956209
30502982
12058230
51726015
2549556
47494588
29488940
50631871
7750572
17522361
72723726
7178451
10661350
82804752
67978254
46306789
56477572
67436163
12565145
4412079
14717635
33780693
6369270
40039674
36183714
91859903
27971790
62080667
35761825
68623879
19120401
88287052
58885167
67869858
24194266
15888088
90348640
70944056
25824645
87113436
18842887
6826765
72210110
35060443
25248755
33397009
988679
10217460
63602809
24480228
3890013
52104575
55512888
71739506
23766417
26018693
3545105
61883591
62632348
79173274
55105137
88460555
70766587
60816453
23537388
92433534
94111768
7797113
21670521
24956837
51955425
55825427
37950405
63130030
34548260
48030126
23239284
84052390
65405442
74006285
34164030
94075446
84656969
21526069
36822398
30709869
52408672
64354885
13378530
4229679
3960418
84380331
52723957
8432329
25585971
55803232
65566476
65983999
94030993
58991899
78227591
78342606
30632203
56288089
32219488
17344323
30916538
16596567
9499113
8174993
52409229
28812121
92822543
92919676
63879572
92633177
37968410
64186472
10875069
32248052
36094484
10565462
36083229
24881569
94642850
36005948
4559538
69208062
1392192
70930360
15816734
36378422
44207438
35061346
11676642
49074977
57674811
20146459
35195401
78944886
9244421
71901625
22916545
14436627
81466536
63766412
84318817
72311246
22652908
88212539
25909485
28147943
36205744
79702929
41406238
49385989
23778494
52178259
38171344
20598285
39542265
65352627
20188930
265751
55249693
28831996
57520262
47271740
62954119
39970940
35594110
79272656
467109
12945868
29020910
75530637
16673350
81681115
90946701
74862919
38813826
35476533
46489955
79637374
79148706
10070218
58555
20881458
75806835
10034404
7083676
72579690
5162830
86298490
21860491
26012021
22569998
37639569
32907367
40608463
79869196
19220010
60176847
21168042
72060184
16134015
63556322
9679755
90505122
38089275
88127146
31644276
48272785
79004098
83253004
50827362
69983609
7443208
71711814
29356426
55605629
80972996
83490465
28489988
59706108
81833918
50031016
46303289
28834857
28309166
83807325
20438072
46098194
35343309
54774582
78110718
91841823
24820484
32119101
8442382
90122489
76558542
20234438
71152155
31977596
54646904
81430955
34356425
69647937
25363161
51124712
29364077
85534664
40435678
17828875
84438610
24487285
17517075
85392829
25672560
93279208
49416744
26142379
63547845
15705103
3281980
47710223
69451383
81429004
84040959
67394769
30324914
60414258
63696361
60328562
87414536
92500888
63945512
22182019
67208674
65644965
22377054
6643796
34612293
50960988
49915909
47899361
36891684
41728893
53215319
69967409
74133590
8053548
31113601
62881821
16926353
77579338
72169662
84365890
77503677
1400530
3956975
53245450
19634937
71463832
62201416
89750307
70099841
78930743
8767880
50433502
29543562
35126203
1143413
648082
8753955
91953401
8244995
77165422
32541003
31730560
56504305
85226706
21355329
82472213
51513844
39419327
5381232
50860854
