59595330
36132432
997295
13045218
86958061
25807714
37149727
41334656
29640152
88860983
52399281
5771442
28361370
2163951
63424060
10121327
65574804
44638187
64741950
71470281
62570075
80468142
30593289
67935770
44437254
3896770
39046969
82491889
44882605
74723082
79645611
34976346
9763685
44727889
76790763
69105275
20862545
67965418
78893251
5108042
84036754
34401329
73357882
65834508
75176173
69325067
10791616
11826602
77941063
53026161
94345770
14397958
61693957
48977818
90841736
10324247
37620452
63411873
43478823
4295453
56576214
93159794
46335707
81100295
27636175
27587090
22900986
56720141
47289349
45228841
57177163
9793711
80595766
86540886
57459023
2247593
22635017
2991092
58779991
77329546
48176297
50040787
27481469
25101472
49189955
70054361
90830307
85317366
58389280
371068
22129053
64867981
13255531
7217023
31356680
30475295
43084314
22961000
35648106
63222213
5396895
43217085
2398485
18580174
75918191
38178728
68171942
77158144
11244035
31587174
43759380
93603104
5219526
25197896
60048745
26598394
6114892
38060228
3225103
62857833
35694229
49461220
63326389
74489394
16464044
74436361
32752444
81994212
23261842
43762352
65452715
70524009
62625306
45096050
79693559
62734705
36175528
45303393
7002407
51986321
91998614
78419276
6164709
76842613
43899191
13735215
66622885
11039169
37643060
72892485
13585617
25947181
16996681
26160829
21167964
21492057
14710637
12195893
5870584
37323810
73988378
54073384
1564134
44173712
76032076
15960603
64535671
37479853
40789191
89617885
73124248
79563998
50692459
83049756
28874777
1144299
14751622
36412166
10022774
29540778
55837678
6603981
93121716
35031597
21656369
5590872
57997193
27852146
3566260
54502949
41042014
66974247
5941865
15513059
17399654
48229203
24867549
3729734
921053
52587194
80918898
2970306
74575772
33791252
7405888
34348021
480591
17364371
17031979
2478364
7674017
34866912
13753544
43593714
64598560
2771203
38070767
63885541
18259813
20504052
78076599
44432143
18672401
85032899
62369772
2000120
45035419
38263363
36460018
23046319
58151353
88847904
73134841
35409407
51587380
24360729
15817156
376321
72104543
51497453
43319669
41917899
85969123
42488657
90633114
63771391
72892453
31570158
58424538
13498186
12839402
30546032
40030489
77115093
42481045
81150323
800489
14853754
39270139
17558684
84614840
1984334
12844922
77642006
76113603
8430462
67634990
22676992
76162440
24292683
91820002
6108040
53712829
40124587
35556143
32882629
25249781
62427838
70143649
16000876
20500872
49778579
57437142
48219675
18703591
69687330
70541137
83691944
26656213
26656215
53898501
48121152
15939264
88598617
91092992
31272842
62141005
13810913
21043446
73490323
53423313
80517006
1259546
48632148
88357785
52655158
70438656
90968040
13029101
76428183
56903798
40592941
21496979
54211931
7390536
84121305
4112944
29030837
114286
10894306
47694288
72128782
79183391
12160842
60743554
22513467
85014387
62006010
12934855
21943713
76813244
2304526
28333421
15579118
179929
87210990
13225294
13948232
8350379
41058513
73030162
36727351
10518853
32880479
66825960
6415271
66381584
73309469
84071349
78795487
7086591
24994852
46814410
62558139
68049791
22856247
20346232
5537262
56816793
92968172
54714689
49011499
51076179
29204537
7488035
17046955
32417005
3750139
50338099
93806965
91116991
4013003
92111658
21230240
51909703
87738839
45008252
72273460
25506855
14416008
75028403
6382717
41296864
62877991
35314711
31841715
75060289
91178404
8534111
30273987
85643865
52339326
54066123
45238148
38486311
31051242
92558119
7320155
81235900
74263895
67101712
60877339
82019973
41859053
77133977
63672711
52609852
72430890
53595801
20735254
23964727
25218230
66639287
51865435
14505136
