30177086
4412510
83516362
11226032
92069903
15568309
87855465
17581
61102313
72058909
13465217
51159445
31582132
83393527
6820354
55758554
79139927
5499039
13910266
52907801
9224476
44746972
26615639
1655766
86902519
21338195
74533884
46601413
25817115
42667511
28383329
46390161
48667
38767655
47186635
71626592
4000716
68064271
23263538
52115747
28630703
11022828
3223688
57341682
2740180
50658759
50304919
92641616
59551861
53322664
45543928
4740315
65418813
33770438
52494678
24643787
84373640
9872612
65785650
23504762
66470733
94338116
36566601
43541215
34674292
638959
5984710
64862506
9012417
42446014
43405862
3910022
21940995
61515880
14945500
81902925
88711140
78486981
84274775
29715547
55589033
13853006
77787377
10533819
28334326
39813351
36343387
73670863
38389092
17606257
1539602
27259588
74839622
80838033
30124336
49656897
29662823
64796977
28625295
30156427
6597530
72216402
42036304
69277682
8281074
89534994
78997319
8188776
80959187
51951939
64065725
29722071
55325828
15394790
3163010
37128965
13013006
15643757
82264512
4657659
89192830
39926400
29988322
88990468
58957262
57831431
159833
18846237
63581640
8654123
11623992
3535691
79308571
36074280
26281717
83500482
6083693
56530370
9039016
14071062
9996970
34654866
80337307
61954227
47427877
43970452
57651366
56326312
71099058
47972291
23052
17086469
87369556
37018937
31376455
43390236
58560646
60966048
67904932
21158564
48699997
31179156
5279303
85841560
54663237
23189839
76356022
25007369
17513429
42443087
80775700
48507316
