77572084
39405095
56587427
84151166
70833667
64428411
3002902
17710453
92872107
76975984
72695386
82724446
35172683
55780923
30694843
44293788
63663394
77226579
83182588
88954240
36871991
70982333
39128747
10562275
25167990
76271056
20991198
53447620
58343805
83700140
46859211
21228441
78139348
23384929
72101870
64035250
73316037
45481517
68310981
31855929
12462519
11771478
7244999
83285717
52285645
10237362
49427598
30495760
7403398
32842333
77562931
68928219
46600700
80972795
70260375
11508444
20852863
68183534
40313172
38940599
36253897
56095265
89456238
67558051
53703439
20756650
35348045
49776148
90471325
10785082
54194512
19962128
50549925
73904659
67390041
17892376
56484555
55770399
51628743
5735114
50602104
90440282
17671234
10504680
89560239
51031419
80194306
30726731
24543301
82867626
79542307
26708171
2102475
23115123
74197910
42496487
39378962
47855617
67976153
61782631
71083556
51998754
86467511
53136829
303404
89502774
12662458
85768959
9691185
92711979
66639271
54579358
91286055
78856468
89112529
34402781
64834391
5957939
67807358
61664693
24681313
40523256
86111089
14183303
29438471
54480250
54936499
83852356
26142742
41003496
16641409
28791243
12349382
2255067
13825939
27272985
80973557
24075842
88969018
16934803
2058229
47414341
64948457
23387479
29975926
21580855
55853061
83951692
39937193
74235002
6442022
3803181
48500874
53211404
61943905
89124199
77155463
73738947
74690846
36841497
85457599
80382238
92188511
85642456
45997250
13900681
91235901
26384878
18079374
28833617
72131135
56881855
21844888
1976640
72493196
2895994
83471443
13213706
63248605
22342892
85939532
58351572
29313749
80046589
750911
78934293
92954592
23673362
30057161
87170263
53928854
12858054
14667362
61173476
91284688
75676372
37066883
37145702
6066621
23816225
14379762
87989767
30978417
57071597
20220343
90874214
77085796
67323473
21442840
45589821
67627255
38884255
73633348
77855581
89957388
91748327
62794207
72465454
50914867
12644233
92169628
41297472
24516999
91610621
90682232
26017227
68837155
65580389
69086900
2781371
750895
51744730
48388895
78245433
60059890
92753861
64003374
601088
84190635
86193370
22006164
50935015
72928206
7795458
29285202
32985830
35431530
10771280
22221682
25314920
76178432
51228757
1785087
91820373
28233873
23567448
26578422
50004281
44220233
37608449
40482941
55019887
90232710
21748597
16014608
48249387
5577371
85681558
92047319
56867381
87827761
10685633
9712948
68562381
28603553
85912707
85076357
30658188
47676108
80009758
3220176
35689034
67394974
62509697
49469662
13541882
21629033
80049175
68188793
8942121
4247161
24271289
26324296
66443611
16168511
63618152
16449572
34206333
59783322
19879374
77251887
3082841
15177716
64944596
76107486
48175476
42608938
25722104
92488084
16614175
79383397
66255162
23358076
50948438
3754677
18334497
2754723
49004844
35494036
90473336
46590232
31861641
31308174
56022340
87234200
72714828
41904141
92102536
79886932
62441706
7028857
50374595
38157445
27798778
83801749
84687263
11818553
2997274
62864559
28375499
44407576
82388749
46011408
9102716
52137028
90815681
44036639
54282271
64187697
32532687
65435971
88730347
63451190
53604073
40803454
44889972
66064506
1206702
30209876
76691341
1463048
50371804
13790018
37330885
65124391
19769285
91548694
53332330
88010406
38849722
76643084
71946531
11667564
49560978
88909764
10900618
593347
1191314
12721498
35607749
18720902
10984228
51237910
59991714
11439636
83157917
44991810
46746074
92278170
22993255
47242949
2429851
69479831
27239318
67383854
78262786
28936097
62368658
79514012
32870604
89668527
21659856
57513346
3867470
32671498
75926181
63516921
63981516
64833843
32990684
46232320
77564445
40445657
18149467
42520798
13632129
89152427
23307567
47136331
6689912
70405922
7886942
10494324
73090866
32779405
48981290
1966337
80780193
47843079
76883551
71388580
28564397
30907351
10786629
2340050
73963549
3330747
17888385
53209028
62338410
56848976
14194740
46767025
72671840
21832195
69104950
3355805
65550099
69642436
71425807
64339553
91682011
38656219
9401628
2528108
12466903
16112632
69763167
20097062
76253038
13943783
11084402
28731592
24345018
33922580
81096526
92333109
51942953
71185997
84929734
85892505
74077200
25510968
43228349
67554159
1099764
16308967
84617657
62150867
44532659
23595277
55059931
52423716
11684367
23740837
53237955
46946336
57408106
50612219
23472512
60862584
21888643
76963168
84953294
8629967
44638083
19640990
26527307
91628040
2973715
88091587
50805099
1822691
52548343
65253207
44288507
15725748
46214536
19130661
42823708
2088884
35608614
30523129
27094245
87329531
29562047
82153624
49731304
31384405
75359353
70772945
60547362
84143311
37660332
22040866
62262842
10622320
47238150
59254661
48981287
47684810
4007669
51126582
45348956
2265613
12261466
89561045
5520808
33948476
83599461
11807144
42046093
84883483
71044500
16164246
50223851
50223853
66579466
7539016
40665506
29848250
1598291
26249398
65676037
87143780
75512226
63870239
15583085
24718719
67957101
86420697
50050702
59465811
22571952
34595995
1594423
55491455
56136588
44052802
34381438
11645923
69247301
44559175
77014483
8552256
55094543
79140179
16453059
25993525
87563805
73722449
20325749
43747882
51734241
19468377
55713867
80941564
92221115
41595556
91924892
13415118
30228400
40037754
22000023
42793475
60168652
38756673
46092216
6891584
29235145
24306937
28662189
70403589
54593883
60825236
68627377
52834653
70090986
72924734
62106481
76895833
54356589
19564739
78470389
27758122
74352282
2087557
26648032
54254853
82645464
88459329
22314450
44393242
87135867
35774396
55260267
20401667
21579885
29860337
40119455
25209883
66241102
44122532
29450773
64838397
797268
2647783
44058053
