36519521
89723499
86105956
15276357
68112742
60263876
51785677
19003042
87191661
33980530
16740873
61144910
24179371
90956574
83500462
85151151
54184912
60542157
15464661
23009097
41951153
20487996
14106710
3780414
79610048
13270338
74252881
11831015
11086424
8033715
83829607
67554431
87608829
37845047
10205603
20645207
81550149
51989690
89491509
87512924
31249523
79701827
41562179
81845918
42882334
44505167
24186687
74722126
14704675
34791865
71685435
11614879
13497609
21355047
60546462
75808380
33000561
82218210
64614231
47812780
25794798
36596087
67529636
64970817
51519688
20238784
28130758
72782147
12776165
904288
90032897
2083112
15785087
80511400
70405403
21833918
34296874
84170593
67405965
69455908
11525079
25884898
27692093
45060322
46062472
32175865
72665751
29633088
45722421
72147913
74516407
91637965
86700637
18270188
56827562
87422942
46412821
7118239
19603528
66130019
53106093
61457873
22873347
77978341
49547888
42360336
74358191
48004422
89196065
58315271
67116173
19445319
59388427
25701118
77041430
39802179
85203328
65126073
42018053
44648045
80154770
47014388
70158011
22018432
68259175
93099190
7076789
72300245
55814444
5138786
61008974
73179410
51826425
73985183
79186472
40461378
14853888
75706468
40642554
78271417
85688189
80346250
6081801
78176103
71336445
63061474
19813550
33981215
52971662
24837995
58378460
49203112
5028316
38852220
21869619
12416407
90325240
35022859
57822664
65533245
23421824
66509916
21721534
63922751
51208158
64614752
63746075
45244953
4016601
51509262
72752222
65181984
50862803
79460369
68703453
12276890
19805722
90422593
55044618
35420005
7132135
13881491
10459350
88234444
60282631
62404544
88425140
36492681
7454056
68404661
56030217
26583039
46272871
24106153
56561694
48282016
47265747
3381412
20938992
36603829
74930448
48988733
61877866
80694110
40450892
49118340
65051211
84804964
56843070
31990767
39440456
188163
38072973
30251334
59456586
65970234
83564908
77164936
36901729
75601572
337681
90417477
61103044
4292318
56681012
25643172
41682142
68014199
8449078
35384447
13347151
18511014
83453920
62254438
6842339
20731618
27823914
35055607
45217736
82156677
82462083
59011528
78697917
44663819
22597034
33510520
54394754
43475438
47631081
79777669
33620854
2652204
72809372
76505605
21573392
88512724
25288183
89496997
59791939
92450560
87441641
45198477
89544470
43486051
11508704
