4761719
2347164
46121986
75385376
37068628
89079180
28936823
16816250
23937092
25268541
72756069
54779759
53904858
46002124
2913029
11466746
91688470
29074414
85267702
50488478
41494437
44256369
40152506
76884998
19593221
81201348
68876106
10863783
78960766
57194169
76091534
22547445
48767821
32363716
28523209
62989848
33067556
4457861
7601937
51066066
85587352
84216343
14503145
7123368
25538199
60382320
48372715
16937755
62368388
47571540
31557357
15581909
28888978
51033819
7535319
18523102
12547887
72372906
51036982
80577833
28592133
25778986
70644708
7914592
48073496
72254187
21909404
83749143
33886808
14049082
41901958
25277780
5701434
40881325
50058028
21722824
3907631
14211770
5165583
23601246
75534761
50541891
11997892
3246785
57781794
23556961
21218976
51399552
66937175
43551656
34830480
57205254
739868
54579226
47596240
92410928
23391851
51493379
7480329
63765998
34747686
46516788
39894300
23242071
48574468
57338810
79237124
69838617
73813450
72507251
60685491
40779614
11671662
60409472
90146303
80281662
23173613
16046506
34332084
52960892
56765615
22302595
793740
52662169
5183157
18070002
54182405
27217995
77029940
43468471
90382002
15181906
31122309
47494605
19613330
72585584
41397029
27651364
46424694
56902388
40304865
22700036
4654591
55343851
13973566
84354446
4947266
65241797
29932570
11965818
83579803
26717769
10600675
8189643
38778150
84327435
52418520
60844458
88147472
52624691
21009185
65257857
3857133
53501127
78083271
5970064
19260153
51130669
47428544
2000085
59683544
78054379
18398265
10249093
34093706
74166319
4549512
36183903
77668000
24730198
29287650
24904501
47590520
63098868
57018583
38648314
44998866
65317430
58728363
90066767
11885706
56560416
56170437
22847380
16149619
72911890
74421846
13989556
69613448
58281586
31010082
73343591
17264836
32335705
91143428
39927993
81803556
48569952
76631956
78700547
68916970
18398247
79036923
7054411
71634248
48404020
37744411
23409877
33573570
19087832
57105141
28993506
2939605
16284715
79511370
23518402
47505878
82753239
4863760
56377201
51658146
89844035
77126718
44593789
65613326
92351800
90712378
75814673
85370830
80285936
18937478
63821038
42811448
6984986
22598492
34498024
71693389
7632204
38837802
60411635
63893651
80826026
35779997
19448077
83749146
13695728
67275437
4107786
87912472
38374641
30215566
20162206
15418939
39797075
57109680
31901470
17981211
67858424
1419134
48700973
28134103
31980829
32097958
73944978
42529191
21976246
91860853
2367330
23809158
14016125
64212321
37909775
20934526
28941172
60182333
51991711
78614639
49667813
43897161
75934740
85219697
53034411
55301184
68605399
65104863
38138005
41400059
51911727
67151789
24085010
27460614
2364959
75944031
49891097
27800568
52926672
38515085
67629361
34224020
43293492
75087303
55853699
11196854
57823160
25712457
40240632
75286273
34535179
27448743
67020831
32517655
55274613
47750375
84912069
42505666
36230281
17945625
87505526
6275346
74965094
749932
30869288
73481419
91813390
80928141
68691777
80715418
55648265
7332513
32432579
63689990
60855011
51042824
84682662
14477708
11538599
9312266
91120486
62244756
13258235
78140711
50648961
16313740
50248966
91108286
6260483
89029181
52946436
44563244
9961052
36759208
25788085
34625994
59765855
23109485
90720104
18643997
18894333
77295188
48798424
78875415
78875417
57308553
35517194
21651494
32275247
52932824
61355645
312757
11087198
38435794
39462719
72778152
63381008
8893298
28923041
32192090
59563160
61374172
70704251
92112621
37022045
56181688
90951076
88623999
81717565
45012137
92196537
14084132
46628522
15327954
68826761
61847106
39602277
70202737
4163302
74081197
81846001
59773447
67597472
37068571
73863618
46210686
17710121
15627036
74853898
74228867
20104593
89412187
21344580
1488917
43492873
80276404
40006200
89463940
24056843
40052489
42516791
23701056
18053734
58599919
42250526
28652060
74608330
32695306
32836544
91989436
58084521
14741816
64354617
24059709
12166423
50749939
77577728
11627468
74756766
23359332
60200845
88118536
4275189
54073651
15951105
92279434
69956541
41945715
12836456
3799420
64311898
44563242
70928000
45484472
71526340
87119222
39471551
56281306
7315387
63471677
34870147
2301656
35344046
76825394
42639802
50009129
70321339
66413591
51232114
30718607
63072879
50429922
70828211
16315279
76463555
52626691
55476538
35851076
19212204
68758263
31681527
70724113
73277096
73460853
24258550
18885278
53377225
30288052
42631288
50563106
27295049
14587555
64681963
54931760
63744018
22446742
17115316
9961877
20266674
46141111
10400380
25958005
63403994
73887694
36873299
20719085
33293087
55309937
92028409
73176720
83384593
84743333
91955686
69779599
75887700
18724453
76305224
4133818
