81637687
62340886
17127138
56648708
1991575
58063896
64061014
33532339
77653898
14826771
27552357
15579530
17788580
94248181
23160026
27098473
20864585
66182568
20306789
18007588
89274560
70324773
45430302
11094323
31098937
11880521
27565819
43567685
45310898
61742327
18482601
53791497
244557
92984206
81753010
1203332
88388938
53969110
19461658
81086846
1075485
5720910
65541437
52522021
41499381
75743913
65603263
1697026
69134399
17157208
65476152
64940650
77530662
52893066
14412720
48093025
39834929
66840807
79617667
6296
52183838
82933649
13649759
44689346
36956151
82701095
77739186
11542293
22891661
47353220
90819564
86799335
91591750
37275018
33257434
83001118
43326594
86048120
68100802
44065260
14754765
29765730
26524563
68660378
93589384
17364028
60401157
4815374
61670189
67742894
44435626
15075999
87709393
30082202
53009615
81855028
11328112
89102096
51125626
85523962
31588479
572219
10211972
6117161
42516900
53552472
70866861
57349625
66635060
34918702
26663837
34711055
86468092
90450801
39499207
92131410
94255994
66808742
87534395
77439692
86188178
4759387
75406470
26954383
52529258
89346495
85515264
76044669
36630769
50623569
9831833
69752972
68692254
76594743
39534484
82509233
31663769
15403000
57771158
5289057
45506814
12022156
77888718
89899329
5872022
86154160
45776071
684571
14195706
67356721
50900987
32069186
33606378
1804032
55542068
34894157
82133247
78515760
41748593
26028891
41805766
77984571
33100019
57204271
64338874
63206260
33470475
93446734
16793703
3803818
52291080
90020971
89769709
87094833
24587511
26582697
13524017
28300513
88582884
1682428
77273618
69329989
1213151
12730103
70564332
41952222
12875848
26967962
40467087
23832603
22869345
11090165
22737977
70927359
20645198
81464736
50357962
37363476
73421831
73275098
29387745
78729943
92192358
