38109163
33680994
56403699
58010628
9421655
26486269
83100944
23531768
18577702
90878427
38077584
65290216
25607249
65062066
41821484
89304354
54344969
41751783
29131156
63069344
70974162
4687359
42353113
1738661
54225965
74771423
57680810
10609188
55342034
21850145
41688187
37800453
16620815
27342589
86618457
36560805
73620198
31416232
85895020
71067930
9918605
45211275
61345227
83982281
47664238
11168652
88710121
73051434
46286898
35761112
52352829
14183823
25559315
30611090
43847557
63803229
90953098
8327239
27804857
5351919
72180957
22306405
2251258
50574359
36889335
92411559
9087379
22732278
16115860
79154929
21650403
50346716
76276500
43803780
12556084
88638803
14329761
80094123
68104492
8049635
80631660
60959572
12369700
67753645
2781416
51887143
62764369
81201987
80334602
40927164
28365997
5467174
30832258
26436599
28016806
63923863
56505486
11185356
70818251
23598284
39624619
92290248
43152425
53794622
9310933
684758
38452455
82843925
67155959
44893349
2572249
84521654
60063004
8409994
77073449
66374403
89126107
58939626
85225056
10080827
28498
79165474
11287462
3328827
30177416
81946566
29134305
52511226
85035939
62275655
76984137
77792030
28949216
56408881
34411356
65045850
40303656
77193043
40876701
13879730
22327431
89877626
38388582
32742716
9894057
18022399
65038330
81803291
60077216
91237675
86985012
9657335
71775980
37550021
44247786
73482597
27294950
39393808
90615290
1551343
21902590
84434496
47657404
92061867
65459688
74050755
50597963
7322176
6376934
63787053
7238272
49186476
21505109
50708110
91226969
77213898
232106
69273745
60784605
88953570
53863635
29626765
61787782
57304221
29408044
47323710
86637893
42633586
76499824
80602405
52923732
9141251
61324899
33741795
55502529
53112231
76901977
24713301
18491115
9535990
33032536
44116914
34794308
48693244
57883026
43752732
24537149
90895293
62198453
3947735
75878839
56972049
9282008
58643255
84814521
43933253
79711208
89057839
18841897
25767729
51739552
75333726
34761933
59852527
40196155
63940362
80215233
59900550
28482581
3621505
22006569
83326893
50663573
60686925
14661034
35267232
51665957
85167149
40579516
87070608
88605965
2882180
88993348
5762866
44949315
70625005
70311167
90687438
81733705
6630672
65656928
