45101780
10911574
64661821
70034315
17581375
67581327
3839965
33587347
44462815
31101680
17473423
42048768
28275192
68199766
5088731
6252726
33771392
74931346
75037349
59909681
89617710
67447044
36412899
38597233
39804850
84359065
49744186
17459031
50614788
47821589
48484889
62346157
901170
35498843
93315462
33245693
27330568
47541080
37362991
66272847
77458574
59920037
85683375
22917198
69002442
45152658
64034455
42819454
38183569
1683903
88672899
87896904
56653079
92801090
64359354
9634544
4503999
13739307
49930526
10592177
80246157
64866599
59873337
35918466
27793941
33179006
72220213
54294371
12620000
24468423
45273574
4117789
62063713
35518265
35288168
61138848
32083128
1842166
45664170
52102990
17558866
34741244
1915096
3604546
7817845
13354300
42434462
53660597
81847927
30301850
57091251
33170398
91055326
67023764
91490428
92206637
21674492
36149732
84283683
4967791
87400502
64177902
90116904
41877841
86377432
54784030
84869897
47194416
66361392
94053877
45077724
41702790
62753580
92068683
55014962
67976272
22247016
65477841
46393046
9836821
25374139
62879159
33663048
47947822
57572588
72480983
37703133
76973130
23516048
44688079
39255703
13565564
90043962
85339676
66621890
81955091
26545594
34439230
42545557
73490704
19447074
64552978
8266841
12158343
92530215
75091124
57339234
66650642
74298677
33074006
69591345
82507053
68699040
16058084
3353593
8899281
7452980
42593823
45358138
64983688
64941882
71868552
44517197
31509414
6678045
55220909
58956405
60479000
81030696
24436216
7432381
12512200
52088634
60871717
30610190
72317719
61805746
38670114
65544819
69201511
12436946
37343248
24678484
14527475
82233250
8379997
56274682
83039498
61975280
32847450
63309495
32657217
81151918
45322480
68611670
57451734
40105544
11440769
14783830
89901921
4053716
8073479
34317753
8993230
12217356
26318519
31075408
34509674
31576583
94174772
42953554
24779024
74555324
84148828
2908435
84606052
89497633
10211831
9391424
65390325
79577612
63061243
22221454
22444769
53569945
62318393
36107483
21254842
37344351
2240683
51536200
83322523
3395726
23187395
69112636
54669179
82395099
56527
82103786
14776595
27797675
89526557
64429854
33492925
37523126
46600484
50872340
52817242
5096823
40611670
17514945
85531918
35626298
152695
26904577
44289608
42230497
14319190
14003441
385559
46933188
20344574
40643133
48189852
53938273
86765553
86229500
32098441
85779644
76477381
68010450
3092051
74520469
17759751
40450063
9434194
41445508
43236067
72097417
85000751
9038588
7070768
73265622
79569489
36581188
8656886
87227152
36792373
61022855
29522933
69990346
10317969
14491659
62756922
52187313
90137966
6565545
32789167
79171443
46083452
16626716
23361435
47753602
42895542
55701446
37756109
61655716
48792134
40452785
80754962
59493048
67473146
56430352
36649168
17276646
94301028
7157500
54758694
39921030
1559089
7132197
88359494
77119908
20706273
72546728
39167719
78194311
7538893
44418742
59959351
29399096
20546062
30984521
65577245
38546040
19496190
51554289
11200249
52405978
63686316
42491056
51341849
29455936
46077786
88653850
28658397
40703869
61411934
68557882
75266946
88031101
22759929
21823828
66118388
31165707
33304324
4606745
29344346
88382847
73093495
31116342
78669421
92407178
68149677
48153082
37153859
74551113
16207495
31714108
30089138
17843696
42363122
44867141
16712624
13539270
76556570
50794003
33681773
64947454
85860286
14972351
59502245
9246798
48259660
22022957
27506730
14614265
86424583
71794677
16370305
59432807
414154
6259541
93340621
60529974
31870815
39962102
69262421
29125088
45379867
67316624
53124286
44051549
15405084
71247864
39482624
75873763
81360110
8840226
4552658
59390980
78156645
87494327
12427683
80189150
69680617
29978855
26797388
58828543
31716718
33457380
73402199
83891903
43652248
55400762
45955110
45216677
1749352
85782693
1936495
59252258
34479394
73907856
33326998
21893292
60165281
25189827
31401513
80059879
46221549
30642885
51211055
60519331
58384578
44399033
126813
80698744
87633349
92958189
24302259
66598810
62008939
26425327
31141319
28894305
22394841
14711796
63516588
48077950
12364267
11148019
49236493
32616432
27867324
42074315
77747493
15485403
59212297
56502071
47902289
39926420
77079432
83026390
37979630
47933477
57205870
54758962
73538906
42453175
2420600
18867553
11714509
47434562
19444811
32674171
37808020
69500744
88465856
70529075
4485822
56583164
29929044
27748505
65239969
56213761
12050375
26477063
84435737
5101956
32895282
60921232
76860348
44277830
26557597
65938060
61614636
48740850
20207072
26166367
36201564
29826496
54642938
46631087
16215840
35342634
44928518
55125548
22701717
41788633
936583
61325740
50219934
65314965
14661938
42597774
41894393
45000375
17678
32331278
68232971
37593015
23091790
60956865
37049637
87165146
70026539
71648828
21601331
84799677
17089744
45419517
84421533
35127097
66198288
12220792
92127060
54672732
9461245
74837409
87097320
83832877
17886241
7382809
29735897
68019872
15724902
12202201
78929957
11590954
75477569
21568526
9328274
80643622
22061381
36076105
14784857
70856662
1698289
9919430
67525880
48169764
72613943
3549892
91975879
86751515
9373637
21653592
75346475
60867861
17037111
40093878
41943680
55956266
5249369
9887617
10960169
89749646
73792942
73863258
44415380
7664436
53942078
59328696
54082170
50948742
57291531
63878698
42054288
38628625
13412156
88349010
72523691
30246448
74225595
15861047
73136600
76262363
71954304
74114157
21362426
33234300
78414088
41876075
41947613
35324569
69237211
43548242
37518301
23028419
71157183
10923257
39048916
94448791
37368840
89744531
9133344
87180586
31592058
88366494
61905043
3837453
20130865
61712227
77400410
32510995
31716715
86545957
90591255
89886286
24890866
65187508
18259161
7070798
93495523
1948769
54809975
2782415
90943593
59235302
53537194
6081919
53686550
76340076
88019599
83216678
36796735
41617856
32827953
41352404
71179933
24958302
25903384
13746122
87255773
87874744
28616219
12157768
35881930
34912148
79214680
56638253
60435543
30545970
73029950
28987676
78641035
64379095
11440322
51347369
30179336
70581291
7846474
47892698
85729908
82094847
17179706
12098028
45332858
49007472
56760261
71469222
26041872
86845244
31887322
71075284
83481022
88932500
1151255
4926352
34361755
75324064
52689104
92691283
37309671
78424110
51468692
87893266
66440390
43571869
13929349
24005077
32042467
82965467
1988251
55517384
49450343
64028033
4506379
39640723
22218208
37849874
9575486
26654730
43104884
88944900
87764589
80609185
61550557
9996115
16679136
38341658
78601913
75694752
82820346
31609040
64396717
26743059
52236399
27285337
12955281
32189923
64516396
83481916
84306235
152586
73071679
90233082
50574530
13016165
324861
2265283
17431587
81098747
27074569
87509406
18480729
38779986
87095533
46332257
84542047
94400225
6009292
49722574
81453430
15586543
86339536
32879742
32879746
5866469
49118480
37532720
54843550
38109442
86265948
28582420
72604480
28372424
80945034
71165046
1323386
87704406
72118709
38589899
766521
67457694
38932268
72747219
46925685
50145933
21553677
23909093
12845203
773799
89739929
67440639
62688080
26211620
3723615
90275793
21200601
17066160
13145075
68635465
16069103
16721372
56542193
10288232
79324106
84535148
33402853
81374510
91305745
34164755
39091362
1864768
37689594
2640786
38333229
60363219
25073296
54416297
71973196
76099122
81154152
6041153
78761631
40990304
22573427
15158177
52387342
40891596
9438074
29396622
30825845
2635638
32319464
92225173
65647928
46818254
56289340
14469249
51871057
7891697
49315635
58382098
20698499
90871801
70854864
14897023
6277763
75944858
24918644
9637557
45038863
78914848
90009766
53253004
43584201
27197948
46400071
3117423
93656283
71137839
57762507
83888509
71196007
77846673
80148300
82403546
34779275
66048595
994693
24951678
65168809
43237053
5343910
23962851
39485017
28737524
20020327
2950138
36136757
1155620
57200135
50603117
7706007
27614683
33787390
20419688
89278814
11206854
12856561
14678442
30420411
73874541
63214160
24450070
43898012
42287706
74885287
18903584
13449209
91052553
56575689
16735178
57466199
13583981
73830701
94478286
48835097
1302064
23323209
46529085
61211379
2640404
17711068
73419165
54091096
8492897
2608256
6368568
58015523
45056602
35561750
10060787
8506559
84000083
76760557
90614679
88086181
82116528
59298884
21081077
34824600
50848671
29197853
23828250
69496323
40924482
65361244
10380580
1645008
82993235
80158281
45574538
52809491
31177260
71788239
31490044
85826977
8107351
82753270
55719407
19527823
9039979
5809801
77330659
43205674
82376216
66905846
3653563
91578868
42650647
38699443
56198064
66871311
84371311
17496100
51060261
89896752
39402508
53529362
73467962
58273560
51924843
69689145
35595245
38286086
49940337
53295221
23302421
47768145
45578728
83203586
29323334
31964843
47578105
74625224
81260522
22622728
25420729
44537796
76522065
21469634
75830218
44388767
34100604
43804253
79643619
13788384
51092832
10203275
77311678
52115289
15043599
89222544
17548768
27645708
51867461
49976420
9625266
2299481
75597894
64169749
72390763
25167597
262155
82597967
75923911
93736042
85357077
2053985
8906753
59218111
90241301
3655845
54842178
78360695
23300778
806203
38536852
60906814
691692
55496650
24985083
2769167
32360901
50979543
5871947
43036350
39102629
455857
82149444
43433183
89258657
64022900
33263709
36889584
6887878
12521017
52827231
87914724
56725608
56952270
82496993
55406407
19171699
86525853
50631166
86405453
45096082
87627828
50645948
14695429
68099808
51041958
36050079
34788361
40185751
44370213
52349264
30794462
5513656
32765368
88346592
43567613
74089767
84764830
76616032
69637881
58640104
26205444
9248207
1993274
63408095
62764366
14999265
45640235
17698964
36636798
60247171
89576383
34758748
47795706
11414572
8578059
11863445
71387275
31294413
71825860
90395297
52890210
77780776
85099708
48545171
30837504
19525954
5220195
18769933
13158879
45418893
71407467
83730622
28087775
94561650
18185408
44043321
23983678
66575693
87079640
67704028
54133269
93959167
41295204
16737138
46206495
46770036
65238612
43116458
55976999
2024178
51172362
45179303
3723619
24116998
60178050
46769313
63871785
70257566
59331730
29957648
84489293
65352015
79623578
62857384
18636559
51612168
39614844
68382375
50456909
78115340
68800855
1359377
29451932
80779415
24077028
50434300
16430810
37444857
38726651
23048191
14370775
56459615
44924766
47927933
77971350
2453522
83933206
22809267
49940431
40817069
67011040
70780820
11082988
46975476
56790035
59169457
56542249
91402609
24678300
63194647
90384205
30718535
70677229
82707075
18770637
34478487
81599683
71728418
43963960
54989175
60269737
29065341
45451556
9807876
85728955
21826642
92899766
61639072
39857107
14264579
21053458
8365377
20034568
66014728
1686614
61833993
28542515
25060425
62985493
4234246
66314250
35672361
23260232
63069597
1245272
63342543
80459828
65220264
5014589
40037336
77589414
26666004
43147519
5542687
50732690
91319763
68243086
87783116
28865630
32081775
11993727
71548311
43346661
79049926
40308726
7429257
94033822
19051927
61502339
73476354
68237756
927896
29945875
14021734
60470926
48664683
79843949
61778631
36091481
70559330
7204284
61013253
15657124
18125178
79369732
22631249
31097738
2463775
76517560
34652540
59055672
33487500
23295549
47818087
28812980
83649560
34817830
11254695
58430187
16717978
51615155
72854834
33707166
55728573
47224271
36395010
74348448
15945480
11429761
35756382
52754785
28199919
67474427
30667342
44421617
40501826
29926312
6334972
55974949
42419419
90388006
74138411
30202685
78502741
22816173
19216911
20922503
23592119
34697141
55963176
73850355
68601021
83031937
21428355
81103935
18980282
39594420
66954386
39978610
50218314
15875606
88774939
77585094
53060652
71844125
22196625
78058051
41164660
32754321
4549631
89558673
7054123
91640409
51095697
86017629
64431446
7873602
13702547
81778478
73314746
92638033
93718793
5782877
53419777
36688264
57251917
74242363
90302299
38070231
39950207
91578488
3345954
66740166
70282383
78910680
8060162
39648368
21943510
47782595
18126769
83390489
53854142
61033964
25661929
49639403
66296843
65805311
68330857
9346200
37153101
55845462
32530693
49269925
68492027
38532464
70692929
90276779
58578224
55356028
50822973
4389158
69628575
68787490
67034532
85957957
50673577
73626517
61470523
38460764
