90386693
28667956
60153475
61400841
2676223
51955278
20266202
7380776
79510898
789757
93774793
85226078
23705188
47590606
42974237
88294372
19216483
67089365
11161413
67842536
71388268
87672870
18880984
41664205
3778293
90385373
60819683
19759437
52650398
22012127
67054189
88000700
12037818
50491427
60536649
67538591
89716972
93659194
25551896
20316332
12782821
31586052
10854085
45445993
45653292
80463218
48523372
66439090
86946133
89932817
44197369
23908552
60474274
34654290
29998215
10833510
75635774
19118451
37063398
75861409
43379428
77165430
68077992
56921456
81676341
13960361
61636003
871933
75596619
35235928
2178492
80944086
52061224
4091821
92048863
7258084
64205160
77972250
63996239
63408907
43210284
49785521
25868042
2307956
18154351
22892121
87203432
47569547
77557404
64271539
71643206
53413982
6336668
92104704
62397210
52900221
12302055
2964908
81132091
20577077
55956175
70972206
86254114
93641930
7439270
79534266
11768098
79763530
54694834
28464986
56376930
54490949
25955741
59748952
65755718
57558631
79208457
56802216
27917969
64349308
413225
53328301
48830400
12373370
15696178
66091708
54353420
35337334
13391192
66891081
12018192
22711085
56667564
88317096
50128908
66748973
51388446
18644638
63146210
68810657
94389827
46541118
9484343
8535125
52203433
78182657
71682931
90003407
93980039
41489071
39504897
6528358
79099248
1829973
93274175
62840051
80791273
18535752
89399599
54483554
87792496
91914918
80645410
52739845
22546783
14280286
38468097
91619971
2556949
56402135
39628076
44390718
17501270
42867399
716052
77532901
67682628
1937788
64497647
37100991
75156859
78954250
78902863
34498740
46620807
87763002
62806034
52438176
22309709
46639976
92832159
67989012
3839176
41354879
44760513
44754989
51773546
50099892
5847851
39085446
35063887
7966246
75357836
84474162
94657125
76194273
26247868
10257597
84330018
89425269
77536865
70199233
10218115
22985877
51908970
71502680
55619163
25745685
78782287
64593650
17939258
70375299
81983083
79655866
48892785
65601753
52385132
77492188
55994944
58747449
18079635
21944881
26394560
8071335
48752426
39103470
61806183
34186365
17339323
14560955
42423939
2126729
34487326
65834272
78629678
86871498
10548692
82039208
15891911
84689736
51647049
69873242
59495016
65931672
17849105
19574401
34297039
71125056
18029916
25230018
58273610
35932846
23379446
3107630
7698931
90749638
72309533
80817635
77110117
69397214
49519402
54884839
52581535
37536575
28116374
34807567
26688963
90123090
24272731
31534325
50406047
17934266
12321388
69693450
20273994
89632665
23960934
62427482
19194964
46722858
50087456
23283440
76398680
19527564
94350788
82849158
2350707
87497367
17657198
30800551
77073013
88263590
88263591
1727160
37447778
83252329
78736962
25813646
66105163
6062579
89505608
94638421
36691536
87422114
73858882
80209499
57883601
48438020
58609855
44294059
59703499
105423
60046501
77192426
84385052
18023857
17061984
22540326
37004
30785454
43846818
81490542
59077881
