34226787
8942818
68658612
64248804
85932827
79177209
63451902
71413656
64187543
75235417
93070172
3968706
9397675
16946672
54739313
35511815
17222610
66246801
71598656
67971026
68009220
3874768
13360704
247032
26274702
3159061
64255819
30042173
56867453
78619610
35850292
44280910
16126919
15440669
21832040
28154627
26522248
34455304
54494625
36315978
62439848
27806217
75166802
29927003
40024937
67103779
55802998
56364231
66070829
75567835
20489001
55372676
83684641
78826056
51777245
24762914
34653622
8187731
40306810
11189494
91447575
20292461
73697059
65097562
30469517
67245708
28499540
8395641
40806077
67258457
80255657
38987121
30325440
75875777
37597003
67788052
25203467
58419910
65477530
68967964
45091380
54340946
67219721
12122893
79886910
67294614
5318269
30390176
63945973
643946
60463695
35440904
83237308
68296447
46161321
56838511
36777507
62342003
63566778
3104253
81887597
44287924
40895939
34517520
23803152
35119492
38814559
19021344
39851166
41446626
2469274
67288137
36206974
90025578
37678150
82586981
73677252
23698560
38758676
37822970
65175363
14563602
58835290
52726947
24679666
30928818
86247669
52888791
63097421
82105686
23383869
57506337
50463774
16321598
74366485
167142
1441242
20266777
49473681
16681468
60120102
9505469
59451698
39187709
26072759
69496004
83904070
86929756
3347080
52605236
52605237
32546726
25502820
16490613
88374005
29593494
46100421
89419018
48165992
14847389
29654839
25458251
33021189
26867640
69748081
74544532
79877161
42233133
3979681
21325302
20021079
77914549
14479192
10238423
73890203
36095384
64305428
59985699
47555485
46804551
62320003
80280610
13648231
61634409
80005314
18589665
43266370
52269243
50581178
39524778
61606957
2760857
73696654
15716083
21052860
43719452
5433846
86684936
60820186
20846573
15175122
32746275
55293267
52012653
34725658
25871264
44115403
67692072
91772195
7709585
