1383430
49944814
6929330
68322303
27460674
84704384
43842409
615924
10026579
62390488
67662191
89115741
48581459
62516010
73536554
67931636
73644452
31515817
48083770
83115206
90444960
14378328
35632166
1159210
57220215
83548973
594377
16786931
74542691
1404441
22177755
19145520
27427886
57050610
72769373
88479901
10328042
71169430
20778364
20656821
29408685
32324357
81469840
19975693
26378465
21388184
85589507
91608336
47601347
49093373
62571376
17605665
45218519
62215642
9310734
24221546
43077467
27871390
61769988
20889518
64969174
12292222
43665351
9402938
7976627
1532713
3341267
80984886
23877304
20440676
86863229
41769715
82168444
32029008
28454247
58500786
45899421
54289334
14818049
53954030
35620727
32246292
76672669
2871830
24166842
52634901
46241140
49296802
47555249
7727754
38860023
61134825
14872488
49610540
9889300
61937520
83812731
56622343
2127334
17466815
17617248
2056127
60610758
51057120
58966024
90177015
49825288
78373138
56049093
45280898
20255556
38015441
59320355
17208183
82204908
8273724
76568883
54867368
83803
49631829
36835643
7006161
11842231
4212434
5385884
50502412
82196206
41329935
66996154
22196031
67401586
17895658
71882769
45759114
55771629
50056153
3392672
47747408
39222257
16006862
12756913
4466225
72461324
41513954
25277174
24776752
24776756
52998651
28137313
50486360
11183736
93020620
28985402
76638231
68697473
73853623
78547806
25575599
89355343
90121628
59796930
38722726
73063870
90753056
55696799
35662668
3437746
13653874
76265759
11726818
46078717
21441539
87171301
23984593
63243416
39777965
45031230
68538272
74449359
75379597
1098237
87665067
59865707
28042519
67401096
60617178
76430148
23435787
52738023
59877476
66840046
67819846
62301057
66877754
1858436
50594034
83538157
91420906
16711806
72182775
15080078
85033098
46086917
23202341
58496350
11937316
46937384
83143203
87835896
86745774
59520025
15110908
61619899
24919958
62953180
55062021
79310333
51471281
38764738
37553138
61444629
5616497
57489105
47894591
31851990
914781
13733567
92884876
71888325
74696648
36193731
58691467
79997786
11101881
34371427
47717717
18411753
80334053
17836061
81189650
31231798
46663896
27802276
43356525
60251875
20587630
51399641
83117219
82971801
40110061
76738667
25760219
29949276
13897225
74997989
14935945
7044940
75347015
6898012
28176612
68415078
87056339
5895154
67274194
29792345
76188132
66207963
62754737
31156225
91973070
7387990
20802531
61047143
35058599
50330798
10274373
8970741
47461609
76755063
31269310
89114741
692095
23296677
26715571
60896422
91424235
1427326
78120136
87220832
41584338
78305523
56281310
13479603
7075099
91410192
17113968
49787217
74081219
1378464
6131906
23411333
3001375
77940084
74878070
89959456
69547819
90663113
25648970
35941476
50977392
57038476
91826159
80526945
79429106
37694524
21587691
37361279
46379168
81670664
27580020
25683063
43392749
15700445
19119899
76812578
85537494
61089598
62864165
32987574
43944445
82077283
64126691
8934214
10067942
82785199
6427417
86061637
44666505
8097869
87529276
48123686
51132496
88972082
1424865
13898352
58995914
50468261
57440333
31586839
69941445
67952434
77581362
84253152
63879698
51198197
46233153
21022135
10019625
21687951
25384306
595307
84081194
2684957
51280691
63086536
89615023
73692433
88357662
52085308
76440140
74817499
74350022
73352415
18118008
67771002
57695429
18834055
2713453
34335043
27416319
43587568
60004129
82523795
75666049
48007738
65850727
61080110
75354195
71567409
82813247
42861236
89206314
51860655
77647968
33375543
23778559
25131340
75065165
89647032
82335435
5343996
89051750
721821
42604205
85570412
11550349
78180153
36245152
15306274
39712399
5800106
3608047
13620031
242850
89083389
11116153
33048523
51163100
6868233
12557128
15831435
25890720
70213581
86474987
8941604
17080598
17381918
76869915
61965447
52557350
92138215
25920652
38920549
28303763
11173969
59547464
2045387
20865030
73229446
19292134
37914880
78107143
3768499
38338974
76624861
85318323
3858691
11226402
59708521
45727350
31312152
8881840
47017432
51275752
43861190
81094448
21797884
90018873
74136811
17922647
79992063
65869135
36117178
20598632
54821399
59336882
4937784
48057279
69566257
16197400
2293349
19091463
66444295
91634534
45338459
45000356
13055526
30132620
37035950
48492995
66340361
84125325
17069879
85182350
89467857
84388234
5378731
392710
17308189
65697365
8877803
3729254
86185600
36384236
44162952
83927337
50584046
45019504
14439989
84531835
76351701
23172494
50895012
10430221
61757666
49310194
6400842
82574248
61153274
68230545
39470796
89684296
4609988
37969714
51275697
17864809
42800666
1100363
32748253
41587260
55944055
14815606
58627334
79329869
48146142
9049221
51116863
72556057
27353728
15886006
36406451
26283402
4203651
60497584
17622358
25215210
43926055
57384966
19433572
37134822
6226987
45985878
85615057
63360144
30327395
35573824
86264402
90481213
56504236
84362124
92041122
90716051
76573298
20634063
27526400
91313709
90496130
22611406
9687436
13551038
47270643
50936906
85790648
59731242
70383411
68708075
32806115
9681989
12332576
21671166
33462410
53537619
57170547
60226651
274799
62627464
8847729
40579056
49311808
5632999
11683129
82215157
33370414
