68423663
41541077
17658849
25722102
45955657
43702546
12801758
58303815
79612292
22447556
27880860
92964123
7163429
24909932
45131251
60823891
7570319
57642006
13093977
11016063
35967355
31638933
40569469
50609302
27205922
75832465
31033215
45026185
75337943
17640373
54667539
336772
89898943
61344247
38818077
32992185
16799622
49969349
68816935
13132569
85236727
92418386
43741607
34747495
70218974
67479667
87111311
16350774
84624516
50502836
22613007
42460962
37214583
59352947
61776541
51868744
30474566
24318255
44281535
33192264
83975350
91642808
69112007
8189771
10754217
62246723
17350331
5854292
24973630
59456469
65334449
71400732
79920481
23274455
79416904
26347109
16332506
56788519
9289743
40017725
14247672
10170942
29821214
22514258
55204327
74299789
17134355
17704820
83064485
32913111
88370047
75124743
66882296
75227089
27154629
15445929
18639825
51927070
15874258
71323703
28794483
55908202
1649019
48321309
52376087
31168637
19695029
83418512
28773360
38957063
59147719
49777239
80681262
14219157
65641318
18815932
37350475
30978077
33791616
5773995
55026241
90957756
6767067
38105239
7808803
66942365
42439725
16001059
42961323
88440753
80382197
8441668
12923456
29760614
91799766
49207565
54456357
73390558
80674242
45502323
42725672
38189385
41527291
27502195
86272753
92873039
31717902
42982928
24989637
22657378
29352106
42752243
44453017
44373897
86050421
40293127
75809413
91427889
29120125
10952087
6682674
37734530
90288711
42701434
52259969
23338148
24959982
45200031
89231178
85348356
50159490
83355591
79341080
13154877
66841947
68087045
60240876
38794117
82654081
33713609
69141044
8651116
40215657
89416452
37638044
42321904
35713585
34606639
63128741
91793978
