35314817
39392702
30767846
64415007
230502
94491272
10012327
40563613
71581483
12163735
93900505
37465624
44537838
36753446
92417956
13056061
35656906
39312334
5117603
73467919
50234917
68464841
58653666
38718089
79243101
23632383
28871875
37301398
72871584
5782302
25018673
24133839
29192174
32834600
30925011
26807229
32657058
18160034
67723082
7819058
25760008
39266435
8738025
87638020
63241735
6048608
54241162
63935009
63804631
62209665
32018803
86271010
45731779
14171739
10914336
40680119
51383399
35497742
21418888
89028287
32301383
10789376
31082196
50510595
80414470
43152580
67677673
17944289
64286443
80849540
90682681
33670110
38476246
58279694
87008244
80811921
22569000
18739914
27149492
58557143
39846964
15419299
71916108
18149705
49121187
59894802
10304808
66119423
44430392
50739004
18986040
80226129
55342540
29073655
79263359
38229557
26401981
15459199
85617136
64584331
692809
13337436
36171346
76535775
18029226
7385574
87983283
56312674
48887737
31917591
11710177
54545220
16519980
25452067
20111833
11106410
91148837
23466552
37180308
39027926
45978813
70719784
63519062
92721808
37959224
16168259
33877336
18206885
20885292
64100787
81310610
5744328
80123116
17894295
32214565
59208045
17165591
27530208
11886142
39735742
68055762
27219231
76742779
25034812
3999076
71390999
14497106
28249605
78027099
26515822
59137303
47605770
90547351
13477512
68351462
10395899
23298855
76086787
16577150
34409720
12433026
50539940
82248850
13164284
68597327
89010709
36593683
47765921
68285265
9642871
32252022
89820993
23186110
26440791
44640633
29186593
24018442
16336022
20273357
65360411
59815137
87837411
26348786
21308482
76028018
85010072
1413933
49798930
207424
43362087
30315800
33907651
39038679
26236706
85096587
16235913
82393878
19154031
26370568
77100642
3738926
29606041
31833392
24667397
52701168
49371368
74639303
43781811
85898900
81700148
91081004
33298768
39990893
69781622
64519562
81062289
34820323
67312630
84963023
30793240
37179964
61435439
7002957
81860879
35173280
36427734
30883644
3418993
261433
73494143
90575460
83234436
50502827
24669191
43348469
60518060
92415115
93438743
82413063
92730266
12045047
17878920
37581305
6358915
23933638
23550740
33338837
88991323
40256005
68000665
39431638
64475055
31238969
90411238
3650862
90452971
81553546
81111439
55313421
25296132
84863237
21637116
81570134
89644584
69891625
47161768
85644479
20571945
29194116
21969419
80120197
39824986
37040590
90688021
51216770
68230520
2954501
