25932607
76292918
52866279
63561733
1154923
76189510
81753649
1066519
14768127
10535922
56005733
80963263
37582988
10419828
87714088
22446467
83317065
50445252
30939917
14360452
42663074
78562500
10342227
12770579
31935278
50894939
58757604
64199320
63582288
23832070
71929218
65521287
49762812
91461372
60702213
56570760
58582398
5094889
50462335
69227142
6588405
71332934
71326437
1485930
13511931
68950213
82906153
16173702
35970414
75993936
1169626
29513810
54990055
28245638
9418154
82004968
70178811
8072243
50132503
60766453
90618631
41401808
77032785
12802364
80832614
22239746
76559941
49944500
57649578
43097609
42045916
4839000
25629601
81914157
37321705
25428806
54065103
16173675
37139279
5258240
83246601
68580202
17085297
38045944
75113453
12507607
48389938
60576138
73269023
62643683
42726122
53850738
35531917
62709776
8910516
20750258
19209718
13831945
26116545
30315352
26580079
46653765
76068389
62002527
59418587
33874137
18794164
65744073
11059608
32329523
43207149
49987523
90373126
89105923
91594106
17309201
80016399
12781386
88635265
14312284
19035374
45678148
35229914
44018093
23848967
9591221
89521130
17698894
57143791
6826153
77438377
86348953
10718272
24841877
54292679
86718037
59148084
48147206
88195542
7802460
19553063
51952282
87194274
31150894
55083294
29040576
60721653
25810323
4666923
14639350
88626537
46396892
268102
70820720
28185179
47197321
14219943
9704105
4043008
28446819
51921568
74033032
1061121
25793666
10353095
16585840
7422803
88485507
1912999
90634888
83475597
49506472
1832803
82957523
51623101
21749825
61994090
9112799
91633471
7978880
59621095
38792803
49707361
15441216
24493017
14697366
46952974
38675195
83145700
35416769
84663457
33224045
78539473
13615741
68527439
83986223
29030187
11504880
19650338
74949592
11789480
76881
91550689
55168688
23398862
44580662
8593023
4275845
82929792
56696448
26945172
69782478
30464811
82273328
38009506
28689290
18742532
69288103
7892232
5810987
47362361
24192722
11886487
66133250
25523357
33586629
36585461
12115462
92911495
35566611
91078208
58526227
4129536
35504818
2700115
89519827
92302716
6870594
25169975
89441625
23910591
61595803
75017777
75027987
13914230
26631880
52212936
29548145
87337831
58942353
11708289
82128859
7563094
90381556
76573992
76064574
21216189
2821680
60409827
52547570
60665110
60168845
51814610
84756037
79402560
43991272
19853978
11960344
75293922
74318827
49925056
36617567
440111
46521629
83666122
91522079
53217468
50161516
56845068
17620479
57538683
45369910
44802914
22966384
8786889
15907827
69697709
30709234
83930655
23890495
66779476
21709746
75016252
41332828
4552973
75272277
88416843
87988852
30369879
80912229
82287641
53687767
55385460
12407914
18540089
41234282
11295849
13964499
13771851
4246069
4789193
82857288
75495941
42269862
88394603
72894304
10804697
40750102
39684135
88053703
43180466
6642473
37551014
12525274
15786512
33238740
13162166
38810472
70760421
68705042
82179415
39537033
81782734
16122946
11905872
40070195
89999797
27686940
92585799
11574809
50377662
88382725
87340136
50200040
24362493
91113526
474021
67016723
38065272
89394934
87885440
56931375
504238
32669646
52402461
26660904
31871580
62920397
74906070
86384206
80552776
56526247
29142721
50724056
31214042
55169026
2427122
38466396
90762272
49493701
46422348
69063096
39548232
1842379
67480991
81975100
23612732
67178312
18374606
24078948
82757491
52605676
10170205
82237461
71309754
38306856
52799476
78263520
80755908
84242667
92216206
8100634
8350468
40756581
65336322
43136011
1943227
86701112
25594340
46459086
44140555
2647695
18483068
19221654
91694485
63083625
44699181
2493125
25446022
35578704
72530763
28948978
55345468
18958566
42291446
39266736
92642602
45982372
9829055
18407677
62359309
87293212
70339805
86458415
2105787
52984986
34728249
89225898
50891329
10778708
47004427
33299264
41937388
75611273
62594390
34579923
73694403
81069135
51069920
75173904
47950953
24815745
122497
74949902
33122874
88241252
52598588
44300876
47951652
60318715
5440935
27578241
74132485
51519401
60951757
37067156
61569376
23116153
