52543234
26754813
36501083
83650654
15819568
68364521
34254485
32127141
50242400
35621074
24833828
48939899
57388261
12884778
80491787
51037077
75678626
81273016
68375512
34353334
39483824
69636352
22017716
4728370
56412543
32489174
74666294
16642297
53507581
79102463
31072711
14053413
41459219
25994727
44237831
2728517
64495550
57646387
16047957
55534697
2587947
52703834
82252808
82240445
14847335
87265161
44484966
62870236
90057306
65795817
92962257
10240220
1948579
78206178
78771076
6473145
25424557
25061924
60957133
85840236
36028282
14658982
40393511
61525518
46489594
79684073
62519173
51400308
50921703
23736483
63734145
52006124
20659478
28602888
28619555
90063111
54857699
27016248
86897475
71244731
50819905
632619
78991178
15407520
92453389
88407385
76829578
65006173
90995714
25633064
16637539
65978801
56748238
34303485
17420999
90459765
48095189
27999768
76448088
81534663
15986986
58749598
8496632
2336664
85835692
57526113
75279954
13038917
75256130
60036183
54363878
16656817
70258367
73327780
82507451
24828736
21020460
2146781
73126863
62912325
34905702
51045497
8092327
61954476
30901731
80126808
42648010
52901876
73787351
32336750
70716081
59749121
90753000
66147996
25633634
26424613
28129631
14906445
40114222
23090235
39217989
58147522
76790026
52585602
27398670
42192095
78769783
74107927
19686640
23893510
38067806
19205622
17001224
33838403
11351030
33836934
36335914
43319723
36537702
66160482
6592347
27741723
61827093
90563267
13023466
61770061
86657251
46468908
85375504
80575625
92060969
66504459
71256808
72900885
78867884
30802915
49387046
93047667
13368383
46651192
82834099
82716285
26281263
31362936
88183764
29856499
53125522
87904607
70280412
85163546
9910878
35162145
78519268
16915625
2526970
89218889
25358815
1863912
54506227
6941250
88698588
67254369
81472038
17876938
12475749
77788074
78243913
3965285
37200922
90781795
15993762
64186263
17505747
32757430
39759323
38017582
87858461
27379873
80676725
62378597
14934762
68964772
75388291
18965843
44708041
42619051
89598806
18592396
9734802
74744236
52826772
71792859
689404
29052717
10501402
30092966
22633834
50299089
26129885
53020749
23786601
10100908
17940311
36872063
55271652
88038630
83670409
5722636
90990402
58246891
87358666
90287772
66127037
17424672
19533570
73864182
25858753
18257426
63260462
22669311
92688341
45118185
26090594
22970051
64849223
91217539
18914929
20350551
51875064
55564788
85821684
7219666
19164290
794340
7706673
52205796
44953096
85836664
29703242
68161329
12106151
88768153
80391874
45743494
25063405
82935323
59215727
54965443
9790460
35784646
24313559
75338501
68263909
85362908
57654963
35830635
59150540
63808228
59945947
74845441
29165718
57992696
92500400
5046890
62328124
77190516
87077378
766046
60360704
23351865
91258060
48889027
60433016
67048301
7079625
90123203
47707199
