16377584
58127207
5500459
47595318
35017755
18836081
62916602
4343940
27479342
18714743
37967919
84427356
81080891
35844758
19923769
46541992
55543304
59366582
1836906
8922510
67028572
56081048
86145937
8849758
85744994
38145298
18778872
8752700
89315253
74326010
14666499
37646893
8835790
16866384
82159905
3429932
85150150
36467666
36238540
39527670
41808605
17084125
14384534
85839404
33414497
22224743
82498609
11950385
87191009
25859194
76792999
67600093
66948899
55700262
72026767
46199828
19359551
81823409
85273832
81465473
92702245
70219185
82885903
85373092
57164257
569815
402259
42669021
90897705
62857113
82640421
2125055
87673189
23426408
35910087
45609561
72760956
91257874
24487668
20690165
65891498
32536698
68328694
34731346
45843925
49213617
17452638
1133480
13873956
36278250
53575654
87716954
31353660
65202124
24624222
79976822
47020147
89485598
60079750
12280133
56537480
19783288
82324455
35286749
82607737
50076542
7888743
82172031
10302021
10722079
15453042
10774971
76949077
9565006
30597349
17147942
3866111
16339240
80709532
67651522
26222802
76466902
34798709
76799788
74218738
35503221
1779883
31762243
22967921
17488189
41014986
22154494
21852720
41737873
43300403
73406100
