82423625
19042056
11879117
38624218
38771321
24067063
85753354
59806187
78183018
46358286
77654515
58597171
10238589
9985905
9369995
48180812
73181541
84623402
13039113
69964393
61979016
14891187
64844013
53679234
88084821
53702528
69154022
19035399
7599055
35374066
35485984
59173167
58160992
22528671
21036287
46887045
10943867
60200145
1092173
77166472
6641671
86858442
12868273
72676466
17593442
41400631
23611194
81883111
6344339
22088930
37587891
14392946
6497594
13821912
92114496
48359219
31421265
42143089
32860299
74654351
84950865
79571061
17243437
30286035
38836652
2873659
45942585
33985580
22406879
47315914
84387323
62894881
4963475
86975113
35011385
51724684
81899753
20533094
2313264
17742715
59919789
55620804
14234895
18823675
92804434
72679891
92072684
73727607
60587419
71249004
48880333
47846426
20442830
828281
24482995
16379472
12871438
90910110
58117343
31368138
3120822
78216203
28195009
50617772
65626927
34101580
26897789
4379129
78381283
17678042
44927365
53651563
10021631
3030767
82028516
61168196
82250844
85365512
91779498
67784142
80628281
42135495
49713824
8602415
34848450
51992216
