28513343
90445285
76852144
92325029
40033753
91088581
76070908
79583630
29999210
48191433
88419854
81021456
30304799
23986780
61435376
36204974
58024060
82362758
51470330
83256065
26421291
75035685
20505411
5915234
51649956
61658097
58158562
33358432
52093868
67615608
87033544
74011089
21851342
55880433
6274472
50091932
6786908
36668546
25809763
41891800
58784451
42404303
68075324
12582752
72874147
52254936
15096964
11332898
69036073
14485640
26690620
81323268
76300745
90451120
2136774
36736224
51932829
57117631
13976872
80850664
14900469
62771291
86163397
