83184464
12299765
1023892
38896019
11367704
14585882
83022651
30983968
37441309
38250582
1288998
50165152
32328829
33394875
58510367
69262676
52864749
57259053
34814440
15737078
48662469
44444999
76475757
82107794
77301037
27036495
59244135
45111813
3064097
65687089
89018792
85053602
87796647
46984813
4024045
65980941
35708391
11470204
12739485
90720932
84143250
46909127
87436551
12814668
56495283
39615326
78324785
16136565
79826643
90723384
57515263
44832940
14865769
81664649
60459356
18279004
28870206
42817086
39562548
56065911
41992570
52039165
1268362
29953631
55584414
92033461
63984816
18738462
80412927
