81121672
38534317
81087806
60297693
87392683
45721301
34094911
53393778
20553095
67103837
81681570
69894906
21385690
5612410
393921
59920597
85523998
78721198
15977632
90522576
86715257
16307151
51677301
68226471
34572713
51131228
41529425
26860060
9341386
83428048
45680505
20640555
69214657
76689337
50824367
75617501
54874876
40649831
49543924
60350642
61460800
37083965
18177769
67355791
82554404
49734299
25656466
2501319
35915097
86963678
10368498
51875353
33058399
52281421
91178380
21673534
7630832
24568875
36425158
54148541
66421095
8398166
19052631
70043728
78163222
54857815
21843455
77340438
81958438
16764198
32936667
36444723
64514897
27598310
74995872
30686109
12174193
13587793
77822707
26430147
79127224
62597391
20378193
73031085
23963262
79525653
76858708
31414027
23751675
73959837
5769754
56070519
46456311
83337356
5459080
16290933
2806960
67156236
49410523
79848833
62046344
48904138
36555373
47041006
38111091
83450552
83053989
50688083
74220834
32922089
67146348
60915107
63790602
78316696
53882215
90291498
38048219
30845271
2107439
21237259
76375189
91170747
21286225
63284893
78874324
31647599
86136190
22345221
74886874
10198390
16229156
20842387
55752684
27425737
5267088
21739172
30981387
58547514
91868317
36578053
9443661
24151285
58561622
24956661
25541004
72201120
75847405
6680296
16008838
36909296
18079066
41439654
21829240
3956339
14405971
57132214
63426992
14550241
50299145
90967131
33003716
19882315
20320937
80927074
38759116
72657233
41460167
13549577
88703515
78657066
38620540
42664746
78296113
23145596
79879149
11150256
66415095
28946835
76804877
52506266
13813906
23883487
7267415
52659037
18369844
86159689
13858877
72410927
84197628
77850057
63601459
3592400
9264575
89919304
41744812
21349862
79399257
45649760
5475064
16724683
43817297
30976923
53361791
59738336
31100977
60788453
5970822
43319543
77204867
21259432
34284049
15038884
38403099
20212193
52865045
60778891
68402998
27312902
42037432
47226721
39181759
90071750
24958119
41804316
26170885
87991870
59139739
9696353
83631783
17234123
75860384
42033362
21871257
59408507
43175550
41366685
57389939
24087650
88408041
86074527
69743754
27500330
72764367
61283309
69564580
27870037
54999565
34571523
51359440
74343319
24789660
47865466
75112587
69827827
72733053
20417905
68636671
54410398
67357349
2641160
27671686
22665045
27727205
84778498
90194944
54193678
37408671
38540292
58876813
82058523
83545048
63198028
85008371
66228791
74572147
72971504
76083006
81054830
17398921
18536530
52014029
15682669
70116705
6212237
24757499
90985632
61216769
47887489
10910986
6784175
80818356
50751682
82598558
74729649
70485031
38633709
49208361
30479294
74826926
91181949
29038584
2072105
13914581
27900093
6169441
89058270
33146598
7996680
