31111516
81681177
51955981
19450920
57980202
29866459
83458007
21391955
75083245
11744950
16821576
26348861
92042511
53474164
48517299
66319049
32601993
69373457
44271772
48117209
80137289
82227751
50649353
39913171
40957244
4468625
51906311
44755600
1645147
56934721
49133218
70594457
46904848
30997702
52523380
39330978
2732147
74441541
72094245
2117608
85146859
27945869
50092234
36580532
56310724
66537976
33576653
80588248
20915160
31521971
78576037
19068097
50722107
71059817
28158691
9111405
2925902
72025091
23460333
23460334
43702846
65370715
52713074
91094772
43621753
15343540
26721161
40821933
42439542
46688231
55690200
12360512
35827810
15120963
54949052
67213855
27004534
56025982
10289265
43833582
19417307
64086078
40444690
50097983
55779173
17476453
37154077
2371992
22922857
42086441
90152091
31966314
69008040
84054328
3085871
29554008
64226721
29138280
73933297
68087188
2101924
77913423
18644476
29547504
38570720
820867
7328363
61910540
26131500
42781837
3590791
44904504
30180641
6526622
52512934
25712362
71835847
25280196
41018813
31697655
31100996
281057
13456767
14981250
16086617
27318993
2563914
56829141
27806948
8893208
70296891
71404142
24710872
37907671
28995032
35632786
16334737
17836256
11987640
26158223
30560448
18705402
28879382
69601303
3880191
61280946
49471986
3557846
81345214
69085093
16049764
40726847
39302583
18516813
9945395
43270256
82807427
53541400
88847939
47902088
63212052
88273978
62354382
