90324158
6228538
33142345
35715877
71353591
3354830
75097275
33144494
73514350
81015696
77522970
49480142
75022937
47591350
39276116
68278313
25019616
76915720
48861127
22303850
22461348
11449559
91873661
74526211
23488192
12149950
28886644
74293601
127825
19035479
867273
13313919
27512007
62243692
71830242
72067861
13098658
68160870
36350520
55746023
1961912
4536585
46592764
36675142
77129279
11051443
90925429
91414441
41106498
49644430
1642031
19410286
56519756
69124169
64385101
83617318
61041210
251346
89729392
11509166
50752605
59919581
16936602
38035997
7311375
91218800
78002648
79944688
13103151
76515408
65621372
20791079
4117230
67524720
1262388
85850139
66098727
40912524
58475229
30369958
62115456
76952452
68372948
4310844
60620155
11374752
63023048
85822477
61171352
19773812
65214162
14692913
94602120
68010720
24179816
29734274
67398670
60610501
10956272
24511329
43838389
71355223
35977081
52079231
34024174
84645968
12831335
4121721
75279128
1984247
59769055
18795096
47309917
86152223
10561439
52808835
94388016
54043071
33755567
14716650
93679705
29891852
62094766
2976587
32840416
10346332
76971991
72398526
