47609552
91572435
83226379
2254250
38460107
45186564
63214368
89867053
11991684
47347633
90979295
75501832
30073998
32337083
24229734
56316426
88025104
82322673
87615867
17083989
76605544
5409233
65556522
55564045
29061537
68585480
42607007
26096036
24586837
50884414
86307150
61023672
85379412
44485229
86786688
78366527
49974721
62090087
31087371
25992266
88289400
72251013
1283601
10132149
90836827
15120221
33563018
56344715
57722110
91561683
28243873
91042907
24492404
30296388
7417259
40460590
67879998
30724530
30724531
52763025
3161576
4897148
2282088
17709667
88453033
35087675
64148509
167571
77112168
76932976
63708550
55786405
34465633
79999477
83750306
88352034
76828724
36443055
6036483
319173
7819049
12174592
20568388
60965107
53058199
77867498
44165643
35051652
48854349
54078561
10579064
33802071
35062577
73132775
69356597
88545611
44177275
69249225
56727292
37785050
86096483
54382066
40994168
20318918
54695670
35101216
73811118
51429337
31409763
1776233
65615362
35679118
71836322
57338633
20223757
32756059
71081622
34389234
22053111
39333420
63965474
32151334
54936000
20714044
18723795
5947479
76351255
5501990
62825071
24295413
36430674
38003904
57205664
82907429
6199917
66258533
80119173
11592856
23214799
22088531
62844814
68168971
82933194
80179000
87615493
17225895
40797345
43953727
45437566
81982987
68646267
14985929
21433997
90195301
32402655
21006849
4570668
18225246
52648759
77265462
14113192
88281420
7224322
38959283
32954913
73475470
87768348
76824203
84659713
45093765
32249073
59012805
68356761
37565683
20345060
54684905
7303073
58913296
74352706
21665168
70262038
10195290
1213496
39390992
56110796
63705177
49285334
15262021
53735034
75236727
39723589
67497457
64865408
54581276
5460131
25595395
90868753
66461763
4539966
72718460
63853100
15103480
70841213
92922264
28728873
35356170
47495948
54895244
93062217
38141652
27316584
31666898
62423382
54616578
43266924
75816424
70469694
23141605
9593978
7601354
57887821
71014885
11639947
79458130
59597668
20380832
5739214
5739215
70033716
82584571
73920049
51377228
44119977
77081601
90661436
38716244
23871017
25612733
44243528
34656845
74708314
25042644
45046613
31392355
23030735
57403992
47062504
31954371
13447819
35258465
38019649
64436614
25492331
48711334
10639021
61164408
62631045
22826055
87500301
80603289
24144756
2737794
80543051
19311716
61028856
20221516
78758025
57485863
3725074
43509405
72749521
28151558
50284432
92456995
20387269
34618878
9380881
21105650
79334867
74486652
68313548
13870104
81591766
81591768
73250422
40654932
52975710
89909011
18584321
52841882
78901597
59754286
14960988
80584067
59746275
66619575
70597760
29198348
16239353
86049202
32563672
25924253
77126120
17129429
70888
4759197
40245581
72015724
86226299
84756526
78764451
32654731
51127538
6997312
69719429
81726689
54977145
31704723
2857521
69594638
25016530
50240671
59821118
66068200
11350064
47778832
70250760
40831687
69267300
46228000
87610693
90237109
36528064
18082728
92918986
26884120
42883579
63870576
67138509
5953513
34860907
86239318
86733182
49521168
68204462
46805816
86196441
32662691
43943726
70867792
25561430
78262794
67327772
55668979
85541835
79595625
700214
42059277
66649766
78669023
20379103
67263445
83517573
76851788
36559164
13670054
74916703
92540858
85356040
31539523
22405748
53866891
80505401
57117706
91654900
68977219
24537312
17416108
60485022
74237844
13904788
18641225
9384762
47484300
81002742
14810450
33117635
62105988
77034617
1809313
82644564
51558813
51154834
69051552
36637266
42932248
81029392
79294767
26541578
71375370
91984721
46580640
26922414
53268409
62982675
77450685
31666938
12526689
51389834
8001409
64905743
15865338
81950572
39378976
56850135
36778395
61840869
37286657
70125902
63352137
32494514
72883678
67496286
55168024
52378482
42020105
50494113
1550897
56075609
13799354
51420376
63208958
70114326
46630745
43450137
45003170
65146453
23442308
67018206
31321368
45293335
9296517
88294097
41782943
55803828
26848944
78925428
63702135
