25546196
59816796
30153520
38457935
75203757
49203977
85122853
33813534
47615569
34996449
78523060
75166848
33075327
91800821
73777442
29628642
30280472
743751
82310797
61187876
44865297
11135518
31796494
42686225
32695627
83087686
12174331
976729
40715172
56270764
36520312
30473128
71098632
24965740
59569998
46177565
11841432
44061605
86030136
67578312
67643884
60370149
80926715
74154640
71438786
23136645
78164046
32579793
8285230
41764361
6479997
84241943
76069802
85467795
79186335
45960073
44202280
71260744
81044774
81871296
16302133
60073806
33437465
38591680
752573
79420602
10331313
81257016
58518449
52438633
55701707
65356688
9270174
24123808
44137757
11302973
2608095
12057575
38863910
80879913
52667844
18601984
26903300
68314
33555028
73635335
76247774
25097341
26303190
53220839
80035357
808679
75127613
24235205
37753096
73903564
19548123
1598565
21899001
52912595
61012463
77013825
6197270
53343216
35111176
5552279
41586962
57474426
87560227
15602691
3972569
86600744
63973846
12098573
11275728
91428587
51241105
77188387
92557378
12229174
18319514
21368424
6377151
80651121
92064373
79696176
42390834
46204979
24056466
87001000
32489446
56057691
89822406
55578997
69507306
12023715
64670366
16012152
5382719
78624488
46207765
26848585
7113877
42167482
10051035
27558377
61520583
26488493
66819297
53055264
68524236
40634074
1617524
71413769
56877286
31235791
37097612
78938777
85900110
6791562
91667647
64499829
5530228
23938212
68797559
70007335
40730841
15347884
68765520
31934822
29523948
18929734
12311244
29297461
92293836
7823375
459444
34888336
60754142
59167977
33223258
9141304
40124564
33750937
31679083
