53822645
17530110
76473088
27976449
29255046
18330264
76809013
74524445
36191953
65469442
55871104
35401363
22958998
23135967
80349113
39639232
57978195
62982680
71886479
72245270
4603966
8096553
80320686
72241120
14724272
31268005
64918178
78631613
25279485
57308283
16371421
60849143
34154296
50466955
11991823
5399985
32190001
69840726
75387006
73496740
71734962
80612554
81835259
41016596
4079142
85115027
81285573
63859600
9232906
56919423
58608483
4292594
30542405
3083369
38644569
72714677
77598665
87288424
25408307
6890406
6753377
22813142
25889840
81329485
32517765
60139585
2379961
11440041
42241865
6049468
49003311
73504923
46253736
36748399
6200572
54391533
63946743
40413795
60631538
55239297
75953084
81206418
9500183
48469124
66758390
41889390
54579166
41272733
18729849
42286926
70617968
39501730
58770811
53671905
12595788
28152141
45804279
49304899
88613789
69376088
14545772
46183674
9736189
26092560
76198425
68801741
85442620
19686198
45646855
91641707
48302251
60993733
7658940
81449327
50467152
29171850
52291951
63619144
14570549
22077609
88817129
50668824
85628109
81925067
65841836
64125741
40908836
16115262
15141568
93012591
33609491
39332138
70975777
76598085
27990419
56211417
8714354
72994309
27212589
62253464
34917120
62168893
40926871
9006152
4385858
57152283
22481033
48825532
17891006
50878815
63410839
12295373
71962735
73243697
855899
8496540
41942965
81363357
28932437
41396686
69195359
4163348
18740945
23785850
658325
20891378
40828124
24972591
86483078
45025057
81292123
39371117
67409353
75019095
70011569
29556338
31656346
10702478
76079211
86069385
21986936
72937097
44619671
32984295
52972300
71604856
63744675
85193910
43167262
3495635
35330802
58224216
33583424
54192088
64875273
7606305
783084
75753890
52349852
22095027
5116058
72137064
11045311
53545191
64990577
85509274
81213639
64698582
25100251
27281555
25376101
76384306
5888575
5467961
18704339
29984663
35429893
31230012
52027884
72801083
74204844
67720379
24471681
17056224
21832715
58568103
11602776
80118349
29775296
87394800
84832252
63629110
37274735
40648252
1878491
55090590
15891961
7861164
9392353
72327955
49681652
7602972
92548323
3085441
19055793
36658860
1917770
87779203
64387337
47175653
41698304
87404804
75071903
27413723
54838164
6207771
46473468
38533242
44192983
29003081
12795163
49999835
62259485
26010133
70776205
32272187
80516506
56426655
88517368
87658618
42444127
85864843
12986383
20064923
5433904
6517301
37473996
90339562
73758437
28009559
82757326
48150989
4076541
77773477
55835409
81239665
48489645
71481215
66986838
49162560
86361635
52707149
69650578
47094702
63002688
37720927
46170445
30064472
61017098
86161298
10717213
31498888
20189031
27053934
88968588
13620784
23733416
11259681
55911973
72900595
19183798
39932525
33618037
47896983
60200672
88670715
23312034
61761009
25565446
64310151
91409332
46214744
31316099
53653751
89386067
72712888
39546128
40427088
26951993
55624446
93018357
36887282
67037808
49606618
47177705
9195143
60465786
28401485
48462934
35611194
83488279
64139251
93072478
47100876
82214918
47435313
48965448
19768261
40019300
4644487
6072941
84491501
78821309
5388320
48414545
55429234
1219264
66156447
26807831
33294150
45176472
57876669
34804792
27651512
57568334
61100645
25996251
48184792
20554713
89005218
48647237
64582761
70795678
22169629
43236245
6181252
32788361
50303485
35370513
52844173
45772997
7976798
26428039
9802809
19867986
28451060
9123955
80836717
77792557
14750314
6618996
18892199
85073265
5698749
74771493
74883451
1751211
55943325
16924457
11216625
77213558
30772573
38891089
8692378
64273737
46717894
54756605
65646192
83219395
34232713
29834991
47795344
74352264
62572257
562908
60526290
22602477
88170078
80458745
75545819
5989668
36471027
7819867
32628082
85932781
70928410
35929186
89143180
17429639
79085596
86645961
12586081
1593220
74200098
81043141
79396913
53359052
8689546
80865001
21477773
23113355
87705451
59665970
15580106
90051697
12456534
85039857
61283280
85517938
10044558
24206045
88207615
82727697
27012562
88705028
84111184
40351839
42297028
62270958
3148308
67932221
39665134
72747714
75297873
83287732
86754515
89948012
89401977
56815645
92591269
7464795
10754371
20518690
40640481
18399658
