8932998
43240314
59419591
46888783
32907347
32972499
85531225
72390027
60899647
78451921
19340622
75623858
45362748
39005078
49566515
35047745
40986527
19651322
57402994
11579209
77410047
64354382
28522761
66393631
32048589
54739737
74845360
7897809
44893067
24136253
62862836
48762387
11652186
78257976
8599792
26907098
43608555
14984770
73015651
66542548
68621062
68621063
1726469
87194244
19861672
81382181
44159672
84365543
84365550
68020953
10818098
60937931
68798539
28913270
6020402
16871785
88400730
28221673
35680486
42172150
17946206
9739535
92718935
28270038
44984547
68073251
5962145
971034
52279358
92015908
31995948
65232582
84756104
30931168
55595286
78992679
33002469
33453502
62725794
75383503
83417837
63905563
19218925
49652387
41805811
6392426
37472971
3102793
28820028
67713864
80143042
40779569
30042887
43504480
41334323
38868469
27336870
53213451
92862997
85907748
45714174
87097846
56382578
72961101
42779355
24693862
91690370
12174952
57642082
83875081
83728675
8508430
58283155
67592010
50096077
21541411
24712529
27515669
45168512
16592340
45769058
83968289
20472962
70685215
45350550
7501380
16132664
62870318
42895820
31144242
64200604
30892464
8916302
25369777
6990832
38438741
8923003
43783547
92126536
89946131
87113932
7697939
66540043
89588646
9312843
43830804
17406566
21131376
8008159
64906829
56674960
24239194
8207006
28920581
85434596
29235522
6002495
83323716
1268193
76277475
74908135
35753337
30221463
54151615
73701758
68602293
60635307
54204908
74983291
56692400
7000015
46814335
81438489
9804838
88212374
38336718
57814085
31108965
57836908
2882637
38145314
11283593
90573463
84275509
55597907
68026310
58421351
53966112
55659812
20078755
54797285
38861385
41218253
35270196
19268962
40371818
66019783
49433505
37718190
69443979
10998776
26527961
68725602
13574038
86725114
44645854
90443437
49991662
86762826
33604297
79574517
37443917
48290438
65190002
16935336
69591144
14141422
40166442
60804428
91926157
62205713
6194735
8102919
33209560
51351059
39073418
43685235
11154350
61903147
18967897
15000417
84729140
6921211
75428198
84893884
44749397
18545064
53339727
91095010
28171107
38720353
77816088
60839681
67002076
24304289
75141370
58571210
27744942
71377756
84716450
75669961
48903802
85269953
64249375
