89652352
35295970
44862345
57196482
90818917
8452433
52662922
59007043
87728102
86206261
42205892
1989010
23889529
2397285
10163602
68044372
67158920
58727069
9923365
19446489
50277764
59939812
7538760
49269970
78548352
62971389
73453666
33252146
1909650
52747493
5533177
80028176
35469898
64108016
22702717
42860523
68097467
56153148
14688947
52182681
45481698
62761142
49061838
19629614
35459062
50522440
45053437
16093972
10808446
28116362
45169944
80657994
66829570
86455810
6222550
22813205
72154184
29206798
89075538
41322335
28044999
46999189
20371605
23762531
78721226
52799309
87819318
74070085
34799988
13567351
62361616
10747376
43301383
73783907
2458637
4621817
64801313
93555989
61429564
69397223
18666201
47830563
6258840
74834913
35078913
74325581
27670297
58357935
26354269
24039036
56485974
6943281
94289408
34692486
88850846
45049434
71303422
9173388
21061192
23404196
91260067
43421180
32221118
46322529
4533228
8328595
22972162
77623534
32201131
54106659
48760597
3408889
56643217
81135643
18987228
55722659
4146665
4329787
73662113
39025843
11204676
43139005
7077559
63168558
30935282
93206677
24846403
79002449
66064480
40988959
52860997
86803184
14009201
2800200
24245349
54139673
70675124
72740701
82893732
85751895
21162135
31263046
4882803
65156542
91148986
85577059
63326766
25373933
6652830
25378056
50657416
1343257
21317483
21059119
11598050
38366653
84679774
84942746
87061181
35518306
47202965
64564218
74029720
92244228
24947497
53042966
30350776
12340158
45277220
50295230
39138911
67925379
29356164
52204450
15358473
72600170
16789222
52965002
16192377
61903323
39371679
82533053
21761663
21084483
51904738
38014213
50500575
37258210
92380212
67247478
67325567
13435703
41381366
52980810
73761584
25355562
49007198
21353003
85248922
13967973
93719855
17214995
22021052
80752574
8338913
24707949
47777476
53508417
15440996
65591294
41897336
91063285
78555587
22111979
34518195
71669972
11249816
94136075
22422389
29879466
46217694
17819799
56727649
70120797
88663688
42558220
48754288
80179073
41631462
8501730
79909868
88052443
36115093
7387413
44839480
92968629
52513465
64522452
44275588
40501658
75790028
10158220
61398
1172939
75475249
10514760
86810276
13420696
46756503
46380921
85939170
7398985
53840587
83303424
75273118
14925570
88967976
5238862
64626026
65902129
72441866
10024622
89940408
63427649
54387157
1845730
64525731
46362093
48078628
7078810
29732991
63238756
36787805
5784097
64761370
6615410
72201336
30807228
49322114
62009896
5884566
33854788
22499209
3672131
73892011
57529960
13032132
64695493
56499361
4964917
79347651
68202400
60431062
9493758
59513497
54816216
30205104
28850751
59105153
39080523
19208739
59239925
23704208
17369248
71688711
62909350
39387595
75183963
12442391
80477944
5412223
73793292
71485361
44704810
71892792
67724869
30088560
6907661
79846837
44929302
44007957
32605334
17388701
71353188
68189987
87638642
51897944
19950515
85749126
54117014
74861173
67374472
91606243
76187868
63027003
6039951
40760447
12085658
34187098
82434831
47921163
36909979
55123606
81509119
65491957
16910784
79919703
12110595
12865203
3630987
88719715
40671373
5676088
93623388
44301727
48647188
32508262
67519434
67040248
74727729
33349021
51899087
36654871
46157503
37890026
12904756
87917318
44951386
35314516
64285743
696840
41365849
38154129
59237869
1832611
68454448
49856781
57427545
86733325
36770032
80306023
229435
10292241
88925302
80877208
29200901
53618882
483706
60661415
35708031
70756258
43809134
58260070
8472503
58481396
23996470
59165233
17956236
12740300
5038091
14408561
6680528
55204564
94139219
85754005
53106881
83336314
78954610
19376762
45860490
46990547
27920306
72153213
66233016
3753575
93649619
56285400
33049768
13735610
17423228
35290207
88667370
42072798
57089358
53222264
35178504
55904835
32034118
24898067
26950662
64021873
92458194
68679698
75146734
17840876
29318122
9358502
4199955
42777454
68272710
39758017
6536555
82543930
92879367
47630930
20513760
93084392
66758307
35923911
78008466
66951148
57928215
29814026
88536003
26360484
88452344
54357383
25408050
90458418
45831639
57668497
13429218
44575367
46119777
11359524
54967458
67938483
8030546
60696379
54180374
52914494
6252927
88925488
87244417
50284149
46819178
81585187
87311178
55392115
20813438
51254125
56039324
21449921
16606158
30675362
27760412
10056907
18858386
66637157
37940960
14989391
39429207
78173153
53244075
33544603
53245808
15888001
27230984
67696901
90071722
2021797
57486321
68296550
76725407
5626455
2207672
13766834
52281965
6052045
44539610
88973639
73923843
68574631
63550048
22891802
70045945
81198139
20391466
83499342
51171156
16057047
63468316
13177341
62476080
27211655
74677884
25524524
10325949
11511126
4350651
12474788
14363548
46403698
41292979
25561068
61109974
61675878
88303327
21116127
1416652
85443734
68000084
93313474
20022388
84735437
11679453
82742587
20142761
27053991
92834739
90411205
