69547691
10842357
3794368
16597468
71896785
40854477
22000465
71923443
25916169
5971310
70433493
80610114
20572568
41674046
6949786
53959919
53443476
12301644
50127230
88319664
3856800
72445707
13428642
13259937
6031421
75798214
13596746
31024278
14227796
72136625
17237202
61858569
69018517
2536465
93288014
68895320
906658
81394185
7970771
4462995
90366688
86410251
85086700
42818823
86146266
31642405
53197140
42251000
40023049
9470074
85650495
30435371
6559741
52397141
85684322
53724882
33366327
41087270
81997533
84257495
36143015
91247591
43188413
