30255715
56934537
50434407
44938476
90043021
78815628
76673986
62952436
32063145
55793401
146001
20976877
23271470
48229859
82683841
26828448
71448772
23022202
49879556
60479589
81112790
18398666
10235159
2141494
872826
25639647
69515470
18880073
80573847
33081053
18910491
42347168
72357316
77242084
51130425
35714808
12363870
79917113
17608997
10686721
78184267
46489113
13489780
77659887
91055249
3024573
32192478
87294003
75353616
73549284
34095679
69955176
23308279
86655882
91004226
40603224
7161888
41382034
37276639
28362873
94466
54334625
48083847
74240988
38224366
51732112
7629982
21872193
49378187
81327263
22996507
16526693
14060486
32754090
52532072
75799529
47810211
87982562
20976324
33673444
80979575
11375697
78013337
18328066
69643283
65889953
56062052
11486944
59688264
70403680
85090013
66838699
92147381
35946610
18116120
1910751
8467335
19727096
33773770
74178668
68788312
75223672
185674
11464403
56044936
62278398
67901197
45431780
53563046
37673986
69149250
74853953
80364395
48328420
37601942
5866029
85666574
62686432
65344325
27977887
80203850
51566742
47115976
76052516
90809391
29671454
44496785
8158079
10999203
23752208
59805485
72957463
32085211
61473489
61916309
25111749
32929279
59307750
11581164
4260664
58542632
84892392
69984148
66006087
29489117
51700972
48607753
21765075
56496767
38245390
31096498
82675959
68451179
23148722
19320757
66643658
23011358
83596399
63313287
79986854
51716963
84417880
15375578
40545117
85816676
20920365
75635881
17142816
76214124
58813137
28332262
26842093
18272856
90085703
54626673
48017389
85678226
4193428
61631595
73250939
21896548
41552858
6143170
84464572
907869
92839611
64449807
83991825
48632335
19257506
47448184
9798293
26115286
11369870
65708849
65367525
52924235
9692654
24099932
32996502
87531510
29467588
21946115
4612942
69541812
15546484
79164111
28827522
57864888
15179789
30797189
65269854
45677552
56079770
2592338
51920155
18695318
80534668
16401496
68028168
5155727
9511029
8798128
13868924
7773476
72940088
47265308
42180419
39807954
89885635
86064422
86062287
49083635
17502549
64032085
41221602
19002704
74066756
7629986
28419222
54748457
28002847
17499316
79889165
23889084
18196198
76524461
25350860
69821410
72814265
41627394
7855629
5737544
52516535
67856141
30694797
62417739
12728222
41500614
71125433
87538147
11941296
57071071
87645119
72553134
30139201
56836401
12958493
82502446
3408945
72662141
19840116
8881299
37534149
6180080
63208985
72582516
64135185
15329493
1795984
45361872
54224981
63813424
256533
69306569
55288233
91259596
78484720
92176224
64251428
80282386
42421776
87218052
22693833
84656362
17658940
65797574
42866466
87300069
502968
68807042
71372613
56717144
25040817
50708822
53628607
81166565
73574450
15228954
17312886
80618518
87065729
244234
15262768
47365165
47940612
17722192
10733823
23913553
62864533
38017312
40044461
84378060
77453089
56619216
31843174
29480940
80761990
29147023
23192612
49375509
3458305
57496990
56638734
9798138
72509317
64916678
59225341
26144468
47725796
68710806
64420941
56331240
25943091
83964726
60966467
48219745
9297017
25755784
90452071
59413879
37443504
41238929
73633976
15509834
64567934
