170586
92283433
21404054
70569685
65254602
8641642
34264904
51769761
45033805
63454303
30127414
44953385
54078763
19865492
48064799
61530719
14520077
32995512
23207344
90206145
13906396
8462686
37318486
86052336
16820085
71449155
31732151
26760121
14266254
49494401
78202923
13473025
90367828
31711973
16516698
34844045
48118525
121108
22760952
83565341
84572648
34414966
73026858
56017980
14492735
48250256
90581955
49231825
18355264
71263681
11161660
59011480
51506201
63263786
43544111
62603979
44356806
51703774
22658975
72277452
86535237
87677785
87447929
22298534
78286890
69963941
90303295
46381644
3504878
49789855
91219123
45827148
1637216
63364928
20114308
19295471
25432544
79941645
19198714
17418696
80116092
79546371
66579180
59730385
78960590
66695771
62255083
46942507
6914117
89739750
5412737
62296202
49847621
22311630
65490282
13411265
17017062
59560725
56423146
24857120
83906080
14123852
32085350
24322198
26228398
43499280
66568937
30115945
7116761
2347086
4209442
13687125
35416727
66371409
29591393
11347855
85407270
76200905
82879922
88234302
89381662
71988729
2764535
27961823
31181708
58600102
55215861
13900057
9638709
24625207
78844232
24547017
19858927
11810691
51716348
57772344
87179142
40588373
58754927
37437376
40101075
53778397
85699555
76308281
26159767
71229958
38933654
53053116
83570699
1108318
24975642
39441125
27920376
33136308
11803708
61464976
17980003
14980606
5938493
14055791
54072923
92706845
3655833
58864273
34795388
59546293
47088320
72150587
32834514
70066052
70971002
61472572
57045651
80465307
15548080
44768204
56490696
42930581
13466906
40703548
75895087
20159207
7102571
1654341
9318275
64681642
42332641
12436964
26676190
23620369
50488670
14167377
89992273
72940545
83441920
23546024
14140822
79491402
34656594
16679543
1574250
77268199
42952668
88187249
83443643
75344288
5770942
81919082
10462382
87135856
80396637
18883936
62651699
65482366
54060300
53381825
30308482
30827273
51467908
31435618
45712454
6128977
87869612
54768086
48365371
13320947
57344087
13035287
43558784
89229180
897243
5128984
91791071
16855769
87623653
54378677
32359142
63542508
66117160
73319784
1763667
71230500
62144567
24245501
18864889
52906802
72046651
42691671
26304411
35221746
4818548
721267
56842238
7875583
84465537
70061886
5502096
70286232
82873208
64382112
21936159
62221643
64540686
6292317
56386251
1813530
90733078
84445085
66355973
63325838
7407996
19457518
60016653
46841628
18191399
11821020
31941042
51421230
40586114
55671859
87683859
32178108
44342963
18115158
89843453
40399976
49888556
42633724
64100461
13107522
70257998
73078224
46797986
91912376
63102402
14714082
53087019
13593346
56307031
37370423
72984395
9347826
49093719
77749210
89140196
57734184
40549167
14495610
91416226
25534461
68852545
7073720
63132256
565630
87305472
22392738
90940516
82163808
3425815
61956036
66442479
16684072
23661326
71486788
47229910
