13634811
87000596
41844535
62595537
68378349
55080420
94034556
82752496
7828610
51128296
74166812
35155394
93535876
22213423
42703631
87576763
34728504
26037135
28098656
8603307
55151815
2449833
38824092
78821936
4115921
23965702
47049481
2059459
79923792
78864276
88257615
87615242
57540900
78344272
58279320
47756004
73579257
93426838
29251138
34170363
54093570
77720495
12894013
77647403
4028418
62629153
68943037
94281961
52166583
8097744
39402915
14619409
5633644
11614859
91751828
6398598
11435767
22544425
8688120
64885625
3489936
16612127
48439933
80199421
17618880
23896016
92615546
77210362
92267625
6971351
70580697
35397701
75534561
5222755
67314498
38609251
59495966
52462231
77434453
62229983
16049072
27873049
39594457
30794771
22604717
62415978
18848568
34079175
75740572
78118979
3406742
23169037
70615766
53964783
39719660
35632266
79336939
51346294
34490607
88496214
