53584828
21357794
87263158
63926299
57824122
50345746
87630056
19135151
1765150
54225164
52884034
37077118
16485878
86870061
63572237
68237378
64167659
58174643
57653182
41968288
7272897
34678175
4330121
88794809
23308701
11230018
10748863
78437360
30789215
22272086
49934496
3422916
1980638
17377984
30324362
84465338
39948244
16485879
73740180
89347069
84285001
15273215
34930503
39418757
26583854
18250665
67145859
59702818
90974602
41909522
5326545
28484498
32738202
56797060
83263082
9048581
40977671
67629399
53962092
75284903
40134450
16004220
40221594
54463118
66563238
42013814
2093601
12361036
35152549
30089267
42397705
47851981
55987096
30404457
87078438
10141519
48436670
760429
9789639
57701281
25786462
89276338
34732164
10292234
81852129
19155013
3516194
42258113
26860572
39323014
13202278
52407012
10566652
70016078
44614177
34348562
33666612
63764457
12731141
14846746
28016828
81056573
36943234
34048106
63079183
29452046
23550333
78666996
54268896
11510100
3066522
42824191
40440775
17032152
27963658
22329705
84925283
8638407
38472867
31850744
6860045
85738725
29173828
60470685
13388195
2890129
64608176
32710891
57788056
53534069
12650315
52407557
10084553
32006585
75625348
71115035
83310560
44922937
47264335
29725133
9161641
41737818
9946468
94361701
57138156
69343019
79864857
29161588
82521112
13466226
12462502
93069458
12424248
83483787
79777487
11487678
61249405
7797072
46287846
38601837
41590538
2462010
47108819
23775781
31298087
5704048
53134861
3766949
76271788
66736802
26207408
42144148
77289821
91386317
79365956
18109355
38960393
19616715
3170015
39083260
50160157
93328906
1091272
74072332
28712758
28528248
18898234
351669
92407118
78088619
9539603
3945634
73268075
69034891
42587499
63343049
53082519
14816575
28821157
74412627
39656839
21063027
23786264
28319985
21581378
67271018
86574840
71169512
11038901
67752400
76824417
69093190
60607914
52911726
82019027
94527987
50265230
21315282
54821027
42420877
77771260
55293336
23606746
13650784
18749985
30334429
35030222
86740235
29558263
66319769
73464422
27046439
62850784
67731457
42241927
88677865
52063311
79274569
51618467
3822740
65979199
49302093
86601272
39633286
14365212
76022778
80611762
87698455
60711511
63542193
53321099
50171789
3053562
33977013
14968635
77197353
53427870
77600369
22183417
48746375
29414231
50248713
7518874
10304028
9899481
78298544
50993312
29558258
48736887
63940840
25866497
30075449
31091133
35006339
77783670
11940018
12237549
22661280
44083988
15096448
70229406
84665876
28257314
39656837
52307394
32458483
7684654
49923344
5959794
