65707450
34406988
53151652
68662912
46483928
75454380
38005109
40570898
1317022
80696728
32842468
1505630
84077390
25004964
49696588
7018747
35455349
14889354
2971443
52847931
3601029
38614286
88929689
13168226
58242716
12924387
85476378
43737460
68956659
91459232
43162244
65281430
59155672
55023939
3810403
76236437
17148468
19980526
32753621
11104454
34301701
79815195
86056015
76052928
76256656
24582056
47154034
67655426
15389839
18744939
71654410
36635820
65383288
13493764
40469596
2587416
1538810
82710068
61658639
25621825
63356216
81045122
64418206
22072951
79722589
51398757
22369124
38681864
12622614
21997333
11011958
57249009
2081698
61459684
9855613
26798746
8614897
89182244
62390031
61698250
42857806
18440295
36616382
24234403
44886743
70167636
73571012
1337608
71055884
41411528
32311875
93625795
46453414
64886826
87262839
3425763
25191072
38224143
17382687
60332322
74829867
7243613
12107655
5121272
85652612
39051846
92657731
6336921
6834751
14554205
46147698
52064240
7440074
52597700
35240448
84973123
61593230
338114
73362859
82781923
963979
42928688
48162186
94299389
86623283
92121643
34924188
2674379
94627865
43683377
