85363432
74508457
21533181
55281422
88320925
63826199
52244419
19020897
41638392
42932765
17266857
51379032
71025626
1429429
68539858
62867159
17281483
49017797
34483438
80736972
90379426
10828849
1040936
30882031
55706014
10918816
34755820
37053229
67267651
7187707
73931004
30675942
36443138
35215618
41241166
29876795
50035350
28126246
26593164
26609170
88440432
61814770
133865
68530140
31588964
51191104
10401620
7971040
24922074
19437573
23961573
62227260
14576740
53521856
12485018
91353839
65183453
92291869
55796240
3395230
43427420
27417233
55208784
90158244
82659414
48477988
28532690
80045998
64501291
87240486
21201484
76005883
59398038
17277343
15159467
23467178
45248452
54617627
58989345
53875271
81650802
79561037
6148833
37895738
21959310
35131699
1523000
26049035
74238706
49007321
1878518
60067342
29652168
716971
54591889
62445412
44049182
32340812
55644675
42229275
1020370
69105229
50767698
4905972
51887246
7530730
17574723
44409562
3449686
75969941
72160102
33722011
21540243
29440356
19235997
50619495
78305607
87201076
463117
15583271
88927297
31667752
60494173
74098281
87132738
48427897
63140646
73524142
404102
47975905
81245554
68661770
57698296
44483164
80282275
55701113
24007393
12782930
42263896
71108206
80068042
72774595
65065395
70406735
62495233
4427136
85383035
41676342
5500428
23998084
41562205
890447
2782078
37224293
40623034
79527869
37432748
57516327
12500763
31475414
69474551
21519729
89835220
87592062
64281063
32522909
35279728
14472278
59591946
27027068
6657687
51093326
8006837
90554871
7237370
51222106
36093504
2236308
77408984
16913385
17833868
90831426
49667732
40384345
4088921
47943889
4967378
46861534
88908833
70023919
30909157
71091833
28511787
64349419
13877953
82014535
7809628
82095136
34443149
89662563
52811505
84487236
68407297
57754819
35785790
41566338
39217379
21175889
44687376
34473664
22413735
31974750
6058038
24227988
51586711
1068190
61765136
15909452
35054033
83799391
14016779
63374892
33648533
22248259
22218902
67228308
17830426
92281448
45225598
13792382
21254144
90723994
34035327
26159855
62046780
9203196
86331902
1930534
61765089
23221901
38698025
28758188
77737460
11790529
71029819
