66572301
15146960
36212050
7202024
63380430
13952481
17953676
69912176
90892767
28423109
73163501
19595066
79841189
54581975
9896471
24382758
29146726
14032971
93193400
90454030
57149280
46048818
56950718
81410516
25880177
35578467
35125728
29073533
66457765
2310115
11447651
41466575
12416694
12416696
4246716
44192659
29427445
40596498
84755924
57515798
81784327
92270115
90530340
42776418
47405261
2115373
79639074
56000380
45082937
45018686
17627063
73441683
11486188
84063251
55222911
62923585
17130607
47543640
2195817
88523574
20871381
22533834
33092559
31298724
57232687
10046904
22479186
87059065
2146308
45540650
8750060
67791350
7821171
64058622
27607626
81512019
27806482
77558632
63803289
90544584
26341089
79301617
23361414
29300053
76931813
91294706
47962121
48335123
22289403
53214376
28255533
30743202
83553442
74203916
32169801
17051351
34470283
91073691
71494522
69359742
46966481
91021918
21705221
45407858
61545824
57493070
77242815
21213984
84762212
69680505
4423924
15135946
3382986
91158763
13307051
23446672
16057196
83988620
65674171
41153795
52803512
19372013
36389649
4725998
67036582
82497480
7241651
42459458
53622892
71955341
65815233
33299357
3021383
56317563
9787201
8289676
64237019
41467007
51787344
75739506
85742166
69035688
20103790
71726975
5352823
28967744
63121948
24806465
59947100
81476543
51376637
65086211
66320876
6447540
76662
3365470
71281031
47983403
39586911
5075880
5617050
23956878
65581094
91066054
91344892
45359803
75668851
11164050
33176540
48296780
85148373
55496136
78869502
72150897
21330483
1351524
75464422
26701041
69947603
20801501
19578042
10712657
40324184
23159569
60707390
44576217
35137057
8173339
69590683
94233073
88467089
4611086
29607172
11548639
74580909
47722073
20331138
74003216
69951087
76420526
76809967
42149219
21113470
5834222
64524090
31714712
53174364
75189258
85670529
24654851
10993337
26543461
41379227
59094184
20544176
37062483
51069064
93582863
83743227
15268212
11550190
25862692
4862565
3389545
4483945
80467885
1593084
80848467
74202632
94386486
50712758
69477996
70596245
68199602
31685618
34321376
64450987
78339418
10122812
93202087
58053711
22859978
48990315
43336527
40905649
44219837
77962061
74343629
56971579
60874118
66462804
19228215
35284271
26411907
58722922
18568586
53213683
44903401
57076891
