49878464
8082171
59153030
80084647
60054527
38899495
59316183
49372821
7667274
39569883
13245794
90052047
66013301
92977330
60116581
18201866
24328354
17657759
509950
57050350
32009292
38089449
40531503
39409154
67217371
82853335
19517690
40106617
26632662
84327442
26141740
81304550
42171481
26429533
70974901
56194653
16416898
83057304
37530647
92778508
16298836
54014888
330265
21550258
77716082
1504984
35211855
3688293
62737017
70249024
61233785
90276989
75299508
19820025
26146288
92539307
60519421
86418475
80638431
50863858
48914272
86065042
66892969
49869816
20570876
29248906
90675429
38867561
50974074
13766916
26501359
16323146
37875125
78322162
54739102
31691010
52756327
49873434
54896631
65019042
18591831
74398244
38981918
9514304
14586335
61783871
67211153
52430130
82065381
35635623
21885972
3120022
57591417
48783527
34696504
20272137
815201
40483199
51257025
84370676
26031999
51838017
74799679
35754016
66876664
39521616
26653844
52125601
25651336
49440441
20624619
4290742
3387842
63101493
56755636
86036989
52333190
32474931
75112276
48783525
41997865
86062920
14276566
86819685
56227299
64636279
26256241
57671452
65559241
87413473
19536012
44979663
89404801
29370786
27319806
22896725
59335713
38043007
89541614
57565545
63337141
79551140
3684943
22130922
22671454
22229631
42090014
64321907
39124502
77166244
41343520
54937067
17033228
89089652
92300793
72532514
73629017
29676891
25376858
70682760
84296943
32332951
42496467
583109
19272674
30397903
11436616
6915152
78303689
45391038
29969434
61386777
31442298
24047029
65185454
