47880820
8917446
91847794
77039309
48355955
70347507
81229487
91110595
76278080
78490567
75802029
79671184
70693512
5396492
37458867
56979949
87081443
51103535
88565560
88458563
50183663
88664653
52098918
44471184
83156555
45968723
47452095
89603368
1481069
29215515
20968956
61958648
41561815
64349107
52887278
67814279
79717820
84816659
51605143
66700153
85747861
63529826
19216139
56556350
42767080
56477174
52000382
78815864
29180461
10826669
79502918
70652763
80305049
26175546
45033056
30564139
33672396
2039994
11260554
52817769
6458477
33265195
37875984
10971360
52688834
41265267
11656173
64067650
90186847
23952779
25514078
45993610
58042987
7733431
14943103
37797525
88003538
47170859
34244409
28020407
15844570
81797761
7462938
19678944
53240003
58653634
49156684
76740183
65001550
51723490
48819042
86564952
35830582
17820218
21485693
47944415
64317737
78615365
36856657
83948509
13264004
44766917
73890264
25720751
51168413
19430845
53691052
36312235
39773635
89257482
44299661
88447594
46432575
1913830
39716543
5108839
80276118
813659
60910799
36379481
69070097
6203561
24645098
68145719
91881290
56882730
54703312
60281513
41237495
75422350
27484100
9648217
30443517
72388228
88973388
56052025
24008109
32818488
61534924
90863166
38643348
44687390
88289599
10784122
57928589
3618458
47723286
75816829
72367038
8671191
47819778
68939097
20771679
12976717
62587719
67701519
17895006
55284253
28538221
48055928
90614822
19294520
72700205
16392699
87286445
34152015
75611905
78542426
47622627
19336931
51632318
14995112
5292186
77385276
33695692
7726056
9445449
28674678
2413827
83698764
11188225
32343368
47939518
38520928
71203323
24489170
58368374
41935449
39040874
43401306
52613618
288505
14015785
56765697
63767042
60851067
14010949
167242
64935761
87180486
3327684
2023111
39739890
16397127
84547077
90226464
69295280
91643496
83595753
47383084
73517068
15533883
83002103
74168644
91581471
88646409
5174230
46949165
82424388
90802439
29621679
38474512
21078450
88636298
19939153
40486985
51819978
64555421
11795735
7146483
37561413
11660107
86901349
92305250
82855565
37999440
3137113
67502637
16023285
22734303
46200137
85140951
40502534
40502535
82746609
43104739
23638170
58675595
72119317
23215275
64326183
90076263
60814583
38324026
53208298
63090368
1305251
36084630
75009292
64396110
30484976
69121824
78753812
83525949
63037286
52328504
77605912
18168985
83763595
29840849
17559090
72540897
86509597
89886028
36953507
64275968
46664605
55169445
44987122
13506627
41510527
79204256
87868514
60449011
26988222
28203375
7502304
85517586
87495028
56233708
56236707
91466826
5544563
74303617
39399962
32937793
42029703
73175127
48756330
58539560
50979097
54582490
59245694
92642587
68249088
90731061
33129235
34819984
63831367
54294154
34483310
54931686
3323945
77061801
81093249
66852082
74188663
29745370
50584694
39497999
43801529
3414749
28841873
81316603
74539576
60371247
53872311
70796564
63263673
43586437
65658755
50171369
60706474
80360055
46064953
28284380
24898735
35355968
5024322
39738048
87868782
8116747
90507623
87223464
43389817
66059645
55442479
57154014
42122415
14891714
41806189
55654697
62930572
47956691
10153064
53151146
26130699
5344567
82066442
86267364
47813916
34290018
73762188
46542564
49657395
5720871
