66818842
85196662
74769720
81965177
8667007
89428387
13207518
79049065
6049016
83024662
18378715
3195
15375976
42468080
32762902
31837915
59319209
87079582
36950385
68828526
15419765
82829838
34458825
5752671
25172065
48659748
78339537
1600186
72519970
92181999
67780642
58587883
90354512
17170172
68198448
49790539
92507616
58918117
56636916
35192755
91392989
88417603
19899422
58839363
78556309
85025280
91264948
7611108
83101775
84807094
80805466
59703242
68444410
3553365
28056891
18088245
57348667
33862542
30537347
31707028
82450742
42098920
18737998
47392737
68077556
64165058
29015162
31619952
80549211
45546532
4012553
84870886
81567905
29408276
30780574
25210230
39955022
6571660
6215440
77357073
72014148
3796782
35789895
82328853
44486898
58083629
67593301
22256688
88653246
34097914
32720146
70284354
31623308
7667446
82278693
34554512
49378109
38391706
25851538
93603475
15349664
36899939
57208761
76945277
91628228
21132877
71647472
39659907
64397463
11839421
90742890
58410469
11888169
65121293
65704750
24460345
45330724
50305671
66395287
49539283
87213808
23989270
37071813
36268398
13062998
45035280
8338471
24618861
27744371
65682691
35375590
93632553
61637354
34316742
92468744
63394201
57593577
56232913
35475640
13748035
27717184
13252176
11796277
5787817
73281147
74013684
25884442
10544570
44100747
26658721
92297704
14810903
32258666
24279918
19538646
92276182
38900476
75785737
68267609
25169357
75253017
53481767
60622468
36156061
66341774
88681098
41428233
31240513
59191034
18728212
39225121
47037684
23933724
63768487
36215528
59051275
19538648
81345050
66845371
32095435
1775307
61872123
69478821
33690503
34426963
78777570
49007723
48229268
5560436
9344923
72162529
90834098
60505449
88944509
52252732
71826569
86093547
83573454
50935411
42000733
25525416
40140652
18482838
87985631
33201221
16203930
51412459
19316737
69683451
51117651
25815751
77124594
94126012
8944413
89530024
18748400
52087324
84621227
81649293
62446694
75118765
9625209
75138209
55277767
38630430
12841186
43859820
44494402
66104737
75780331
63754152
6018078
92766119
38012703
7422465
54127370
19559403
16764455
53044699
33056832
57847057
10454373
84616880
56001595
5931058
69325813
13125537
23712696
80908912
69737031
7414891
