36667917
46103482
84396249
22229647
81250407
43538401
84213010
6996578
53691877
69575861
2215120
88513446
87908104
69388810
23561423
8420960
56123345
14557670
34969256
23038357
74999515
67091244
27044143
21094671
82152781
85281266
25096060
28154633
16234163
13954702
63553783
83631304
64998637
15435000
48884284
35143967
82178251
11380219
47645214
43182829
69697461
8381170
12650871
63797494
8109519
15365531
70173999
56070975
21690207
51830547
11629334
80410726
90187756
90063771
57019931
35815963
16377625
8006721
9548396
45262394
78535351
68294472
7436845
18535713
35345197
78386182
75024767
74244237
55277207
31197529
69118350
18165319
15538005
68591157
35028297
63373841
49400009
77096113
79528095
87429657
23404714
80432016
32182294
71073361
65941857
14422501
34355818
26148500
77730234
30050044
87034689
30360343
42423112
79645106
45575421
76908138
15589798
45279992
4143665
8972320
91294147
84511792
14308704
20345873
40402629
66940761
80720347
75787913
30491806
24483655
60239721
1107485
40810488
72396844
33183052
48988721
27032865
76708121
21224429
30906533
46789478
60776507
6484349
1673704
41671006
60649552
14902125
78731153
16757688
38265144
47397792
14445527
79859684
29092991
65470009
31900649
4476982
1728909
18627128
54688725
71291531
39316073
27639443
87024148
11631398
78867490
78867493
84986503
12154631
76208310
60802761
79129186
22880532
42264117
54100374
53851106
4419176
85346496
62635530
2934801
56175102
38248299
62744475
48262357
89586950
47860586
5629494
18794055
54025624
10062356
81788342
85281270
70620045
6684491
37063281
62643567
35276513
59289006
17438341
58988758
85000460
63347016
19276050
54146274
29110082
28638671
78987418
70975386
79236850
8674429
284912
86494165
74300132
7845668
25270103
15672795
60290202
29438088
82362058
1135699
31240237
41003697
28155325
59604016
33508734
36714138
52759868
86182617
46694859
19493291
25259576
90139811
1923563
23760361
88968594
49984719
31699469
30066435
43243248
45216974
15288354
33970308
29205705
51286552
23772217
7809170
90968970
27059148
81937807
40439244
77948516
15558724
53434963
76167720
70789059
65210232
50900644
18323739
28908765
52882408
71598495
19294191
65058834
20673122
39780934
59042261
78968196
12259665
79321606
44506790
16663071
3753808
83575807
19202110
4154876
79657624
51991355
89052737
21025989
35964970
20840340
29067115
65157273
75110301
68472796
26005646
49054089
25641091
3689020
65681721
62841886
74853860
44597634
91095338
47951883
49925616
64803134
41192146
2538620
80671876
61809197
46603337
31983651
85682861
9318981
10877062
42762668
2321319
8863286
87648167
2609821
33667533
31189586
70740159
35931245
8641540
52313562
45524171
46384486
79643259
80631192
58796236
24370663
44518894
3251538
14005860
58517214
81043001
53087983
22026635
45522314
14201575
24864383
51491435
82859905
40516068
29532287
3240473
35976720
5937327
69794396
38548982
12301475
87398729
73685705
20637836
81973646
25799615
61128047
73969342
62936658
