77779658
36515313
34846460
8178677
73254662
64873723
59830649
17489479
46793521
24148892
2438782
19530100
9537379
32323782
67864362
60345449
90193289
45474074
59051591
72424531
65804542
91609524
20126601
32310435
2047844
41387676
21530507
32935156
12256726
12420504
6085331
63688421
15364950
71968671
67562653
22821274
91855378
64296799
54927977
57853120
68829359
5062701
85102333
80797665
23994649
19786288
4630100
86865289
58343804
84558358
86979595
41381303
23505025
2550638
10731036
20849986
86789349
94030345
904737
1876294
29730015
16288492
91826196
32682962
13105153
72721281
21005168
85990401
79412767
40570545
83989849
68813535
48428140
57956626
43729356
22570709
94013913
93301333
39295421
54626023
38283182
58580318
19374345
43096625
52084379
25131128
777592
56668182
33056774
28612387
94024488
21615164
55332306
92329116
1219359
55652942
6591551
31057489
88512838
77221282
69780153
84123739
94236011
83306752
76280385
23409372
65432710
68640970
77024290
39866158
48130213
52973215
17728174
37178147
29323300
36631715
4326921
42091836
61359805
90446939
6503932
92542528
60306700
59997696
76775565
1883840
41122190
85368982
30856015
85584477
91117101
80309914
69645030
89708185
67067866
33650137
46060082
13235003
74065253
87809332
81857395
66671346
61639120
67544519
15781573
56821022
55316771
15360939
40666229
80967790
53501156
60676671
29767330
71462662
92523184
19653630
56241597
74784734
72004973
10407826
52636587
32652813
45851349
84041915
69680802
1962435
10027074
40780841
85681131
2163800
32602606
50181345
26262425
12272594
44207478
15671444
45286355
37758858
61357132
78331209
65268833
6409684
43820386
57118189
24266840
69202620
50105750
78203016
77258652
66151565
77471657
16008699
56403322
74834683
85557108
11060575
55697821
87087428
63711599
36756199
1677350
44585314
33178546
35919823
40452245
24099605
21959524
9660501
15705297
64777259
35414175
11064044
48131101
5389119
56050202
73712332
15760138
72046342
1206228
61425642
61450560
63612271
46090419
63843062
52930628
48691317
4432806
90218730
86925442
16900062
74970832
52595527
57026910
60215121
89333302
28154809
62525361
40282490
43865253
13982245
50524246
86371750
88327269
84881517
26200992
46063530
80884401
78467085
2410356
42071391
90497845
65683303
33075146
30731012
65687954
66667725
49629416
36089495
79625109
63175561
50451444
56495839
7253584
22996032
12097471
92832126
65264007
25356143
66943682
89197710
50020231
36938524
61354191
36768311
16527219
82898848
49887875
68117543
27905354
11047132
21288491
51627755
754891
11834121
51328602
20099167
44913818
44107966
74407407
72662087
25995703
89590124
53081315
83779287
35056394
67163012
54762043
404029
42495014
14088211
39358960
38273431
738748
72484924
71476831
92705710
6959619
56943414
40725526
24903281
13153120
56263326
35873901
87125945
36437496
44403254
67190331
26912173
35522399
39840110
12394593
88212887
1351858
4021185
48345635
59259034
22004702
44486938
55013574
48438566
21595710
76724194
2147608
29398228
19395991
77763800
89631264
27168987
35279409
18381609
14383566
71618636
13506594
76122391
28984885
82426248
9035116
8881923
82031077
58898359
65949268
80029993
15016349
82853761
66455144
23648383
12829594
23102961
751375
66842225
48550439
83963497
25202171
44959773
9878918
86433015
59551657
19999036
64154957
60569528
60483816
77151920
55634336
69891428
83849832
27257117
18447734
92645061
17945615
54559725
24386176
1188134
67235099
781762
81386884
51978516
18099707
52553686
17106119
75725217
89573281
55499367
91313256
32120799
68638443
25446313
1016841
48836487
29093624
3527548
89264918
66554910
28485528
22161178
91566230
65225307
39579433
79675807
54823372
54702921
295024
61117028
16915209
11020438
29467408
69014917
15692745
29035258
2438149
53010228
23981041
93698663
81063293
38227265
25211273
23550659
37563928
57374275
66299498
19441625
4234008
64633986
72972839
40772998
62916017
17149850
43234281
86093436
