34256600
78039346
69022299
4850197
56762948
83736954
51553392
88615395
72788655
88217103
9571523
7273929
83842316
89219372
4600120
19879687
78533406
24652051
47480619
49257670
32028867
4895303
51194354
47762384
9268123
7959350
78588344
70232309
54260992
64464114
85337958
17986287
68285170
15356029
3971613
91624159
38041384
49081925
57195726
65726489
7377790
39757412
19028158
88079109
7420609
18260158
105504
33161264
40467966
56486068
34070294
46409010
77688839
37434974
39773722
22008636
36923123
15028609
77938740
89128089
11035839
68277837
29543370
92825888
37703708
7176441
65244634
66662349
47590459
66547511
30943380
92902838
14730396
76625601
18685243
89868917
42661009
50611417
8016729
36708902
52301836
10108798
64294085
25710676
5006106
33776261
14925429
85807971
89808050
2940232
