23954798
59200161
90859702
88673773
28909279
15519560
23580739
49426124
80344903
41421532
43270482
75442324
50318445
80809095
81116393
10559381
59166524
15931847
62632955
31355254
50314648
73216668
89200054
38073375
65912710
49578972
18766800
70754126
53548710
17299861
81170795
90598193
41376157
87965873
73789503
46881133
84665638
24834532
79570550
79830529
49024371
83809282
78178053
46754739
41593584
51238150
62775677
27212712
11359780
74872845
86530196
29572423
51233001
19256320
81696285
79580611
12922730
89841902
47355824
71118627
3719414
33080989
46912758
74333186
18075346
69436427
34677757
72096681
88293715
10929461
61749902
66025959
63089194
7172965
33461548
80595662
85900313
14817100
57248778
58807402
32427904
23497324
90270416
18374015
75676306
13525537
66684760
9725179
12553163
19942825
48956996
81735063
7951817
24443812
87812415
49020856
81712739
9342326
16774459
4756017
66313160
10768312
29866891
13608690
31311568
10035628
49764478
38423002
82881825
45816357
72025422
21997081
53142908
88854695
46481350
8214667
62760576
45821844
22590458
23119423
72155946
15763956
2460032
77321332
91102587
39070744
20447217
29665781
6744841
39980633
81615710
65589724
43840075
61700127
11424708
66453639
58782448
43620491
30268791
14926180
70016049
41567394
79992628
17662435
34823633
90231285
6907809
76686045
61123081
34273548
24632970
3521319
14413709
86428190
38135124
69213025
16042312
25104940
66533193
11240155
43381634
70072941
23694467
49590430
4124274
71958193
87681615
66482260
81161935
13304543
23326623
500478
11391358
28626717
59990521
57755776
8687257
35559846
57785407
435286
35854231
81866796
30030254
89910864
16986588
41616013
31963003
22812621
88687200
71851130
70842543
23218003
69204665
23579122
25628630
24284189
38063704
82474509
67698205
58269020
12062808
69924093
44594963
18113900
18960016
78089939
82017044
2556739
1386015
1400421
85539983
21015310
10469650
81342728
4338307
16081594
59837668
32032307
11768547
90404052
51699598
60834256
5392961
71592028
84481438
44979653
7872611
11747340
71156550
80695633
31892070
89836096
63097835
169337
36999406
4922429
83361886
31588745
38266765
84481129
43903480
56588763
20411915
39054429
31488022
48706469
49148794
57313685
86104502
58495471
57328392
73566092
49137837
55348979
31420527
9031558
64326310
34373841
24052155
7189196
1008408
63652038
42176309
5908351
25809338
89855192
40205663
79010692
92540059
47371352
25029714
48161089
39383292
53078068
89797103
74010313
64954477
67170710
7698823
75840472
92012678
35825259
37240093
83990990
61037406
84633190
54211857
36972384
80702012
59586234
67422174
88211968
65568835
32080474
82518064
84474103
6233595
53735276
71177896
26017144
36798493
71947915
53049217
77866689
24167020
37867144
49564938
1866121
5414291
27399880
66887540
5868960
41296902
49334511
89971361
82828192
29266413
37097727
83272294
22800554
28563808
31943429
2675387
34908646
5352688
17871448
40955431
4159755
12179771
62429104
77556143
47801048
27997293
69801486
34917577
26901235
12383958
76717184
66109215
64155593
27201028
73335828
1643959
27893306
37333025
27003390
9339522
3801890
20753724
49921929
2637721
69427858
73116036
87047130
32574385
55247943
3298435
67572822
17367581
5672805
56504932
46845985
73561975
21632849
19106627
11047996
63641390
8327972
11119944
64354122
66264018
82041942
87429999
14136264
55932003
26209115
22813125
41486070
35634672
38248647
49966833
14140324
13477703
65310648
35979022
81123744
54078272
50471314
77797272
11942945
89953615
28159980
73404461
80352691
16715716
88418025
70719203
38773836
62374020
91673973
78018345
85943847
2006350
12508288
47334963
44862001
15652780
51222573
70674485
24866192
33726111
18016137
25251757
76419788
68400879
81128711
3705577
4805814
67068764
75919448
6280502
51647365
87957608
44529862
78574445
22429399
17954406
11932899
21209480
68410136
52817524
44074858
68373612
50045038
64289699
13354322
7041775
57543147
5053984
79573826
30415643
54121598
16310626
12513713
41808982
33032220
36844429
90246440
28924822
57327642
87501272
31794234
60717788
42752077
87322452
60536858
64054877
80736512
58852236
15037311
25240601
8927741
59290899
56724421
46124039
77618246
12331773
20279520
70151788
46802812
78953122
72461531
44348073
6368992
13963958
90036022
62345930
43029773
25306616
51980979
49595158
53276589
85854108
92203574
17410490
52571795
77200505
80140580
28422074
86099262
58745314
23789319
55313141
23118608
78755969
52178016
45393120
55680789
77982186
5101863
86589275
38182388
7762138
83519424
91070072
43142419
82235197
14101354
47557747
75888424
44665376
44438343
33327038
9229295
31012396
87962363
37153477
2618755
47967683
44365186
64821539
85861240
60576375
19045935
19978588
86379806
39832206
7283366
83098954
76967963
8036365
26502264
47908883
37062349
72332026
80784379
75016005
74839062
51925574
3827623
42614344
81038474
43326184
43308906
44098984
48427741
92460314
28366979
7427550
8170020
49729190
82285886
7445754
503614
87780147
1970242
44631581
77350450
83120873
77934047
72868749
8291789
55174801
12069619
87235643
56383617
62257734
57650486
40896977
19306284
21314620
7372436
13031285
54732894
64716290
13595981
25398255
42581749
10534075
87795093
37329675
22211834
68087719
87926963
11455195
62631674
72279800
17993541
28309088
87585382
14037499
49700231
64331590
287288
81804562
58716619
47883275
55259368
36496345
68952232
41402122
6811475
10125599
30239566
54598706
89612044
80416743
69527258
70623642
82985487
36416885
81827804
6585809
10800899
86317309
47959667
73501026
49601533
34493969
31980102
19275999
80459439
76025992
42066204
92757235
87309040
42749365
75794865
41051962
59726210
45642554
47547098
19349364
15326964
31475500
8639651
88242088
92673975
36029015
60627146
30764457
45869534
35092480
40669247
47533777
8287793
20641709
3908149
47654292
14235893
14568161
87778783
4627914
65443358
4871415
5453849
39265120
54289702
40112862
77659922
33602688
64249558
16032858
71574693
69791970
66333506
48715151
86059930
39769472
68239701
52458550
40979688
58509684
16536827
50555046
73659302
51098532
45903742
36998994
45565948
74601337
30549443
29572384
70723305
51602983
68398785
19226275
76777157
8922053
11460158
88572742
91913013
65986169
49971477
69173544
23272612
39440430
59451675
4598965
34890001
83158868
8936827
40602926
32783554
22519055
45684595
37885469
59306680
17494311
2531704
31484542
2546884
9253729
83394953
63715430
63201194
27635682
86540539
21944877
55820818
62808719
50263385
39955661
82194670
31761738
67349281
89411689
53530242
68992264
36837813
36651931
2783974
53974721
58325262
64307229
86204557
49100211
17858820
14138187
29747544
57315213
81082378
70266411
80304664
72417480
41179411
40040015
34042340
64307434
49446345
74435458
35688249
71274
11415563
21434047
65930502
23247115
56630674
17385888
23543833
27590083
65663394
10764421
73220947
58323987
13844375
67247475
52356197
21172960
8061847
3614849
52937497
14381304
73650527
13546337
67017510
77542696
3734413
79993947
22120092
4256694
29648650
52515950
78279086
