40770745
77985120
70930559
55120308
62383725
33903418
2054269
25270838
74149919
22254703
73057118
44221803
3583887
45156524
9615145
20706555
4655509
19436614
83312941
81844837
76995871
59175279
37820247
80217096
68955379
82046282
38816979
89116033
44059769
3836964
14479838
1311069
53373336
430215
39756188
69752043
84028405
41521171
78739050
89471665
1792823
36824412
66026856
23230018
21452799
41576938
18834883
1098477
82914290
52273957
24173616
62874752
62892318
57832350
56571382
24591911
1728444
49362655
65656340
46082172
26132827
63176482
61116859
19834494
44288226
47538030
38808114
26171218
54788704
62776325
27727214
90508155
29683618
83928880
86456467
7004885
69158514
42716145
31096846
17666837
73051316
19451304
28173590
35875196
34978871
45065455
59474329
46885566
2203987
83485255
26012329
12656678
74439450
29613832
82030812
81055434
18034896
84470306
60215064
53035350
64360971
47866171
20936936
27058790
5063355
35024305
11653111
72443507
10400664
34634562
92909186
69220197
92552244
5193776
52072711
63553766
73194069
8878258
48444314
49512160
49512161
36276876
83361836
67126227
82762183
38381308
81785398
909817
54759693
7538084
81801210
42032492
53342275
27702503
71632420
68782508
59373857
84110132
92020131
17692529
19827649
51723533
20953410
57953574
70348734
84284487
15600262
27603463
84102786
9809944
33507914
58694246
68991794
9834168
77437880
39419471
10100041
30495553
49095651
48198616
60670133
54450974
25220648
17012840
28694124
16679559
8237994
56139864
37669213
26431798
19534222
54984192
89954993
25490633
9160383
29785125
33956088
23836800
22240111
52314120
43469478
64597037
10769655
55244572
13312408
91042371
90091698
58636285
31289303
75311549
75226208
3566880
73573327
51443921
77084693
80940457
59937425
60331164
31009206
2978397
43508639
64856553
62447056
67566104
11480034
48905155
58604973
3726255
36988272
19081368
23821422
84394927
6661611
61935082
53608618
8142330
63626360
38824186
63934666
63185418
83582037
18423567
14428765
8466776
38782371
18497881
45742061
14111317
23631355
68789373
9503350
58539558
42017285
7785532
88335661
88617658
36554717
43379233
44351998
38334561
31497751
36152149
31503404
63475111
42782247
60090213
64587329
67613522
89856746
16322015
50542373
17850027
63439911
39147765
34097225
35428386
27792150
3552802
75871518
40110549
28922782
72848848
53778787
63383916
84018746
23594125
78413472
50729554
375461
4036463
6240755
63795013
90131528
46177262
79725577
38824168
64565441
85230736
10322855
22037395
55029048
7946685
87350067
16115975
19895891
14371271
59803805
36922475
31989634
70478593
5284819
92403511
2481064
92431987
54998906
16277127
8538278
15738525
36172891
42975651
37358968
83829732
22687613
20141196
56004945
92678339
67328879
57720004
53063129
7761621
87739356
58298717
27978850
43708591
76537345
63219556
35744890
31487086
77829544
615122
50458639
24448172
51144232
74804260
27120514
73311687
74850361
18723266
74642295
2480611
86498249
71498367
15009271
60960547
3131502
24708115
70793632
45128442
88294313
78770028
69335530
52978995
81607270
91215561
16294973
37004547
85828053
21652664
73848755
70847698
83027082
53957054
19692915
81516225
36460668
71564525
74516273
67207280
54904442
12201497
20605057
80695156
28430013
36738215
77382901
37080752
79667951
60350476
78341201
17772264
74781211
8137883
29859987
6983820
10604176
70371569
41480450
27563792
65674829
74756978
82451809
52877985
27735419
59347674
20626235
24893453
79947427
16299490
16088128
54661883
57736448
69892840
70850808
88909555
68449733
80064340
40428815
70632393
4576047
78292672
11505640
89735311
83434496
50886942
39353881
43083046
34994855
33675195
15490810
44950065
43292654
32026627
64602528
63442260
46474014
57186265
804323
83710885
63156457
59012353
11104160
7465126
85814468
37538636
41448605
1403655
1465662
61670816
85139768
82203629
64108932
25774437
37877687
69563313
73095600
31294831
10981891
12245797
81720214
356064
80011190
81334816
49422473
13295795
50706611
10822894
18942411
30036335
25425475
71609763
41009498
90901188
89930873
59227892
73860202
48169264
15084595
77114134
76046177
48454533
72948080
67351245
80449680
88040760
82304113
13359483
67304113
58079028
24947362
88401575
49720953
50705089
16447180
28291334
45545694
46513577
24653200
2619134
92581963
60824928
1764205
4947243
43926130
5896096
33857628
22013480
1681409
26001844
44963188
70065276
60315010
67977159
18440446
36886362
35951902
58070647
69482806
80807590
12798636
47116410
53349897
62143154
7816273
71704933
50434414
66838841
74718844
34061072
61189466
14280580
45339823
82541737
86353988
23348314
69914614
48837080
89640954
23231365
69494596
71342211
87127784
40130405
77101100
63370396
22585538
7445943
60570536
64083062
60092728
41208472
32932552
43952274
34598405
14260458
53606144
39584620
79505541
51830532
57204263
20865873
80808807
68946753
60625042
19442779
50134070
44234045
38310394
68793662
45067582
35054358
59682451
58622935
53299632
38833466
41601047
42455460
43190207
33961823
52629711
72159191
66759650
36535274
85534145
41186669
65003866
17479829
80508780
30881409
89083645
25307885
30373811
64728005
28208870
11827477
93073101
87075291
68697269
70717720
83912443
75675197
9013826
73520861
38374468
26878564
86362969
19566744
17746093
14059628
66940972
80237067
38470591
81694685
50637218
52038250
91111563
18442008
15541017
61755698
90823134
43489446
58025161
36432764
80292762
27132792
16940555
44788674
31773155
35518935
46364234
40619872
11674835
4089128
5997567
24181470
31225989
70423989
65358059
4515312
53072653
1505256
23052882
37399225
48024076
10024004
64528098
1404965
33541476
47455349
49830617
89408304
58448683
5903226
2012692
75865497
43113461
21571601
151731
45192029
54467247
11455481
63070822
53285660
81323160
68959498
32274393
54218856
63081070
72235145
69570739
92594768
39991322
76872188
32288184
9358475
64816160
21236712
35010631
10733025
3115277
76624256
73066313
65674907
64915615
88887283
92095024
4967283
55936424
92180832
35519370
35889625
75326692
3726487
23973019
66343289
48082366
19884819
74780049
41057375
22340851
12979947
24183439
20701766
77887686
31986410
51105261
56183854
2642258
77429884
71064670
80099553
42593820
34407042
82877061
33568853
43584900
28102528
36108265
46791803
10690476
82059891
83058379
11523943
52907891
88612911
3367358
17498620
36202636
88816837
4280774
36476352
12182447
75618207
85236554
3992871
78566166
27169267
40897829
63104737
23641129
42458461
24155857
74631679
34191134
76222254
35596759
2164828
26805138
8131851
3786851
42383530
15631028
27234397
92836919
8315862
