23936568
64307066
53297814
28929488
9664167
41446942
45120537
15798730
83963516
43681551
90546365
87245241
23623705
43256585
22082189
92013392
40435635
43980057
58951358
77080717
58349573
88806956
13801397
84216829
746605
49269592
59093390
53345423
26910251
32554281
4653276
15695243
26690759
45184420
34694516
56436559
35069154
44407330
78609147
66351061
92871074
85647328
70960501
55704198
13823820
16697631
4952775
58580071
50083296
69407945
4228104
61568436
6311981
28769542
57562357
15399379
70988671
17929066
64912361
80280511
19589635
60765462
89890891
25373870
5664607
31523737
1854337
55006483
29962233
21976213
63184605
74540387
19683012
14632702
57343055
47575280
17293513
88541601
65769728
70260990
34608137
82757190
28379894
7157550
54105550
24492154
15868795
34803010
73083418
32608889
11659641
1648401
20352487
47068903
1374818
13888404
85790056
9776758
38218610
19775341
60392197
3245895
30487067
84219032
37219708
43028512
42313296
31664969
51657558
13342898
86529928
71108121
3523948
74400206
27100720
15110016
37628304
39439152
55338032
79604515
32895565
62808402
52691148
16295453
13724763
75399829
20575076
30976713
45914205
17288642
60103572
73443204
10476103
6621553
40431754
85602737
8916474
49424162
34788243
58223534
80576290
57974956
91685050
16865280
35241228
45690893
43342821
40240069
74451331
59106426
57242400
35094806
35074944
28173000
66396959
18742570
34022637
76389530
44914106
87505172
41517234
81386211
18090672
64075833
4750066
74696213
82202662
60477903
35230100
36467873
33183734
64645545
17676623
85187806
67996095
86200872
7570854
14036566
13724038
90094618
47592092
4100377
32630418
91805951
25964945
1333198
51902687
15174741
86287779
79387751
77784998
35860613
84987292
11602445
36554306
63561810
47886642
62345337
69157114
53740977
19002773
72597661
91659104
52891378
4215465
4215466
83776210
32617875
55180651
44384978
87976111
15803831
80455685
