55277809
66038234
11602812
38772458
21687751
92125096
9883386
56648432
13257109
1434815
3069794
41440503
42758903
33829311
79125441
86470524
85821438
9790797
52469818
22785664
28033670
19406116
24153303
4846904
84792597
78080816
52341640
57798083
38306281
45424605
60584251
82921573
3249502
48748885
42734274
44705273
7574965
66050917
37448095
37713980
3905617
30614227
35287048
13173063
8220830
92111622
92678027
83747865
30237542
2021194
8617871
15438912
87150218
68837515
44377294
17133310
43838
1367793
32836075
70174013
39870782
90198433
50779661
67289236
30308414
10549746
45561192
85377436
45018618
47330199
46190826
79156452
53904813
38095662
64353070
65838888
31731287
39829011
48249467
70472638
89898231
9383609
59188761
6082015
49129
31679111
14624853
45851464
16661680
8852827
48687441
56315076
49958422
50750985
10593091
37493576
86331710
59862014
89042979
79479489
7919345
5250910
61795906
15361077
440057
3934311
73831379
88420788
76392013
23822997
10151796
27168808
15589649
90626228
34443505
59304270
60918891
54890083
35826388
80826524
21955746
81968016
14244183
75721132
29960403
29661153
23503847
62669141
73822738
89182396
22384034
243901
32095451
39547184
61146261
58218147
20671686
75000615
63890680
71362991
64646626
69926457
73759054
4333452
74981952
17894937
68109128
10824261
42561277
13165950
74292668
36771447
77754442
85168861
10608188
35035262
18476404
45853518
19388030
41120069
35669741
43368093
34488335
48164613
42263777
19023314
45588024
80768190
3926731
53343732
60540944
24330644
31146015
73713516
80250064
75841829
49173250
29440307
63577124
17143104
10673693
55026434
51908307
77574578
15373697
29240908
27432206
23546992
54398963
36095158
49456230
6358024
30012593
89955175
19281773
60867933
11301216
35965606
71677347
80076748
30501538
27594915
32821131
65712892
41686385
18996616
24369540
30959854
81145521
8077221
54116240
83445460
30960375
71580049
12238695
46315318
78049624
70622870
10272573
12519735
18214039
54897718
50278156
78072386
86694129
26900623
3027225
63402489
26219795
16310351
19182842
14253335
8401478
17746073
82228980
14749706
24826302
87317075
56005969
6664200
57124353
69096674
90652539
39843656
15400287
8472953
17489101
87322962
79065829
1594852
31508919
17887729
82121941
53434635
56203781
46384474
32320930
9487585
76136304
56652713
2313795
63852062
51542313
13816813
54905952
51403463
57529975
87896877
1733694
8583720
13350037
19582531
59100544
48387525
31704332
47804125
44480579
15570744
21108039
49319197
39951912
34652991
38788231
27621692
17573376
45153379
2141304
9120687
10419659
69619136
55490211
46585348
57674720
88009161
6649714
77804630
37839568
27508995
18761073
74959982
41030400
80392798
25012374
57409788
33044254
88623623
73813739
24198042
19330975
56172911
55063537
8027567
71660369
57785372
83846852
21578488
39756134
58590035
14910489
54933007
30748899
34758515
17724252
39800891
93059386
60027615
53423008
85732345
4831707
73031746
32125653
15005040
72734675
81588
39444888
82470436
49077442
16671903
24609842
27402904
35617480
11044448
83094978
55032604
84155068
29259126
72789750
287799
17784565
45112431
83199445
50866510
64440084
46701642
45639738
38760126
28456010
57178771
45136208
13425979
40225832
65549406
65149789
86922284
13366495
53378318
80240124
38963540
1319702
13088494
59447987
13928394
48259842
62686913
91365636
87972447
70784263
61202126
92042311
50603004
55629500
44865513
9932658
32166898
63020169
18202465
43870384
93077984
73492622
28242535
86510441
7246948
19512374
36598829
47830655
74536925
22301355
35474064
47320442
56486275
56990067
57000569
7805175
79675366
5167503
45335330
6616242
42800590
1205911
26783806
89382128
66540911
22259493
26380054
51034220
15442962
26394119
69626566
12390429
6624875
87091339
9163493
39578321
68847129
40953073
46389897
80818202
58221877
89119509
28033668
79450213
81115828
63040426
44322346
22080917
76543392
47146394
6586574
89133018
18443668
23937062
42363507
3222104
11697029
676638
88089049
10468476
74593199
10929996
87907073
26682043
85181765
22859310
33331765
17492191
48239794
29781438
50427536
35105123
32447153
2216985
10393443
88157320
66596194
43258543
6808894
58894277
61499570
69622708
16095182
42828076
8418086
21274800
64005504
24517784
42267539
62152214
71226532
82435657
26321969
72662709
3810055
52018050
33207005
66133907
45758270
26547251
50651189
47737527
7541195
65339407
27634474
25473264
23329950
44320824
2809240
14921615
25399989
78802573
13965845
41135696
84106700
75205455
8736438
84570436
61618953
65084345
60931398
68088190
68433116
37277524
61953283
56625100
24627193
61730492
39036841
76141477
52881678
25072353
71849627
23182609
49361220
51301468
23305996
4989282
69227737
80897255
86061798
45153572
86986134
25503126
89013927
58414450
8628337
48927077
71967146
89554915
39470160
3998509
61474069
73810503
43421613
28575377
6755810
50987733
67281164
6466407
90770508
36046241
47632873
55981598
52413831
49793005
42485002
48536286
48084864
8928448
29775049
35851559
30822726
81759559
36190173
55909751
82422563
77967943
77021612
7623959
69765785
9992004
2947042
89240264
28945288
75814990
11245263
60536078
46652031
36901488
7589398
48451392
15414016
58651325
58142793
35623179
92091220
79683764
5814538
65817881
26752036
77909714
84489507
64937065
66172662
4856506
36415943
54295810
73785415
17695777
7969839
4529708
66512221
18145902
1343034
50613616
81744128
41546912
41918441
74284910
74408912
64356873
30490734
59101550
15273767
8922721
28369279
36545857
24253219
46641968
12597932
64280671
22995439
73475846
29399976
66172663
21729596
63986685
68674468
84401857
91329497
13640960
31313011
62636014
45280609
41433041
46902408
53743196
91441138
506785
8973907
29708847
74030004
1706743
31552904
2667158
9621221
92622043
28483034
69434159
29732650
11992517
47352071
33849869
84357081
43041932
29201275
66388973
53263400
29246321
1152351
79135483
62959568
3550863
25994512
33227121
62297610
2662694
34782688
4877770
7176913
47087204
27692930
38136556
64993979
2433785
74234866
38039383
24336236
28720603
81981250
66353599
73222503
83066520
50320244
39216148
79502003
68354415
59021925
87433842
86374804
44896291
87227333
43054062
76752370
89930176
66937205
88616628
25714679
24474517
55537805
55932513
31748874
68526850
78438697
72595834
18872372
22503849
80750940
1839318
48519745
28262194
63081541
69467860
83355123
34352445
85624746
23626407
71246788
34698722
80703413
37010177
37830962
4287956
45241859
54165071
6650030
80133492
32665254
52743211
59073949
79188278
13508944
50546509
35239818
49645433
73474846
31532515
29662206
46368551
22175009
39514363
40775293
31265563
63860906
81371890
23531036
7007657
24920613
22607881
37300480
89380147
81835288
74084063
73627026
77169629
3265863
45198206
57586930
27614680
84431142
64260668
50039083
8792101
26299458
69845322
15124467
52556210
37004675
68931444
16347556
72842523
23388654
53667971
80596697
53643024
61015404
16546258
88292494
45181541
18807311
45202821
92732318
62033125
82690873
70703427
16816127
63917928
54137834
61594700
31823088
51553082
65173628
12563107
52636307
17289632
90919021
21653601
70273965
6996849
81028790
43132865
68850767
65989325
40300102
77213194
70690228
24340640
42379676
62053121
33938551
49816877
31783358
66833275
43680367
52727044
26398446
52646768
91614953
18337477
35536425
61671732
63831415
21326486
80295508
90861424
8514418
23164313
58687710
29774407
6887901
91919912
23148609
62159851
87751474
75646937
55298768
65431785
9595698
39826377
31224332
75797761
58402679
82139863
26340847
1691920
23627054
47714156
15751600
82591538
35601276
8910330
86061745
47602204
37461410
26564321
29304669
32889245
76620871
38805718
45358442
44757644
82350664
79465510
18003744
15141061
40288606
36370044
30086385
81491411
46458477
1327817
16457003
19619272
23175612
80805025
31454153
48201338
47774560
79098933
79394699
13592965
68561171
28108494
12664253
48474157
57324138
88899126
20058998
28904373
71008740
52583170
26437632
76134063
34372332
59582898
3445237
41887137
83344850
84051615
36511126
17481562
62383120
85959390
69556889
30278014
77359302
91922118
1092028
48431297
85575884
69074576
13008882
6148880
89932095
55182684
7922686
55285234
75983175
83866229
75996100
39298315
62501893
89646580
16974591
4301436
21784909
34206605
17312056
58433354
3482625
77192129
74847630
56197080
88318688
61883387
87956889
11251708
50254431
11343871
61423675
40150437
76532629
18992363
21503092
84657832
1469525
4859157
5770612
3733815
5529868
42953817
77313993
31098794
2902346
69239616
89898380
35851479
27264147
51466737
30969516
1954400
51041650
63170893
19280121
58076541
75811258
38443706
19726487
49925405
86974898
87757208
81417428
29002419
54878997
78527035
20872021
56499897
80126395
90885945
47042271
29660555
75329459
76404554
65076262
74284842
78589519
51916773
45463372
47350464
2211065
18294610
29064474
84241043
66855619
73111253
12750354
83787014
32252761
69514761
64392099
24760218
