84073343
78671399
34243912
55629047
17856057
52184626
64067106
20054449
16506735
81534077
947844
83920569
79668773
32110261
84874883
37775843
72018492
57185927
42059875
57641316
16140836
33268731
71587075
70728829
11655925
37416321
905983
16421320
63155431
43111366
74579686
8655974
19974136
80936294
51681246
29898173
50805908
3898207
11859826
18430837
60253542
3018806
4212961
29169808
6811450
43970504
40593009
10874153
13257052
11182919
21632567
71588173
68743745
45305610
69165396
90324816
49380234
22334479
84882498
19519770
86899502
3417899
51846720
11010403
76482091
38970035
68992202
72378984
63426160
8611850
7778967
87905666
88542692
29793578
7858899
36303203
78794466
34511906
51969810
38589339
7017822
65159098
80481862
39183893
81176658
16023713
30238848
81226818
34762123
50295816
45442429
77737586
17497160
21665048
5994112
12716948
51381770
20098327
53143959
79751953
91766361
23133462
73091119
69428742
32295894
88020226
15536500
71262597
58614040
62272398
906905
66358919
69962182
63210572
93066923
3751518
72276166
3495309
45128042
37452195
23924870
52447500
11728435
82251531
77471357
76435790
9867158
10343566
92962786
56283873
22574258
80918239
30927656
49316301
31366989
70967385
21907307
45724860
50877629
37572117
18725444
68309120
30511506
3616350
42075910
