75730996
88365867
1150198
70988037
80918716
79564250
11922372
46319798
58502029
53644906
75060250
74740655
62157216
86124872
5237863
79958370
57706127
60895488
11790830
14691312
3590988
13973036
33072883
90037755
59393522
66073167
16020766
57634232
28565847
32588441
89018423
89146189
3369713
67766692
72631723
71906527
43860053
90050517
21186582
4384561
37102385
20842799
43260490
88455241
77124998
21774586
77243884
90569304
74317508
67958359
22343083
7884463
29024025
76299330
19561006
63183072
31334817
89195442
51890190
68149560
26064008
73894769
82183361
23540309
43052476
31570219
19465804
54549510
27674777
69281337
25209064
45080629
84220030
36516962
93816081
41348753
92328636
93656791
55714262
38077729
90178803
264000
87272704
81350828
57196620
78220012
83607283
55288019
73138853
21165284
75165369
84176972
50446711
22938363
40156293
435350
43539297
13322437
3913363
19792457
2489034
64328999
61751847
53699533
27023804
54576066
63478007
73345427
89116240
19648948
51448129
26707136
9190426
75131648
40971073
92568247
43814195
27647623
34148856
22988250
91815360
7446272
63716931
13311031
79088848
58921500
14410905
45238146
16908377
18617311
86821328
11590487
77078872
27705912
80020459
60467029
74658541
77006040
