56491661
31999932
68204243
69351775
55265375
58145993
71598783
89326805
45974564
24042893
14093326
35235337
11142699
10520429
34143044
42583169
83572340
23999505
89602366
87732827
13863006
37970680
80135787
62623571
4776438
55891053
29713175
29268782
55097451
19965327
9362239
91287250
89600736
36055216
74785814
33351558
92106002
43043371
37815819
27684870
69361610
26332365
88355747
40002386
71696770
16209992
79515205
26820298
12345304
69105337
54390163
36988633
61813956
20014707
78019329
10630709
45128767
25042938
56897447
31171975
1565776
81636500
86587027
24394875
24049952
9682326
88744470
63762583
568609
90515895
83964935
62931020
87439337
23527745
85459423
45156883
37464780
22562705
84788438
33912836
13381969
53585669
2732567
12673375
61394959
67214371
77744584
47523018
33557677
24033326
32965243
2397628
67953228
74215412
60740190
90514689
51933121
85379385
45069984
38635612
85490570
23712470
38215378
30758280
15631400
93024103
31450882
80005663
19573691
6356159
29440004
43175077
3068044
27586835
80124252
2228257
60481664
45049278
73467119
76463393
6936788
9209656
62691435
29225160
61030425
41700168
16731306
14956138
31999934
75658263
67904852
72998196
20745683
40123131
18648684
57129016
63741549
85864690
92895791
10913275
47686509
67237683
78430013
24183245
85398699
62431907
26968434
47179230
1397121
35685066
38982797
25058253
81931383
29449585
20599285
17995336
84536991
62975425
