71973421
51209037
11863531
45149332
30583877
37293990
86520984
92854838
129070
27165818
52130793
4395688
65697589
44136439
74902578
69325113
72880397
65938689
36473737
85363447
71838006
63930281
57325605
9880556
54293214
83477371
66212150
32896965
18114865
55590305
34498870
48562423
79944420
28582633
23084066
17538907
6902383
63756130
24914319
14486684
58653816
82053493
79313690
39044454
29723135
79847856
93514082
59578441
76704164
11881920
70286238
17958916
34931562
53318110
61522802
94402821
25865574
86488126
80683600
28962952
6133111
53448707
40607898
20406663
40760679
83513341
14306495
8745010
34365332
55895016
88892166
61522795
16265646
28183326
53717551
78134043
25170789
71907486
70920774
49887327
47207253
73326227
11299570
74347347
22856476
84324546
36797788
84407860
14765609
35613213
11259358
63929465
27782320
70699803
55927385
2769389
26902853
60474407
4838497
40570250
50245206
4645371
31243509
40367301
3516776
62458594
60445652
83912862
57528277
422190
23923642
76730043
72460417
15062181
26389687
63815087
65915309
