20673163
85106546
7689383
21908046
25746896
94111678
24858242
20300269
80490033
83255178
58968397
71296958
66091538
717544
22105459
58686748
82733477
72893108
12935482
23760634
50767124
11532478
31819447
58079888
74311541
18276140
51439632
81156054
595832
67026510
51191105
22941799
10296571
22557865
32805977
10879127
71774491
10558947
87842067
14978892
92090652
11175445
31895809
88447020
16464493
18038077
14020654
87088345
86179130
34932183
80781886
63280898
92955942
73502773
72875226
59278913
35329409
22075215
68123232
37682781
48046066
69885584
49630424
7208846
10261680
35215484
2740194
38030926
36628891
86273771
78008985
76510946
40839060
35463559
76126063
17058343
9424177
56680565
14767615
17021552
43256970
85855338
46866874
91690568
70675205
64092668
49269451
19080493
82411284
2809547
39696192
85521673
84576297
85574279
17955804
67437873
69706178
69384751
78485315
15179359
2042679
82697649
26732414
6612049
68957484
50356244
38543729
74966029
86396516
88743054
77826996
89035295
44165267
53278502
50644815
17728407
65889226
83009078
76925496
34803579
42175994
12189592
28230832
36887478
42931100
29016620
50584056
36776008
39084534
7795392
37102963
33586644
54448848
34025452
94560368
81013022
75628538
4096103
56211309
51372821
93842218
37218825
69993252
74302880
75140471
84057580
61570148
50350073
66250680
40618780
4228485
94429425
47460344
30707761
9428137
2474157
79582578
4001312
452339
88231843
18473214
31749041
58050720
33450720
82790668
32498272
45772310
52469546
44778678
76987709
14005897
81393798
93466005
65547419
61094877
23578437
75003565
84467600
83997866
58562376
83180432
92868162
72255065
13229611
93992031
45237336
36320319
77817207
50933336
86994669
52166189
257314
43756492
529596
27039226
51661827
20857254
85415080
3078602
45548532
73493628
77410690
36119744
53063873
17806525
53159890
25568500
48199701
90951452
76546992
35490932
48616117
64355859
293628
46899368
93100306
72209438
30653772
82449372
78318925
83261965
6612
21816312
62077956
93730848
7224752
24238923
38131082
78619588
18918931
37908452
44953014
86494731
841738
85097233
70291759
81592720
13486007
16327465
11641082
6883295
20789144
52656219
80980893
43002806
89707763
89707767
1154824
51902641
9535150
31898222
91116964
14126034
15538665
12055630
59514897
83055169
15580953
75230467
84483752
33772020
42511350
71033346
58864511
54550952
69597561
64823034
11645032
83000078
21519420
34218153
9853029
75234566
64384041
18073000
88317024
28621685
43217390
78689234
15055752
67017378
83248683
73232215
82506464
80179832
4053641
5851114
