63933483
91828424
44206520
78092245
59920573
3226015
91151825
46126525
91807141
72171562
27112530
519513
19088997
80917702
48058809
5865681
28657060
7963030
36817883
47059704
73290217
75509848
3058070
2802583
26530959
16474432
59063640
41167541
56618202
70108078
37088917
91114291
67002623
78386711
15023252
33659856
67312180
21670783
42971321
8182059
88308327
45690761
1440777
87053747
56112649
31782489
79348483
42879050
4172395
55066133
31249424
8924668
22563012
85076938
66201375
77548890
92629371
90136716
72269950
4085526
89726819
51970023
25346415
11209196
86350984
21955711
43460710
11694564
19230546
61723140
55235750
61745485
66759821
56446521
18549913
30767556
52239602
26082803
15689567
62504058
9464848
88036181
36302361
12137772
17070806
11833502
88112395
23672863
78737864
11780735
16618065
51539947
73382900
25261827
90683402
16455836
22239554
57450275
32820757
17174499
47892085
41708016
75383928
35720343
22804667
81806078
90784819
25609289
11390034
69214062
17115119
18213430
9573808
21284808
27515354
10926023
16901998
68395839
92678452
92678453
87933988
37215565
58557365
32937507
23832750
88098746
84198402
43535925
30872054
63206603
29946470
35694890
77937166
48506082
32544692
60066443
55062016
79027719
87470514
3166259
15306770
28707555
61183134
16369686
72261005
65730307
92181413
15739469
27540796
17618523
32710967
73592094
12634719
71949243
74585530
57459190
22373304
89613954
80172
92112899
5130259
17763347
1935064
27208152
73918092
86706617
40539883
49635215
14832493
35435175
74227434
1754632
15823549
33018824
60403516
51436379
19925106
32875159
90522601
36186738
54916227
37171020
26980283
14624877
25588789
68078998
55713304
58715421
47129619
81545169
5815528
39250181
65254450
27065116
78711029
8595552
44201923
20543639
6702016
74977856
30540715
54204125
36968471
14970236
19494260
9721457
37251377
8470202
19827468
26811480
54875710
39249382
44582711
41326014
43881949
45329869
83888118
56453655
43276276
20339597
80235920
64431138
69280860
4567727
57030012
15084027
19168745
16696159
45313860
92557465
24589896
6421248
16616627
23874819
92997940
70681460
1859086
66402504
75800454
44861289
23716016
12391148
28369893
43900824
16346374
73719348
65911152
39917174
25384954
38955197
66222404
33256903
71008884
30317853
67831841
92598712
17028933
11800521
67464885
14755331
11508127
67762272
300008
8172129
43054730
16722608
56010669
8348962
21550499
4160446
8626185
86176629
9987834
54920537
63862243
21221411
17240247
39757849
38651462
31892930
44249663
10684803
65380567
34767989
51611588
58157445
78002011
87748288
32413337
75313558
86680233
49123268
79382910
9899558
63034047
10307401
10249767
35791855
32501733
66097375
92614899
85398617
9971958
44075852
10651358
24601696
75753030
90141870
80532299
22831161
36056858
55911407
21294331
62283994
59823176
1539472
8919729
63351307
36656743
89347439
28679046
4072052
61328855
1914256
28529152
