30574823
86728588
76071810
2403729
65303299
65931086
22261927
64772385
24186288
16401384
20918561
28311654
64238989
26981898
37566143
23534922
66280997
91463607
21344523
87707753
52982987
67193655
71402176
91051817
69389448
36062229
70300397
7533462
2482398
7159286
78062467
36801316
9323593
82382449
82997044
47337062
14907245
16871181
60467057
49624665
58650129
41251386
50016003
55059494
63489623
60620210
47030591
88712091
69433604
4501994
73447501
54461675
59724110
38971820
21687507
72213108
73280713
90659121
25026187
79571660
59245308
46503064
28521826
6278617
73678940
49274460
54566066
30235753
64096509
30636971
40760628
47555970
52675031
32140846
4824420
9799570
47499521
16934529
38845525
14695756
40108166
75486096
6909463
64598174
68654723
94483531
94192925
21487977
68073739
85292411
39391466
30558011
86483334
94223679
51018872
84297000
43790095
86013552
55922750
27370536
84056587
14653593
43852998
73762421
90817127
22026038
18168239
75051381
89245567
16491631
29035255
16456135
72711997
39345221
22653612
65898260
102023
39911085
