86267903
9616928
53935683
57389287
54300038
52925191
24972568
58950116
32730833
52588820
65694044
18585203
52402203
67683622
67590100
54496977
31563905
93896449
62625577
15345488
48815602
31550079
94082255
45413550
27261549
89839293
26971367
33472739
2266352
61567497
61872403
85893180
48978358
72735975
64829312
8460813
70150974
41496554
14075656
31437363
10912430
94341646
65153422
92198263
85106430
93301408
12150642
4381484
47280537
60936273
14545344
19863075
45779458
20037835
30105785
20227455
16115921
85533037
14071405
48245613
17047816
57953403
86488762
53842373
71090852
51122036
86515782
93035452
56393816
84101747
71354186
64113643
28570607
16992914
67326779
80089730
19120139
46030020
25553840
24311300
70302060
85109746
93666491
9289593
48942774
20374753
45075084
63055437
92327165
56441211
34977095
36738901
2658059
17292027
34113693
10942091
51810111
77807034
52195114
78195937
64461758
22264342
34437231
38355140
88721364
42837208
67197701
86554282
44504280
69280735
8516224
40795735
60354016
58423228
58228018
6414823
57905852
50683771
34491872
80742980
31476875
54986182
60659834
30843232
23712923
78276395
52614755
45994085
16647079
13742228
5271352
84286863
12790889
10763969
68971299
16306736
9601682
30252409
8915914
29146696
7960250
11740357
9535030
51683046
39947105
26434126
50197216
74226706
56855980
62731333
92838474
85197350
93889339
17408316
92761934
12814929
15970442
42167100
87346602
94115632
90018509
13685459
23691039
46363620
56966144
46720072
41639912
35861658
9644167
22741910
33029671
71091742
58312102
70734809
29003885
22918044
18318092
8498910
3289132
15359473
593227
68968105
9025627
37292017
56992989
66934642
82495063
81687636
46396611
23274004
84218343
69696283
17235110
44193269
21235388
41083803
74890395
74410206
46371036
62172845
1340398
74267489
87542131
58034431
17623561
20008475
4470485
47897725
702404
35130905
15024242
51732095
71575930
63530345
34229115
12531005
90206630
61883547
40455716
43604125
744534
66711641
64887119
