48033155
82243748
84464645
64394651
25859863
23097922
40302345
84891881
13116499
39174516
56671611
27126267
52815083
80151633
92628404
53013448
25835346
78288277
38760860
48600005
41408585
81017893
26159325
74260376
43005907
70172297
73831818
58661089
62293119
81402447
72355811
77232621
87147666
43894789
33412306
4817900
11310296
73028984
53698745
87164554
1036980
63639090
60368403
73768547
9266856
61516983
51142529
65253056
15472211
90409694
18705988
66878784
68983856
86078228
26863406
42495966
65896270
70684328
15008799
30584487
34801466
14566608
64764133
8441451
17685821
30692167
71210538
33091808
2513182
19199347
71555623
62075630
65784850
37376350
23217855
19938336
87300043
61565769
34265662
79552642
63887988
81936411
2851224
32207179
23512588
21952709
72561168
91914500
26482953
44189988
17416087
55958957
5597625
57519042
73277113
90044372
20163181
9232203
40565774
28981868
48725940
73744148
85559762
67585065
23145320
50311521
90893464
8230096
73807328
13679667
75268834
45494389
8796048
40311779
11705739
15407142
10600415
18765640
92418934
4416556
53735733
80156806
29725473
26984930
25900098
91919096
59240495
87151590
92891351
11705736
83583829
85638389
46683495
43157196
54436707
66479043
65373983
30772257
73362596
49688513
29957919
202607
32249424
90326303
29850649
38918712
88168524
9391155
91556405
22602567
1085358
7351498
50931469
92630312
60714764
18237505
84886320
12576587
43521922
30127210
21500016
10294630
4819011
62119540
64661389
13470529
68227076
30108910
24106396
63132376
29131786
8080658
73876130
74277728
65856825
34465334
34465337
46243701
89966157
86733817
60193969
25535186
78877577
5409506
10568099
11006752
34261490
58554320
61497180
9406736
15319536
35481183
45939304
70115670
59029891
55658171
290803
21090218
61655948
40358596
13993764
29997926
48952249
90252648
26028166
10663084
62272490
20101715
85759037
78492599
85074084
69766270
24277054
28253267
4013998
80179446
84294057
46348680
68477166
2326655
67243525
