37740414
72338500
67051780
29459914
87623986
51096654
19917550
857365
84668666
61205321
43749809
51531478
76267878
52890442
61690778
14410934
46555383
59601660
12170292
37474409
86789272
48992763
50416734
22668594
6727132
47021892
53382711
76058297
81912417
31023907
89238547
10608802
57855403
84229645
61162807
71161273
6101416
58839939
25459999
24156049
72208501
15431455
91464908
16274950
28675163
28467234
91491916
17054787
13696920
13394232
52464298
67482295
27077179
86489959
66927906
82871727
93589013
60308142
67149153
61032515
52830398
15100937
49410496
59503436
33885956
30392259
50133251
26297702
27099870
93668465
14558045
71269839
61297503
7938018
77291391
61440795
88893904
82608350
39303335
14667066
45090007
4411309
16973096
88641968
82266500
501366
36799756
81813511
68919934
27315836
59104187
32596286
90937837
80170564
59522781
21229250
28193182
38958640
28530582
21899238
65224215
39922411
53822426
32544887
10162006
40647336
38312916
67080720
33298508
3201344
6373822
15702889
67721679
87032057
23793773
19787056
50218124
69750226
6588151
83624156
65383414
56084073
56187852
73375536
56274654
20889726
63848892
9882576
55803976
6382351
57674788
23052448
27460737
70117348
19642919
40416779
71768258
37470594
17295485
39515423
56117325
39190551
11828537
59845876
39641230
409336
7258447
53697886
71934319
23728586
74160063
49102307
35398789
44942377
90377224
57453447
78064319
47533392
47566975
2796614
4465396
10704879
29380842
9459820
61396643
837424
16217621
22366194
26830962
70481846
26511418
74711383
6073227
41385592
2259747
48161209
78131671
55546894
30918453
65215723
2352915
29777847
73621728
21467653
49841774
37556771
14396446
7680211
50261940
37050313
3887795
67026870
71841852
73256955
75888624
39371301
44949725
94249960
48494625
55641779
5904954
13640972
35616647
48377089
55256626
53757657
74504511
94579554
36902151
7828289
89190477
83415660
51374602
48950390
41458197
93680423
23335927
81922101
83457865
42296868
47286318
33650066
50988225
62701817
42369655
18424132
27134398
57337714
12161690
14569477
77119747
70547580
84315720
43310444
59721873
6985995
18876769
38071767
32232994
40072825
17712643
69528904
55276611
13807578
697125
41943593
91290141
49140231
46656685
54189063
90722458
73023797
25982519
34068388
43185901
74471717
51330348
49168068
63970649
47987521
92270016
78162205
1586476
55217640
1398032
6487824
17879476
32140836
33373570
76809962
38303331
78604291
3601499
45970085
40082836
49800981
68695725
11262020
53793287
4827345
24098790
19756668
33567575
83950474
62466890
71808344
38383715
47870803
95673
2035811
79316210
60532122
90703770
22392273
79099311
48574801
85374867
6578535
88813017
87703942
87791787
71931652
42373054
62481257
37143662
56418571
58953251
51616975
88307486
94052677
41019114
44704891
27808833
60548454
20328228
41253976
82969271
28506726
78640166
86012566
26769355
93910386
68470953
58726424
18604978
11778635
19961966
33654097
56662138
54499860
7564744
75892632
78023581
58293547
49432830
27635564
40662179
48318201
59766122
77135606
80840879
44861163
74919885
40081065
35312508
27603796
44549374
48782685
87355541
29085398
88181399
61065401
48167604
49388897
88484402
3212732
73691377
82330251
13782714
46619408
35935867
47362834
23005708
44098090
10004394
8290217
17700956
78415281
49014486
71474270
76367357
57986282
20369991
