44886529
54215496
9570356
44329130
19457066
13730418
29146605
48003844
52483930
59947246
64295852
77244600
74608949
81537882
5562439
55046434
31282374
44926774
17188353
14761485
8057354
81927934
59668003
38798359
59416969
57684227
25826461
45235749
83809393
78385860
74778277
33872373
71252292
64918574
7869831
28450408
4141725
63477330
13704053
54685687
82545119
91538867
18962763
91825934
38988631
58718689
63369951
18250276
88819862
30048210
437088
89302147
42536770
38918089
61968631
84706627
10593836
7915252
61252200
37936384
46711992
20377864
70403716
35247271
4281784
62034747
29639824
3852052
38585184
14421191
59608586
76717580
92626496
88458478
36084247
87119784
86161253
76769611
84339776
61105802
78264809
5678661
62371742
36522019
65164825
10568364
61677036
1062664
34356469
69435068
67316048
26269858
36367099
47925208
86320661
80296041
13418350
69757384
42141414
20675567
22557573
20365946
17247917
23842777
41341250
1686520
44438692
33527097
32555898
16945994
86711193
92993900
7851863
66617807
54754555
21820485
41902203
30507186
12069217
10149778
85295402
47557549
85127410
3904003
16453205
90492429
10310114
87838127
82345305
52151848
80712558
52969397
58248574
58365151
77126451
2153156
54205045
70034207
91786445
50375252
89142459
33892986
56024009
88463944
6545448
77618470
16444855
36440163
76486775
24159746
13567701
63531160
66062726
31821242
2726669
24434986
19454168
86837800
68531724
26739452
18376421
90868282
25034594
2657972
59870038
20482454
3989824
17869719
73026347
63772818
18956534
62290643
2223993
47300846
30541581
9047722
88561715
29438030
6314950
70237153
13596173
19127740
76718100
84021610
19570612
77550029
44497573
39230213
3048235
11543115
83872599
1234150
60292034
48032425
75906195
89968559
41569284
19604778
28603795
68753056
82732139
26795756
38946415
38519492
87120811
74103154
22058169
5100650
70378705
31058556
73191210
43880530
17992973
