8365107
80144667
85387236
39429949
20633153
75149526
15789432
79389122
76606985
19903320
20087165
86062308
76716753
37058668
18280649
78364146
80871312
48123216
20571500
7613759
79468162
10338931
24240052
3189333
69661247
64547256
78548698
53426777
41188995
7770533
3859833
79922426
45868109
55816499
59469535
5958111
52782730
58721277
71135925
80700861
6374413
23049818
82114491
68095861
7300463
37399756
28342843
33895460
12010864
56752857
38711209
35540463
50082414
75346307
87266120
87543198
55837296
5481343
2371682
53067537
39426756
55925992
28698402
84432238
1136423
86132281
34403870
64234548
4582632
19685450
21122948
24967484
82964573
21367084
90351178
4740828
10337323
12032785
59494831
40671187
90267782
22476402
75896191
75271069
26929044
59204768
86502619
49890429
8354389
56693790
8780855
85791942
50418059
62338055
16817436
16041135
59579840
72005762
33081815
53521893
54308213
32406210
84586256
87592911
86624786
80445673
1713410
73591650
67437527
62092012
17848498
30591343
31510281
18471027
77552984
28382754
33126071
8316078
77732371
49885830
4158881
25920550
57417375
74858476
62259858
50626762
60469155
65322733
59011420
58695893
36092527
10312270
47854660
51350678
84684422
85528811
85422208
89177390
27642577
61469842
50647134
70933848
30610919
8107995
11754188
151140
91782263
57814114
54895379
80439585
597421
5146725
12969811
39770123
22377428
57396910
12310596
33832260
14197812
20969774
72963361
8117251
34104782
32962428
62877752
60277922
33996659
77942736
43999911
21793403
2792518
56101473
87188492
33431214
8316082
4294626
91579268
64090140
56534193
61736741
60984828
15454021
24449552
21629981
13139870
47131642
80442270
29859917
22518047
22509051
58021946
65603513
65062217
88597937
19335029
16964382
42171037
50321908
73931566
88311100
25217413
47361664
23644296
27629854
49237090
22142297
85589881
40735661
60836157
8317803
85996290
39010795
12703313
36535134
14191438
59407000
56528493
33911886
47814867
3326763
69571039
73565760
83394223
47819624
29055692
26079467
79672786
29722520
93095749
41963029
80135727
9802801
71065613
16010955
37472842
21477054
13147633
30522352
39746792
84000836
3459519
1052328
43713438
51814240
27315041
58212320
48236034
46754040
20459902
24124748
46624579
44608058
72972670
19879223
85448276
9633343
52890438
38393183
56807805
32719779
35316745
69631307
23661909
5501151
33274149
90015385
77668047
5275670
2972041
71635629
64433846
92152010
43812360
42916688
89226105
15603650
54766783
69305159
34241944
84939021
10820814
63202092
91561542
21398832
56077524
16987828
10984970
27668845
16142906
39358836
28473481
82565190
23065115
75993675
45979958
63751325
30402775
54185428
57514286
5621911
36987039
40345182
11911970
26956501
75589786
2352401
31493395
88116093
45297584
80079687
31558218
74784701
52733032
62702759
40980571
3926829
48311804
90896439
53468328
90292642
47484097
89367708
61453258
83865401
12170654
78823456
54684036
88169651
2754039
52968538
40623204
65053050
73806718
72177608
89000399
2642010
49670881
53254131
45726027
7179498
30854373
25265347
75725994
7422240
34550905
81611841
29235130
74913587
45368137
25940629
35466815
32997353
53145316
3638722
35648732
59467050
8791224
27067151
43349432
36046361
13203331
70630646
29465517
22306333
66602942
33901757
61011196
18448078
58472055
79495931
45922483
53866901
83519244
16043224
72961740
2240987
16236830
73000330
11124781
60651236
34658906
88761
68362033
91121177
10557703
20577535
78826120
45899153
87044572
4478296
42741310
9419901
75216705
80212908
75810217
9739187
14839648
17681189
44007544
14748773
4870797
46886814
33406568
38091041
46281999
25090773
22305758
15057663
898238
50244044
57532823
40786171
48528595
84544215
76890829
11004786
80154337
43991166
22699955
29943721
82588602
29687183
21533302
50589871
8032501
21924374
45611883
49050610
66110351
67173935
79609388
39032695
80166334
80212553
13283055
55664125
76572738
23663845
81894679
2952329
22657100
46267787
66532488
64834403
64196709
7595706
65456555
62194864
58183965
18014519
52741247
47465158
17113472
11270332
15625724
2792
30882377
65440435
9633807
30123680
52568677
44958809
80522236
84958019
75996616
6412827
84330828
32825665
91613767
52139524
27002344
82528209
25854163
27571547
2360778
38058468
67092867
42418720
35215245
22036709
57844514
29081563
4545010
89653256
30412778
57105196
36293017
2950739
4111036
78680687
60716888
33864245
66570786
35968784
59975552
37413416
38932409
54241747
56178061
47769098
9012767
8603345
38987245
18692611
49110114
57578584
33675010
27118209
9676991
81641945
43656048
48662622
8632027
83124511
78354536
88222898
73608812
34852238
51445706
53021660
68016778
7718194
32069689
56178067
66471580
58366496
37166800
22446944
21889736
1814653
43764430
61326661
41868899
76886250
55896483
38900476
9520289
89985896
49012400
73202909
10450691
78252143
63001333
19067371
81293776
42489790
35954005
89779103
40861543
35772044
2231260
72615587
60346761
76358426
30556297
90665791
65141108
15204505
6931123
43417943
386053
772660
28292563
73708852
2653135
73407009
39138481
19150378
78483166
24219006
42598017
28863298
20507646
42069826
59062918
76277676
80917778
36755703
47712543
75748530
51075622
74995675
69262234
29648258
40425332
63627550
78831529
50728174
44073410
19695421
31877506
40376985
24124369
78063594
36662947
28224331
63025265
52051986
16401287
35685088
19321301
62935481
80389844
87591929
90128242
12390124
18163614
57540376
51414868
21708539
13416074
17920426
92639418
63183861
18639493
27692018
29808583
69023763
81210822
638938
42062497
57016443
39627181
55052199
20874975
54597568
76082725
16337978
45682308
54551504
22502682
56567172
44549908
9736568
53551814
47583436
21441051
44826784
92687964
83537365
38644842
80870569
83178483
65558910
8058297
1803498
19558247
45456089
32922916
87318104
48259938
23087231
36739073
67973315
65004317
47560193
42853719
21736435
70366042
57873376
16315798
60331557
77219920
16036075
18314674
58246836
51845095
45426944
28638885
1685191
28647661
85753043
78926355
11371117
58596411
45525366
38947943
44498739
87183043
41644675
70877629
14447973
27959643
14233114
26331724
70605062
42830865
35371918
66441059
70139736
29981871
54652814
67099969
23642431
16176785
26415366
31127505
76075080
92899172
83877462
59558790
87517676
51224070
39831337
78002620
14524175
53684839
36951637
7644934
15900415
14960505
87792167
12734118
72004517
25609317
64087405
51207912
70716434
64210347
5311962
57104976
80417582
47131605
66065649
40135841
4644302
30396239
32492662
20387702
25730632
46716643
16796950
80867827
71849428
63965011
86098079
16497835
90187318
30343646
44265821
39329929
53526176
76884693
71440151
13290025
63216519
64202487
6851417
40323021
61067121
34849600
21427586
4739264
12032354
72035220
64739362
58915497
38620447
65293785
38825349
38616297
24533686
44840862
79161204
65394421
16986652
48126204
36860243
80036178
71938217
73935136
30777948
6148633
24622650
6620753
630536
26854681
32285578
12447659
89472004
86225098
58580894
31085969
74779706
50531693
8524490
63795687
75295496
46677113
26502396
10715276
11450072
13482277
77528307
37321974
4231180
71920830
5701431
51224454
19229462
37844699
18375086
37264589
2204418
7970664
33836355
45139468
92771598
4651886
69757713
60020176
82471210
79416535
1080355
82558733
79430367
48279578
33582209
77729720
41558402
77912835
63954558
61623858
44031612
90665787
31507844
46188330
53074523
89311817
29772217
3856395
66070682
3815630
34384260
1531886
5079054
15543508
72958057
53985599
88600836
72836893
60284634
71181846
53374435
91685066
90714012
88531221
18673394
561704
42419557
74788025
45537286
40809447
91843317
65677091
4238227
15865386
33286801
92286222
20078746
89675893
10221293
83355378
68616246
69069821
91701104
7591281
75028661
57167826
38625930
17396159
78548729
76917673
7816728
71220935
24923030
52747980
35480797
28397687
61305091
91411461
51917126
4999741
21313643
12313246
25155664
59238479
16232109
61180250
41744713
21178538
15682490
48739233
13194041
42183520
57924204
80961571
1212576
83997941
74445
3435178
24989813
25608947
74963945
36668001
62268060
17608271
