65832280
65192079
196081
62532988
10407791
15200203
66302889
32300855
50924498
21007325
75410207
19177335
14900098
49060499
67592664
51022293
8732149
60568286
21531955
62276197
25852088
80440921
1729174
91106767
33602404
78870284
7815059
88763820
1287244
47808166
14418295
27102883
91264087
5770460
8195781
58572947
69601762
38717056
5926440
53343679
25913417
18003157
66803593
55109888
72267116
34356028
62797883
3016719
70048074
65454854
78225242
81056480
69607027
18390164
23119263
40063337
40130751
179587
56667170
679377
11295495
4835175
85103568
68494319
68639497
42762846
50565724
91999619
35255498
57096369
69392771
22901213
10625005
54090717
19590565
1155437
31070099
24008458
36573942
8384960
49036715
73706366
50666206
16017924
29729904
78560897
37918200
36980022
26173185
18940861
41819713
50336784
4382680
51398726
33911236
10389730
77602451
44974555
62655143
60464699
27953369
19959304
85928050
88767696
34074421
37847170
48052195
49710148
44327699
12559781
74326299
31642429
70101938
49055437
36037614
29038274
11012279
28924770
53751431
15537589
50157444
67961999
91490508
70554102
73921791
52337429
42530568
10781489
29094384
74796203
11390092
92846212
70725912
13751687
1696916
73133841
43715978
39572240
47325930
16833097
29153667
5347036
30359092
75988261
90984025
51235089
24684541
12447587
55060671
7081344
7261219
19301857
88281265
4824175
38775740
83698998
15481465
52272518
31287488
36678453
78601320
57584290
56429126
15974844
80119704
29093002
67245590
84328932
30591258
62427935
1249577
50659633
65775319
92558741
2869997
72650692
42887884
58396385
7937565
4588178
17534901
49346653
20918307
20440010
47059503
63730941
11270031
23393825
34523928
28028941
35306961
35197384
48473193
51160891
17536964
58916097
75847086
3040639
30602710
57231381
81614393
13146336
60202130
88893473
5886461
85792898
37369364
1400143
58357719
29910744
71709042
21459778
40164734
22832213
91633543
77563285
569869
77954632
90282011
76288454
49161845
92713077
61746560
42167288
62039178
10824422
70834669
77846026
12331393
533678
70515843
54932163
11729986
8461092
77081599
75762510
55900217
28456669
86034988
18160347
31813705
78990763
32271058
35233495
72219017
46228093
52165899
32609969
20782521
59414243
64931126
66670155
60201408
36984646
18779689
36282771
57816681
74207445
58592081
13916370
76619825
44168372
4983987
12884257
58840376
40582933
16457529
74086504
49653516
77787369
34577996
83812217
28314729
53532030
72558152
78820675
75645672
60891436
26717105
19938800
49428421
66344868
90524792
45628225
65759791
53877887
79575692
78755151
78285988
48451468
41576872
15269836
39913843
35946599
47190346
58445292
24778549
51162300
27555641
55619027
85110041
60455461
87758499
62132157
30209708
7688864
70202442
91802848
72398098
75696008
88142147
564429
22589099
60263402
55234528
84513362
28365068
13726187
89726785
78896403
88714829
13103971
59040384
24036168
10215402
71739162
8553956
76368639
15158035
6646332
25653304
15030272
31260061
49359241
28973397
21409591
29517535
16447746
14630674
28691128
79044816
67634722
86158517
33683133
31482117
15133345
38273991
24648286
72256535
36508195
83447032
12448482
39134082
82772425
24282251
92889099
41088108
82575718
53901254
6180753
14531431
65907638
18963754
25237245
4987025
18519354
35804307
50313858
3621414
42629405
49057454
36833662
6394336
46151777
19803900
2247999
80755970
78492392
17057861
91768552
13733288
40715435
41609900
45156886
80842915
41267408
58365551
1774200
52460865
22120056
6381322
32304802
6949221
85896168
12508203
34353721
58764345
