58476007
45998214
24528306
45122467
14489199
29094761
8223365
6380466
64404019
66524180
66080472
29820839
16122551
21002693
7681887
77584533
62685492
87182850
44681651
18748217
78687520
72175952
15727803
67301297
74307181
37935781
62623689
63745732
14273645
31100190
79372195
18913338
46454990
62242707
44993061
7333912
6108986
15705288
8685951
17293545
81241923
57070890
6783945
83856636
42499873
68982873
37625503
49308694
67010518
87792013
90565854
9549433
3849120
26378475
21280076
80961036
72758851
25803257
10851296
23254644
74374588
83619123
14781919
81731878
23704219
86271281
47245185
53974216
61990242
18643638
42012024
25126239
52617481
73854957
90827413
28236535
65331612
437206
72902364
77731565
88393645
69205300
34907405
93014159
49461182
68490248
70945680
31902220
11654257
78906404
76733493
17762743
84535284
24659060
59907983
26049502
50676322
84695471
64034268
64534320
80812311
24442908
31773519
55864640
29486881
61209595
42093925
59147186
48298868
52802164
74546577
6982473
43202216
44146612
15990519
79953018
80203872
79710549
66445718
32406836
88974904
800287
27009129
12649775
48999494
6416926
5994341
9744261
21653021
20640750
22680091
83573350
44005120
31510714
9986748
74447495
29076694
48486248
48993330
81919255
1433548
27767211
40902319
92522086
78283983
15695416
64905241
87404310
48486283
73907846
16449246
50392478
72420535
36517465
37284563
34113504
6433624
82521973
221148
37101643
73416232
62986934
43398632
4512612
14283903
39128219
39679594
1520933
20577355
42523845
65503095
30383156
46286968
54693106
42317986
44686783
35495585
29680910
71638056
6830615
91954788
36211029
49607401
60295958
51905262
61845988
60448640
67015896
35327070
43297830
28965829
3864214
8844792
26853231
80389731
50928312
78375563
59819914
20951972
24533252
61171907
43250511
59577382
66004262
85678956
78634485
12824701
47362737
4245224
72459786
54786936
66000769
48831529
35672767
42875532
54728129
17397992
87449564
5874642
25325702
22163178
86695411
50596942
480057
14559744
79230019
19433264
77805258
10559370
40139595
51741168
21179349
61845947
24294292
8848754
76900543
14565536
50832456
89788094
8406794
68105385
88279690
15779404
57436936
14918299
27004472
87080159
82807103
15687606
57085789
11157488
14611575
72097876
79171506
24184643
59752084
27667663
23408049
22633031
1327025
58232111
78792146
38780361
91789807
62112631
38887476
32364728
43907953
64885061
