85505772
58385343
14864496
33883252
63607209
83458721
19756393
56475301
40490792
32992126
35761028
88207250
72513918
19796139
27970947
89400335
24488717
33112393
56626375
51615779
35138503
15271121
77962791
33885336
22388524
24673118
85044321
54839862
31883343
59415130
77504699
7045934
10443767
8361310
18445513
69413723
66838764
48306657
2232865
47590330
38037924
87803806
81579802
27510482
20966247
70397835
23562645
69251611
36503109
3084994
85788974
35194045
84077347
48155298
54460793
78530934
49023239
13505676
60145194
75231230
31669744
20637320
43538210
80201759
20078440
36615977
299153
67758748
55348452
14616806
5760770
15285785
7453992
4790195
92621264
21348629
27890478
92449000
81446423
30940478
56112663
4855986
71268527
28180282
73636478
40191040
86991121
53876980
3722345
13617459
23720340
37196796
73816812
23380382
43779821
43177842
10081048
35233574
11238149
32727641
16473930
19386346
79277606
37421658
64527526
19140497
55464945
45852360
1824223
43456626
80481918
76774293
5524664
15422675
12904475
73406160
20156200
50572324
58338877
82218072
91979067
12895797
24055918
13433283
4391972
1400676
75542598
32023789
87600684
4382742
62758261
33550625
51507143
18113088
51644027
16861568
85291145
19109657
23770663
74415871
87552354
56453238
31420745
56364495
42507288
19942086
67245908
80443318
92236090
69287164
53961434
71817233
78950432
86014209
2038431
16480292
60768034
25895610
19773714
11279342
7035070
78004656
88923106
32763301
68632816
72150637
69166842
50984983
29143686
43319965
42132364
31189856
74811007
46621136
37894296
46436871
68039363
32653766
44526926
5727773
2196393
19423013
7995532
8268388
80277588
34917627
73605155
369471
18960716
82869463
64875774
57040024
17811037
63679324
48936514
10621815
2951354
87127766
17823883
26705847
43243814
17688766
12772444
31131851
57036528
64787883
33919647
78356664
9128232
73524986
88659990
76139636
32834312
56817270
86850543
52762257
69172516
77338736
70222535
89433651
89433653
34807035
90350323
71419333
9226286
45858503
72096477
12057182
85627535
48738924
297581
21148837
79182884
70931042
