89875687
54309934
32101842
68594147
25090047
52349312
32648848
32648851
11083897
48444610
75801007
7583886
73493866
16416070
37840342
16071115
29723685
28623057
72966315
17852117
8617781
2072557
10117157
56622069
42907855
81749446
83736221
45034809
58680229
48687889
9729610
1631048
59992169
80686637
7974583
606090
78194862
51233492
23790123
66368209
87045119
70104402
29365010
72262850
17334995
28591397
77945713
67714274
13976257
10271510
50297855
77484080
31039910
18612024
15384372
85228638
68169047
63533274
66504979
94190117
753943
10932629
35537657
1609162
78264495
91951561
42244371
7200070
21646005
40777761
54673826
29171104
27752941
93917396
75432036
57232685
22670587
82847682
24359452
79256858
92458854
35344122
43769860
48655870
53649909
76111732
76984913
50452942
88581601
45099157
22961184
88751391
70264750
39505917
5629383
49599341
71126243
5283805
37353957
63163259
55723608
49988206
69905799
5347526
11096593
34002649
50717660
9018871
92800985
88548059
43916252
42901161
90536177
41384328
33483232
10315301
15230308
30461737
69637407
6057804
43506507
36041976
10571312
21414271
87451261
62849822
73331881
21675582
50992372
66854802
11267281
85507199
72886226
79385402
30948638
42354240
10950955
20458409
19293747
72288812
23996503
89349514
70915716
15443476
79528241
49689731
2963524
62564978
73783196
14386667
41957387
77840685
8488054
6744695
16748960
8405665
72086057
8373880
76336464
51497632
6341630
16092772
24712589
52651920
1224559
16893425
998965
41389033
12189824
22656886
763290
38220175
55891252
23616299
66960829
33825178
31555713
90459640
55562718
13167765
43352415
35566593
39267307
4425965
55140210
41201350
48638154
72445738
68894781
22176337
51885754
84107162
82364236
27216899
43000977
24667826
23904874
40295887
48745678
52295826
65200967
18065775
21529228
49539958
66289713
83838725
76545591
770464
24145895
16329924
8579470
4585502
32319661
63197316
60650410
83999121
8405661
66738275
560537
22309886
55207632
58643657
34490097
31276402
1308010
93501257
11404979
92506194
85906416
34852761
58867490
79448890
54405050
53373272
60960731
87346151
89671757
75623101
91113587
48868437
61577174
17540431
62740330
4035959
52514001
80604251
8604073
93984125
93989139
83729698
94417688
48078407
31596224
6587461
28296564
26106111
63770674
55248739
21780291
69762910
28027533
89133061
77312537
9267441
74882273
12944040
89070386
18835193
85745863
79369116
599991
49666497
13007713
31572354
22523894
93783348
6130939
80762700
68623169
7895867
43221009
82663645
20567548
76384650
58530289
63480735
62793215
23594520
84851461
22523893
27932892
20792142
4897528
68517796
87771029
44193122
58586920
4954164
30508913
42881378
27418701
78426582
58230407
36297195
49614312
87435599
69077170
23544915
82002427
30858206
6765894
67159643
7823336
14358403
58611730
78471675
84421052
48788054
75700945
3598456
92837001
66632737
51911092
7044594
90284395
90284397
88117323
78317375
62612879
45859698
14043642
6902961
