77656438
34613914
55574152
82069480
44564819
7989625
34158896
86568855
208052
12888231
54810053
41416755
57047781
11664242
15834936
77557043
70588372
7448017
78390917
57655514
13628958
91124993
70953876
47618615
84773922
40615577
63676449
54677754
38956479
75092695
19072113
68348933
71847589
70890132
6526235
82698216
53882330
47791672
29174764
73679830
47187649
75452280
10021447
18546112
49733084
73578014
91646059
27692618
4798782
54261825
79936345
14296906
39785465
28611453
48425172
47707795
6186727
28083463
3022315
24769191
42703322
72367190
2776001
26645452
61250577
7085572
62489770
34908018
50668614
8082898
21291536
13195740
9158755
37372372
37230744
58650915
57783655
73430233
44346173
26438144
11690465
53849827
18133691
2221369
65424426
76208706
65635654
79730720
16172668
65578559
7724035
73300389
70985129
23344611
46632170
32721385
86063285
39210322
9670169
11409175
61092906
2683047
81999653
37215706
75103969
33018136
86933765
59350308
16567228
66931138
92561386
46791478
53802393
30617469
40469828
23538706
90948616
65605585
30774099
46351373
57250799
18189614
81326731
81699840
684239
77412861
73019959
54497664
82026759
51076895
69610340
70005299
22026133
46897820
27932425
56621845
83481088
30878915
24144973
88448246
88525739
27077245
40620026
21399409
29899570
87404094
62767592
77291254
10546757
6414409
65051006
56028567
89942428
35506596
54502050
63668604
48312433
27242049
40123814
11129009
10605648
73956727
81901295
27122973
27194067
20368028
43115659
38055953
64983148
1707877
49857667
17180115
1442704
16090563
74944469
26873694
47767967
70237347
32399695
42284466
87331008
34859949
35889037
22044549
58089369
21317300
62587039
26827523
8338586
77999380
52913727
20779100
79159115
73021808
11835795
38578183
63491486
81887010
71695812
16799848
88493697
19387842
23029368
78420490
37683919
39053190
65051484
44244924
36427408
58781435
70655127
6388853
75737109
62766545
17951606
69997972
30252819
9814060
92638255
75475989
53835199
44712365
30362187
