22497777
77604585
51222851
75682980
2880266
22635924
6265074
57285776
91601743
543603
31012804
49558598
3313468
24695290
45923011
28136667
25669806
35846533
48538550
24375994
20829937
82696834
21880673
63398388
48979071
41714027
77758366
69702337
68247743
18555668
5885529
32731549
54390549
83207050
85397435
55635509
28341897
7288620
1113978
39046793
84519923
39648120
31285217
51536671
78792960
26954783
432520
18355658
90466006
17613166
17974375
82187969
9875431
50868347
5849443
26868703
77546563
11236876
50250364
38426927
48126702
83287811
55385406
6758605
73230668
8663794
19712966
30560659
14375964
21404639
86647277
19390338
89987358
46120200
46979888
2221219
75711492
64306260
67544731
2261250
53891853
13960698
47622842
66739168
47959565
23535266
91900586
44610226
89769818
12950842
87708343
82687113
91319925
41792350
42398584
85272880
89664402
52804803
88619560
28312484
18510023
37939394
69099839
66017690
88883625
4048018
91731241
51154590
59956606
7095153
17752395
13489033
3449252
9035907
31492715
72637227
13057651
11779662
81597668
89844134
45080293
86881992
72029943
68969063
21610184
31469236
58748772
53308585
60665996
22946335
61151164
62918634
43121026
48622896
15734013
68627436
29477990
23448986
14933062
80081238
7682753
5972879
35091726
55160999
24187435
82952061
91607462
89053526
1441409
67003972
13555525
9499997
12173515
20653250
34072772
8026275
72085011
52245406
40509779
86451353
77751663
69478980
86330891
58938725
10029610
82481283
61713591
91898635
83981215
37012321
88826786
62131393
20605896
26287639
1269517
51687705
13337874
45827365
89441046
68218619
51281114
8131414
46999594
61072629
72409012
74126310
37329713
3980986
92145050
1076952
77606528
64738392
58573041
44052743
80840693
38459207
51574144
67991329
51859297
82845748
37163708
49006534
57316907
32398662
13119397
65500546
51263496
82600527
33183945
19386406
45427675
24084397
74525015
7629075
19566984
49041440
8980542
21624033
80095434
11501468
14825185
21562284
69026820
55211282
15413062
9582172
248678
79351090
62174852
38598323
4008541
89852501
40630011
47889121
57306645
66586277
58629890
18563438
73033425
49427938
63005004
4570192
14488854
36307739
64599632
41954439
86579575
63726012
53213659
29676151
6683968
1276136
73050160
73218122
88234020
23450879
89848548
2078224
24313192
2255002
17456319
73034829
57421571
44086515
52724559
24199433
15634450
75979695
78933595
46234882
17490874
24550574
55895529
68974226
67430694
92218502
37525044
60718328
87392724
38688737
52063647
38611268
31280292
36545958
2236433
60301449
76740188
16442673
69509925
53173128
35306033
37045144
47703159
71598162
70397417
42412240
40034482
33818590
58168856
88356012
70123907
13685399
27661363
24311937
36426088
63398343
74433110
85725997
34271161
79458321
90700857
79505291
25582069
858858
20804846
68423947
66168100
90288669
58774595
59548973
37363278
39035723
30702992
92227472
26655673
91910327
41332406
79905195
64195749
50989124
53830031
38785388
63855122
63850750
58558151
91326451
61207603
23858200
28800218
88835185
85328227
28672966
35139723
47833180
11986310
59988711
64492359
11000804
35189172
31286526
15325674
38096242
41130767
84309247
28435912
10358039
86582830
71170621
19538140
50409912
70248988
54206797
31654037
31125857
54714708
79745439
29194826
44810892
47307498
25686997
36096539
49214575
72893151
34037531
80624300
86770764
71693152
39820580
56654881
92807604
37056119
92501025
49757660
29730133
70761586
60344553
70764189
89855714
51674306
34117698
34146352
41583150
91930407
3707380
88456208
16878523
3205255
45635424
4436853
36051732
9649955
20854155
68004100
36066437
78731591
37172130
40213811
7529777
84806497
8093670
83500018
92678121
61453798
7868491
39880274
50910757
46971413
12780685
426573
17079334
2178383
3521097
979481
76213722
78253710
93009230
70683060
69698448
56774748
50986357
30918133
1656632
39760570
26870768
77260516
11980023
63578512
45524694
82372385
70145844
6059401
3424835
64038829
17055071
44011612
57328376
8232105
13622234
77344963
79261216
40668567
46641973
28882509
30657309
39760567
58713174
17742002
63552474
29545332
43619292
90379990
22450619
56943004
27400700
1214708
49224438
2996932
2757982
84361085
59239830
58631166
79255980
66858905
69304522
51007489
24600991
39628907
28394732
13261060
81414398
16074180
51482805
68227659
639403
74622437
4125171
23592351
8573597
69261122
80584803
38269270
38952066
58358505
54257048
67119289
61000318
4590953
57710428
90967737
50360898
20883822
5335463
67580443
42260398
28461214
62601699
14832166
11106289
37238158
67444786
65723551
12430926
82948624
49007736
51075995
80095341
48797211
10771465
648767
22513348
77109735
26612717
43893549
3994380
25825748
76170859
81393928
1418294
71357586
78046739
55373102
87307392
36574324
62428496
78811080
11087664
54984838
18067479
57466758
53057825
21462174
62772111
22613079
26166174
75481559
54184814
24715869
43384003
76179485
16977389
39744019
30424663
65031522
13490500
46042571
79454066
57939634
52032142
19741305
6619525
53379499
62196768
88365918
72304790
70778106
74157579
6213764
34109257
54283159
48653411
70885691
89131117
79260765
33606732
49608820
16947710
23765236
5551149
67538787
5248058
29907094
20213621
43921534
69228589
61776567
48669342
89964756
46948509
5629200
78439120
54056064
57702291
5268528
8360534
83367571
63425204
40433474
11295183
19357260
55721981
80766878
37477641
67633668
54887797
16577365
41485753
6004971
31725799
49605582
40392976
8908309
69932340
70595913
45350808
30291726
59189612
90178327
62296380
5939186
78083190
56956747
70015560
22111877
488013
27681032
38947705
41372111
36643572
64137347
39366357
31053238
92785879
50270004
2072771
80465259
19275403
33180701
17284456
63742388
77380153
79698954
10520352
66673897
7614207
92596058
10185847
66209834
37597786
86968956
69870763
68419621
69358634
19345739
22918089
76773221
50449101
16913576
73504418
1165079
72644369
65837965
66423208
30145047
47184373
17276081
22446636
62020310
68984310
50498943
22155031
71823873
88525464
43945836
65812080
71161047
91600653
49593555
86820794
73775049
3073047
42810405
62467987
28957570
8566237
44416403
5856260
56306893
3919102
6375912
69628171
22080728
13959489
82132817
64420554
14491801
45651661
20771318
30311244
23529698
38793916
10545122
33313726
35332116
1473048
14484773
31208773
73755232
42594442
71893153
90876460
30243047
54041104
66262590
57025748
29187289
52725205
60161713
34899789
3623339
50591983
68115360
52425753
6227717
50679461
59590343
15587864
17436563
72580640
74495591
28468373
262814
22514215
72111047
86297348
20180727
70569627
17771277
89738896
33666064
20425748
4163514
72554640
84454064
54806449
65539455
57249646
56031477
2431515
78720383
82623070
28248492
10780179
87317271
92312751
21520138
10795625
3347953
69120096
61616776
3616420
17940196
79285492
12834955
62411296
25715708
49276435
93071071
30136052
91617577
83521697
70540551
60402560
60710861
83141781
91461472
78498904
63330034
65572924
34955099
4609820
12878586
15627853
62829038
90305407
19885596
52161583
4676521
15855987
8639615
58871095
1953199
87492899
57518465
61752020
59289030
76796631
11159760
74961292
233359
1067838
45584349
71931366
31925804
60466364
80936092
20326905
20896228
30852372
54364099
78126192
9422012
73021725
76776767
49270612
26087509
24936263
51407651
68115017
44654860
65592581
18055433
31518113
35218606
7501179
50474259
60108335
57954488
39816724
49246384
30427403
61015432
69953046
76310042
42006937
72046607
74806751
78115661
40403831
2580474
75201118
75626460
82408317
46110264
4062471
23260249
89040960
76352569
6846636
25387525
92090262
32289599
64774948
41034970
88538664
16025087
14823598
78728774
70131481
72406858
69556972
52246271
82221167
83882556
8529755
69364919
42122767
91114296
69505292
41782334
30438077
31153420
6557912
76489893
60086375
64031026
1897498
30725167
10937616
15258622
46468326
66938060
69339138
10045860
7709513
81364800
67898307
17474718
58007713
20270753
40304424
86645705
64607522
54171489
44077328
84582409
11929997
31620203
17540712
18068997
51935815
76392227
85732710
77320704
17822828
16280007
77201904
386865
48287787
71564818
5829495
5829496
20555599
5558587
56313960
10779833
64758704
29764035
44185836
33076727
27804492
3290372
62401516
41753776
9917067
36216544
66323043
91788927
73385958
16260376
16465355
16501241
38049359
40678767
26012812
4052536
78947619
39930807
91908952
59275233
87534536
15193977
8829491
82267204
48397034
23049738
28314632
89872659
13792012
27547570
49091921
42967994
12847202
33027878
18114329
54056702
49522702
56414387
91344624
9971532
13364308
39131385
26670035
8894565
89293782
91206107
52358658
64253123
19367954
63285522
48781621
87284769
85183807
51767442
39486152
38881872
72282090
64726023
89179922
10532676
92607729
53962486
32779262
9642612
31345877
17594768
69450121
10055674
17115942
54522278
85539852
13582641
21685446
81387763
62945287
58048382
18813503
18414038
87771706
71219747
49558786
69181510
39002122
82813858
39130706
73791558
30962248
73978361
35694228
4885150
87432082
16633199
92304249
75125356
10801655
25447632
42897325
33509735
70362058
83293255
9935556
53804752
34169916
36331353
45143749
91605995
21522293
26848646
708129
29778596
69745395
66493651
5852578
26810476
82011395
82529656
73133145
85051966
45014833
3651780
10560037
85332109
28191160
1581987
41874548
36132743
43296620
10299030
73536879
80114381
2832868
43522437
85867959
49382480
813539
73417051
84965071
75731120
26984787
7694305
62111995
37636610
22042494
46082930
52903270
33183786
39658950
10641355
5699759
32738147
51896117
18901686
63027591
11763486
59507447
86256910
63234094
15799235
61037673
65014679
86441931
65022707
54357123
21023270
88058507
16439487
9048254
40839028
74385067
44013823
25796790
65254534
89838188
59884540
5619530
59214320
29064989
29841144
74134207
39986487
63309505
14059272
23953795
915411
23358066
13219215
32433835
64924701
79626300
24852891
20663508
53360481
12279248
14053546
68776021
54815715
37787714
68446253
38754841
90740280
52451094
83986198
19070976
47692242
89428268
3165759
18028481
65761662
23442572
86144816
62334254
53606457
59835426
1837497
26853514
14783554
65050517
92588939
71725351
85104523
90088172
5269489
8615870
60509959
57436890
6124272
26217694
90260181
54958794
58455501
62328853
51061891
43571606
17247422
15589297
59467331
2757903
56227905
24398145
5566502
57915897
53818229
74653498
28019651
85518101
45059362
42976880
57413843
49235710
4339982
9651167
63414959
63453160
56146381
62161349
88138946
21366445
14762146
76225929
39783034
4370199
44127842
31770107
8683176
68613247
8259996
88768044
42543403
91654963
79039722
16674176
55434168
5098774
83992088
44674164
20620025
64137299
18580703
89879545
41671104
92177246
44311815
57650714
36986475
90724848
30576104
77552411
77664039
22262145
3098812
60406518
66443924
19565829
67433686
57487215
24769002
13191174
65887509
56934863
17946384
66282115
53809565
49500773
3791218
22876819
5341019
36256492
28184113
71257721
89935904
65162587
32907170
53777080
35663840
79642269
84308415
64574505
18264628
71754165
25363063
68641725
6700207
48185139
9760370
5687173
51630018
66185478
50555379
7366231
28714171
25202183
74925200
74619733
20062381
28212316
13995648
9015833
61698814
67567697
16518477
4459189
44120552
53385631
76656831
40882633
38458168
46939717
52495709
11488021
74494722
38304676
84431450
19515156
48585592
34919326
60781191
33075678
70833896
36396480
3699853
91731293
25747421
5235722
61046632
26405189
63858196
