57200760
87019236
59784996
75271108
82306669
62628690
21841790
18126372
7493611
43305840
49059795
2499852
16140125
73806183
16091991
50767954
43208767
46506951
16960784
37430402
26678463
26192004
33339728
39261858
7860686
9178113
16006311
52184338
59511399
55002728
50069894
2783883
23686428
34866610
54035612
28819639
22513759
38469085
84918603
13574818
5959501
74833713
286445
12184761
73707217
56625201
60673092
38433896
27915813
51964292
70153532
62452538
47600957
86101373
53997195
56613514
56566522
64278239
18033255
32489662
55139691
19467709
55242600
35704755
43278151
73925248
74637586
22933141
72769080
18730526
7442188
27125291
45839553
64563260
90012429
11841908
33813178
65228119
19033337
26468275
42071459
28598041
41604068
70573274
44880930
84746632
6069110
11977394
90309876
41836255
48010797
18584980
3870545
89830960
75230341
78618466
18765756
56929791
18104041
65531136
83262639
71292244
32668199
1760164
74656183
69410804
57779835
69595010
37254581
9577044
59960335
71969301
42453743
9592711
90251176
28717291
57174306
8018037
19021265
4546749
36342159
56813071
57249303
22129206
66388124
72062383
53458510
29419611
9936444
86852163
41907875
15571213
51501594
3056356
44248539
8009919
18215490
54302762
48499432
82902930
57210852
43711469
3522953
69430807
25717576
37334244
24368004
38649529
48598755
41531841
4223820
46716832
59488353
58252938
41081694
79234452
11093152
10752560
65283911
88182512
58241721
93055997
46706579
7708868
31574573
66961462
13507025
18164699
5861804
2876989
57985210
54647311
7498021
64740961
86764069
47365442
17655816
4088566
25693153
79187740
5460345
1128219
26363914
82079821
78118330
