59116584
92768646
19723700
46963731
79284890
57368011
74248018
51528215
63764530
74088831
48244497
25152561
63470212
23917634
80991324
10994030
57634179
7131598
52659868
69699678
67399695
15209252
83444477
53193988
33662963
38805846
1690145
38315794
26794947
71789970
78112113
29998364
51976840
93037112
69241916
25253403
27823660
87062330
79367434
17039910
37342877
48492763
54736180
53062143
57011018
76028151
1867932
66948366
57512260
58594561
79553922
86437918
84113514
56058223
55741613
26728421
31802551
85823047
61282099
23614188
13239154
24405071
86428434
26786215
31019385
27309723
40346981
78996004
30408759
92905818
65929386
52703519
50424924
85829706
82135989
84969904
67999767
34565284
59898032
60673856
11123105
81495492
41827013
6710479
3272886
67455774
62540068
80563440
43608481
13082224
53039501
1382284
90812821
47031140
36989241
2809294
86020540
69708708
69738024
40243236
64516633
32094409
44989755
56989581
82862141
30907156
33260251
76306115
49145004
90073920
59448485
43502644
88991994
81193757
87975796
75288993
72646260
26317044
57696382
51595566
72139952
19476930
52659874
76233807
7073254
15201183
88246
33789507
62186839
42498127
18581756
9832773
71544353
73189748
92129136
61687020
43277313
36931437
58398860
11265201
57192279
6561301
79810774
53462380
67983934
92111356
25791162
84456053
65870898
42718779
28650404
80053146
80625749
25083807
92128975
17053507
43560787
69588256
64181992
17538641
89447451
6497376
55839988
67597051
18394595
28543680
459977
71385183
68597210
