90726879
36125779
69941949
1608414
72892168
47970719
25597959
91235685
88306184
52232977
26207371
21603886
65031169
22934142
70517373
62416800
1416575
23774290
79125992
26749542
36215818
88454086
36335843
40254354
41147991
69189127
67267942
56644985
34263951
80061640
59390868
53965524
83231575
35282926
81598323
46377673
32085483
85712922
58809456
615965
73403744
43346760
92537553
23066555
66850875
21262903
52305614
60209005
78061378
320064
57082069
27628151
16603804
25005396
22830151
16071215
62723932
28441760
47297481
59075916
35242886
75910641
90672036
42189805
14307247
86469436
58875396
53774852
51190715
305404
82422496
49685042
75286705
14304945
72251212
39170416
92214120
10338287
39902671
1238718
41845566
42659634
53996761
57613483
44771641
27979184
49259714
62121352
71076975
64051016
896240
15917514
43531176
65874956
62923128
85729805
13887283
6422194
56509716
79073128
75901716
12995426
91675443
67961493
30740544
24289073
3974221
52015256
59691394
24133931
57788428
38802220
73585780
34344503
49450622
36650667
1826048
29286264
56852978
49881419
66673661
74711352
65815885
25448349
92791770
47623619
42976463
45958707
41309290
74547176
71278899
14152019
67841943
79054309
21753852
36797829
34071588
65400880
87909399
10958211
49493824
4643169
90224069
1447216
88513387
87949124
59483680
50979530
75962973
18557066
87286355
5402513
27285744
79783562
85133654
29913352
48936131
3259345
50276853
67615245
65852376
88210846
6550118
85214448
73783870
92064273
32802540
