77059072
42273755
42425581
7851136
63758525
73488240
90759624
7173342
44182384
62679356
10910251
24636850
37824309
50000594
54388095
21112259
22329218
76640599
27341546
23975922
17667983
82977511
4941223
5420714
32386258
19592587
59930539
93511070
6680381
57460389
91196347
75984058
80989384
85501366
49085307
68901019
4635222
35252570
23834942
77222928
2525237
71126035
32471311
4726647
83291034
73472027
76102370
63855061
23069866
64920416
71676461
14223798
81613257
31105406
2838479
80293277
75801893
7150767
20025131
3728553
34973030
49566018
21422540
87748303
18884423
60041195
42348287
50326466
63291735
65969476
71178347
23628442
6152779
20509035
79640341
66438512
42444445
56285344
89014273
79591464
12350538
88011567
26480948
67284458
75073781
47666652
26784218
4521340
27181422
30123624
42909917
68397270
14599793
73006945
85828493
19293531
60728161
21923234
77793942
8117659
83959047
31822059
27133770
17765511
53903222
73109266
61734583
74418716
46780971
52038973
69847589
37765828
63662018
94317952
93034676
12171942
73244170
44294253
57826014
68216535
28435710
43091800
40917351
40917354
7336146
13525159
40208875
26906328
76042824
61674362
13596724
18167658
77505599
83621299
29664853
91248958
37562962
27944439
42679182
28524036
5257932
19043354
11207195
74605885
32527376
36757804
37252676
79306738
11721997
12698792
88318648
64178122
24198309
35047052
25564320
87203660
77143785
62292757
86903005
83582428
27497857
14278931
87284396
72581660
56883078
39397958
81815819
56496718
5858255
1986622
25188061
53136103
15239343
23281119
49194030
90775804
76531566
40343063
1987615
23045083
61559837
16809266
75049351
52852726
75174584
18008141
80232506
2910637
70119401
89649454
32698247
41442304
22582722
56988342
76315095
53611187
77223887
49143993
16148375
46015411
55106207
3289329
34902492
31540856
8043446
44315688
17729501
17221710
47153844
28741955
16657357
964699
79174859
89747048
52994175
40410704
3488855
60086094
31371477
57393801
86826964
59808619
36508507
8870732
23999963
48014352
22679173
16895210
67022481
71585951
71585953
86112075
90482356
815300
84244174
6780046
10274308
75433578
56925676
86808485
38993562
6999460
49760294
67982516
64072908
33228128
62015458
32619098
88629123
10184823
90048173
76965383
32975324
71466235
77129036
93688448
21715575
85418117
67575393
9731751
42016059
74989805
40765537
34944088
44154783
37483948
36009188
52607751
80971469
27087764
61196389
36524875
38390757
3588007
26321080
49992326
28880722
91292950
85909326
45634181
57618000
27515222
72674394
93127587
39889259
37053376
80755016
48922670
26176403
64434561
85271880
46430064
93006878
59225660
63415483
71708858
25258961
52588642
57968341
36180313
22931451
75283333
26437083
16742113
82901957
3059154
37479514
86099372
37633365
75215550
43979340
55852150
55030197
76263805
31688711
56243579
35009786
52104532
25122531
74640736
17190652
11230818
12234326
724786
32570246
47930082
26287475
11564439
35767652
52678048
47804101
80823736
6011149
3846458
87112238
51379083
890557
30289966
50282002
55376763
12406994
26990502
69174169
36149505
21901422
53594427
60784999
48005714
84538287
58915881
54537397
53965022
740
39763777
24878136
92551575
62173002
22742854
60344832
38499295
91393863
27509312
31534801
48119693
3838819
25062430
13772289
18219613
14190949
38086129
10114540
72755057
17031591
6980683
17894022
89470005
2540669
52460716
84664178
28907388
44002933
69076410
18337988
2756882
63038135
18767201
84674680
30686364
3042110
84672558
13222019
34030217
1573648
69700827
4160970
85624854
72670136
45890058
86169116
21936885
84477045
88271418
64903973
9169611
78809706
22162556
35977542
66351656
48048950
62411952
66031326
8006213
56159727
73425216
47399039
83123188
84044328
29374217
12928696
42781648
76065617
60079334
14951619
47692254
41110566
66988348
23373243
44077044
39287439
60641570
50922214
77600225
68223338
67351221
8531680
38717734
21976882
59252589
70623567
77851717
55626463
78892443
44511429
92951024
10931829
77936935
42192401
93414330
32688803
11267500
82428792
10567221
52483733
58347761
11646043
73334289
38868139
79629399
92038998
24791061
92500371
81146530
59907148
10871685
92240635
19514309
59108022
43519455
43361117
49352261
42869061
33537205
24097567
67908136
17985474
88049906
8042843
85848671
93146770
90071141
37846548
62862008
24660988
72819489
34246741
48785544
61732698
28276781
77610405
77236811
58507203
46444901
34533128
87052627
76270950
34125237
56320160
77373738
28537692
8724171
29344523
37833432
36391819
64270983
78107723
14302976
29440988
2432315
66031483
78858899
79498759
29851428
72493599
14267018
142893
38271700
89963486
53243453
73830466
48526385
32628662
10094839
59664160
91851509
37141765
2414812
15615534
61284051
90644544
11392397
77697319
61120787
6400948
60319978
92976453
2141835
6803822
91798091
60030705
48645579
8171865
69276984
7685890
36619464
71290162
16010098
19178493
84948571
38027293
4031996
71242574
89451896
15783633
41801154
390838
45015081
81104352
87401853
33241130
45184800
4999514
69564708
9314385
22419215
55884808
82791771
32579614
56493655
21796200
19010355
92179749
50073204
7587851
76041814
51059874
72261544
71316372
11930858
36448833
38485711
48637969
41909403
30238284
73863217
9919282
52208337
14227410
56109103
66649286
81359668
37408645
30475507
61747192
3212573
16277204
36755836
6900615
561564
85288656
74943830
87604390
16641880
46424284
30078777
29145511
65900771
30560725
76815972
51108039
90508001
15081179
58881403
47632152
57101765
65600653
86879857
58564570
68694300
90140681
8079205
30346458
79558102
50194175
25713944
63658246
29872485
5828213
50117861
77315424
77893082
42264028
93347989
7249084
45659448
54939463
36207294
85854589
68033194
45039760
63891504
1300602
83351740
28730504
87958657
21399674
38641407
34509582
87702091
71203624
47529866
79574065
11803226
82837965
16064652
34497989
90422577
21880858
79013200
75168052
54957323
67806807
59422402
37166546
32503485
64934344
12026564
36276256
13658017
54715008
6612821
4187858
57154752
13128809
31730877
13368921
41848730
75155313
54111567
55019815
5185399
7636531
79256520
88335430
66135202
11736658
59489209
1082036
76513204
6265477
30747838
21693234
17393683
88879965
94190413
22746897
20263168
32202368
69377127
45596810
51102872
19668706
11812829
12799760
2380825
75458591
64276651
70529300
29255933
87281529
21954473
8899010
36790803
52584609
31845247
41006701
1422571
75988229
41358168
16676424
74217539
58491539
90762321
38903171
75017017
68651563
46685016
68517963
30663715
66387475
6656533
71735216
42304006
54859670
43948395
12773477
17061902
70314852
64506158
37707567
36274478
1306876
90945363
17347603
40915415
22940398
85428310
23639316
35925793
23846715
4457674
89276530
83964092
25165157
1832787
45312451
74932406
17400559
50969757
5671316
22094113
79162081
6518947
80958210
52408872
51515051
84678163
28694745
16027730
60684227
25251852
60718227
14460990
21445494
87111927
10248894
23920298
85791322
63667667
24219445
23261089
58066947
2837236
65445357
61609157
21966647
24231131
24231132
90869635
40202399
879977
1992928
89947191
43660929
33910733
7409837
4681374
22588455
90006226
36255837
14703233
87763597
62490533
47870727
11009094
11722033
88661857
13641978
59717976
78857709
12069064
78268352
76758823
29972171
85571019
41891285
28693911
3198795
73111527
77588535
6825056
12620079
73473035
11941507
69079460
61823092
11914602
1969263
17030817
37155272
78813127
4207821
54152256
40138399
34748796
67935026
69869739
41577402
41978451
68985966
87650194
27609132
26760085
87444959
32381351
46173964
29647336
73632424
86350405
63779585
45456723
29184019
76723706
42787034
37253508
12707085
4776764
78089113
79104020
58787335
54849454
42968580
22142130
43024003
3072889
1005637
10394250
44711679
85712167
89588025
17350081
40421973
49515879
32532926
39371775
74987324
78504312
88918023
6006533
69560316
37131470
38566996
52152114
76671353
84193892
38800667
41990560
68931384
6593323
12494901
27798517
74853150
63292189
84038366
62818049
11595794
89555300
58041587
11300248
19911419
41810511
32854773
67807608
36987176
73194926
65765057
61240759
60648093
59057646
23623482
63200971
34808253
14305734
44749490
47304485
41475366
38118388
94643037
7817165
53757051
76572225
83701101
26302957
89066680
92067598
3869578
81293449
91650173
11087796
16258667
79805471
73911582
26565153
46539980
80403973
40955212
89712674
18903006
29909419
32535767
24713246
35321880
42031264
29165831
81212438
49701243
2447857
12619904
33972275
35438875
52101465
48800602
33239409
39062800
7723031
19206465
6305065
47193384
57752250
79752363
32422476
22216840
48960847
91277685
13586980
84765967
57501000
45559689
65256162
9200270
52971957
38307192
74601863
21082236
51846433
86506906
58978867
14102596
55276150
41815546
12863936
92301051
80470201
59565920
86916870
19953172
71100167
76229595
22413721
20379166
20854790
57451792
68081130
66405303
56748689
19803700
48043613
67506704
38716387
26746996
29977924
93376656
89314520
73039186
27967621
45922424
39903866
39968147
85345786
11781704
57882589
75055778
22982703
2039607
71700840
19063344
34029629
19772982
28530486
47114064
7788266
83331131
20513555
65256433
29572588
80901120
77192230
21949583
4487807
7782100
90218663
41013541
15685589
2736645
37744464
45781467
90634073
76090441
36775580
24979634
10106675
39449564
14721865
2877012
50183898
75978567
58463611
28846190
32647500
20357081
22165183
5608909
61742417
50208824
82850091
74848282
78288809
50026642
1219626
67741882
82042849
15772499
63104627
34284603
42619706
30111745
26947811
66508430
59429013
24014584
25387431
3291435
46958716
6598806
64500704
18460824
47080612
84920768
48037201
61271674
82575887
34753173
14817611
67780326
25242558
77858524
45039922
56184454
68878720
62005758
21097364
40567614
47349145
65029039
26500518
64277969
39437930
87917811
78063452
49730028
85354820
47783977
28906801
68681558
15711617
58401930
94383833
53083976
26607796
62048129
6823105
5169501
50081739
54104822
15499063
69109834
23604571
90493694
15095494
66955605
74709762
44468568
34360731
15501317
3299831
34696786
30553363
67807605
90350388
6538576
70260257
20222950
13875782
87258276
52422060
81391795
26117630
85931119
45031460
67266740
22604507
60368670
77057559
20809993
13507270
17592841
36550493
2278660
19099073
46246145
16533384
3014697
47560995
51127127
93472321
18620692
57441880
40786534
30968155
71956595
8662288
91715905
50285856
66902211
9861631
67444605
9170009
75688638
16711258
86348229
20728929
16655707
73378027
72511460
41261370
29199603
13547421
85980017
35542471
88204924
78506997
91969197
35788372
36130166
92627415
91235600
18221983
89253704
47932780
31364817
45364078
20258004
22886910
17228512
29167532
12702267
87460765
82180530
78063125
45371034
79419011
92147924
10245471
92439725
39707703
70261832
26584983
14755470
84136438
43647904
92314778
83703929
22136060
79430289
77490521
85140570
93277542
26795530
1260014
91508977
1069239
21148962
26303027
23212211
82086262
40184041
41561857
18353366
72833511
34833977
63784047
47967132
49393780
53257475
84100597
37536824
10193129
90035791
27636733
50067650
23740951
35688567
26179868
78437717
84104978
40665854
42570634
34595161
82073667
9271064
71549981
63608078
29847494
24927910
4215286
33371102
75583441
73550565
53630200
35760263
42387746
32916589
80254548
6904453
26411238
10666621
61245006
72400449
14319509
50308364
3930737
69217560
29219628
5046358
72928445
73048082
22524291
37164930
19648460
12893099
32603788
12442545
60180035
67733899
15212677
68003078
57661345
20346875
52165696
68110211
69871582
51937588
11151425
90895022
45427024
28803369
70994540
10502470
44893645
28229461
84786209
48832663
6292788
57957367
78657705
7409278
62333608
83688291
40077923
28614917
45534024
34359850
8441204
54828651
48585988
45292279
92929528
63566447
41044407
4959787
734856
62329915
67307594
76193208
20690866
36802530
34824525
71112312
52736889
92240066
16431942
33812892
23884387
67089576
28228728
6261697
30770165
21843554
91776316
61924265
35355429
43243779
56703377
24817562
61117067
79866996
57682022
39161798
45118951
44758680
26339601
84781172
58904740
33016339
79152567
48474228
90105290
79871049
78554206
7686596
29894776
11568737
34416474
37358529
14632135
17641882
81589997
26674908
65325846
77476569
78734175
35980363
46290241
60131671
74079943
35364978
56563479
4906929
44159263
8320905
20856533
87161602
21668305
1196405
33815319
81972330
57462789
35242762
91318980
47945425
58811741
78389603
36334288
51387706
48609277
50896130
53691031
6211650
30452753
54466696
20031651
17159106
54755705
38447993
53967280
78167875
53004313
37086286
60562549
75422611
59458082
65478362
76028842
93780335
3450651
84211539
14655795
72398878
81524419
41720200
67871702
46618683
83510813
42050396
13402567
7001214
5800319
21356151
32366198
49752259
80787064
1336965
92785894
