31598534
44024241
18054749
17457350
61449687
68186309
91127654
55148184
50838523
86534853
18645291
22670122
23824706
43238076
89638473
29020137
84374424
73504692
18746989
30139632
53492176
73505475
46297793
17517419
18963393
21433324
79755740
18256293
18256295
37181082
56597889
14510976
90207020
75178963
28502835
65889551
35954137
49458736
12497834
56389347
1324768
75946508
50515279
33921067
83134927
40977657
81381683
58649376
38839733
36813965
40631797
44612891
12518300
77306440
30674953
41166089
51834053
51302833
17508444
29994275
92576656
71708527
73223683
25276404
36879729
30149508
29537423
30020422
62881959
78479315
70490596
24965302
22202029
33202606
54252514
80727983
19824318
81886979
16054494
94057418
21716931
73517966
32780110
30291087
86608282
23807527
48700263
77317038
54516068
61046443
9538162
92148790
33224224
66228053
1492671
28107498
59493471
48173670
92123883
82860183
60999646
43350991
37186242
63978006
93287766
40191594
71626788
6175594
14365391
41779514
59475263
25672409
82534868
37258085
44389273
58543775
30292549
52067349
86680279
31236869
9511008
41731938
8401176
80248690
62876608
6271489
84434958
67059653
45068245
42061273
87590819
81989578
32044286
71757816
67564650
46854135
86808254
71261047
92107768
