80404124
64565245
49530131
2743733
41734733
90097744
17192267
77995583
21112803
32195468
17399864
78437760
52669727
54704248
34567761
29631481
77878787
80507648
58869542
69953270
26444444
32501924
1132488
79472476
24240751
84474317
4051915
67314270
87656000
32575882
75477972
63595994
59866895
92239510
80675480
250269
37613309
3945173
45060453
45604251
44031576
16025782
89844730
25265835
79255483
7861909
58915764
29534036
78649264
71418628
70829993
40908596
4851558
74170739
23051678
24827468
36873199
5190297
93280142
46339679
80336409
39595917
39378364
3081172
23741674
4320805
84132630
67973441
9546358
36851416
23306255
85454575
54218274
5996533
59471735
58477014
77221598
65769651
86546274
9585044
80459804
84693096
9911991
20089680
29027774
72546821
81371698
33064846
71389248
64664538
28925087
73350076
70433136
46935977
9922357
56203201
72168148
76567151
22816755
82056833
42660432
8471114
53192857
42175853
90172008
4957517
36873156
78034521
64535774
65336412
60201302
27305287
32324094
69904046
13333114
6705783
39294014
71736341
52191432
78065048
23630794
26989151
31179684
75770432
82569315
85576945
55223599
20416250
55101813
82928012
68058677
54974174
38339918
22923826
8081214
10678261
23204855
53350814
94383315
89171175
90981570
48825026
44842224
79778286
68312969
89301450
35865954
39784235
48225741
45667486
44403568
2425825
51265309
8623139
24970416
85887364
94653043
70185046
60872164
67231391
50365147
82885354
26212638
77694350
74467285
74156006
48872698
87043072
42814916
86502283
77324264
45481452
78734360
92417406
29371540
35274335
57490900
50119123
6658022
43687369
38480822
7950159
48405644
76243064
75187107
91174611
77888889
71407267
5204183
2922460
23476414
7538146
94127850
63673134
66869759
39485059
48106780
34787898
69082233
76129581
91446194
18739364
85662598
54075727
7562313
23211856
64395507
49943808
58484072
24866614
12249216
7378657
66224349
12464516
88585488
73482291
70992775
35793608
78249246
43921933
66784119
12761457
72630582
3302956
86799480
11360879
69461156
34123591
36998211
28418820
34221670
48337883
17148473
77398589
55173297
15759815
39466897
25702497
29145375
73788801
14523600
64065968
27627527
91670874
76870278
26157113
60455870
67902640
72690361
5742245
40009392
38532698
28086271
83505990
58429843
65001220
56796214
13787531
91405116
14514568
7811041
50890233
66906844
37122544
2741189
22777126
58888347
12433828
74930297
26437893
15961061
39846272
29981021
47549785
31584520
86404697
38458818
61829472
37730390
10909532
36668545
45368800
17882430
9287558
29515922
73326938
58640079
2472105
69547276
4219227
5126366
76445919
27283894
91059842
49086425
1034380
79462547
58862199
56939356
34818101
76202004
44013679
15669859
22263609
32665388
35253321
12446106
30600213
8417125
44290485
23112472
81879700
34738003
74968752
84637112
64838699
58121887
28002462
55779493
81179932
15184952
39350942
81859188
16247707
71660182
86829188
31334995
69243395
66160293
68255929
39220068
11315399
75354775
40783386
81058798
76103645
64833282
26952265
71320036
17265946
94235032
11934111
80551362
90563973
62897968
29289539
85313653
18322122
43588347
11873623
1195223
54721221
9698434
79589029
47941893
13610287
60337848
12399026
81104809
64870849
15432066
34157111
33053288
52667319
40397725
40506230
23903270
29218192
45996
34426172
73582972
44633967
16330047
3386868
77678694
4891868
20287181
2148331
88586270
65762826
53804990
7720026
40763432
77343306
128002
87897355
49559500
49760637
895941
73719885
74850757
55665804
11967733
92064055
38249969
90738756
34134923
31968126
79171611
41303958
82396172
56061599
54552403
60304564
16077515
70998155
52090807
12322107
55987483
86901906
6327675
41860966
1998081
32741005
85380460
42757869
50307881
6655703
94127076
76427753
17705267
22022159
14152133
60375806
40352410
58674843
76576806
36845413
54019431
20532184
7324312
55397998
50563269
87210530
5521484
75697068
84899664
44882003
16981369
32313813
12102731
25217272
22885679
51958372
45008335
91876671
23025045
85855993
84174848
88193944
37714889
32984762
28059644
73377775
42810073
83350276
25063433
71615449
11358367
65520036
61985925
68713244
29255199
81448633
27582020
36427820
46610985
23720021
86419589
12847982
30866864
71159285
93019659
73078874
86061992
46133172
61542738
53915901
65592620
88518445
48790730
62535875
71090338
6515238
85421264
34468853
13327462
51417547
8689190
25424760
25942494
28382286
16472842
27853388
50314755
73057630
89328803
81221363
32997099
89776100
14945461
93713416
31337947
53529829
11376993
22256733
93565450
94448895
23238904
69307877
15630528
94507980
54551444
7829416
1860063
15701446
91865809
64418433
23452790
39180041
92804205
33045261
41222356
35735733
34591488
38680027
50173640
75596205
74932194
33053290
66327384
31584516
71289017
14369541
90140360
10520354
63518294
24717990
2121969
9183804
48407236
77690204
62465665
80087346
72366954
70241670
93603351
45736538
38732444
70138873
75663841
87567179
54042687
14839235
27542937
57513035
68219040
10893987
37842441
74897652
45637364
69989009
70662905
496854
11266223
47166385
53258102
89992174
62662319
75418245
37058368
41303962
2351606
31132732
56759853
32831518
35670204
24863456
35677476
62782024
42212384
47842450
56041479
67379320
29413488
48797284
59652758
37831876
22323551
36516658
46610636
45254386
73898082
15579000
16041515
2530806
23554375
20112674
59443191
67866855
20170035
90078453
52076299
58693936
34718351
93000016
87451593
40545972
24854453
39147989
33892405
58198177
38069898
8392988
40459750
42821637
21330175
17215669
84515844
13238395
73685392
31685057
43491985
54671617
28531257
732861
70264206
49516168
70925598
39237364
87289800
9337987
21767270
24537952
42011958
317414
81850902
3857520
20333950
16586934
65079241
19430623
72579056
12009991
68549435
9701657
83935668
2576068
53484894
53942704
73729337
61542652
25291638
17880498
78352758
9306502
44519763
60288824
32388125
61389679
31051725
55087412
63937046
72198872
49403369
26322233
45039477
14809160
28906438
24954603
43448901
2780054
63734302
30641403
55970463
48044585
12631797
92240802
59614171
10997809
42592126
88166938
33140133
58553842
75777201
49468682
7376561
28952598
6376923
44758080
57718471
59069017
20721550
41864149
81760643
49893657
67322204
1805360
8470871
82105114
79580454
80136378
10218442
37675916
38737326
41218760
38013077
79470041
31232141
77976104
54335564
7985897
46641985
72008221
88751619
3399281
27207836
61983766
55816534
52902233
41416511
93752467
