9993875
72046653
89274643
42238669
8245558
48104037
7045944
10450671
48354879
54508393
31910166
39547106
18609610
13555884
7388003
65288721
22299322
19127760
47231528
9144083
57191163
9719467
89497760
59201297
5104113
72178196
45428338
10193756
29369136
88324259
73373642
36610586
3535610
25842837
34993377
40950728
88002995
43165195
14148637
90671337
74599876
28501368
67692293
23333734
65226687
80081280
86103965
17933191
79300665
168478
91784173
40984236
28203395
25430850
84153293
86957684
22031321
86216365
78417353
87357059
20076781
11939514
49101216
43854442
78100651
12080988
50385007
45751082
74629281
53616329
52020408
87369665
76885233
50116714
2383301
46637704
14476797
22337309
28600872
38025478
16533394
87695093
31418909
30870023
17982677
62727916
85155625
73606734
7732093
24066909
49666391
2358656
22571787
4408776
82449215
24484273
42834069
46144943
56677710
59665408
36059006
52331339
2547987
22896647
81269094
42713618
47703887
13396381
56164217
59363804
41546090
64867594
9761039
87712672
39941814
70825924
48031271
30798072
67957637
85183868
80324370
89610287
6541847
58728176
2834104
62382969
36446140
39880544
53086834
72965997
2160571
80051139
12551311
7274546
9147836
33266583
91426235
85818128
42438658
17408392
64484480
50770711
39827492
89376033
20678922
32651368
21383417
65223284
11335301
55471376
59014402
54046763
12389642
35568941
66853751
14345109
31383320
85521073
94035914
42183287
12651163
26433590
14121144
53276176
55711701
47730580
63085155
70169096
87370417
81560104
52325313
57959380
90707520
19906138
33605032
1143321
79454965
79887199
88762887
33031856
61358209
71616480
80805337
75632007
14074138
45321446
70416939
21191944
55171299
41371289
21999620
82089576
83204818
45625534
93654694
79206780
53856227
74525426
1378813
4064891
2570521
84189403
82437381
32069104
50270616
72262995
57874806
22585560
69669526
45609858
22210735
18906982
58464672
72688313
80068540
58636559
61335832
81807761
28453554
80721677
22599857
39763704
10965429
23535902
59086257
65461465
42145601
72168092
40866351
71693243
80701727
4886829
69988347
50782352
25884269
90366692
77041877
73546314
49371211
19084101
56299866
16176297
38362817
17311056
43567630
66552493
75863021
46267982
52350917
26817711
67301713
60769815
17307039
56796258
22102227
71190343
66276831
1046787
90240805
25780609
19752574
5298317
13853070
89515577
93666598
48589177
22553870
31302929
32178352
71321290
27388152
40146150
42983135
16586126
51234237
26918866
8177072
52704391
23197485
59395281
5677592
13723533
49052383
75836801
74566837
6251519
34206582
25346297
44915792
21480902
8794855
53791512
93824870
31291366
38745150
1337311
7507225
68211195
54936318
62218642
46988403
45152205
11370386
11848863
21244129
9114712
80992632
87169654
21725377
49880622
49803069
21794493
39741738
11840287
21189531
53665609
74818866
66768275
26964522
81803940
32787414
27940653
88242081
35822407
49711208
31914381
2144364
66920740
5552171
3416484
90484422
70355590
94597132
91173449
5750480
90370618
75662264
8970613
64842020
91807792
59065483
58364416
65121571
41648142
25299860
15956582
2260607
25751216
15021047
30194995
21823608
70506984
7270970
48836898
50632193
2460640
64713942
45189903
12642328
70146057
20648460
53863707
79132696
92837165
14522564
50185277
4668057
13603899
78202136
56323929
47059809
68228306
43875044
87695233
2994403
28434967
77869314
94294973
9775150
24971007
50419946
32732524
73910968
27964976
2393682
8170721
1237543
65916574
88476537
62003122
67038370
80324364
39440637
91044161
32426199
11696940
11817845
9860461
35090005
3646151
40476558
16977904
66015710
14378716
86319472
86968761
49604598
75410766
77486973
25378599
16869457
73810427
36301278
86379349
39380644
31580168
15631024
11182675
36710244
67308017
66772310
32389126
33579505
33563610
80211451
22533163
84001801
86040043
39662336
91974733
2724982
54409561
29528659
30726765
89132920
83930078
50418292
14885738
85449744
74421847
73760645
44895801
67848133
70933692
4928919
12646144
34296088
7562798
9146508
64391784
33928127
84752526
48809028
46345556
48461238
35929532
84739876
42003800
39967639
80694541
75655036
24821225
94667005
62288617
72023174
73906128
50069892
25320776
83527151
15965270
56573041
60443636
36761778
18340555
31618923
8473800
84479392
43325330
2277641
70311271
46760255
84414898
59844280
43026949
72118826
62546177
89073107
3732340
79944783
66765624
86190624
77618233
22498953
12798980
82943295
67939550
13751763
50217083
22197577
19085420
37317680
50931797
6381008
34545176
41254384
16685906
81787864
92606369
51424391
72577095
57283257
65286524
16989602
48054558
73406846
41782853
49315539
29406049
64263875
54160814
49581867
58799292
4084251
11509809
25718501
90436219
56924202
74343327
7974656
60635942
81119679
66358623
59126417
18279093
35413273
51227549
69638069
9749530
35578733
25493018
49142053
7509494
30364604
78751336
15767968
48892941
12080343
50107288
72378820
91751967
49821818
10238749
80082416
48132391
1887106
90960323
51639237
14881563
55070040
11788487
37856470
71840971
48098259
28267876
80325082
41441246
64635549
45503492
72001491
91584682
9133697
48142567
37526499
69071395
21548303
82837100
17216012
31998354
26954320
79066662
35456469
73805504
24544505
66013099
52880935
91893650
46642260
85824406
46052410
35162596
39840647
88179115
75351705
54458719
2862635
26981155
51913673
30218333
21406503
53853896
17186974
26236278
43393274
30870706
26087752
18095944
87998140
76639576
18636546
19293684
87680501
32333165
16982066
15338667
81809886
94266507
66192841
64646120
34695757
77772353
88604139
60110270
43436812
75567678
48239110
59820413
17121566
53716472
51156368
26873078
53588935
25090078
16212748
82543466
61171334
32867164
57584455
69339755
28551141
21320488
64720588
3144301
13218229
67994325
6864864
59426220
1790822
55168741
72254776
3792495
30733712
26516309
73311871
13597711
22237787
66438845
53903483
5411118
67183775
59253794
7892587
74587467
86422799
29133278
90514705
89686937
93872740
16339609
81361965
44179802
17573684
61193066
59223366
6101339
40442909
25817232
86895338
56657224
38902978
58545979
73661670
66025586
60298944
64597037
82907657
93804441
47450667
17568610
91153250
28424477
91919064
73885354
5355468
22972113
93198462
39249732
47156583
49045542
39859495
82682005
79541977
34554148
8964228
45297637
8300452
31810369
1878496
70738558
51886622
73688537
30331493
86705062
53706865
39039069
8423398
19854688
22672993
786942
62439041
87712870
46138267
37694810
38117175
76992617
8811703
89793815
23139108
78649996
79155778
4001016
25459088
26645048
21916452
43572825
20248446
86386841
61958721
81416278
76813034
42253442
31677800
80939774
73477229
25241364
33488236
25143142
82218144
66406525
16454046
42092701
16232443
71346211
14102036
65219100
66387577
88938967
80399962
30132974
15434109
54665073
4311429
5565898
59792842
82197535
58512843
76125182
52967342
6683312
72706073
2100525
48684458
60399545
24864173
83299571
67427933
23195574
21598349
9125956
1872563
13280908
3862074
1042284
67949590
2261940
5271688
8183529
49002567
16594909
20511325
72800428
81641690
7013081
31049252
56665357
81565952
16576687
28576408
93810158
87425222
68549106
21548659
58319095
83580694
32844219
2632373
85026487
21771747
67653696
9226745
40281668
14603368
44081050
20617345
75905068
45762782
17563427
26003739
58562333
53689188
57028381
69300212
34457942
40826116
92518116
4407213
62629652
12420752
78870313
75581953
78816388
38052162
70811374
72028464
36881625
33487300
17571770
9374742
16049576
85445212
20721682
71760837
35571084
30916559
52395996
58504856
62349558
75405942
26204085
37620894
16612165
32850147
50329579
21603196
74227844
68186745
72196370
88024765
50099297
6064325
6558708
86985079
79716593
20771569
9583909
44917529
5542315
94009672
26497103
24133358
32974188
67354486
72418150
68861031
60867993
43507256
6931985
91393116
31195544
85867511
42188254
39169085
29993990
17036095
74707069
62712758
75277590
74877861
22828784
41756083
86914273
36344716
59983956
36182948
40584134
15236455
6471865
53289183
93262449
72716186
23162011
40909628
81578803
9061730
92453925
74565177
11416849
54716916
19243833
72670197
15216331
75181032
52561282
70757453
56215736
69021161
37507897
9925193
20904615
