90357977
4748476
70990527
31623561
84994570
70042741
48946582
69116147
46084754
56267733
57233500
2653821
63125660
66066408
50666240
14937463
61200856
51099821
79379175
27463247
39600940
24613678
13641329
20468914
56503087
12298074
74889119
23668899
91053958
20340384
23129509
69387008
60502375
74908901
27696478
53596374
5050465
22215113
76741310
55179377
57056059
74727150
79207648
86312243
35252534
12574127
27065476
85024660
3155972
15980675
10841153
26945610
63963357
59572983
40063286
27472919
41918623
24653094
49345762
34164949
84534857
78526565
34444899
23468114
41830938
27589744
8708051
36143414
4211363
37070456
55445042
68162156
2129878
74604035
17523835
2063345
20643765
83162190
14989593
6893957
13998947
84945391
18205135
60604541
26854090
81001321
26580788
39063175
13331022
69784596
14904163
31886839
57439410
67282462
42698872
43308272
2912707
22879240
69992335
66539009
66961135
14045099
68875122
41578188
81553017
48855579
7650793
30840002
77978767
1764509
68458455
22655948
18121103
27076180
53063737
73498267
45784916
80428022
52920770
22577671
18981052
1877245
23361704
48474666
83112479
69373191
6709796
30101980
64853786
44548925
63641562
3494406
71272570
16739456
43631835
20417189
81871983
19003714
51244138
10038163
3416744
56079119
67221836
31679070
77157931
64625142
40423365
34532451
