28432741
92619333
50045920
35775777
58283796
71162135
76127242
71451471
65610863
48675199
57411165
6860994
26097007
80334617
29855022
1606618
91998718
20020181
56052200
36045426
68160113
10687404
46657435
57962090
50936077
1502717
29926619
4065869
26494099
14718325
61658811
64394395
66250292
86794351
41068868
88804793
19971762
12009055
86645025
92296910
58113817
63739655
39326908
51033851
75399464
73557132
87276163
63892566
60914834
54766694
78883470
48232763
81633496
60150139
87119388
45524613
5505181
27646837
55955451
71726313
17350438
34363354
73956780
62533916
91379842
58887798
16630923
57221570
2773239
46529240
37429580
10335675
56351023
76935251
45863276
80745158
62949039
60196185
22457897
94011305
67908562
19346347
30285526
82835537
59469275
15253409
84935651
56511895
54376506
80758270
21161132
71578170
71148851
23308346
62094496
14396039
44895610
13401466
29677766
23996205
33470716
86207076
56463233
82536609
32460331
34191753
34191756
59976150
62313263
41286678
69741728
47447269
40017701
14662644
55368804
78544616
21679086
32239812
15919942
12638605
61743197
17179282
80015561
50279655
77901023
27524900
33326337
60352413
76509947
11257084
92029647
2414699
85256102
18127570
53603704
27408397
44449829
89486425
38178239
10077785
44510486
43681520
54727894
82575868
4034304
47445584
24265293
38432638
23217592
47869176
68621096
4561398
78298773
48708535
37269408
40762072
32401710
13707826
6692995
82578242
46205897
52785386
13870208
60076686
74835273
13863317
27346158
883494
80358453
18100105
2343913
22978182
86385591
66474768
6627606
73009500
88253987
48923172
73955709
60841284
43136192
45468886
28295039
11847976
76427286
74046072
3775031
90193598
567094
22579057
42145646
52998400
72683957
22884744
67464870
63891135
59844344
5539340
49850616
41102994
83273201
16348510
48557164
25195315
20798039
39595219
87588849
12003713
25973167
13429655
64608439
43734604
25893055
67735689
23129052
94185814
75130040
63686393
59697103
47447264
54290271
22013406
15980797
16757850
88406215
84108525
38202106
56671732
13415289
58759029
58686411
52787899
51116991
49574685
49276109
444770
80761868
23382717
47321458
18927606
84824970
29097997
18660193
88524643
31132980
9270004
32781857
93997615
22802831
52835890
93451681
48047130
21741880
25322990
64707708
93491780
51673103
7199590
32702417
39224331
62853477
83177596
89772953
91510489
49551520
11823790
66631982
4450350
70499609
14689485
54660296
11350568
68281656
75406771
22946556
51850233
16327837
47209288
93339069
57125135
93572091
23273899
19223864
30325664
45631438
64921249
53401396
66043046
24007879
24446972
62334266
183217
17813073
9457429
4686848
65832701
74413481
76404766
21938822
17469038
57093321
25806588
43735234
60244753
54972783
26648441
69490761
82164163
6601143
31055585
29841608
818251
37323555
36999474
34406822
18800095
64200539
18768728
19865725
33454424
49193138
23953904
81105312
45056336
3477603
39659302
83484360
59706713
78700344
49660829
1039335
92887843
52410429
66713156
43847811
70454799
90290711
