3369854
50189878
41070366
43215141
81393161
40845930
50511023
69131234
42397710
53669508
77992775
71581884
32233342
70390984
9063163
61292456
17765532
69010700
13643306
39374633
92996490
90313527
7641757
9278654
14867337
65172692
53296927
59730737
51188720
41993339
24375000
53136517
8657756
20961953
86440868
76152
67423456
45784058
26387398
5395444
65290797
53236697
74736709
41650697
42327842
92009279
58638576
18744789
15417223
36617737
21145666
1983006
49846492
15092608
11040074
30782429
73448133
51270180
68478074
83969990
66606731
31824577
23987465
79945442
