17963934
7706310
2296566
53339026
80386068
30108202
77863988
56655510
59691699
25079723
17964136
23752274
55868452
4612335
55322048
9262979
75559958
7589259
93454586
85290673
58408042
63373682
78689560
78206789
93280253
40785409
42034161
73892626
10831036
19422843
86063362
68183400
27370713
18684881
34934581
82736719
53119216
85228425
74195553
69001877
70740215
30888210
80488588
6233526
46563779
6775636
17923384
78140019
62155782
27891331
75984019
40740179
26613919
42360166
22261669
2962403
84459955
78622399
93729065
20131209
76466801
26348225
64256043
45241107
31345512
49180959
69988148
49714835
71470904
59944107
3025589
9990227
79685485
11269053
78878891
16710625
31854550
4557044
60179142
23461014
62812836
61219361
40682837
90907411
94028350
50059270
51287102
19331267
68071351
27417914
60478251
53263649
63660808
42629654
18368093
57482342
48965946
31133399
37328979
84928806
70473896
29461853
39809658
32521529
2811553
38288544
59639133
49541446
39475941
46837012
41361512
3860189
16285587
74947673
93946194
77150010
47268106
23877173
91342460
26194265
70242194
71149157
49843245
20182189
43277318
71007385
17275091
54823664
67483745
47688237
736219
56025672
19698559
46969607
28726979
53141328
13798787
57451430
10034013
54264850
89479023
78926584
21977959
39751270
84194551
38167817
52423294
25681906
65719638
9954043
3070970
12826944
61359988
53854649
2256416
67870305
5239419
5088189
26014361
40723545
54985914
53148096
65193161
40232381
93150475
38434449
29322352
32150524
76234302
27200024
70195535
69238960
38932221
41584121
1980506
66948073
46098203
54756977
6445356
94065029
452583
71067298
84733515
47502186
48707631
43762443
78386324
45812694
65650687
28651181
39330493
44749823
60638613
26038446
23213828
14785329
44906120
78213061
81715750
85865045
13284617
10610526
12497962
14229459
526382
54372643
51550213
79487520
58289532
68644917
69987224
53184375
45033461
68898363
63182273
78335120
88140423
36703670
17538630
13305278
56175278
2688702
70101892
16300576
6586231
81920683
62142067
89056620
28764004
5507269
17663151
82619249
25126917
13686726
79301064
58426228
20822909
2034386
4107902
84145345
65252322
9945546
89946459
63236187
41192988
44848405
53840175
26698530
53117044
77473028
44126212
44590238
50581836
19686785
85233815
41472464
46938748
29284240
24484421
87102556
68523130
16224896
81036716
8222134
7241587
11507570
39031556
93916743
45177950
61527042
26941855
54229439
14344828
78183879
56348020
9865950
5971170
36791788
81433811
6934105
76428038
76299901
44006683
52577537
89673954
49044950
27912257
79017738
31359867
16721802
