89493907
32179684
6848288
57170341
22775490
39231448
58883277
33669984
23676349
5231659
74224128
61160015
51694781
33649578
73430523
41352965
46844433
31759556
53012598
50372738
32831041
73541190
14818831
26077856
19908105
47052621
41643231
92296333
79142732
76823353
77778274
82817088
90260977
93005217
17161937
58233282
36836908
73257143
36811377
86233031
57628824
33740448
41127079
72246865
73970041
38320101
84954015
17983603
38667000
50727765
725042
74530923
19244794
21593384
23751337
85292119
30789319
44243291
17311552
15942091
3571964
67753047
85761885
171052
76541282
74585703
26177165
8854056
3466141
61658897
13425814
91568718
6937014
45881237
16589131
48741372
23049187
11470772
76112029
87046244
75948044
8043751
31316617
5142117
23989417
13066190
84531502
64023465
67528668
5115797
71530751
58058412
63690842
23580135
55506605
69170755
66078372
10967113
30933382
35636705
49796470
63888098
5741781
77462134
72739673
68920506
43646040
21935288
48008090
58270247
57063599
82429384
2734865
5281881
78827244
57373745
68642166
35048515
2896402
58471162
21043821
83243560
46897874
33237504
77091091
13308578
17233178
83145495
38381897
47844329
92904651
44140231
87436521
53934949
42079111
62567938
82489012
89789292
85349029
20777726
78551476
23428733
8466406
25935684
16159774
89243890
17420491
65985164
90975513
10102590
83376656
63652396
27736521
54071467
77855432
2591480
6201982
26274016
52602891
70716477
65856729
1777217
16343617
68662813
2152721
50602202
17499288
43175870
26792260
51354785
63159463
22417072
12404924
26407598
56351479
49296249
59657450
6647402
65535283
27440467
58811781
58957283
76274496
55461337
64257820
16589164
28390216
82573013
55879276
36302375
1958649
88887415
64257817
66420247
63829650
17299229
29699615
33125953
68022812
32181779
51418809
24266214
81663000
45690987
13105977
21391818
71356991
6645688
78443842
67408553
32669342
37910595
20461484
49263002
20403283
66074384
22629015
59570742
