69601294
88438859
29487738
31613281
87686215
47272963
65059116
62041485
19676271
68144815
26922286
67497528
19175763
84088141
39269262
70876486
30526378
12076904
82059217
51451321
39853579
52167379
36046468
5181061
9474676
84619109
46859692
11747316
90993050
57023357
15939770
48461200
925631
70115813
41264894
30285043
29761477
34352013
74026663
27226908
30701398
77865581
85991312
66862052
47548787
85006067
55885040
33372347
69221236
11344881
22208548
53833755
75397627
45599240
8059076
53643285
72120663
58306380
60109766
69208898
90792856
75939425
63905161
15891577
50445815
22220167
44478504
47255093
65239377
56694240
1632395
35383747
25227
75686012
59422291
86852446
27751194
89200719
91695258
42734374
22989663
64234549
39951449
88938388
48657267
63634948
91930170
76079641
71035471
35054470
52752697
1002251
61233379
84113236
72414875
28257040
17229397
56707553
28205923
49291097
86754249
74266024
22503346
26480344
30492854
57774694
81962138
39746604
63181617
3515416
6323149
79625979
79203538
23285161
67184315
39025884
56769099
17805340
91528050
21864089
45232021
52210292
24837229
52720762
51679969
11040678
42379464
51892521
14569580
12512482
69290947
58382931
77036574
73880652
92769207
25580963
29280175
88852214
29761472
71222205
8390113
68759383
18764001
40379285
77756915
69636376
36154938
59056240
37506486
82012363
69255099
59151692
53284935
30106948
9468681
40589168
58654410
91709197
36557741
38391294
16930968
9657894
36618436
69291548
71464029
39999198
6268511
15929965
91067263
76397534
61592436
92766785
43538375
69573743
66453068
50502929
88128979
72623896
32936062
85041068
50428112
62558060
55317604
15702710
86506065
68474569
90531263
61793671
46523550
52950592
57118194
15387806
76024441
38513764
67384803
38544602
18279835
60656645
81287559
38197208
29969253
34978538
66848071
90704500
73866836
25623192
37961119
32454021
11232577
10732464
54130884
9479244
28023267
46822672
56936993
15145266
78356197
77285936
74923143
30495853
27447948
66378807
85715000
10942426
44273268
52845263
49334269
15571738
15692435
41841741
42222690
22746824
33938029
52731416
83267994
82885845
9155649
13083049
15377658
7597624
37595901
71990259
16198209
23137248
46548534
15532267
74647937
90752974
16595383
43504851
8234474
32486656
89613663
12369687
56975513
80630072
67296673
35177738
28408331
62773310
6001615
73794996
12995304
78046624
69497489
61088299
72993991
35940715
70215201
48387065
65907934
24705428
75016066
15008817
59194904
47405093
79882564
50039643
41154574
21889918
31064006
62948830
79315922
7959741
38317677
67872742
64207246
19210440
67814437
36799072
86754253
40833204
37079345
63297520
52280767
35774234
66200181
67213115
46911246
31332043
8686076
23787482
35141588
55506675
35054553
14090974
14434709
91152618
23181566
2674944
39594798
33944935
46217815
15018406
9810369
59901565
81646863
82543362
70839991
90910190
38289475
52134811
92980875
85287179
8441000
34254957
74334449
16901985
14621533
75618463
89520320
77152210
38975563
19304462
13033158
76256341
26336851
53235217
30286174
82357185
28208061
40359871
69646250
91184956
50728310
66320531
61691593
83225592
83225593
66176225
36818680
79392786
78246927
91979606
10850869
67101854
38894343
13767128
61000145
880868
623006
85206489
1324722
37000076
82572627
50881627
17860232
20894851
7525719
91889364
33888074
44622002
22528026
12711666
50197535
9799777
18166316
48202602
22413567
7023910
21814646
11708610
86677740
75688577
51426121
6708798
11535724
9403294
15120384
13477222
91082315
14024223
55722968
5708094
11362712
54560401
24843807
34409952
81654656
6965952
57684852
38057500
33129962
22199836
75203220
41209678
33269066
55294158
6484651
34551899
64755267
28642309
29417722
10343062
15947150
16417512
9975221
363069
21573667
25461163
56018985
81471025
14587909
4959333
28115074
16187201
42339793
50357956
51012927
44784312
28693542
32185192
72556067
33708484
67404899
63133541
40582334
8419180
13276208
79524487
29474461
15326372
76597162
14777757
81244
57466757
80324617
61069386
84978217
21841433
70302117
25321658
77720299
42515059
34304875
37610539
81236726
38830451
2893343
28040063
55219917
15686832
91874004
77857906
20271514
45136386
79325887
87491706
29742145
89642248
64892136
31065211
11030607
53294034
33054608
57033487
82671738
69253212
13612408
24250849
48418518
66102188
75532434
29403448
1313022
79745361
85102339
346804
32170568
59528849
87189364
91763216
83754352
44920121
35188007
58960135
34239653
89728354
12712181
33103581
88112230
66900526
69964405
6945703
4791794
74345773
17967349
40324484
19500600
79246871
36603327
37155393
10888180
180632
5311654
77081593
56349643
18161482
73780451
73150660
76989790
2927941
46764566
48757760
57237049
81395390
1931106
2901838
78688321
56466228
55864421
53039811
11568400
25038629
33614009
64819714
92343675
68702855
90671447
78792655
76170035
67446427
26283772
77491172
40828547
60675802
33678329
65982473
33296684
51527026
30567164
1758826
55502750
19530321
71054896
10491176
26331767
61316602
58824347
9574178
25840806
32217469
33659537
6239105
56666893
82048611
5422357
42842124
63246260
63161565
34498047
9164646
30773983
33795939
30690285
89086066
50859850
1264626
44736477
48313591
56654964
19098993
13280466
41951198
38125918
22738403
86969046
34054281
55429759
38027974
75685919
19273978
20856161
35681797
14353590
60810311
72885353
88288779
57514767
9112188
22236811
57268728
39270059
10107291
83971046
86524956
8139654
39247356
56378364
49374839
78328490
74825213
31710690
42667406
74632030
82952700
7813508
65268020
55275767
23748772
33788752
74266027
81446279
48161516
92897061
69830375
70744441
41435677
79816267
3675227
59138648
66575739
13982031
33457962
15557300
59407363
81039536
74735248
40088535
90687704
12833647
41875157
20223612
80835796
5125702
37867376
32473955
49341638
35848003
12799234
62872672
87726226
9671587
37795734
14867854
75381155
73339501
37294884
84269483
29569887
74712379
11608858
64295002
10946895
48140104
15578134
55949178
57621514
29110708
51850074
61644188
20033160
10075637
89920696
542756
73725838
77601064
61575213
53962578
49796723
5290696
61491067
6038720
40336310
81558371
33373121
16744922
20950782
32823268
82808351
92357352
88749272
44486043
43808227
19727021
37016479
29364308
60740801
70277515
82618797
76535077
24941029
8698633
70785179
58839077
68953641
74202185
86493131
43269347
33382562
27496623
84738263
4595214
12112630
3528336
22601633
64562073
81825829
5476540
43309271
49717683
18683541
26710116
40582775
20583602
88751130
89369089
76808454
84950353
62358599
82395891
66087141
9077547
84301263
24500721
29891722
73365856
30652053
19555353
20653177
87178572
84545330
49652681
36882576
10056059
8339864
1096373
47999787
87581040
47553907
25067899
17560062
33349756
31076547
80149834
56364407
74034328
79246869
44080858
80511760
69771603
49501714
75367558
29386610
20794251
7593555
29924393
5691291
84581953
18341204
10640606
27625383
212563
58551169
80225453
75783965
49413490
36171263
76639408
63567789
16371796
16171166
23643058
18899452
54381021
86592074
90417087
38007320
64152873
53394813
28699476
72799202
52350792
53507314
81858286
84920855
7845761
43289630
92802572
73700685
81737293
55427762
39413027
11509901
90282942
52548427
45343890
48518394
48518396
5951718
31636591
36671648
17274405
89962028
55330801
34764697
41502711
90715597
6943581
61596399
84090155
30413686
22136242
45383490
22189652
14812051
24808663
38577815
63858903
82935553
14737163
50009968
42162841
33654288
36266284
25161501
83345109
62815071
43215411
17011058
21340000
80876481
69316675
35405664
67129111
63918608
28707838
58094170
4070883
38734596
13442045
79597254
45818393
4242757
57151630
3220124
19440616
9978980
64337685
65530975
79193371
22545265
13481172
32585084
84143855
75884646
34175262
49684792
53196045
49739105
34861269
68382022
4693274
17614468
51625852
69506177
10703479
63121214
1356297
34359486
15039683
90313305
33631787
58373279
21791440
64394336
49912646
10835250
24493465
43938540
46040788
50090444
65390172
44348230
23097407
62800684
40211813
28907351
14807079
257451
73904037
86192509
9060924
92478181
33967790
64260194
79554189
61922385
65455531
4289060
81003344
88548830
82493037
3716867
42778274
62613201
44857539
19837183
49751130
28289615
68941158
73927128
45352968
45090510
35934643
73030115
34361605
6034589
51510264
49021697
80128985
25183923
54295186
66713414
30628327
9651661
20504432
70968249
46289542
86504713
18659999
84408017
4406338
28184202
71955872
31054853
85872812
25292754
74360108
43602642
89849176
17131335
27436662
46275009
89423279
61604320
83889357
77551774
39444615
34006184
49486317
13669749
77664568
3080462
76396134
64898398
34218852
75580416
23487055
66665533
60365625
20389040
23771225
78793751
74557645
85323224
87457182
37975292
1814770
83674385
87551802
48037089
26089587
62152612
28562281
3711190
4124167
84286253
4101649
37467622
79174756
87485712
90245368
65989199
40858111
22012088
14381932
70568843
52766936
5926871
79267984
78713662
75184631
3945133
65139181
6305417
68245793
86983889
3687372
51077638
53329524
8829241
61556969
23028648
65831494
73914260
37453593
56291084
77800315
79929985
84817043
43878578
48146129
10111296
52490166
18645855
23673356
42555251
47791538
77968655
89153754
34702951
30121085
80392788
31269728
5115473
23443024
90930478
74591
30840134
78719929
37286887
14076319
20207964
84146817
40379317
23871562
11302535
11268657
6375849
12729710
77500396
27961004
64370171
52395503
5135920
3664843
3852439
60294629
76963703
86186498
55154110
86230955
44875823
3913986
51121453
5318506
77259185
19237249
40793188
77556020
84883792
27687761
36586690
17864608
36660354
54819869
21261773
