26065686
16508962
13283835
44510634
32052445
12314704
76498707
62802252
83419175
87117356
33830226
4382797
9582719
23012359
74608793
64568162
90551002
4367995
3671575
55293043
91061175
61243997
17768654
6915660
10762000
25959859
77991783
11453685
24736298
72744088
67407289
45998114
7292069
90289203
22783121
63528487
60695719
26511647
78185197
91216396
23873053
54535595
44160431
47958660
26518183
63938067
74998829
38398262
85167294
444141
43433361
8033269
93734208
49243034
36824530
24935812
37572434
48780564
18044632
67005276
8993943
28674577
55747753
8221917
74346317
87577207
6206055
47258178
76919060
24764216
94643307
78355137
80277165
9776297
9419934
70733883
92074764
1376412
42364593
3395855
79152947
28699715
63301353
68816223
5794116
75004820
92916372
57503374
5794359
47373205
47197626
30032526
87131543
25797891
93094428
51616546
2024338
36003737
38651425
46729486
50972194
17786572
67571649
57016834
89720953
39108965
80358418
2141365
5317320
89822538
92995135
72106234
53924852
36946004
13830877
60991008
86130949
49436372
66764428
1415840
33394466
11168103
42456843
133315
49936371
79944700
14438755
15466144
7652694
25620301
69225873
58193748
823133
19512499
41019407
55036656
28442385
55200965
64001837
72502773
79958067
3566060
52390637
89207387
88017023
21923843
20767659
88087562
94255039
13752069
66642259
13038523
43965336
1022281
67345000
84021318
67068178
23137753
15157477
67748549
89837906
51993376
79403980
35350002
86753705
17716885
73272999
21984833
20401876
26029599
86323248
17029195
48888469
27801465
31731599
39347299
81538064
80985257
2961561
68343717
77311632
92657716
35198647
49851461
89756806
36671337
57118427
7282435
80950236
88788
29630593
61456681
32928208
56507864
22940219
74532996
3009094
51063506
58149512
67098016
22497113
56433833
59657977
44925860
38942545
50009851
59542361
57047371
94520650
12606618
4027249
14627166
40573424
91945352
78015069
21731060
7815089
86384002
60862058
36556330
92166963
83968259
71069780
36137010
79539919
53321767
47927163
4633654
62894769
24834880
28820985
60520071
11667585
10002629
62905781
25946937
26889344
50232820
53529034
10294173
27039979
91270994
59687067
86562796
24329533
92939215
10673105
89121995
89121997
39934960
43425269
36985892
37525953
6647609
70778092
28984294
12748642
24252152
47734421
35407433
26684410
25852003
92657717
93438587
36022273
63419465
3680284
14676356
84137862
3638734
62932253
73290073
90287522
10933966
63036194
26841521
56913674
17250117
20916299
34453827
58557703
94220532
19657676
36519328
13784531
73880242
80091423
64811167
26718312
76140130
1946448
74262834
63260426
24982129
3192623
68228540
34580528
6259160
30040620
40369300
44506823
71819370
39872269
26317165
20795231
23691048
12821546
53762008
56858980
49714462
69138425
90171768
10836378
82433738
25166451
10342895
1260204
62602130
65023932
20026779
72140408
74340016
37141921
46891008
62143596
26855700
46835654
84442950
85975062
29226961
64895261
39169197
87389257
