75316919
10571307
31638219
12704502
26451681
30167128
17900166
3013601
16489264
44074101
76115260
59160069
78030790
81467316
9356656
14153363
5192691
9649992
36002895
85539061
80644784
12076974
74789928
50037307
63231979
15207370
17004989
69576877
85865376
85029106
43366402
9883185
83113760
79650957
5386614
10104003
84569917
39769028
77986255
83643471
38788473
72994328
68109630
85511690
37220500
78352615
29901385
25978682
17712918
45785440
84847623
14225287
51907447
77394418
82744783
34030706
87496870
71737811
27483069
41065019
34379937
64915209
83368421
76880164
62827026
20410255
87856541
55818418
17261324
17261325
47655702
64136227
87231620
16296092
51781950
35955658
46040793
4678637
41360
64669772
54008885
29671224
81842355
55114106
84790889
11634318
37956426
48839716
79113684
82689955
21270647
71727492
24425810
22822776
19324994
3198289
6634895
45701370
6758609
27141757
32410050
59407800
28003445
68645531
75650305
30598773
53650790
54795118
88138261
53420325
57805437
14970447
437139
6810068
53303069
1378266
80043722
62427356
65626736
6065068
49801187
14642316
72817185
34875116
84725149
21493333
28143355
45284483
83454162
39445864
86375983
11609342
38144738
7843265
7378317
75706295
57703755
74659590
2985609
38718166
64849862
5506925
16219249
39074084
71987056
85449727
18748494
3856577
48574303
65550953
77749005
91987145
55787063
10692461
640931
12981967
17464230
76903303
27445604
78588071
78357856
70895059
87139883
81072031
54350710
4728426
12991436
9493671
79230000
67801192
51627708
41348924
46913338
19226895
85299012
60019578
76784866
65307074
90143404
68035022
46951060
84992317
29636742
16504264
93100962
78029876
86173621
54359471
78163738
75435823
5823356
22841828
65013935
62643057
74254756
62533746
82720465
36984117
28014911
88173546
1026828
54601207
22552926
23634281
84990783
73890797
24184772
66196380
41822621
21585926
49354018
24705116
19534842
89969585
36966309
49689530
31802641
23387390
7413898
36101846
93273510
19412394
49806369
38516723
37945789
39325216
40429995
89280166
52414353
28265981
33430620
34559081
7782040
79212384
34684055
53616959
71372939
72007006
21319861
70475258
79083374
19882814
87007336
93852417
41928712
37663762
70479572
70715224
77611801
92332682
47809991
9577629
3461018
54709686
7972085
66635576
6103168
14931846
66404111
16618044
66741787
22738146
26305630
73757017
12747680
78976634
3695639
35098886
40520049
20257222
43495811
29999336
77685971
12649995
43550439
47285518
88257554
64237080
25790625
37452088
39726211
35054907
7871762
11350594
48541973
37454855
48609586
90710484
6400773
29745403
21012708
33364424
28652448
48427785
47586269
66155213
84730596
91941258
88500637
67112669
57688108
92351487
42568727
90079337
70244011
90553548
75319852
65696129
85225168
78355886
14464354
72525708
28793244
46240781
16871421
44255769
90150271
28302846
19893952
64453850
70481051
55844687
46482297
24893222
48929798
60950190
20033293
3311219
77369779
56207333
44183670
65492111
12574761
30293007
41186711
24854424
87554852
26246499
85632319
84933727
3775846
47917305
82319025
3844551
22468763
45894283
94500028
1332103
12061254
40762845
6008103
66682812
25832444
88308389
73167030
15132532
84519129
52384017
5855115
11977112
55794015
49812955
89681397
57123143
50978353
58207059
12284565
4208689
55553122
45503517
24667393
41705707
85246979
43020561
67057593
66055033
9297639
77324500
47341616
2799947
37832243
73804857
31605192
705674
74108768
72736304
82813732
73746782
63922774
60607619
91086679
73452200
39781373
22742170
31743197
35481858
60835075
74986016
79667242
72555024
54814170
75510810
33387131
7508845
31389789
9847886
63348553
31913674
52351661
53865375
10398820
2098129
82054612
20442541
22320117
22851464
54893569
94026781
33048368
13346535
66815040
34371584
58953321
78123657
92322618
60691632
9782944
88322309
34926945
9867517
65666339
63444618
94598216
25207680
73128667
74237756
10511476
18257459
30047062
88598705
43678511
69273491
24775786
28054931
70335571
3789879
70174769
30062633
69459292
10135674
34529237
4213667
15087999
27251654
32154277
18348068
35937886
40596005
32092064
29031793
74525811
57150698
62611973
60969815
92030800
60695430
55371096
70846582
18924907
35102786
11672258
72877955
88960133
79763975
3289844
4856487
18490461
88623362
353287
83270352
76774256
58615554
7684403
21953059
8571933
17388004
90378116
40897190
44277429
17524100
31230171
28156261
16203513
17430678
5951904
25246879
91142508
31666514
7900728
77235573
6551456
30701199
33428492
17299966
70416703
94281057
43165904
70192210
1926172
39040243
70460558
2909605
69607572
917631
27780479
30548476
22673952
53095295
67507057
65586072
21066706
43260365
82796322
79849774
91285247
77626723
32296662
79405050
7683496
53421575
55347466
19316964
92232786
48472002
84206580
85416580
85186715
51083498
31392114
22914708
62114367
15710947
82655949
80658956
81861789
89572730
50369252
6764267
38504365
77727682
16027393
35413969
25355779
8279513
22060917
10616739
73399015
67755263
49323806
58509749
11633426
36248353
3022462
31259771
48932403
34032216
9907366
64055888
91813671
12612252
78366753
78366755
24312080
80485268
44484991
62424564
28922570
83522748
59580759
87049116
65620065
20547038
81067740
16571581
26440852
38223905
16021098
49422793
28055610
57427325
56282409
12657662
83576979
77134090
87216519
68095476
92906182
56597072
87190741
50960547
12962964
79903951
18503081
35720991
83309396
64919003
35533133
40981644
26569631
62619912
45982933
15222252
4694711
38747628
59968497
10118520
78225845
61566902
43075034
86299344
36901022
1129045
54841618
75790346
30440161
50416317
62657628
43548737
58800711
79739073
83379177
66042506
51243618
66139454
