16137515
27170131
46438166
18778493
15032174
25225878
8664350
19976086
44417099
56720058
35526384
50483006
47970493
27578982
84970475
37284240
47614844
69675706
4615288
17538338
69251795
7089674
70330834
31246476
92259337
50907713
57305497
31921630
80329870
68967549
10865569
48470367
53769938
88185709
35314258
68763472
82873070
32052271
58913674
10384660
44243919
60281373
27222391
89837354
4594733
48254099
53282114
18577592
51011912
84033112
71073825
69134693
89552227
28965006
59320707
67253596
33037583
69355320
72614759
87292494
55223062
61995145
16077025
7210275
20498021
85468506
80450100
29859426
48329199
8426307
9802596
48066695
40246217
82254967
55730273
31199092
53091975
9397368
86169661
74714375
81779316
89393798
15624217
53123226
74821318
25943996
77967330
59699011
82429441
46728623
68685939
79504746
10281820
69429160
86653295
38598409
62953410
44220735
37909206
41442494
91883062
34284680
79605751
20258810
35978003
25363838
26155134
39456309
76983486
70247145
71407890
88515718
40325159
66463865
47507921
80741572
82500094
30711608
66568268
77822728
41016133
74423990
68357156
27693985
25331065
9375802
19582028
60106855
24731502
50036926
35883181
69370604
24166792
21003772
81204403
41094126
43194751
24527096
36855165
33801909
38568823
26968316
26090707
56883370
82639221
78167794
71664238
33484853
15760706
36125728
40830975
21499518
10915970
24073884
18628394
16702457
54628494
29184996
33357472
21963854
86588511
81899032
69603391
7449315
57035747
30177425
83465555
78280042
49446573
1306192
56295973
83234167
22313817
85657380
29699157
37424939
7423435
72173949
86455736
18429946
10400144
51655142
40711254
17317257
36938753
59465289
37211319
89811615
32955296
10852565
36245840
68562054
58122211
66023036
8787019
15493473
30908223
63010897
81950261
6886857
70768572
49068246
53466238
56391338
33907033
59801580
65632562
68666350
