7654458
42952303
33301370
5824539
10628886
9059286
34912187
62148990
79220538
40796881
90361220
17079514
89575859
1415920
13067239
66307665
52683776
25537363
92912676
51142037
10867993
51905958
77935929
991468
43150159
32909140
38795384
47247902
21879872
69927736
48230455
60293419
24087602
62368063
6901669
45112729
58515203
54274350
78190123
39844797
19163718
1815670
76647229
35404108
42765331
59764316
36306524
76991526
39609855
64834725
16777264
8956389
93475677
15237907
67904741
82339691
39165666
59236701
24721771
2947514
38812653
82499405
75911315
20152175
5172375
18938976
63444255
78704753
67023687
41132488
11709496
31363941
8664397
65586721
41650184
19337314
39618612
19545596
68390424
53295721
48847162
56180253
14278910
77985983
74716940
35445914
55841102
80292949
82366567
87790885
22537311
29727522
28210562
75430819
90301981
3831920
1173350
62135217
5396404
61873711
8881448
47640572
93776585
35046192
78016737
7117224
50732677
14803343
6226713
22433432
68317630
7681068
65088480
69193407
53129649
48625677
28598803
49680627
91938385
17955812
809434
79396214
72898422
91478532
47882538
53821940
74028420
30586859
12083239
86816050
15227657
5312639
65876005
43601336
32485731
77691966
88605871
61158782
4408898
87079111
5276364
60154757
49294092
85599028
81287524
42382782
33622175
19403249
37623017
16190074
22688874
68097431
8135748
49211822
11661339
29956475
3243474
54592050
17703467
48670234
28400900
28470817
46310537
62275814
31713573
53694366
12580965
68856637
86850956
77336920
18509482
43025193
24509
61190724
12341959
26582341
71460046
