89554254
32715676
9032742
15221473
63882844
63308694
13431828
58985410
89236366
65388761
5111116
4359495
46222637
37650128
23894523
8378453
34078703
35642462
5107326
66171669
91814544
1891619
87423154
62271726
82980913
59084507
85955763
42728212
36844090
38215643
9839091
26951045
85971616
10484091
93889802
8310389
33610615
70762325
15552812
23158790
676097
84793602
55868541
54020286
3617115
11126610
29485404
20418069
38945832
33375139
92800837
83049291
22047104
29132465
26345653
19427681
44379041
87612806
45576162
90986413
18794091
47554858
1845450
6283687
49495509
49071153
41477380
46344188
41887328
79146762
69693222
65198928
55947324
5488648
41270940
35841280
25604627
93132496
39119040
15348372
90699374
65129271
84795020
34138244
31563853
37650122
40154970
42655888
18059910
88419724
46335699
91173937
