7708015
1993505
8355455
10167533
42776052
21676499
57568739
63422836
88522124
33056605
60184859
58900983
43293830
24746691
73617864
77806770
22909337
91408433
23076557
42521649
39631490
12046972
37884484
42028019
60640299
27606556
84758026
38175953
88045944
12412423
4474972
48532539
76494180
68238510
36980293
92716440
87466607
33857972
80160529
881350
54205864
15468196
90892100
37828009
33581184
45974621
51814230
1779405
24100923
54361268
16144098
272036
92158477
43907260
51012476
11083827
82071669
82071671
28295210
58117530
26837899
70384099
22288094
75533694
69303418
65679253
30032950
74107324
89005721
55924050
29169763
18553323
20353186
31999257
80496164
68606713
79044808
40863083
16108870
17365836
90453174
89889224
77515788
38439644
51169600
85132488
89441343
44369492
12954069
32854874
21869456
37613844
55553259
25560106
64122650
17291049
8100382
23310115
75232653
42005761
29099438
32289524
26609841
33163161
2069817
51606930
46150039
56327780
21414250
30869175
24112374
18370464
61205844
70208470
70735990
69153428
91412901
41946328
28461213
57387299
53482121
9459740
65272518
24480114
41771968
49693905
58092463
4328964
86845269
22273734
41702801
76914676
13854217
5623021
5487686
13513805
59578369
65517732
5755501
69867960
17799617
39025171
91439852
73840027
83994583
29864554
79417127
47314968
77380591
92479938
1015339
52973693
23031570
16206083
1527560
41538085
2026642
28050902
87618894
75859540
314653
40484963
57906035
35967754
10392007
21148727
15883819
68500004
46211183
36204109
30134857
27745308
4219439
83697073
43348108
76442655
82890886
58520033
83632284
67482745
38341613
18477825
58230974
77322477
49774333
55664667
91057431
52091356
84793986
22421742
34403193
