91592359
34735692
8563279
37073604
1923467
30324200
83981946
69754780
50523707
46927032
1518615
3506449
85528530
20339056
82327260
81534699
11858758
61096831
33150712
36656580
47743902
92525731
27990489
43533235
65239066
14350846
85689482
5878019
81391848
27430828
80645086
69183817
77464403
53653872
57479603
23497764
31995513
85339047
87364424
82488157
8273788
68416664
90014981
59936001
14413395
5368769
54900266
55547631
4875471
9209604
8144760
61631137
7938650
87295497
20775669
48971493
56415654
24764088
65685287
89165027
49224795
35624435
4490558
39319338
75358377
8593140
59684949
7528913
30898964
12776166
50842405
49897571
70553043
69364497
13405401
9602709
50682690
76407498
11185155
87019856
38421218
3747883
11774659
45639459
59195022
4167874
84391528
54907954
29223521
20047638
77178410
20159353
48550872
733125
91502904
73794614
25295710
80717833
67938019
21478667
46234464
42230349
71065330
9431970
37999982
18588392
76606542
21726335
19376392
75105258
80356914
62338597
77949893
82744854
56514324
89998696
90353551
38456236
93035120
76329703
24825346
10115748
20982971
64797836
85898455
29359885
1465804
2623677
