5213718
16376854
29687800
13863006
73627580
76434033
24317408
10747206
57013085
84830717
22053893
84803419
63831115
74920134
21260066
10868331
29689344
11585820
63099674
49873899
43909513
79797568
74564391
86501113
73826358
7364449
43760510
44119189
87195278
9104719
24394875
29838796
92301163
2397628
16742149
50457355
88163228
14414610
17734724
3068044
47179230
22258402
47204206
37668121
69445454
83427978
41700168
67046171
36569860
92821345
64958210
55327382
73101787
8604362
29030537
14956138
32262035
32461709
59099764
10475383
87786059
61619271
63053110
38488736
13907008
34581348
20533916
87802855
49301492
19670430
59543992
48686805
73565934
52478078
7931776
27672836
25042938
89262656
22338113
49377212
78139160
23527745
71662612
61093535
29449585
63646127
84536991
6875217
4544040
32588943
2910183
43582145
56491661
23712470
4651500
1926097
30031168
89600736
82365818
13057061
73291940
37815819
73987048
72091653
19307226
36294251
78424937
75499533
30246636
72464350
77655587
69259304
45956197
32596757
47456741
90514689
15844980
35422097
20481586
58113255
52925755
92516932
19463005
13172400
36976949
72988318
68512689
68357091
36679017
88744470
67145181
32872859
24286867
65334048
34839666
40978287
5613137
45156883
82946003
83395509
42998332
