19994274
70459803
77134986
34218088
24296817
46609491
58744097
76020867
62197719
28342809
28988976
93088121
9825738
67504657
33098181
64778028
15090519
31118314
16739420
88580917
73224044
33435653
50785996
36287618
38873520
69994616
46707929
7550621
79984502
12936883
20141635
81547864
68118078
92707285
91774766
62856161
43300024
78397429
26076464
26736213
25111650
9220996
37863372
76928347
3413184
73755256
39761174
87528090
27944108
75505542
79537704
31358915
18168698
18270030
47327879
85235613
50677559
56512522
62229325
89721162
64835409
62364491
29875810
47999334
6948579
21901927
48173481
29930488
8672286
13514031
62627472
16651966
19464137
22400909
73966468
16322710
92122812
2813168
80061520
66495690
4442858
43838667
15533797
67778954
29280810
36187307
2857128
61137701
51737124
31595891
14104674
25116983
16301358
55143839
45134345
45260813
16008347
68589936
65607926
65888784
79757862
13796096
76226967
77403939
49409684
11117075
64419853
9735046
13078057
26416466
67581184
41851976
28307324
39169344
62603717
76827016
59202249
80681681
58771942
60427654
31165975
41103009
89813006
42041767
13554389
33488271
16579789
17850066
83800836
68583797
71601258
72893724
81298788
