77776483
7090150
45341872
90469096
55013136
30859747
51198771
56464970
21872191
16051440
7173286
27270475
22379928
43016161
20577908
54767918
779670
36291548
41790532
15204718
65309990
51227928
63930599
61900899
41205849
66576432
42351557
78235010
72002521
42469634
13718492
53733524
29498737
87054788
28243142
68182048
31244462
14623290
46762851
70397797
72415478
72795983
7127102
45198353
26305540
71400285
85768230
85768333
46038570
10066337
3294720
20988443
8179248
30092227
59515979
52692767
51443460
21621808
48447038
14769649
85150824
18586026
