79441514
15659210
19872914
8383044
8236271
17487830
1183182
2943214
79498810
68031256
35685208
67959801
29420684
66186486
91903285
54220483
85274039
29794388
66790315
51009912
17088725
43762822
50616794
23223453
74662580
37200330
48106129
4159781
59981569
9123129
751918
48892506
18114197
85432492
75171853
73163723
11977794
28544569
55549205
78325832
6555383
62312743
57749057
46701316
42092365
17559963
88675884
74057224
80594985
79501397
27167905
54853486
60212761
44245136
36067271
24700171
56923566
47379243
83576795
83116152
86598261
1764714
87688026
59867515
24221949
51244125
91341758
54671841
73661664
46223798
86334252
65234810
60966579
44642600
81188567
92769684
12510594
72272534
38425010
43692596
62311314
71943460
37644808
45213522
13219032
36031618
58969568
58394110
10973984
62134896
2808209
82569459
64264764
55351675
28446784
39900934
66758816
43471814
51392150
77016881
61372600
69468263
4059185
33763430
44044339
35140179
80527601
88412882
58506142
86025169
6804627
4272930
75961027
58709688
33421614
30426300
32053259
79836618
45049032
26704012
56198923
783938
67331253
27934659
56271078
47314928
34648856
65594058
86585487
65734215
2136760
35683008
75803993
13296988
26382964
6946289
59777090
65323269
49730806
54945237
54639986
78195219
1890405
41960450
82875989
22293428
79323131
7214099
29112598
55789859
50108742
68698851
38953021
85917591
48940212
84246715
9635155
45050996
58285304
62425602
17423659
43405306
25837070
27632760
80923109
37674862
9882237
3732895
50463484
84384914
44909413
62638229
28144026
63437933
6824284
36206913
5049813
69078065
7669939
17918260
48360407
25092695
34757195
43323652
59713520
67281685
28228388
13029417
37393186
58496354
45409064
64282839
60602425
89799796
59243397
9571233
69139538
21272654
55796979
26820277
35981609
53935158
47377167
88286862
36035067
66339374
51114076
87421888
31097915
77607607
62551417
72310397
39282190
5616721
30495413
49679581
50358720
15776685
46672489
30940659
38574239
75070791
44243865
33318901
58825799
50689067
45021756
67595520
55497163
7799438
56522763
36371952
38777567
87697055
59030175
54103447
10231710
40336013
92290189
36647049
84131546
57061989
69106102
35655086
80555551
86053503
11109460
8539377
18309517
87055474
42067133
43876428
84118669
18532199
66621529
85023808
3018634
70679020
60411979
40916942
53383681
34075395
64064978
75027612
56031921
38608117
36553320
60437742
17348068
41080374
43100091
35536018
56128156
52992479
77416931
16683806
35256627
70871060
61467006
58519196
80957351
70907051
51596449
54054462
78198152
31299784
88682475
30656023
81719617
81968043
26470559
74436752
86987363
34540706
25442209
22949117
10013502
89728248
89781365
64490959
43605479
27229772
3582709
81281370
57166677
51510499
64827194
12741389
10411584
21750607
80480299
85573516
76925229
15868145
85897212
79045139
83838048
35987372
11558299
52737603
77374788
22025959
85651571
13403461
32656483
88713490
18349439
66599484
57876603
33006499
1904703
153408
4184369
24703789
43499951
18862801
78842123
87310090
22045821
73819884
40933891
30998507
65677721
44268574
89408897
41464157
53294248
90529658
90529660
41515791
57239856
36157413
30738830
42549648
51532214
85045900
49355443
58186973
86698078
87636680
33434719
33662989
26770924
2770375
75017734
62134893
86055476
23707852
59341148
57589319
10115833
81537802
37740916
33599397
4428681
19735377
15581207
8962898
58579919
52639517
69456924
40563343
34739306
81803540
63879455
75399320
56673001
83944690
35198753
15199108
32525680
47052308
53013257
78072287
82296278
78054494
39575093
31899327
61357977
73292883
67009541
85093158
5144322
1775380
47212012
85111380
35857633
23089504
44708009
77521750
18742264
81317556
74139335
11709437
43706787
22850537
92488270
45016653
23987730
72800308
63733550
5283931
49183702
44705130
6340701
62475098
78071212
8280408
13558071
49422177
72470201
21792451
12261728
30186525
9844629
29249498
15674030
45707768
31496872
9092099
24805579
52282766
53406418
11571364
5843778
85388950
43539994
47549094
64614418
1660515
18889196
90302109
7803335
21463672
39844428
47213585
26594072
5323473
9940486
50664420
67720832
42425404
79451830
6338304
10303944
72409502
37680369
30326091
45828531
2373641
58065764
55399648
91416398
49697358
67177861
7925918
6323827
52015559
21872295
76636764
36682219
41745733
56321395
53855325
39887712
51862306
65968267
27512587
48899424
61291007
27454967
12571722
36430411
32285055
32055402
50279102
15246779
30518567
70554882
71592930
28803809
15138402
50337045
18467770
85656394
19286610
72116115
51379004
17381015
40797612
4141437
71271825
10010964
2177954
35092308
76867845
42120858
80958247
17755318
20557433
76123119
56969757
5453831
61812012
16700304
43350116
74436656
30543178
40916109
49348622
18965387
60339366
32136205
71823173
84136757
47620598
2107549
40489296
14961718
39944784
15663903
54306102
76515976
22600332
9509164
17464570
91958877
73171372
86480955
30370382
15237044
34653637
56403264
71914160
82606441
61899008
90270631
92605629
23774476
42015808
17542467
15298195
83493057
8552007
91808298
17011096
5007625
5202175
9124743
70648328
70535562
23663751
39616074
7508357
85955966
34512110
82603244
88623386
74092601
