29830546
83614586
93844260
42509949
81877261
92030875
35384038
25927458
13498578
55898434
37346237
51536689
61646360
29554432
65219696
10502868
76086561
36497633
21474518
21549366
92126604
45151837
67734470
26598087
49843189
67570756
18400272
86298470
7945432
83684289
21881270
86405872
67201233
64224126
57886171
4406213
56704030
12418271
43739404
33787229
85378805
14004985
28372207
15319427
82043755
80806423
1803828
16010383
44561581
8913000
41250660
81285166
1804696
32501040
23003267
77937811
76633040
4641182
29711709
33448163
56638088
12147410
58136932
66017916
47194809
6961669
46877345
84037376
13793184
76184966
76570517
66942112
36557180
16027310
52131907
6618008
38830432
68059715
93339616
87083171
5131066
1628009
29896224
56997881
29218039
49555329
2716215
27839995
27552839
63002190
70115372
41141094
46224552
89847743
87851608
34594515
62472621
70716960
39341150
27490488
9460729
43050983
53318359
88618071
22123621
27454750
31291884
24530551
61336473
41854670
61714256
69271396
57650566
75570852
48729033
43052369
59831500
62561567
7789096
48176787
4372992
56170210
71543720
20693785
1955743
37268502
92086491
46098173
74380774
67244104
67416854
68522911
49343449
25306963
65862123
50974836
61582871
71173715
52396823
57463034
20728574
72484819
45989093
20832141
74354423
30592145
37477392
71272526
7911916
38309294
94582244
3467585
73968311
90042316
33618912
27294865
5316461
28675137
78552436
10779406
44917854
45002531
82229184
7725166
7999500
39372724
8087200
83482177
21449977
48775031
13350363
67376544
87293224
25521844
8353532
3520387
44643270
12691092
57690173
44207142
47949977
77169099
1879329
47140000
51167952
58878080
10585959
94193380
38919297
10520558
88960348
76506739
16433304
54142154
83265689
1974494
9020797
18881255
91249723
58348478
25759151
802506
69448960
7262080
75159160
83677088
19166241
4494269
4637006
83309473
53649579
48181573
19484146
74779602
26023331
19947597
47638763
17811549
20191059
49534712
62470026
49359897
33553167
76449160
55749987
43598573
35707771
39238161
47934840
41117765
22103440
79290708
12858872
39294968
2470141
68689368
84482520
48967420
59364802
73439535
4044642
58818099
7377553
4323995
78736880
42151385
90119188
70195967
82648151
70286973
61369360
68277900
19940595
32397689
92520652
19558732
19611866
72640171
68806386
45474892
25864425
34655643
79127835
46688088
93984571
91527598
1097260
18316097
37821442
10453512
34085995
91671752
53951701
58206286
89065198
91648650
94624610
54352999
47997896
8559789
17209908
74622886
43737929
47871253
75667730
62318821
59835705
29053901
44730388
74647900
19700687
93855695
2373056
31827596
89264328
88646335
68716054
66030171
91069836
80502816
30446024
21847900
38942431
17172150
72992359
21610286
71659897
19992570
78988111
16642297
18346642
11853459
68953221
29136959
27356344
87760606
70926839
72697090
66045941
73509725
35234623
71888210
88879132
44970936
74708959
62125630
35169134
91396651
91773753
36553086
50152192
30998110
32724607
48274187
