16177339
14531702
55334505
25079888
55883932
33769943
67290225
6736361
50899438
10312455
52607233
60167812
38634112
27161699
27708228
18393244
9682519
55535137
22278472
9088274
41778245
87046487
50365813
38867175
61372345
16892604
82178005
80200438
6861028
50083743
12111280
48657172
20525550
64636526
33492422
66000696
44232309
58121179
86768109
83974934
7090962
86018699
88201257
33780106
6419332
90461712
62918946
70930420
68449475
3674859
5419800
71905343
9306088
82326393
15768655
37701918
42185545
41447619
83115250
10680886
50233377
46251924
56333653
83151728
4076146
64357980
36030972
43704849
78483308
22572506
52874193
4613832
92723879
87779689
8154604
3501518
21222337
90992762
50111639
78157186
43245562
40049827
7456221
57080387
78479313
71903052
87163242
76357298
77326257
19655490
63012269
81671450
533033
23141593
2128533
4549619
9924463
71633342
22504833
23811559
56617990
65222051
89856048
11611726
49083297
44556323
3343223
64457401
12142181
20446181
86564738
77772511
24864854
74159180
82960471
13184168
19675647
42100716
15918193
80872827
51034282
28027223
42272519
61462354
47233856
41044753
20611187
7348320
81015185
69844800
84453372
46514739
85876267
17777936
64430243
9130604
57463828
9611870
51963279
61304564
49003124
11578019
73051362
49385398
7867391
68662849
88454713
92306734
2381462
17170959
74487078
33546902
73515616
6534602
8407686
71442771
79777566
77019429
22653617
90227340
38742988
71577271
23962972
15710282
30707102
62822507
55889360
80445029
46122779
36026605
68998929
39511115
10541955
74073411
35354926
21059035
76754888
60752849
83215510
25301262
65441648
21337594
46629798
46559692
51256056
230492
49128603
52571896
62574210
16405462
43144775
1012168
59317497
87198915
32887127
42918240
59622660
39913349
12328874
3776572
24354277
84387175
46730080
16872280
6862833
3725785
90698494
66255587
51513488
2271126
53144318
40901260
51723261
15174815
77293581
34007978
9697603
56369384
11146926
67060588
34222915
36198864
73384204
6973763
27701005
51939498
10415135
92791669
57057204
2295993
65193312
81877414
3978280
73667583
53129732
16639713
55452270
24453907
69481734
39447015
18358142
61860648
35388441
11627174
72493593
3371059
50247485
56362551
48880884
56479731
6116389
86024087
77813016
54792398
35121088
5472111
15887309
67939710
1276280
89079134
9892323
79643601
48483427
83942475
70945724
52880092
81015846
17637396
87569855
79822739
48453066
41620246
6317878
44374832
21776276
26797117
79813007
63611328
43073501
1603171
11679686
12065269
67851956
11673282
7093410
85374725
79421901
22616254
49382562
5188697
85080467
64387123
71836671
24382653
81514696
70001240
54441529
59593806
55078289
80251447
18937227
92595525
39485840
20984854
78615893
77252604
90810594
36144833
77149049
82352391
46236485
82209872
86261788
49905851
15758105
20941165
68458467
33922312
68108634
33436270
20739392
64229413
27320136
79136770
29863081
3488322
2395435
82954744
3495517
28324164
58320974
12128155
88992987
682691
47851724
87710490
29802416
17109577
55414143
69425733
41809461
70218747
39129412
9382735
19868073
7453988
25845700
64788569
15164857
4780460
88097458
43780137
47428112
8922789
8153259
16665939
6957838
64603094
5331433
37300066
86729807
42937199
18765028
2116344
9084852
9994654
43381803
60229355
73415304
46949702
11698813
20411730
56546761
17777500
15359983
89210897
14397186
86908447
69920660
28954899
90556552
19540918
13207042
21863962
18681971
2391685
87427496
11103668
63535819
64938593
37163460
71906580
51020430
68851159
21315211
34494606
68503283
76929879
84369345
57990814
70510815
3853877
47234533
40303825
63748429
22200320
75407826
85693262
1682315
5981254
9506761
115571
56193594
87959929
43094582
81676534
2190319
73729657
63595238
83196503
79835645
20238556
13799649
9740248
33104740
50562970
60685306
91673798
2575809
67715531
69555717
54345332
8179505
82215918
81626666
16138384
9281656
67165910
55058344
75232860
6058673
31900492
84146816
30287224
77579703
79485563
88177493
88842924
51052979
56081783
37974282
1764052
6484556
9780389
19104894
64913326
77025484
20812689
49572908
66619190
20324491
32862302
17839973
89915733
45056189
88518050
66478822
33868014
54074226
18871265
87372013
50840486
54118289
41454916
53253659
35095225
61504073
65701621
52931407
30181
78299216
66720277
78839520
52763820
52464244
2823885
23328055
2762621
18118409
22446666
76509893
24429494
16024725
11862195
82609185
44441445
5075690
88764234
53121020
45296699
15252308
89390962
3855289
20136598
73590330
38034058
63087497
81551470
53308478
19987057
5862747
17749508
2527981
64779292
71857425
49589435
26958686
33882218
16736329
23546846
7781162
20806821
5684200
24712734
51991506
67271018
35731581
65814095
31087329
90319793
5124913
7339202
605767
53865455
85917554
58028357
76675509
75249141
83082862
18926006
7882613
69483988
42877636
86657343
14807665
48650648
83550710
90250261
25264669
50981527
51162459
81618760
73962875
32379379
38516835
62653857
31106856
92946823
57284683
34859218
71715767
67145841
15895650
79174273
19841528
32268962
89863079
18681020
47507985
86092014
92997133
66459484
24015965
78890246
29367571
27831142
23792228
27345426
57734475
24486918
62941182
3411220
74085139
1101822
36321687
18634775
32226140
42845561
8345452
78894457
15356356
89422258
3909353
14683893
17400257
16118038
1781029
8532947
70349224
57370219
4494915
8308562
79695277
82559184
60461169
2735647
76105522
39137855
39539279
47939885
20487220
72428037
88064884
34158871
75411055
29172542
42720808
33731572
47972651
41114480
86710663
49304281
85951549
22500758
16735349
23502073
91242499
6541152
3396924
28820535
85082427
62671321
2785306
43369612
25126525
20601084
43607432
43442500
12131980
24868247
75337083
19936013
5753093
44214540
5021797
54735728
12459347
19159681
15014175
52793536
71874536
76730801
86346209
68050990
79917224
41954866
4241533
30072594
62115938
20516104
62740155
558594
11974771
32244110
9454749
3578880
52842592
58920225
40926438
6567974
40990461
27864339
81189962
57500214
7740065
35084786
81815928
23141457
58938047
559082
88775383
50268152
35239591
52113254
38960446
59114635
27644393
5116678
3568485
29475894
19676270
18164078
50503570
38267398
4351701
27650949
26167130
58567193
88370839
72350591
40761814
8917983
60709145
33898578
59425934
35682941
77596213
22136875
67237455
80995987
31922560
77495458
2869228
9667526
15933076
13946246
88902584
29382514
2898289
44386888
86762903
92025601
39266884
32667045
22724751
50758300
88512993
81790521
7150946
47601539
46096279
49818706
52433677
79027505
88651692
44119526
75746688
44260784
10132171
73390677
53604427
23858724
17554453
89829843
15203004
36452774
48957009
10478401
82231788
92652032
27419565
69005128
48639610
60023072
54312878
6186391
1340197
84816048
90437727
57762458
30116320
78652240
82589
90286895
92157606
76420011
849296
64373447
15158681
46178405
7722761
20491570
46740658
45091997
10789868
70529234
85996370
54556791
1804564
18670301
13831336
4247076
60207465
46633623
5386028
6017528
21837146
4152365
71011754
59511342
80252211
70309600
62137367
70113989
19158227
71825919
24628489
20251435
16983516
54187649
21870149
22073974
8003826
5625290
60316744
25544382
79779649
81683709
72588016
34439361
51287734
85190048
74099927
31094654
19044
41836024
71037013
90001811
48637954
73829569
1237121
34730246
68118035
64175504
82157747
55787779
2167784
39192042
9220341
12339752
24022661
41178930
59845287
8803818
92123010
38951458
53896547
55558498
77237918
71270707
6807647
85199596
13552055
89707593
53644749
11834730
801258
83255047
5630355
4351650
17947779
15163812
30756717
89684725
59892553
28440700
6325043
38816810
23843654
7899159
51503286
65326290
26023277
24902139
47822760
76917224
87073618
27376616
42282728
26641674
6720552
23657859
25035609
5328377
46642006
73519872
9835665
50089618
27675848
8268653
78230404
34657173
9803648
69645663
39526668
45064048
6416295
54903447
86778136
65222231
52516584
45299920
74684186
33255092
41801957
79426060
75592161
29709548
46574922
70026066
7019461
26507828
26600862
14088907
24902834
22037241
66864456
72433329
81466257
10875231
51597269
10066855
84886120
28812391
58548674
34566470
47346952
81240715
12247527
26562663
33106392
77605360
74937993
75171549
89122708
40035812
5077392
27420731
6977430
49163878
24679283
51539847
11700543
73546134
16577540
6597668
75841477
84369097
24644516
8324408
10822650
54095963
45009896
64320097
47952074
73594518
45783326
18548608
31466862
86420063
56908687
35980492
14426072
12904595
63204786
71943690
4166055
51405589
70823798
19436860
12086953
76022727
86119103
42340963
73106452
78591377
12357091
81729955
76574579
36033989
17820483
31015307
35034094
75363762
42578086
53012541
87904337
76051442
84349655
47005226
67497372
22344131
54861800
17670336
40273100
47698047
49539650
88040733
45760035
51375064
7760744
59693129
69304913
85039547
22608163
82578112
77825268
63092632
61417018
80882263
45574631
28409571
73665330
87649737
48863073
38217651
82043242
38411756
63621191
2179596
13933185
27703448
45013170
45074099
84962848
65658752
50451863
48701222
89260791
13487712
5262932
73322510
3687041
61436716
15872594
72226883
5772356
45816799
24147920
2731274
85473897
10954019
65837393
72666191
48147662
23415071
30078634
5707072
39337165
43213428
22588472
24664474
58865968
82921253
59041449
58686312
17763790
81222791
33097950
6473814
27208640
68939042
33537480
78342322
69427977
78298873
7799045
52504654
62716809
28646006
75294151
41075941
25810206
42107130
969176
4172403
46374310
70613518
79204594
2301108
76953804
28492969
75757146
13678505
82245546
88336440
23934002
19757418
1521728
29705258
58712825
34520312
49889078
5468234
7350362
53177872
29098919
2657016
83488621
29696751
63170684
37466193
59361252
92921969
72097015
58029885
87707566
69559954
26098773
51844133
79269381
35103182
21302681
49928100
48904481
69478210
61481698
38145353
85681466
49329158
17003718
22140693
67498406
37517041
52667365
54793695
63386754
14058064
47551499
30129602
62395796
34176418
6256594
51627300
15388441
43317581
74301981
46535804
11726673
19412877
4825545
51689803
6613745
23828744
92323552
18757756
46062565
35074549
53610376
67479779
34824801
34824805
78156105
83653736
51720034
76506286
33433437
34067909
55265745
30631647
9957119
88777403
44048438
31120438
70387831
10956739
69287662
15513953
25594123
40023700
87032172
26318126
69045268
58313499
41799043
87398035
70220607
33993933
59358866
75140932
20432983
52439134
69481437
84760625
62993373
74127522
45984298
658360
32162359
77518307
41498352
37463153
42739233
47964187
39846535
47887598
120459
45149810
26121890
76283592
7454129
15948629
33018194
4847315
66566070
25801284
88984178
51305973
14641817
32310945
83917049
47358667
67325744
14671495
58621826
2694062
28695084
38786233
49812892
61735424
42301359
84744311
54045936
59527279
90496075
33858023
88099510
39812104
59791595
24124430
49352973
67808451
10156464
59170365
21783986
9581850
37961958
63593238
13126157
65248195
2750725
41377399
59253016
36272215
31587529
12914272
88167533
52112904
49310669
3087734
86072529
48769767
18891891
65784350
39640619
3623664
65587968
27300028
961716
64709822
56182669
81556963
81128973
32138842
55558775
34495118
21055703
9712748
44824283
65628836
4469252
86405698
90087738
66480644
52727295
28169246
31093145
36307986
77045687
66992973
19303805
47990181
41096689
67865668
67236374
44452085
23024542
20226945
10301877
12238850
31185692
5444958
90237325
33260852
35015341
43215353
39530418
60246366
13064100
61446178
31638755
87087667
15281207
15328116
76062879
41993429
40132264
63083039
57784962
26332742
48368245
63570295
89330383
68533485
8100705
61619823
24700735
26563281
86288488
55299101
79031633
63111060
92280370
89732140
16145530
86059403
23600130
74242339
79315876
13313483
39271156
70231292
53169037
51518532
1709666
24274980
7901669
51455540
74781102
80074765
53331441
18361427
60789720
11639723
10533623
58336527
48928111
62622544
63645469
73491134
12533774
80277627
17559993
32785280
13315548
74938428
86287268
14036148
3199569
57230936
11336953
81579732
55912653
15790558
42597391
79904756
75798838
44339850
11942467
78779797
27600782
4508686
12853868
1175091
69897437
89347772
45921965
22829344
35396773
34286973
23155588
43241871
80131485
26348476
15263481
18879844
76074695
31743241
78433028
35443877
40570534
8565014
39157384
74053342
55657843
42760159
34743655
79243692
61114927
18737176
14255184
43350086
13862408
32553469
43284708
22933054
6286796
42384854
42991645
51817614
37172435
37037600
26691205
63445925
21119474
62344308
90970121
27366003
69893927
73849312
72220010
77445662
8106600
2372379
51697273
65262420
22706429
16908533
74794283
71549123
72380558
1681804
68254001
67218137
18306657
67599398
72056344
38324531
75235318
55518416
68043280
84955703
25141271
69261795
39388940
83308880
75501485
9600845
64038422
90748891
271507
23592627
57314448
83046293
92391535
42106843
70871379
27316663
428926
90797306
87368279
4762089
21405173
13518502
20371312
19268180
53784872
27728676
37792571
40293484
56625108
34052464
45940392
89610509
17357877
47870658
5470908
37675225
80200424
49593800
71625827
21751959
66660001
63551674
12704157
69590336
39794627
89769286
31593345
77197193
65628985
9364160
62494497
87951645
69881675
83451770
18969974
18994274
83610460
92723882
70644995
54481642
50070589
38623341
50529416
56793416
73155613
74911760
54366176
60393123
82740263
33710951
60513297
15999466
29535192
72875144
7527504
10136197
18775894
24231415
20947672
72987783
54290071
71620918
44534303
45703772
27653760
34390158
43053537
74684680
90230454
7407358
44223711
70387849
62499155
61451462
66625000
84390786
1386009
55335557
29036481
2419997
47383490
8038628
59140600
56220204
38906284
14494796
25620224
24311228
56002826
71032877
39038000
59943511
44802466
79737531
85195650
49024004
49438636
15925499
46239161
38569029
12528792
54663178
166768
55495867
71999972
18710350
47469095
82709066
8365446
5232238
62056374
28931125
48375976
29715992
25837982
88001675
35989747
13572095
18867672
2293312
37253564
58352830
32070849
65745608
737623
44961969
76725717
34840005
75364459
72200659
67359400
49079271
7957490
1095724
20291258
76312664
53719456
20143507
64470511
39719332
87939404
17618236
41988975
4364197
16130333
26490296
77641868
88832946
20783725
83408874
53612227
62029228
34132747
78369374
52417817
17991855
53530764
36326927
42954111
28086337
45161212
9040550
40359530
39957797
11426793
24042443
51377018
20051926
52086621
78224140
84207322
19233506
3422124
25315650
62926982
8111452
20628993
85070593
37584560
62689614
2945675
20395440
77166438
90981535
68464361
41287973
27924966
17802456
51507352
19616900
48609900
72919579
71334041
90701926
75788675
56650187
23379287
90731628
31511013
24735611
54706450
62180126
91196976
61285835
59817199
9035947
40501447
38962053
23898782
19301991
39919052
59319154
32881170
51349191
63236995
56751651
8245766
89807414
22241994
46502640
89565386
51613748
47477407
32579498
4664820
64531485
79906721
42927317
11866334
38564930
82952810
35293830
54863651
22958945
1384886
58133905
42028936
20391140
25515235
55502352
32344665
71722021
10323390
8367114
28917909
28921595
51313314
8209286
9257404
6818520
38283620
87321237
28359287
1225987
36768530
52966081
71550982
54562530
68295022
6374782
317371
5367927
79131735
81265774
74165873
13093241
8674490
80231046
3410865
22523189
91621674
37064867
87627294
22985068
13900757
14823576
19562286
56149099
17831702
30687424
72561915
83387425
8689435
52381496
92511604
41874071
47213208
25562589
12300839
19635522
85269335
13366206
42119795
67599674
53941926
70578099
43366714
51947806
11086919
30844487
53288763
71788342
13871647
32652809
19315958
72198444
82073735
22617314
40288858
54605866
13094544
29686491
28664175
47082556
16740159
38385530
1835409
53605636
13112
30696780
79220906
65362013
60974393
22247158
52240475
92150017
56524297
63006201
73257232
33719213
9906785
78349698
32422257
2226112
61114047
67497654
27108236
7083892
26132049
91300269
8920858
62611343
15288596
15811073
60834107
36390699
61753051
4419373
60285693
1696391
23517152
80605703
35431373
77964411
68531013
86979040
11735237
52358274
92963218
69906173
44377143
11778217
7220272
43720498
42296509
11612327
6576228
71907884
40413793
17249160
84206300
49781687
29869008
51164357
26691881
78714375
23138095
88604395
35606225
88298259
795418
53716825
23844894
33970441
19859951
20032508
3738224
80446419
22792778
37807989
88033651
17107322
69611059
6719388
13871518
87249528
15195343
12072679
4328856
81017581
51082298
13872520
16810701
50375047
18567060
63901302
70894418
68590049
5922468
14373924
48281937
15231990
5607728
44808484
86546048
57832125
34002533
83757082
87472555
51553547
85154377
44499819
53501334
81107589
33345832
2379628
29220229
50436176
85769209
21245181
86637017
49798245
8418754
33523991
3987399
40990646
73453331
85228467
10654575
57961739
24718690
13111246
70275392
58121492
49107946
26792725
91720460
82043578
42438867
4270505
55864031
23961264
87977310
3590639
40113350
82042746
33369545
10169168
42961488
70650789
52828319
52868634
37656838
34983651
53222441
60004709
30221706
27487494
75409400
936010
31004750
12594131
36610215
78201132
40034161
19069740
87563460
92508286
2763920
41352278
68272845
16936914
78966980
50066879
56756932
49291374
26814600
83744246
23679641
55317191
73746117
80613784
12686434
27792161
77515670
31143644
51013203
5113933
38560698
21490382
84794010
69288655
74608671
32267646
76430832
73308360
43569846
83878451
71934968
42268149
72239251
60493251
66094687
27842075
3483999
56550772
28103965
56647420
85040112
58760682
40480678
67541418
5880169
35537694
56284281
89588188
24650411
73476526
33624984
77297846
88785414
25527622
13611849
712721
1003121
37856415
85604941
14542334
5238777
19511749
23961100
65781919
75856847
72787156
78077561
28540709
78739168
26143425
18837663
82193784
46422652
71508415
48732202
31548651
44771453
11516351
43860286
25226266
56007630
92020316
40951237
27447775
45169275
68864437
78857382
9369269
84748887
50441621
53957118
70909952
19723152
18690086
51155585
25584617
54486751
33493415
55261259
946249
78428460
23933280
63555192
58996208
77430844
68833942
54335205
87633677
11588860
38889034
74099160
28092843
16943371
63849131
90715689
27790371
35574915
47476670
77655931
66838042
46270032
7087001
70926720
57950326
66491154
28115856
47437482
68284656
12203468
88780545
56496667
4400892
40976677
89840054
46863884
60926761
13893526
5598649
799696
92530021
74275773
64362409
10727893
83111156
46422297
23358972
31333082
82805751
65758131
33940699
87802134
43791892
16830069
74336600
20627418
19133351
9455401
30392819
84405344
84917732
49534228
40133766
49471073
63819628
92432584
40048765
12902992
87186740
70226865
9236577
7882725
66539660
91066390
17938228
70894687
71666177
63060891
76834882
53206714
71838715
17932242
84094187
55226166
17287523
34233101
28936265
824054
20550804
41791789
15102267
28594150
68241904
12811067
16902349
4380874
3196393
51796553
92093352
54307459
86936968
90827851
6546470
36427624
38464915
35680658
24682875
29619515
47599106
89825581
27528523
49279340
19266563
60661439
33671570
31741124
83286793
11281621
20738220
29152750
90723906
37874713
11767912
27295170
17168212
63225370
11717613
20473928
72760348
47870328
89582926
41185854
53843224
29370771
68258714
42389401
22719604
21532789
36636939
60349126
62649116
79210927
45086656
10174012
78632539
65400034
12326615
42758056
66408986
87941495
45691647
68456933
33585561
78512521
33244233
13121485
1519764
71319979
3898355
81763130
58805463
69167927
41147826
13814711
6685008
6902751
28633505
11675726
50187063
14853554
26925579
2347464
58381994
56115865
42829823
51796832
53785095
69970891
86772047
53562164
69035042
4628007
88183012
66973016
19340661
71238988
32048721
81186221
88192306
77111667
32677961
88012320
46543337
86754551
17486216
11035963
24643289
64894522
63477759
64735920
53500555
31408571
87166192
58246203
67302937
65334366
56846613
70008175
22614481
29316447
81094217
60743975
7631093
46722986
77514972
12685385
84191647
6103011
10948705
32110492
45436845
72112656
41415219
16534915
71705480
38533878
5397851
18803453
4308076
40188298
30806451
37839436
63259821
30036505
93009394
15702450
30479771
72283029
62800457
9789282
9829027
17036997
55591836
44292201
67217677
10929712
12032652
978465
12626373
66555365
21515797
66884298
16716130
4755610
3111192
78534132
2284504
41558043
79039817
47681585
23599143
6392926
24857906
8891372
73725022
57341698
37610075
26416797
72137322
56264972
73015114
86978647
51863214
8708545
90060940
81241659
61585029
46704059
10341382
72060540
55621269
81961687
39044980
89347010
13021520
41705102
63064289
63315230
19007871
880996
66216583
6454381
18564077
13932570
63944742
73014399
86531423
73538163
40920013
30660737
64373574
50129063
4140512
45891707
79484136
16089709
40470656
2485524
78446195
29953861
2907962
58761698
10796667
91366894
43998584
34924567
86388314
43084445
10076133
63522661
63743391
31116369
64900886
19755855
26892890
12872195
77299689
80898925
52629740
78604449
59797585
52890458
46473449
26115379
51230733
86506900
43699934
15990286
82545324
83288664
86384140
78458520
88676496
70905133
78774256
45596704
21645553
10294999
93011219
58964507
91057998
30543137
39844189
5210360
19803235
74328021
37817447
16542702
72624536
92778654
38891931
71243595
2474244
66595634
64565775
16041634
56219672
1390816
66001076
48052200
45101547
49744320
37322896
89444664
41745819
43633743
27455382
5203084
85531986
92655220
89680904
6526977
15052424
20795647
61349269
86168880
76310996
59675104
62320221
89770494
32862526
64840486
23874166
82694741
71548323
28060995
61837203
2229554
36677461
58796561
75734376
46235492
85195919
53651505
52484155
56366869
60651264
89846038
8807608
62893714
15054293
90260508
90684530
44367026
23158209
26205945
1505729
77020890
65978484
59542123
57920617
63864687
70572671
3540947
59155128
21832758
71292315
82668541
29729773
62910822
22955207
18961515
17624154
2413840
34162275
62093347
32721304
50888825
49869773
17923664
75832473
87958479
29093105
62838354
4941554
23760543
21175435
11707572
56839771
83770244
22708671
55477184
43999051
27494239
83384832
42254049
8100967
67517806
6719597
52137964
13104728
19898710
89529828
40323036
5929736
69359309
22325107
17103004
64333536
26407524
32673523
38598115
1493714
8468445
57022621
35690355
50815105
56171781
92345133
76367626
43649069
27386987
67775754
1603246
51911289
64228752
67153053
22175959
22911715
42998037
26576154
20835556
17278270
20246647
79196138
71381448
68742700
33867627
9133398
24736195
17160448
10979145
723810
30466590
47925718
46398124
64719207
45516824
78655568
82241928
21427123
68112576
25564371
63482022
32068755
24619652
14710585
78566643
18556955
31891642
66202082
20486268
16100347
69575709
45025966
75474096
77345590
1719083
66648769
36270986
55932826
89467782
17088563
60328687
34517357
22001860
32930992
82539516
61887683
37945479
85035874
31952022
76736163
17860006
53200807
54764473
25907475
10198236
84861636
23978265
48910745
44243894
86831686
72666174
83782891
74154315
11830145
85501248
65731287
85300434
33796903
15099785
30364444
23945141
3357095
29257164
8341756
33881994
5414028
5983202
86657860
1170694
47593913
79231286
19953028
33696911
87067868
59274977
28479313
67006205
57622613
57982715
2142655
77423150
18898024
36579723
52394059
66583919
44917924
59327728
25390452
35008885
29589046
12574594
90053661
35386128
7510587
67474193
86590760
15142974
22127268
15061156
83482829
35215115
61870833
53673669
46749838
68942028
51961794
86043691
79206342
10412430
82771259
52586998
15832414
63057471
85609932
42195708
58063931
31789137
38648264
84522412
9246986
68545315
86147781
53313094
77431407
9713101
49885012
78559577
17295008
54539254
61881613
10906072
92825511
89753830
50914223
81181649
42964988
71493460
23078624
80927972
13563361
11333711
73410903
31246346
66024098
38437152
59921333
84960414
47973311
62063960
90963372
72071032
17160510
36789414
72367660
52682664
2401095
17195752
59895792
63886681
7265689
4460004
74427264
20852298
52659849
70522356
37810357
72924027
11377159
11820652
43468446
4007452
22444069
64494883
37460891
62694816
53380673
77163321
19343169
50976941
33144968
20509628
21709354
11132852
40039423
5192390
75572717
67882247
29819339
21565326
51570032
7650579
54387110
49452071
52499589
10787472
50631803
37624113
25925132
31899895
28873581
45803626
72430030
30823303
86967978
74255958
67755262
41193512
24214644
59252859
40429025
30047915
63104489
38067844
58703944
43256616
80567066
67701159
6877032
90095532
58069866
24450777
88584887
88328736
87088976
2256178
76117230
5334212
73570549
74184687
69183934
59549193
50667495
82324126
12161655
80528765
59440178
75373700
45792894
18399279
7110772
33490716
1430665
66467409
80722693
56706408
16736138
62853630
63306384
49968094
78232159
35274464
10239598
48786936
13779124
72495856
42850281
34218123
3321897
75432029
71934814
52698824
77884186
39125934
12668963
66153042
64878884
24230039
403331
91628226
38940889
69826604
47516389
64284132
40935614
87595331
76229897
29327391
87548873
70202164
57501986
59819176
63702341
5612933
90663189
85919010
76686557
88420887
22925646
40638941
17441420
72457556
77644186
40635078
49245749
4218307
38798947
52338975
34286681
78454646
9228034
60412925
648195
13348745
64344631
24776616
77976953
31489927
549719
57708148
20612816
6110103
28021564
46322382
48268985
20061394
58735705
65679961
92984463
78384794
87461342
36615937
46176890
21265999
88510647
9713308
33161964
3957869
52826118
64595930
29282455
38875216
79282196
6978281
61121629
90849174
69353348
26308337
42546222
30195765
57628353
84056106
88623066
32438408
61193468
9950303
13400222
73173093
51527956
82355196
30303011
92098152
8429600
58714821
40431737
35464355
8490841
13812352
53097438
31641728
87639308
82012685
5352511
85106429
19025346
49315365
41140796
49638915
27906393
86858477
62930538
34957833
20473006
41410072
8668221
84513335
4384799
35531563
14168324
30080259
91605031
28695193
2135341
38856113
37349238
59442183
12273138
54361195
11790553
92121418
23025077
60122886
65260259
55733795
79733688
12264143
8486858
8486861
51162952
11246244
41233150
26829134
44335873
9981685
9997030
31142782
66498719
26828388
91889156
46226571
30914776
22386486
48656542
8000276
85985754
22828458
25012531
31991767
87034152
4545386
26616843
50067056
78583374
621997
34206091
44760680
13421996
64445784
86104091
32293778
92389330
43907151
10927986
33756892
732538
85617662
38152504
72456585
1265913
32736866
11740584
27767845
11290689
48281895
51639867
5344034
3978900
33512736
22922286
15712783
45285098
88007492
66729698
81840225
85493718
76916329
10582159
64879124
65223852
7914095
65426651
37425954
66685451
24271976
86593272
40661466
23351178
30022389
33321650
37228207
69179573
49931170
70063566
39158004
57449776
47961207
84861824
67671379
4876166
42088132
24254502
89833336
35878275
43339098
36292530
17177394
44619834
56198715
29704081
23001741
57601777
88565888
29432559
69861883
66392603
40590628
67324702
73906102
80664825
90589513
19680843
75100404
61350079
40324824
83045848
25418733
17315563
41746831
18574569
31841336
90352418
11238478
7769960
1463046
87977054
1979818
6051285
84203562
62304011
90520124
25870660
18152270
56508288
60417343
83649417
87502674
58997604
83183803
25849256
31212269
46207438
57535944
67237017
32573573
39388056
40867997
61066350
11691403
14556599
36691174
46953201
42597918
84360058
21294541
2889226
28605208
82414888
3387335
27100260
36044339
25400583
70599461
28306579
48030251
42035334
9274027
73696192
88766799
74485579
35606866
4645284
26591315
63594012
48684875
25961487
5726643
29943331
66482793
5496436
80766240
29740295
69079350
23668006
44056107
46192674
74833556
4990830
17147210
25663302
56634251
1088561
47018322
71407645
49876732
72354435
82667429
56559814
83318957
77362316
54522664
73145494
13593540
35941175
14046271
30459645
76648632
82315154
42608137
18217149
35207700
798860
24358230
75574341
56441439
81787775
39188688
57301159
69448128
12553508
9868025
78862554
5045107
14350877
53330238
55406869
20151705
66642165
32061914
85975052
27971860
57262052
11717513
70151085
756396
36028708
42900877
9900000
90124843
16123575
40506888
46302991
79623515
8472288
46117531
19823663
11516836
44229616
44272206
89531198
69602999
54453482
40375013
24920872
22770525
13717422
269085
24680487
67639674
16639874
73278057
2601950
77474017
45410519
23981260
11764052
13477435
74054247
51051634
79068780
4436265
91367667
18524928
85731742
14332324
30991059
12947726
16788609
17326264
57269599
35764208
86922053
24076172
83971979
45859030
25084562
9569964
33416759
56887061
2302838
37985798
8773636
13334229
84664032
60746787
26668313
31410825
80881382
51146539
90318113
1456271
1620404
65548216
34037783
25348308
43963951
70184541
12213384
8741492
3817854
56270115
25528632
52405802
34264370
40502235
15620603
61620734
80347243
57654021
32826953
86892871
3708501
15529530
40778243
21577666
45757627
34578367
87001182
10645082
46370106
18192316
245672
22195287
18409251
5352260
7179764
37865122
24192090
33739577
1307463
52766677
21453944
23347983
61406039
82934376
14587596
700924
61212545
34685751
19838327
41017768
89898519
66492414
