65980800
26818153
39708931
18171218
63062887
16368863
45437839
71181679
30172375
78471323
56291379
92061588
17634906
59361406
28042277
40371230
54602289
28747314
15417774
781344
43909205
28863499
19729911
76037695
26067576
20929259
51387730
4305679
58215385
6816936
19745444
13916551
20272586
24700169
6252590
78533366
65714120
38112605
58716047
36390075
55681235
79919378
80164854
34011870
16052789
3024416
83532106
80140349
87174187
81417290
23511960
21311122
9750044
85434069
39139247
92903766
63944839
52476384
22008291
21862093
90526912
28361655
47845530
625046
30090410
46280995
49852149
89749500
3796012
36930374
53324081
54633501
25035431
89122336
1925528
82559214
65129611
11818944
10470128
30627748
44974869
55948544
78025953
71803739
68782405
38795172
62704059
16335397
30337465
63001792
16253550
19732329
54445693
89488651
13304770
24486507
21958656
34661973
82513226
30445895
26113823
26942965
82039624
40056108
71114338
56505563
23268540
60575259
46522840
41766662
10527130
56849965
77845347
12382002
6849021
4652153
71320129
68167196
32391356
59998319
52727449
28298512
88345100
46408362
3848203
43873829
67932152
5259360
35705296
45712697
73094727
28393251
2418511
39630669
7789762
26553394
61406709
83863773
40254030
14332138
69243037
30796734
92342342
18861260
24347957
51528548
45329787
60666591
43852055
81915604
50782027
85258784
36893655
84172277
88464308
31965765
45293586
50805363
38622575
62496523
43931652
49307712
18410011
59719013
47424118
45629382
62339149
22411922
80848318
32919370
62311523
41264002
58447415
70980939
71739005
48637536
21038533
43402513
45895136
9494812
90532452
31763071
19236729
24862274
16199178
35736654
89415353
54980389
47204067
719648
