23991060
45701055
5721979
49485676
52813955
44480210
16263235
64469203
64433367
64017675
49412513
24776775
74393953
60630874
2446568
30820631
74951563
32508017
61157228
49719612
21283649
13155235
48847276
44466439
24146706
58333413
53268205
1992207
60296098
26163251
38093467
89357832
2527552
22317509
71658089
46408247
86377786
14965045
82690555
17642689
16409595
11452027
78537007
24369892
83222494
83983316
8624740
33954104
10166055
1680066
74758145
13091915
56575097
48106085
16176938
55088169
26087421
87149020
32072024
91416988
83224344
43859058
88052893
31728550
59368842
23878159
58665557
17106459
49747025
68966167
44795975
16564515
54538633
56766219
28652911
561499
53267920
87134632
21687155
28635461
55715687
70850065
32436755
64467201
6510863
53860840
5129387
23606290
30405576
67100136
52243366
39343268
54823983
20990598
27717038
22873860
63966422
89608523
85764013
60880391
74419117
73434600
57778902
40595137
79922282
87278251
73317292
20570954
7518275
31138719
7843334
24759090
21998353
92656920
84918118
80811114
75645079
70561236
73952229
76763260
84299990
86259782
11124820
85565802
23892190
28004006
33177897
89989965
44906311
87217103
50677
16680562
45061001
57065951
57804185
28394221
62330485
26653828
47556227
43551515
73109099
32501086
24758734
85311093
78150076
77662407
26270532
54835755
79698913
77283063
75352302
15402787
12458221
46897335
22031974
53491643
23992520
54316106
45876581
74570691
19097720
66428732
50622339
46984094
35460789
57727617
67566741
26129941
92591627
15390758
42952382
20520814
78940632
68149163
39444375
69291319
79794623
38040954
7389423
66992445
36815049
81051165
19154581
