54011551
10032851
37445171
56198648
17931882
63925132
16747964
77998075
23784735
32612763
71825222
90036765
23462132
39921633
88055757
44384715
20532472
15523708
73896768
23650718
68377248
24002134
7583948
47526314
32478230
12635800
33510367
55876594
19935235
24825026
19417739
91545640
56190840
25618653
58742083
83535951
82831102
43413220
38900682
11167586
35606343
862626
47526715
62610484
92727847
81245589
18921427
62294976
19576321
49283364
63106246
24357414
23407006
77026303
20384510
9162445
37756338
66902463
57929042
6696021
8492660
22196611
60433168
92512112
87127444
15700709
43166829
53911817
18104960
74216118
76397262
6830767
50222483
18810288
36486186
91570098
32564908
75240261
86258225
76535263
34280157
73061000
45337721
11580844
81523870
50294936
84363291
11328878
85242186
19564639
49578632
77602507
38755592
93164805
84143911
38101610
88696155
66343104
45307992
70671821
2667395
33268053
36447312
48486849
44904568
68655539
41972680
44455176
10443814
41554133
82183798
39079067
61701570
23864033
2857817
54859936
94582358
79843516
78145844
66157657
31096165
77558899
