18954999
30005446
39783835
58257378
91370297
69638440
88394220
29229887
63894638
24140326
15848897
76844514
38577051
34293732
83036399
87160612
19777785
14179319
59374531
49511633
49923033
13874337
1808570
35368317
72215577
68722278
23978557
43773250
75590043
15858840
23217119
25707233
2708753
16775606
32878445
35052972
91531060
72667890
6387536
42308720
71329417
77682450
37962925
4538369
75175211
37845247
90113907
14034906
10511667
1603766
22823662
73319291
53433119
59575264
89930005
59902329
71234474
17423372
43052896
51563366
28473611
70205237
14262005
41076904
23239097
63990510
2586168
34336954
24650636
21716131
38242057
76439140
37387915
57041739
78863884
1563880
20431924
39132878
71165333
41311600
40237989
84424698
41632947
65898717
40580109
2951370
22883419
76655144
53673007
14652336
66666463
36826141
70999428
14630504
87951705
56879342
67343516
18396032
23673943
67957988
31277123
26488246
59211054
39414962
21974780
29820345
43864944
22382833
23018607
24930208
51651761
26368913
68960683
32251326
81587869
75911355
9574046
16142126
32229201
24201175
44287648
53031617
39175759
59985555
58728800
75928208
22867687
8950886
21804435
57985912
25585338
6858973
32584450
70419942
73412654
1670403
38605493
43205612
16784290
62573955
20881121
57768227
86668561
31726422
15425821
13604964
37674110
56749325
51276432
91982287
14231047
63039705
62030893
16247650
45980587
57771667
37732953
72321100
63798433
86622396
44330976
37857728
57254579
8047729
85684761
73950318
48092072
43647875
16744685
32145095
14861852
25629387
76062209
11876331
62695670
26992231
10840109
75739725
75722895
37838028
91948454
79238421
57954673
82620397
74427254
84093780
37568849
37997712
65288508
10614477
30833592
73329378
54286921
48883626
82091128
33834815
14325371
82118096
40034259
74844190
49246430
29911397
28748814
38303846
70206661
38568464
34638532
22292230
24967599
8991885
46982947
88221932
14609099
12218115
39884133
43007542
40785104
75014211
19481355
19161815
17749128
29717856
31295585
71140169
53753018
88918097
19487121
76729117
59119278
90404180
76640514
31858431
33703156
88856073
68901533
43173597
74113626
80673592
78824239
92422190
47643001
92353035
40510024
3105680
76380757
19987956
16141088
52909719
70697497
52822538
60724154
13543060
66145000
54959325
62859675
8119812
21706348
5950898
31991169
44719526
23365548
76942763
3621914
27022918
45777854
72319413
20542534
50269259
30512417
88365565
71063335
75576415
7311817
50558853
38087901
24289203
66989805
25378626
77233621
71927662
16993545
73860513
91022855
79697715
22035626
18416386
82676386
26317898
25475166
82574740
71583145
184939
8124234
88359084
76407856
90045656
12882214
79848089
89000806
81936191
88931533
8446607
85902428
86353619
61802582
63770933
62500580
28682539
20152926
88129028
66824205
57517120
75047037
50064297
84088164
84727956
27476525
57703895
35274820
58717512
30536639
16690503
11654125
90673333
90529981
16071656
41283595
66281392
70782683
34634772
73861530
27207567
78725333
6383264
49584531
91018393
60908287
75608484
17669584
74177594
26270078
23305861
66115050
84986150
91796728
79862046
63652163
25962937
71154263
10824876
32943834
73122586
27064643
24990183
87121391
19470265
28914611
65188112
62474239
43758169
66613084
74210816
91487276
57406062
57546415
1326726
91123497
7215168
58279328
72662902
41818725
67153836
93094136
6708946
4055059
91755680
12714767
54529350
36415980
18310448
36572671
92904710
27889314
38485222
54847389
63333488
61540737
15504532
