23114752
86752391
68001202
27217744
80204019
53714655
76494271
185708
76394701
41165009
56825743
75668885
44942608
41014306
3112808
15837561
27839739
12295426
36848165
31275206
44569287
68995627
6654774
16899168
55963974
48636290
14192387
68998950
14358096
61150279
2275555
62192992
56395301
56605694
53458254
34004010
62946386
10483131
80871890
24070015
78093527
88527732
44674061
19211255
3782378
35163911
13223602
27790589
8706077
53764866
86603941
25096814
5201707
83631443
37925832
49370877
24134679
86638363
45417362
37505672
24423497
73915875
85270550
80814098
2561950
66051971
63306060
88541804
55180741
73308502
50450518
38939324
55732798
60203785
1528082
86229076
88704512
85067117
61179684
91394122
62579635
77890598
92680012
2785667
87443551
26966221
13886281
8265478
66606474
91930774
16755535
23237411
84593241
37530345
33923585
20158650
9851839
7089101
71970444
4329946
78999655
69432786
5917587
9746771
60982919
68059731
55228340
85763171
80233411
43573139
33535521
52481917
71669121
65122298
25688213
35812900
90962188
79194011
72820265
49429579
8076359
48280554
78194549
25190991
49354120
72733551
7216079
62269336
55318312
1505424
22180100
75626922
31539829
5179079
87236121
52921595
43792473
61910779
49981629
6163936
27119627
22002101
74558000
19755017
91994319
11348348
59589842
75679877
48415608
9184808
49716384
35445752
32435367
32300818
13172167
78451097
82105727
39516777
66837110
1070724
85996411
73833068
34627873
5429933
9914112
18451858
49313224
25764481
60475041
18368267
38742240
45710752
62447438
34908923
21510376
8201159
36065683
26373666
37946314
54266392
86000936
63020139
53072831
92882001
43206441
78427009
40310764
5931160
45869412
74211842
16798743
3624725
15164605
62779168
3719822
77728238
23640033
765710
67110836
28015011
74417909
47868911
24408347
51679535
53928541
35812898
33925886
72600990
19592914
12548102
76660129
31737045
39681325
68269601
24243813
39248678
30506966
57346580
91558635
41323756
63133625
7293052
38790010
66949726
6712098
20768638
10603319
34394789
53565113
32339072
12967615
39375190
26821194
75731644
67618039
83587177
26984270
30741947
81832288
22969377
86728661
90900607
65537951
71700133
37686946
3978594
48057366
41162798
46909182
59907898
79809456
7147126
54149128
4899592
18386781
20012045
67806021
13965871
69218537
60361392
80900223
89917194
16002245
53236535
40785352
43322044
54580316
31792933
5719950
36720172
55179175
59553725
90176598
9744253
12503049
24674869
56604617
48029391
14752132
53078137
33401271
28875200
81771063
84416797
59071490
41733277
13742226
19836433
63750665
13816136
87696673
56082672
28560190
86509271
18175093
88791376
70435467
64302034
36714190
11818201
54231309
26345134
15132291
36243580
92435787
41698241
40131966
8414183
41380790
83326013
8675121
41527315
58747071
59714293
236352
25375249
5138853
54354967
11077764
66405791
31889727
22001080
90027966
20367107
14279291
27610969
48805094
79293689
63943946
52393659
33719229
58025973
41536403
78036996
54555776
76369162
19889498
44835751
4078688
3601160
39960762
9215726
89933926
