48587327
15170676
3199210
8973843
16452951
84639146
20920595
73039759
6252536
25270061
40088269
41266744
53002244
51103932
10470513
61959212
52062216
53256554
85440186
13275625
81746962
57790053
54862097
91061099
54723091
63475613
62952253
8127755
27132662
23833152
50481123
69442093
85390005
89832070
78273781
56205594
80535226
14081285
77699249
43381594
41485940
34158907
76799385
5286380
2304346
57122642
22507305
43384021
18136319
40132313
44870602
75484032
80824005
50711091
45328379
83432994
11980992
