63581579
33805283
66111651
82041358
57394623
22226452
50168479
80861099
56825721
38425099
85562064
53928528
27790469
22585949
47956125
68513588
4428829
68414737
80472117
89980774
82197883
9986360
13308186
21892668
60110408
4922111
25247277
14367471
60819047
52930853
31204898
8004344
58463130
91191883
57437100
7292797
16123409
73319435
49080088
84286892
63274013
64817579
16372876
17834105
41491346
64800901
23384948
65671500
63431134
48723771
71242451
18477189
22995673
12765209
69528298
10838341
19245261
4605899
60849942
1277038
21707582
6591811
77578697
31044588
60164610
2012414
90881630
1400073
71490006
17349771
32048052
36240554
603334
8143847
39745497
10715567
21159484
84644070
11668724
57675112
37059173
74924409
62665389
59283596
5439047
26153495
49141348
29819523
55024845
33816767
40636072
86860065
3731386
27875556
92939062
92769972
39082685
11982628
57048991
47261335
29336454
21094032
9493402
53341148
40643735
60205837
41972542
7449204
14499448
10263896
91907864
77897410
77598788
79457442
60147728
91294919
85967407
17378863
67905848
88396016
57180949
31961447
71801257
78208590
65248344
90186478
39721778
24498727
59342483
23678787
85657684
19763404
64119986
3435074
75902734
43659611
67951996
78698614
22176145
17672045
66471818
28236361
18224594
46401282
13908154
83939935
8963101
57971054
66593293
17105524
10946571
61524144
60232485
20575460
80173484
84148779
25080505
1213788
38367498
42655567
34051593
14142017
58206123
62536044
7584790
49217069
9665202
79098262
77236037
76991205
18535880
90246460
39094439
86161598
37536861
28870822
4837065
15127233
17554930
54185040
77377178
69519977
35451024
6516218
13426357
278315
31511878
41610857
6916082
43812563
23316134
23529756
70708690
11207801
69498121
50017493
74432787
86547204
44887249
287157
78466177
75596190
59354810
62606170
90750544
17500581
72113585
33279849
48821190
23951213
13400750
22083909
86901654
92258857
5886414
71798238
885341
35586885
70012462
10455973
10625048
2098512
32371707
78108957
69109146
43604150
42845157
5390256
33106143
42151955
40635542
83456015
39076700
66411471
84777646
49186472
57942827
14131951
989881
82465386
86918248
40541556
20443715
21066046
36073355
58452449
20767008
82097326
82562755
51532753
44043101
66405551
70683285
32081505
9964101
38060778
24651597
62388759
21918276
77619294
51303365
24578604
29057468
24760717
63110209
18781946
92872267
9069994
55789264
2631905
24111806
91513451
60018685
82880711
19635793
8171783
67515752
49191540
34030477
42828728
13772617
21523175
66116201
1652182
19641071
61998388
86814877
7990575
28249761
72818015
24656352
77254539
47277347
84431683
15884995
13528444
19736571
13893804
1099267
74326815
44321610
8118396
13588046
40111325
14575260
65604844
54632833
27553574
84585420
35836836
30462969
31823649
19896706
30986298
57949949
3130629
59083417
77892356
1646060
53921452
59660604
65771634
89200799
24774415
25862147
34490288
4323795
56738147
18818983
37028281
65337354
20425932
48132665
61444960
52760349
30791849
8822882
26372670
25577903
14210991
82408166
49241676
26079942
37413682
43860591
37784923
66028221
84707870
58181533
4632423
12696894
7243064
45742283
83201053
84758824
36204275
80194852
53980394
4588103
81287588
23747843
39034946
57600278
32874956
72719142
68636052
78293891
32867248
19365392
16608046
7269164
88343806
23263715
19321909
78460403
19692157
83404673
19798652
31243697
688492
6665553
48282745
92267057
54452010
39033985
9332498
47990206
18508777
46823559
24984526
59555858
53166153
43307062
5561558
37698583
20334129
83094846
92117860
56806890
82394186
17063122
1218116
82331455
28493258
16606194
21875679
85161062
53476291
30587181
77135857
79742819
6852714
11715333
26165372
84791803
56144975
89153507
50597817
15817838
34403600
8820695
35913111
7421785
19930912
73330692
20386842
50027586
16028199
90943938
88579114
91585634
5398486
58778816
46864572
91676845
45814598
45191617
38227593
45321796
63833693
4164545
62737892
20639611
61800442
4504770
18441000
30804303
59234574
35574619
37833177
53050316
29295544
28018061
87255611
4170651
28068449
34295416
47163421
35537430
34743025
35069788
76014910
70797897
65911587
20957679
39623312
1963377
47071243
81996614
11211871
58127308
28262955
31144717
58370284
18667402
34373163
33002272
60395926
35361020
70040585
88537004
58554465
16542848
8310247
79158290
85841548
6029181
67644156
70795565
54904042
74404088
59433292
54805913
786511
89238923
15705276
29208975
2777951
18542224
27089918
37200324
50318547
37135358
1092301
11179158
70026236
54936526
80694724
14758618
596860
85901974
65537817
5271369
63142386
21259977
3032252
5111131
39122481
83377150
56101236
90990503
6272574
37846290
16068355
88333046
78867782
69385813
71121266
