48503246
68773093
26206621
79975657
88792892
72768902
84114776
69861677
70858534
60609317
83286203
21007488
88601029
50959382
87861975
59680085
47147325
5503769
70774279
74212072
33078306
85763047
41187422
12929181
4848770
41343709
60133144
63116226
61619971
91004772
82453229
35017450
54368500
70549349
75701511
3197408
3839086
13471607
48432389
23316324
63418784
53919961
42123803
4892835
47175547
62188310
34300534
61977160
55339942
20783263
28714467
21877394
67120498
81483969
85491830
24652787
2943573
43071977
50705482
79216535
74360605
60150561
37250708
79455671
85616260
73984079
40191192
66481234
56204932
22804498
4292900
46170177
36831328
50175126
69393311
66815656
10017501
78620525
59267
62280884
65424945
79773002
27333996
34887816
10795183
29417403
78686854
63948879
51661185
79507939
52758222
80028902
64700571
53401793
78815214
4486453
77333838
71965209
48140234
77027717
63369663
66756718
14993586
5484413
53145372
27023968
67668359
31415812
26828365
83852819
52099317
20789583
15784242
36192193
33051530
2883494
42429338
12942577
82790885
25438425
13963955
83058839
12476475
37185134
42222113
23901479
82272648
60190093
91169474
7167581
15302594
24598002
40401155
58730201
56840563
18206401
23841127
68354540
43960103
76568688
92762561
5996815
11543355
35055275
66296354
66101340
72860993
70706436
5119320
719033
66481926
36041401
41423687
48217042
20254307
60967712
28037461
55571523
17585360
74013681
69813906
39183295
50401115
5271230
78177007
17230933
61246051
73272022
72324862
11251977
64296671
5671696
37542515
53214818
79236809
64673038
54845694
16943851
44848804
54385571
13749325
85252048
32413561
81201034
88558113
85459600
31005493
68735758
64514129
48020922
85576949
68574630
1855482
79260221
48897640
7124049
26360198
