10670850
53115021
83851767
21964930
58773986
59148064
74942868
4821440
4023685
64763788
26123261
17104914
85088288
78518905
7417076
1049235
42848582
20221467
21692210
15992256
81423712
554647
42574656
18638293
8882092
70366509
22544690
92985228
2986350
39224618
89756038
52188941
91059920
56498509
24379908
11866361
66950481
63666562
51437206
20175553
22569286
6369910
70968164
33086022
34400579
43203619
17570478
18634113
27999200
76038016
55328252
81349455
24017292
40466800
13723595
5865771
5013238
80508797
84201459
54244811
24706240
61140025
31619101
67532720
87126303
34655568
41484247
4019086
35290403
39885852
61815776
26388972
89916775
83235830
53114047
78879450
57933353
14728776
72568528
35818434
43295254
92704829
46914925
91661317
55698805
58222810
66066617
44154847
25288131
57981161
79082777
33494604
70658866
93707963
12444458
56262114
57253612
33951392
85519910
15279872
23136452
35440644
51353339
93207307
69214918
90828301
55357052
59550073
51189988
11028741
18427299
27432422
22582384
64428243
23524670
91490268
39711844
56893938
17963068
53768882
70254489
73229425
88002968
67964812
1215665
82300724
35197443
76723832
17627278
58226818
38265456
10729074
85492711
10639487
11284328
61741777
14603182
77886594
38466092
71931287
45947268
52243186
77005162
46679288
87328181
89205603
3889212
79044918
45247596
63934876
8783626
1429565
59899727
90996419
80143973
78605960
48325657
53441737
67174547
30904869
84606450
21181382
75101253
54034116
13990039
91062900
51809912
79905778
75426762
77253589
56763247
14821140
21807528
46017645
16159796
91545908
2987297
90718355
13792361
47575650
37676720
37601821
16319676
4965889
76034211
78240003
37793222
17185057
28390073
68260802
1741391
16834496
60474343
14460873
90767547
75600087
59374367
237364
73782224
82386595
36801720
32048739
70422590
28705752
17166382
924631
67889723
49644955
47722901
51276899
40622917
47899763
28134618
77885461
64895342
28368925
53541488
2928107
40800344
67179246
12053301
42807798
92425230
77582661
72397804
14265489
6880203
2203572
36256144
62120025
57557420
47838968
8557989
15670299
1236102
77512781
81845070
11091692
46972858
1255228
58362272
21655222
18190761
72622894
67786771
11382581
19841043
91058457
67510061
53356705
35514562
30289009
90036686
94251271
25020348
22425942
93559662
48748011
94059712
57373278
43228589
68762611
469976
35901337
58922679
4932246
86438961
7285414
11484923
51333278
36945265
15588007
34958224
80314667
49962777
48644667
69884107
52656820
12743781
57425899
11284987
36956453
89492657
75216068
23567222
47899964
70515883
40383103
38731344
56184188
30536746
50068230
42172672
52011071
9980992
32827288
80584777
49754104
32735366
9317459
67185000
88953072
8332764
80483452
83715905
76598473
83403188
84955606
61530224
59858398
70764823
20827302
73588339
53636793
39264796
92806556
50738162
88984161
2294227
70012716
53451992
4905034
10814671
83526568
21519279
83091891
81752099
8814297
44964862
86822660
14010649
31756503
32112646
28209024
7630771
11142169
56367720
2261976
20695943
36784263
27450841
44142977
60397886
49036100
44343348
73999368
34482188
47554064
22118323
703223
38534996
10313712
87003198
23638379
56818503
45326510
4756025
57602877
91192923
41012417
35786988
60130361
16867363
78434018
37899883
26684948
90500617
12591103
66622569
52898721
34483903
3405075
93704732
9160436
63693335
20850487
80041845
73024679
73969223
77066739
15387047
89040951
41407224
13838289
82911894
7636063
212898
38383612
35226346
6697167
90926746
56017549
12689527
36940229
89962731
81423890
1932587
5076262
54072466
48588563
23457827
61325036
57751953
27565084
73588342
65467946
60778897
1709109
47376837
42135546
80482894
48527421
63329029
85206648
48778633
27404005
91861002
71922478
92892640
45952345
85796675
36226284
29238182
88859408
86865708
46779645
45074045
56322749
39825044
16080837
16487973
27937971
40965661
11680341
75951746
8099813
26142444
75931996
73579741
14862331
52722423
39907844
88320853
59261029
80373137
75176328
67975547
93282916
10187481
18507653
45883869
40241312
48939926
11332529
48625261
88357544
28958941
1649493
70340995
35123836
53082144
49885945
47664444
90694702
91875896
4739769
71068878
35196135
64837162
18043810
53218860
70136009
61007798
63250948
86927261
9819554
65226000
94173423
52296190
81171041
57765415
45816019
71575280
80623704
71386959
34412092
13098709
772042
32703387
87879828
546673
11427187
51714539
67438199
75605761
7882839
75565035
25299817
