22476569
37133835
22364462
86541025
94312833
33161683
25250790
76781069
21057754
19874098
60962340
73759283
46501754
93201914
49584649
43098835
36624522
67769875
33384443
78460489
10144295
49933414
3042085
72117016
92398461
55602443
88189588
18262268
42855177
80420253
80390313
72607871
29602263
64371898
78799655
2430727
55884926
52317614
48055711
30697358
44149285
80116119
11555439
9338537
16811440
76646617
33661624
82676261
29273932
48097943
90679691
9755512
61692923
14478214
21858848
9049087
52796154
23733334
20268074
43666747
71128036
37829495
29794965
39822629
10494730
10723912
25411444
8793581
69681830
42852085
37975688
69531737
32696413
5839072
61269897
55924050
41750392
57113626
7292746
42857759
30375168
16225532
60197159
49022878
94148874
12591184
77520518
946223
88617041
10249942
42043548
21999931
79102387
24064109
54116788
77345439
84068765
13848790
56275222
28573298
66631701
72766427
7604728
50538430
70935817
22334262
31092502
41523759
22644249
23111424
91813687
87195610
52769365
10342177
59462273
80460906
67063116
17664994
14755231
21582020
18661870
29538993
901354
15502977
86554441
42476174
86130716
77030205
25370643
61818176
70597134
65923944
50574912
2273038
32047611
80902890
63480719
22964718
35120872
24701026
90305345
63038896
40621285
38718718
57935920
19078336
59244050
88173203
41908479
81615760
51814905
31135509
37916975
37495870
36500047
53839555
56757375
90104045
845814
65412891
51885100
6118784
29959804
43874101
56514391
54661217
82278536
29586014
33280069
38178053
24276713
31051586
9053755
52948582
50558157
17520413
89153838
92046713
52522582
46061227
13310347
79629231
48131329
68735398
35591336
79635127
8075605
60931193
54575262
81119651
47708057
89882159
23454310
79632360
3117063
92957898
13068394
28182142
46536736
83125479
57632723
74926543
50667768
