6039115
50667051
49704578
66346098
80155977
21243613
68136755
27267518
68342303
92239394
10861419
19630592
80237520
76864287
70766563
74455470
63494366
38779494
31457662
45116416
78247426
64978937
11923876
62459590
8184682
66437348
33394574
6497494
71573715
3281475
77318235
3796560
93072989
40911016
81912790
18417274
79473431
638695
29421068
14855597
29851962
13650414
34150458
69137501
73240607
19901214
68684059
41013249
64662505
29927516
19465421
54974154
23025111
86500755
63466488
6345111
87993882
71762003
25332682
74735511
90203186
47731509
84966697
21764075
91903410
78314446
43108797
55184016
72938276
30909752
34316269
43553680
41391349
10826522
84800379
79672937
5842925
8980859
33942523
77142421
63987973
15281836
63457308
13373551
52271081
52318149
88284387
89435242
59708812
52546491
41623565
27395335
2164679
31591953
88770422
58877635
56962427
91380737
9706879
80404561
81338756
66943299
58441879
60101671
7635203
28813683
54929856
48625283
73255511
80698083
1301899
58466800
16440630
50761797
13544923
10778080
33784216
46537611
19941717
51858317
46974073
67386724
15208488
24916438
18011189
49868848
500244
75487027
33831120
87181075
31016870
31391747
66136587
82693329
19453818
55556278
10054007
16041578
59569415
66785533
84702265
53981098
4627635
19706819
84799325
2624291
66524740
45088340
54363023
83261455
66549202
8468571
29040100
58149240
43484440
22313768
74622240
16554586
27984744
54591806
20683889
77435886
23477689
42377350
58209522
47649646
67978205
13810467
87761261
39265198
67945024
91924544
51337398
79841739
76678069
89976673
85402772
44494152
92308597
23317366
37111839
54195461
62374883
79082366
78650283
963727
167879
64510992
29488984
15844112
84840049
35144628
64424773
22176233
83780487
70702430
76607103
13674968
89260071
41289604
67683749
77978286
76060581
61672842
62659465
82137170
18167083
60259675
1936605
93078046
9356593
33074596
39332027
13629081
34841762
57671058
4252016
32440479
55099138
69450589
58253276
6208274
38526904
58832565
18346017
84310943
4875212
24210386
67554191
74763262
75044466
64943958
48001011
58165873
32202161
39379771
4352262
80892974
45293500
55527834
92084179
7463025
68555866
17147629
16907506
30631573
77275033
19141950
67606090
22527391
41754830
84466309
71843676
5762441
87055186
57725690
68905813
43320878
69079990
18481814
89655158
14075967
3878940
52773199
61167539
54300785
89614521
86599079
24641774
56053417
22027120
85809167
76824477
22324782
43738829
42220691
86520886
31343141
81350501
18760496
31033152
50693290
37988370
52146879
18110773
64736380
46824022
38385464
7397897
33744139
10084747
23239891
41592470
84294900
3808673
8123870
64773403
57418916
31677417
3294166
65174607
33895709
19037733
82295322
34422823
46209974
3615010
33327753
73555869
80575951
32858653
52865278
5368353
37090947
51939702
31703465
90705647
7220128
47548316
19417015
12443174
12253322
17487981
72335883
61929216
39296417
55230129
33437592
47561441
83380179
27371988
71380354
18604586
16350616
24552652
59571198
31775383
35238618
22759498
63659256
8892231
11231990
52227831
51932268
77552043
28264747
24051938
68285636
58435541
187146
24824814
16176957
49649046
27682088
63253969
11210219
66641576
39409847
63376042
