44465186
6459191
49158651
20645618
10737744
69402325
39274558
81187214
51604776
26430805
37558867
90849784
50720459
26541578
87824334
6614873
38497178
24351898
16706389
46369643
33594687
458986
21899159
52930320
46471041
72438880
6307023
11589630
21781247
5783276
76284323
45529880
73442857
41892835
5348176
91889863
70537607
52107771
3250714
54204995
14016723
61332177
74621293
74581141
51022010
73027897
10737784
19789862
65772803
48855652
21668604
8132206
7051670
91081250
53974832
65433243
35876886
51337715
3380041
53364302
88966092
3993386
24883719
46964763
84174241
