17659723
87343623
68900294
19981867
31632849
84664601
3424809
16018197
21165335
35198899
18684360
13291966
90483951
75408539
45813263
77657927
61823077
8360597
8753785
14049943
28570149
17685015
39034706
2256641
65724662
92261302
10996364
1626954
41783713
50354419
46722090
8541951
60598471
56566460
44027356
60784044
23981315
32099787
70670981
55273635
66237348
71400483
84143285
49626157
87296204
76378091
67473670
38206322
74852982
10497357
76489127
29790492
2985104
83340374
31243339
43501602
42212056
65454796
77244975
55288021
79306571
10240855
81343301
27034799
22832951
16262573
19296007
63427768
42999205
71170424
82014838
56595526
56882521
74141182
81108479
64528263
61532003
52423740
86347592
70702074
56286116
32749515
18493240
80221684
4839518
71021439
43739660
1268091
51138648
83716650
48411795
47632417
25138370
84937378
87106655
73359744
48506662
46219630
6281138
9236219
35813157
88096117
80768058
26664450
53091706
84753776
84359728
61785704
38177939
85228281
35223856
35997560
51411207
92918945
78336825
48400844
91154946
44348745
84544229
19540527
69576391
30263712
69648525
69678797
66705821
47175492
77917857
62304438
7425360
17716424
890493
38331640
73751421
50591557
86767604
64155725
25566388
47743762
91240364
85648069
51850981
63842915
62947909
31826481
17703921
86669705
17464035
1716724
21230311
74484931
48642189
77031670
1009071
35912680
36345362
76342676
36796027
87263
30792103
39874327
34985348
26632363
71892336
73060261
83793782
67820035
60114622
61586573
4078627
84469463
8308926
63232081
84518038
74022486
5367565
92465285
26093718
90429620
24200616
8570108
3691089
81342897
56985407
50663063
68779926
65504274
16540110
27442245
16032914
87323432
27091888
29315496
1619204
68404107
65190426
58253959
47928776
36275336
34738514
60349380
3240895
31102360
21232757
23047977
70450009
63148161
5815690
76960319
31017123
80131821
5893864
3470833
47672238
1315341
9648727
40817807
1790133
79501541
53414672
9830295
44830162
42771093
53684150
31571923
25382212
47776272
6272698
43548082
54138524
62957397
25978880
70952314
3731033
101663
85095527
32804209
82916245
78270259
84505076
65639014
13648950
61977655
31671590
10600560
2982951
73653720
62966782
55296565
68475472
46243709
57062134
32507300
37880429
69021788
52411144
91804552
28258483
74615518
15349033
26783653
65732979
4891579
2519657
39484296
5052063
83361384
70220412
29815990
4406534
7635877
29634809
18077355
37285734
87868631
73839499
26364670
68705197
89744782
4161005
29329768
37848907
36299101
17481728
9680412
55829237
39904265
82692031
67627733
19992855
13206514
82282267
26901364
53199895
15491087
53771939
3610611
45847414
55505402
67553871
4489210
30446711
16717949
7816979
69910212
47624300
10344886
59736352
71484235
34539588
43280310
85759147
27334827
8476545
42723309
29046905
73451943
50447324
65073549
81923306
35217588
24555643
7218482
30583027
27483987
41030905
41364840
55786483
29820351
42894155
32093387
65097442
85675347
39253776
43170207
21061857
1780991
59198883
21352741
83890978
44454995
54508153
45283765
14389006
29713802
40860038
41348239
49052825
84742821
39360426
71638814
78486684
29907830
1813271
12969189
14714504
43148249
29723409
88537778
72323859
13328971
59384914
2991414
79459005
8640900
9549055
71215585
31475324
54779764
24469470
52922081
32748863
79617484
60985152
89237464
58306904
66135089
10366377
87857503
11558825
54846731
3774895
58001741
89528000
15435362
16656915
44530343
39835725
55533035
79798338
40450550
36900771
40996287
75794329
52338569
79133593
20582476
62044699
3914971
19981869
60520808
89683990
14861975
37386057
16537700
1652451
69239022
44532892
73417664
10984307
48979854
