24868619
30030819
38877999
92516893
71135814
53877013
67381278
40874751
86606690
74349342
77031846
12409976
16686530
11963903
39720197
38943147
94600445
42516832
11109182
24041271
25466868
78284594
91658484
47932462
77845126
76276587
20519162
34081148
58870139
63557824
32098050
87892441
27350274
29321816
35433408
13417495
8038616
60596274
647574
70230360
26260912
3599613
59585847
22085319
22494172
79991727
90137104
58878956
91472430
4878878
36213949
31962341
69863235
78455639
36523942
4271297
35514063
54053586
50536521
76366310
74579004
80130924
17644525
1408231
6684562
56897212
40504953
88468339
92497509
18765056
18423084
73853980
8565850
51699304
6245227
29991087
36923155
12690231
92320704
60961862
20717916
29981178
86696986
74643955
12062181
26603933
47233993
26674603
23485415
41517136
85944602
85823696
9892501
79901992
39579543
80482415
30345667
49085653
645419
37223282
75068217
8457718
56063543
5786897
94322853
80567684
36164725
18408101
19243819
93299662
36628009
41322540
27442835
22514312
24448580
7499319
48301588
81284355
14018043
37840259
24912419
58730577
62666108
54456466
41798624
59529183
72746947
43745180
9916123
59004354
27620242
40047319
58474745
92780574
3407599
92355970
15591824
19476778
81126183
30441717
47272938
62790686
82551197
55097525
6172290
59927512
60834080
32088372
8874197
59761755
49807538
72517642
64921640
6281759
19851048
24855728
29568642
89277955
87854542
60292520
70973820
62256223
996769
80664934
42061078
61493217
24211696
64533478
12944111
55250234
25669988
86074641
66653269
12432266
34639588
63937310
46226142
70949735
15083092
816724
85928215
72158818
64674214
92863939
23807890
68171731
80638388
23342639
62903249
9170679
70540873
25289177
71394079
46962540
74781327
61250068
91467446
26270800
93290795
73868538
83330125
40593427
33707964
9536319
64571176
7810944
49776241
44233909
72512946
17046980
90615940
2672684
7685385
47283462
75203589
85160910
64707741
28004334
76534172
13603694
61830383
88518683
82763765
37929368
16345046
48942183
42223214
67037267
23951318
29382514
18653683
32141503
14244567
62553363
93829141
13285619
64312629
3982091
47346616
10728513
28635943
32289295
11789359
17900877
81439491
24311181
70163713
81434519
25047839
6121497
25733698
28330923
56183054
13740505
54597572
79981332
72966160
40955369
13648268
42731172
90700129
68608506
71186319
16287676
36529567
21249947
56483813
76661837
37157552
88533023
31783573
34262415
68996728
7597443
25666480
84570585
21104892
30071132
80484293
18411819
40376830
81712427
71866151
92750169
9331988
377811
4703160
17845936
35240288
36281590
24232488
18165778
