57783536
19198074
71217775
69612144
43171598
71807446
88964706
89034718
40337524
88676209
33700541
11648224
23810880
62765934
39628631
50274934
10746368
38487031
61761758
67471468
30562619
23078729
40593671
62591937
84112981
31480931
12970476
62977833
71323668
10192722
51344406
39226798
57026318
46508903
65460508
79383819
10561266
41646414
60119774
23032839
33468178
81570795
74362789
15916264
64701765
23233970
77894558
39297365
91915360
85635686
54700382
87915612
57774274
80172467
77069884
38921347
68106258
37299333
56342699
21009688
70160054
24911079
84806436
2534210
46618749
5533749
24239430
90651181
12947250
65394548
20382462
8141983
33578372
3430545
80765867
749759
88602966
50873715
1236628
55474165
91375774
50795097
60051982
43373062
68217217
9059403
52291886
44324878
51289491
49843943
68659462
68659463
1308631
62795718
71818531
41884104
38175582
3620339
3303243
30173865
77476710
40185879
34774103
64543637
94461487
43050245
69100294
28578447
20203688
20716583
79271303
73116634
4531698
31555558
52521011
83684851
26620037
21312808
79029855
29337954
34957755
2240810
32229421
86640045
48128342
3517772
19022260
44135131
17460132
28575890
59289638
42990174
39160247
54382938
48126956
92918744
28982376
7732612
14282524
33737828
71685328
32641561
86903224
70627559
55816168
52751094
13988507
15863665
16705839
26884441
84590776
79645214
78216182
85605390
3268274
85033367
49809389
36739897
49143098
43537542
20443517
9438408
18958134
47659209
85667745
58373555
63493152
3001316
1250427
62649220
73169050
52513559
26320439
60814242
36087649
73593014
91613749
22339515
37969509
84686398
68714732
1690440
28283882
18943982
3952222
78879184
17361268
89575698
51458579
11173485
52985505
74115477
49006376
67045869
82912565
58404964
63403070
74155386
84557488
77842710
29399130
18395295
64893491
55242332
5049158
37215202
84679958
31816726
62238864
62899860
88022758
76774516
47854646
79194166
10632030
18216336
9699670
3278438
59853530
30024604
59173137
49448140
79824623
84786827
17237689
69670526
14403973
10326462
74246355
25644754
12124296
48219741
86785530
41978121
81030999
81031000
3611523
48331048
15259694
35819380
68392955
54898948
11661415
8144422
70273809
58885962
64062699
80010430
47411574
89937609
35774724
16774593
93295133
58333349
520166
14256787
67759135
15854627
80349355
20494815
65304830
36729404
9258626
8104460
77481427
30235525
64114693
29563307
91603932
37229169
39582717
57373326
21213630
89936056
55050580
42678017
70288784
44986774
91028876
34391521
42954793
50524817
39997653
76314909
68609271
18619212
75825733
82314914
17210451
40059092
60665692
59793162
16500244
46406186
20238455
44495628
54230930
17768107
3696416
46167253
83589172
41382954
83368096
37325513
61830435
94446450
2201101
88604831
9669775
64145808
35650061
12616510
10377764
32718738
12952971
3382403
39557564
18504098
8539928
44112384
12481314
72249350
25354776
22488318
78411299
29801652
48454843
81136620
85186514
84815376
16445398
20096662
23751476
7585971
32968921
17566466
70790116
90752359
79025281
31990665
71621857
2776097
64020796
17764468
20038403
66204005
65822884
1766079
85626188
53315320
11547686
81760967
58650911
26856504
30222502
48994919
81558187
53137027
31166872
51573981
19642108
36539407
19792799
5059939
13939115
50851153
12624961
20300319
72010299
58700517
66096048
18988943
35090877
3354364
64905227
71764010
60978159
43757362
92770688
88843786
16204033
50562958
59656621
34768012
56276654
54722272
37048625
82248752
4544917
47215271
47856097
16604164
21035059
10739388
69148941
62349689
88052079
2573929
54785419
60840627
37002077
8292623
15262251
38199440
84546186
59640565
68865511
68198197
46646435
6185143
19848659
58709107
10764273
49926368
27957891
72420082
37979914
72094226
87504280
10881725
48241611
16236735
24812622
60446893
53378737
6574630
17513525
621566
65691180
84412392
37716135
30932864
88845364
74415289
16839123
71349043
74989217
23509242
90488314
35291266
60756076
88873726
67691981
19067838
51508744
78755276
60809468
85134631
72402106
6651931
94516295
67188995
41861356
4407780
32065969
62978353
7184034
14812384
75825010
84434575
82580915
78955224
44583031
71707334
7089321
37069536
46289252
15657159
75629132
24688813
5807434
70216548
77665563
4455518
29061991
33544377
11222790
87619904
94430544
14413161
14629771
246010
46599601
29841190
91479811
19331959
49153669
29126871
14211382
70521239
66669934
28119751
63907718
5563731
38017328
41703441
55692328
71576779
24790756
85829406
26396880
47737617
22607474
921159
7807168
61120944
91060825
4909487
92324919
42386830
13858276
83408776
66343006
54192042
71307562
83595843
50336479
60769527
55327549
82518624
11665284
3633081
32494683
30362615
46226156
89762058
49651684
12774603
88106524
13835122
90820415
62220773
18655741
86463410
33473887
57876838
70840684
12171774
91244709
69692740
84983815
27616779
49909417
94115903
66354172
38154665
48323184
39401803
80748052
30028835
27563992
54989521
13181732
35594590
25368994
80386138
7169160
13034584
82636358
23910087
41873986
22106905
53175101
10803399
34687157
41816191
54878039
60441729
29061727
72306798
51491808
4235143
90852070
26327696
11288108
48591571
66133993
12453551
33072137
9508921
50672657
89009620
66170803
49962505
79285406
82114412
24016119
7772896
67154474
69011402
13678126
93504375
9130383
47052280
88288721
56261299
27881476
52866988
17511490
54848327
71505916
58151942
26726624
50390638
69955203
13292205
80881389
28021648
89407329
18517003
29075043
86826006
58158605
51872495
10429699
64574129
37065361
71154389
68286172
58529129
45723657
26062547
47945811
29061935
56808326
44162886
94308536
3198992
63020118
21092036
45060709
40460592
86233715
30622809
29527542
94245172
41959934
85533399
30648687
36578231
28758912
68070804
63123547
14201695
35348811
79979801
39276332
70848794
75161366
17890357
32199982
59783328
36495706
94100390
35392364
81165191
62335065
37014301
14274268
52738928
60884993
267945
21600555
69196203
21369539
81002151
22233692
43012635
52004000
68819533
29465137
11587280
20365107
22953434
28478937
42426580
76997651
63639628
62488113
86281868
16243186
74119001
67880951
7111976
39804176
76960942
9446304
55511384
62723279
34959682
30201180
55997217
72319215
89100608
81703412
29862404
68665679
8152647
36141910
7911376
54638427
27644499
20219004
26241631
19664360
86506
66709669
92165902
14869048
53855160
37521975
74745081
58998051
32602105
37266879
85445270
40986739
63299791
80280430
29956364
81943420
90611956
73396930
3127276
28926992
32145909
38994815
15947308
34994212
92914530
15727925
72309364
20013449
67362495
17303285
12578847
41981219
15833439
71759823
16558446
46779992
60302162
21521305
88959831
2965267
40747055
56057342
16277229
8955595
21537098
39909794
47745087
80073184
47016743
36215173
913457
41801116
35959996
91144492
51195161
89573505
41619283
9433023
10333968
3767549
61431777
60084607
69059678
56740271
47902517
68637731
60140765
85698503
71050150
4779207
18782626
76863865
58320264
68596671
80897205
18560259
57307098
16430288
85545481
73390548
32098475
26647994
83697204
13824135
35530610
43967068
48448570
5714919
55781892
18237391
11458488
77116342
77207358
81786021
81695327
45880398
34330201
82908347
1147334
25070232
75883442
17004085
2676169
22564886
62650694
3735322
11868707
53071103
16509170
49357481
21892195
44100983
15405134
21491751
79845295
27965316
58912638
4963817
67239307
10473183
85032106
84354395
26138732
27853212
16104204
78124983
89119590
32421130
83393558
36722292
82642245
88198760
74402278
15435319
61985761
43539956
42662982
18256853
35250378
11455204
55454393
42934708
93039754
4542455
8237755
19210524
43466513
76138772
34669031
1923364
29431506
64898837
58190975
28816115
37703761
30412125
72150600
61180012
78366977
67077552
73100454
4328107
50148198
72257957
58894646
48840149
1106929
60401598
91251197
57277507
502893
16172521
36130591
69990196
56594029
55750562
76211710
89770906
71403449
22713874
51914750
63524697
40228721
49053396
85703851
69188597
18423438
80256132
35660134
79688182
20445278
71463607
91028877
41203197
88874401
89201354
80368170
39816541
18162097
19082348
13724989
89849840
13847558
90212746
70515930
67793702
13581711
23880865
78339135
94658067
57724628
75743204
72632240
57680714
49511494
49136308
60475677
7345081
5287554
64207299
27817238
82626153
77785779
17411743
38746104
94507823
10851507
55465623
73828909
85471617
33721536
9021407
48644266
88390125
57916062
20152089
14343102
72653519
11923217
87701787
33267118
40213926
8294025
65295537
74515131
37112069
6282688
35774277
79970354
40499760
39551711
1192175
94292149
91630445
52280109
9387083
87850733
34764771
32988694
56976091
27165263
46004752
32929340
82953109
33145802
33318135
18464939
59521499
91697433
73894584
53436890
72792030
56742217
89730192
53699172
78955875
47292480
32975377
67347289
77094727
40270700
93505146
74909043
54886869
12615489
9882277
62622203
26047733
15146385
61510712
73368447
5105477
11534428
61092321
42732952
51999822
94489473
51158912
11386194
53826654
68865056
94280860
77468057
63172276
73780985
42191727
18921221
31547956
17216769
40847037
28013486
53779846
43125734
36493298
45634826
90629948
73467758
63531556
54225476
90202168
68551047
20755103
53270295
16172522
80096218
50063792
8308830
80478527
83672977
37098618
44508097
55085138
65708688
84438502
43653647
45718649
70255670
31876805
28672430
49523118
85466728
51332172
48011582
12369532
11659085
36427959
27992916
58539717
68012661
60981166
92472355
49855065
20877322
29697543
91421771
42501137
544026
42829890
36710783
66337602
3379215
29366499
53128811
64747778
6876883
9684676
9810859
19565479
36937732
12320361
87174885
9135183
31379356
57122786
19091588
35380707
67946822
71880745
57445312
84850010
75873280
43867160
68484273
48587045
70931723
32677057
66996586
32271552
459831
5226719
53706782
80121437
85281062
21727803
19990270
64257252
39838163
66511451
28915110
22847566
33064192
11413118
23794713
91773635
65708443
60987901
75757233
39204163
59752956
89507332
54533382
23291754
77181568
44834987
26810529
16798194
60223508
69290155
3707785
5900507
55083233
85659387
91091000
45640758
19653602
29650001
33371981
23170668
69461460
14632322
12793508
44205829
76420397
61431907
91736734
88856637
2504520
14557002
60992435
76171802
45882628
65040394
84757212
41108885
58034120
93549495
64044433
79721349
94065296
38456329
87691531
1831700
18480215
62388496
50840173
86935756
24782512
85292568
73756926
84705727
8481943
27986121
16352868
27659775
9777763
56435568
29973335
18153633
25750148
38095089
28403454
39278709
45414813
15304259
85735009
11843245
75562641
2735387
54776393
9564875
64225065
68796981
65346555
48383522
84352737
68860320
4525927
33392133
6819855
12405374
31587476
92675556
60651480
13155420
68706699
1807505
85749193
29252070
27589627
43007551
50499785
23891005
65318930
21636973
18757205
94638387
28702303
47543227
7247952
47585781
57765658
74846174
14028317
26444174
7497533
26143587
27693498
33188361
40688555
73563211
49791422
4303913
13875090
54734453
2723079
86241195
84187244
77751406
10904221
64204338
17228592
39219354
56311529
11293475
40425713
7427167
2802596
10701884
11626338
81043341
67288587
7288680
50698966
9143790
91402636
25751195
82139907
65835749
7512356
13568506
90950413
25063763
35694557
39008653
45655500
66127314
32412755
69830507
40292464
83626899
51480583
92362070
72123461
91103265
77042268
83595951
19420613
1084666
4376421
51962663
67566662
41396235
43280594
66356820
32010308
9962793
91690566
10611532
31470438
17957580
80852559
32735761
65697054
37602300
85557565
2554275
10138289
74369281
64076651
63823145
61765852
55188758
73111958
47099219
25320588
81331639
64642174
12823176
66991775
26299696
63040900
48283216
87978938
3969254
28120548
86700750
2837596
21596417
61436979
45496016
33846620
4097274
89068485
8162528
62888902
68140363
17844745
33563190
35883854
68955862
57886886
45700642
32887021
47153244
25877040
93988657
64965589
54242008
73912317
55771773
20117725
54126482
2523367
69411001
82651747
45370204
10798011
94309014
37759003
41620244
89067112
89067114
26559405
94216047
32443411
93894607
2979868
43987662
87265102
72024703
19674315
77293028
58944978
89374349
38065621
2014796
56450354
70725919
16312011
5075374
78993038
82106827
64355590
14424897
12863122
20964725
4547800
75822669
94414539
4090858
94321245
26193468
58900676
57184141
77835641
86794252
24540148
77002096
85675344
80679097
76970949
38486972
21058395
56202429
79455238
38663389
78772167
50465268
18990214
54484628
59914870
58909651
48852390
19125806
55223457
25270584
84760580
54388229
26001361
49190745
66390631
22848062
35850635
44175431
12525500
66285768
49516645
14944786
15357690
76884553
17092032
50997982
51121805
39790226
30795212
7302116
59503193
29289737
25064328
6713295
2027659
36553135
82184440
4775690
34411372
40461376
69528359
35910636
83344577
14571639
36090806
47872182
25667176
89901229
91275105
52987425
56387689
27831338
94630635
75564745
55716429
58159156
51690374
21746769
75963069
49017740
5287637
30909216
55140855
34403289
82687628
52146635
38185252
65668769
33083274
37542871
63206020
72778572
81331953
58654189
67575869
53602941
24274908
43941470
3631407
26895894
89838196
73746119
61232917
30815800
79062435
70970686
50192934
83198902
54115833
89111700
19790444
47371641
11994861
73197953
91011746
74450872
80885754
73350680
7856368
28308389
46192280
75041452
82286430
15820978
75158375
48683581
4787678
86530396
3129652
74878790
8585086
34421960
79351646
10313054
64459651
62733425
86971044
89580773
38916739
38014185
83194457
84833700
73532832
7160770
58940625
47891826
45958892
81740428
25494993
54219555
85409623
78028519
23480800
87978661
5610108
53600715
20891521
70674079
60178764
80321632
89666699
58774612
32311180
80103360
60076519
47451313
12899282
53411742
13334846
76299700
64730794
54192532
42419610
47650086
75370239
51778674
82041590
66410311
12455701
78736685
5570281
64278049
47891363
4349376
57996116
31641483
20010624
3379460
61158345
41293156
90054237
49944023
53711576
42005089
44721087
55359222
80850908
43081951
50924060
11345958
66022411
34577085
47799570
41910900
37810205
75175088
17631926
82913338
42464886
65475794
49893838
19243050
81988227
83708778
56702390
9598793
88144206
66067366
80421949
17864370
47974989
851181
80602198
1231786
54305406
16876147
39060037
2688004
78500576
4633331
47998103
201236
78263745
36163317
16768580
10628897
28424480
55740219
40941370
1607056
75818060
69564919
33115082
41012688
29372371
29184816
28612254
83334135
90507179
51569116
41363617
53347820
64211124
74835248
9683233
19934827
33606197
76672536
78628734
21494912
79928233
80332510
31622552
70059842
18569504
52000357
52416564
72832222
48986373
39822029
1102140
74013610
24968941
40988362
42337445
52934782
51722372
40275201
49534740
893670
54198878
78225256
66476901
2561164
14631484
79617274
55053207
27398843
76881434
36295051
57440740
35300796
25555744
43544750
3206031
47332303
59655824
57268422
46073593
28086313
8480049
86770139
31689036
60812197
91415832
6156535
6261365
64980716
67310556
88612261
26553521
79736953
31561057
70471867
49506219
25745832
40414550
72709858
73309578
39679231
86969545
81073507
2239255
90277674
29682017
36698457
46595275
89774391
83213364
77711424
90373372
20732659
47927262
23730558
36038007
68217630
73912822
29255723
5808377
28901087
90059639
49202552
81968801
11625366
6891488
57799885
21579099
64110518
46154147
41717064
56304650
18278537
28638622
30612880
55230726
2825643
24125578
90651510
6865028
25706232
51096955
89202736
89202737
24736737
48666419
8116433
6809660
78544146
70015279
35808456
41162874
23438054
44461792
38487032
4925880
89746523
54375252
7529807
62282263
25822121
19577024
9111179
44854700
92562369
62769287
38063118
88555103
60045607
65285094
21394836
52611962
1298833
75820747
24312835
8332657
57854637
42282206
70465268
88816969
27398103
85735093
38171443
52876286
35017416
74517400
20285037
29680818
61390249
73456301
80831806
9505212
20905257
62455049
37533808
91131731
42162154
82660773
46891111
91967731
62142726
3252821
61369732
54362576
67034407
94280490
38941429
36696298
40109935
57308875
75780356
45840327
88910361
10451578
68965201
16566169
182884
18130272
92244970
23816974
75071140
72024430
72088559
12210411
25929919
81154940
23795569
53517487
32475203
50931213
5694819
22775386
48254332
3292130
12122961
76711641
92203218
86560211
68326803
47312274
36058692
51340494
82127582
5996590
62856917
16709145
17798339
41280810
62756645
76082910
37403314
3017575
46893545
17413192
49687864
56294631
46554191
48522914
60716066
45881509
4113787
21728259
61441450
68754119
60640203
71156625
3793383
33768175
18093858
67441906
51374837
46305326
37966582
27729842
50775295
88900001
26509959
69109547
82269406
50277676
50853728
86413825
26181884
34775654
16396103
53681097
60446645
6668222
141417
3857484
29430568
65609815
35512732
9472008
9482597
47742621
21140454
77975624
25589683
60775782
70896538
40308311
93102871
9646364
25446054
39278739
48099586
83625639
31062978
68344195
61029546
31217469
29159867
12493116
48396555
60368235
25122720
19067207
87642203
29045104
74817560
876972
5289405
15458251
37463600
8037994
25339707
29711248
8643765
22505209
53760071
91228113
66007263
58233501
34884898
36588984
53178790
50004917
64596512
49693665
93891827
38305839
67256081
59282940
85713750
90881772
81073273
37199874
23860310
56360825
82394172
25993430
74728614
79825079
51978387
69138688
91744203
87838219
69381267
64324553
48355012
20456308
4803933
57251801
94643717
28408695
26663182
71731277
90501034
56521352
45639569
54419965
50284726
93901235
36584094
37113936
57246985
4789978
59747963
84362124
28593358
25336470
39008260
5985355
82857783
15898933
36809054
53808807
73215542
83425970
72306765
15414625
59434947
39757490
8008942
35444867
88609782
64030444
44454199
12851122
73935535
8674305
79704609
10487888
91817855
224954
91964612
41466994
19821413
84582080
7777740
53817433
20051273
76750897
75588728
89458374
6781753
59829660
89101984
19843575
14847954
40323509
84252060
83755531
61749180
5067922
18635374
17411689
49172987
67839955
90458132
74131708
66546578
72931382
63023978
34830418
7789831
78818917
26328324
38376353
33572627
54687640
27736994
63676307
58262235
85274453
36379706
88876745
51910810
15202466
85835106
80104271
26478768
33537460
6783205
54758236
45615666
76453147
5787946
77569726
75047817
34596087
21847450
1833126
44421214
45669877
76335164
17267820
7384585
61022457
74013518
10114657
90999960
79374514
85093209
70757742
15034729
86640082
84488149
22370930
49691575
3781122
93322626
3506610
46883175
5657315
48653648
89216200
63987147
67615940
37356594
29001304
81055436
47428715
85544815
8836768
2710319
52494463
94082272
52003311
66155411
4126483
4688129
81445732
70365053
24842167
67073318
22339564
17451838
37183951
3661511
58047834
24882882
903456
55129328
40078987
62828603
29153787
61071561
89960200
85550465
89878603
31364554
7963737
80913818
81158257
88885585
29496494
8857831
60329559
22568410
22802108
8784698
80337808
17091015
73259285
86606071
58218016
35836316
21151105
79357510
60830706
52584431
26181234
58963060
23496962
28801095
32345331
14658688
22163695
65043759
36519400
15291675
5340781
7461661
12121634
93726959
1193563
60581850
87801348
32837367
50319655
35562027
22760985
43413151
30198178
84582074
39320576
38268310
58574957
50710958
86305088
88457905
56812681
91573947
16380885
8954853
36548219
10473319
43558379
63252839
24939050
21646771
91078230
45698597
10577680
45211951
32025183
5676167
57091546
25683439
34937095
35423357
34866441
44841401
45730753
54342076
24594826
32833697
13032663
16986335
4532022
8254602
70247769
34381617
53868710
89637034
5767356
6872786
22230843
49527679
11786867
53328302
9721492
54468683
24421789
81966052
29357757
40169037
40729896
5441093
14224290
2447479
50873118
58838324
58092320
91454859
51504739
38300484
58950497
79223460
6932858
49935041
8734164
58530591
63440207
13634233
71452188
17733465
19690875
74005011
58701399
58803676
37065483
49081822
10948896
75987417
36870361
81892852
82693644
75829056
3787025
14501811
94005270
46004713
57114982
65809902
52673006
87159629
2962614
67668124
63889808
14518535
35254758
39946101
83892034
21719813
55265178
55303763
62282728
24961487
84001363
75048663
32149406
81255537
93603558
86972141
75817363
37388186
612296
70635578
92492407
33447374
3794722
31224055
70362546
57173379
11637924
17122684
41650536
80964536
35863635
54573629
53605268
74665196
78245303
90596079
16468151
43208906
37697489
40723727
60203399
63277155
4362217
7252083
2695294
42481964
78226998
34510170
42237702
53731362
33749066
36184118
8060423
91258785
65136812
51235495
60663680
59004831
21763767
74272349
29161656
6710668
57037876
70733915
41031671
43149670
25240393
15656402
52961496
68660609
53966913
33722118
33945296
65394274
65690202
74328029
72171168
79665907
36425631
31599265
9179999
74161775
74728580
64257117
36090276
34994983
60936797
92559888
58606827
37379478
23989700
59819497
10476958
51657433
11667716
93672446
19755483
46816122
46608885
34169436
35663882
44106374
41009398
85089536
16207308
94041853
6925014
59977319
41835085
25289514
41005714
93290708
196107
20669036
8513310
81682529
77011786
36919445
1153136
20278783
35539807
42950794
39397931
20138147
20034779
32643908
48826198
9342340
36422322
81126492
2772313
86743738
40310647
21702006
5661623
10938678
67907175
53028893
64443344
58407599
36678907
25749955
68722060
81195298
44009317
30599695
53047472
12494692
72458947
22026031
1176525
15164623
12708199
60282248
91110311
10686363
85021607
87323487
14989125
7510429
49819118
14290011
18302313
86545634
79697280
64519042
94073226
44048456
39159616
71619746
29804556
81793402
29979705
83367546
39743893
77051773
66833609
1883167
93688779
60010554
68025954
33404434
59447993
4187444
21837098
78299834
4177666
1550487
60448987
407582
88491549
60589422
61742057
56850866
83994711
60411815
40577261
90538712
12853246
44990764
22196091
88944542
26551612
29395407
28136178
28522673
30586331
51301006
62694744
73830584
70617782
35573834
18484784
77657180
27942364
50684346
40461040
1822962
56413748
36752786
821992
13928338
41674504
26415615
35288976
20825041
17714736
32749846
46667239
50434006
67640940
69384080
90665197
13825246
24507118
72679456
89286788
69499774
92186122
55222196
10917882
45890958
76161938
26955271
47752504
78511362
32049624
28624915
14823153
64768322
64858367
31526519
6322299
64062272
75573696
20805624
29235438
78435601
83564904
43126862
19909383
29921219
55845123
46154566
65558979
2027655
8558576
84522700
72963746
2312203
58368296
55623073
49116566
10955710
68633323
67149666
81328472
88860797
20591609
65123039
17990595
45785338
5143917
19068270
68702793
21573246
16935898
28470338
15096564
75093868
82168882
18163187
43549152
4480384
43391568
38687768
46019920
17672124
12594862
85503806
58877311
48731188
84565866
89122110
40064920
82728953
67046313
64305301
71158759
34953404
13322423
48822078
69887163
43860111
42802359
61640117
22832658
19470144
70716201
43229189
73417059
17959713
47023586
42811917
65129003
39629780
71009205
67373524
55865009
45787720
29900385
81190622
86866223
33144092
78950561
62153932
27695884
35683925
23009496
87360582
64020051
7665990
84254141
1148535
50816321
6168196
23885565
33365154
13363955
44848570
11841453
53732177
46913510
36336085
68191655
76357816
51309539
54380216
21974640
76025556
27106406
17480983
79166721
52178960
64731392
93541303
56443621
24889434
28262056
26666683
65051066
72603382
25360300
31222070
58135110
42256440
18899656
20249308
70746892
62172414
18784994
69563865
25832714
89525671
16984648
91963652
55345656
37022508
42197780
79850351
71598872
83651417
90825216
84687384
69574634
65495980
88092320
85682553
71168247
89849101
10743016
45830336
72996971
60214264
17899750
92373599
93659653
75524843
32044516
51685127
75740690
8538327
25513548
51821265
72643070
62455408
42403609
22821177
27230888
68253628
20787698
25036537
49708677
43412402
79338009
54458320
2848194
27180308
39358377
36493745
52483048
84247303
38803921
79498047
1005807
48465910
67889923
44766277
88872309
27467134
24263458
63699149
44278139
51964917
45318435
80993907
78503689
70037787
73787345
25600009
40241156
8629957
83749296
84768001
91547649
29021570
75513248
92431924
19364425
68317356
33794429
39153837
79651665
2128619
77485352
18358559
64186183
80970748
70985853
74395315
84561875
56286281
9554932
69345574
68155956
34470139
27034163
55973370
5829730
20994905
53653418
27342231
39231667
28534282
44435595
7586091
69099473
24236179
21942758
41429479
51767017
48317876
40274127
36137917
73990992
53985756
83288168
81900047
55489614
65174493
10460827
57999577
30864597
66904308
91533174
10577089
67307334
36810313
32626557
65286053
55262599
79493036
74674777
86703932
91416050
10772243
64663329
32097841
32203843
71281713
19620054
42097912
14028477
92335621
83412688
92491306
26991273
66558200
5424855
8271786
12188290
51567688
10433653
91514699
22883995
9942088
22532960
4310033
43272028
23344492
84876308
34306776
27934972
21712295
47670674
34239344
58017992
24865136
6571581
45824504
69865464
48098088
29636813
89163233
9894323
12416196
78580953
19496042
75697740
30234807
76076811
54847748
80749737
7238584
22576502
34724904
36866083
13838104
44597582
58013756
20171343
83007190
55533678
77123837
5975787
77037628
44488403
81193677
71340719
88368243
84029984
7098589
74866128
14831683
86010654
55684778
23646138
90830140
52025350
8681637
46284350
17678271
30565250
93291130
73764826
21984518
83375194
22033595
89744269
48653645
90509881
20131784
22625273
5979842
35549559
37942616
43341896
54236049
81347165
12991381
81251682
92770166
59294510
22115408
85436173
76135507
70122064
71676384
58967598
2503541
36689590
43035170
81666015
1669156
71800970
88949410
70330682
19906480
63091884
32763991
34648501
80050531
67454877
49762664
13528508
61192877
40248973
41062354
6770461
11058502
26799492
48737855
32541803
19787649
17863915
5323953
88430317
72181267
22853660
89598634
11058815
69880241
28952838
51257015
47253550
5779682
4392294
24247291
76716243
76202561
93265093
28062887
48957347
55874050
60660656
5805028
69119388
52815526
14289163
34618537
70517897
50561271
1426242
67205342
88754813
30044833
19719886
40259201
3257260
94652104
78950677
57634252
44193898
86663116
22332631
76669426
18081392
77429830
52758506
6799414
891934
7459391
18654296
24380565
39082620
80615835
62915824
41761312
50712165
31492120
48333174
50248324
11039143
68004481
73917144
18216152
20124205
77680134
82282751
65485200
77669463
83372898
23514468
65440812
44315611
17658505
88725606
45343642
94016355
11677533
38443277
93255440
94000530
40654466
92116613
37907279
18141383
66905493
34771532
70495104
35912531
33188947
69967730
86988431
29707926
60179531
15825517
34856194
80283625
34038802
57971696
41096018
45233308
66479195
18317711
13565063
82689401
10333051
72579509
55961467
57757001
89985264
66790256
39731939
33409835
10033730
35547655
3200964
7208786
82193757
67425209
60927662
9757557
93640580
91286460
91579335
38327326
24854426
4900378
88702738
34013286
65467652
6458457
458029
13270699
28559932
79375916
67564150
63210044
13301078
39921393
57021598
14482629
19262895
71675775
30523106
60719663
4255220
40064772
29002164
8992450
55456845
12709277
27959622
88704078
5530015
68038252
37149050
93347995
73712190
91608191
50613707
4302632
44304224
49778695
50993748
68120479
87036993
44245917
36597845
20631286
39906802
93722539
87337888
80820498
30591588
27365986
63018512
28677278
7975849
57638729
78993913
22438041
3439282
13375040
32708656
25955028
63977163
23449273
92246459
44140119
70739509
62512269
24455439
17619701
20035108
78037051
36197241
20231700
71424369
62866270
61453922
70759529
54632908
87388213
90964361
22660813
59162278
23862156
70200839
5707307
88499918
17176930
34016065
58060376
46301466
70099784
27261176
44147383
85294879
90519852
10657816
32740515
90557597
2246528
82189733
34588342
3733577
24398065
50316444
18160558
61793442
24664538
89190473
53906561
66526152
36874454
90819037
44907740
90959660
74045286
18892740
36249902
84955664
93254621
91323558
39261538
88343808
20784896
43943060
88100332
85268258
29016793
63972351
24321557
5307683
2229677
6906133
86644265
68700949
89077945
27088789
84143025
9233394
45395027
16815486
52683099
22233836
57357318
18050836
49581463
88196313
49898816
9849773
55597957
77309373
22307731
43162161
54193707
56011892
23690407
24810950
85719885
12197992
71777919
57776592
10894865
38220368
8278663
15023892
56573600
2865719
35939881
58354751
9333398
33206451
11199235
54977595
15141051
5126451
4355087
72537650
87089012
3467391
49348829
5602101
74873606
41373293
65170791
63991119
32179390
45161217
85951564
65684062
80916863
53227661
73828937
3610588
29016381
15201302
32411303
47203891
62492668
37414583
38118397
5816752
47727024
71017995
17573791
