29126855
67162570
91741947
30907181
30523353
70592836
38871722
53708792
75838716
10612447
25146515
10100522
79172652
40760347
80519820
80794104
5344428
67498012
2252419
24956653
24956656
57381451
64879371
51200585
39513921
1561680
90765527
9208890
39249380
82676616
66621969
62797138
16812832
87705657
41148829
59901951
85619454
38104255
22517641
12827441
67919474
22157385
86689995
53713355
622309
60232631
6990987
83091484
82990914
73746389
66243680
75836697
37855816
57180586
78973144
49535351
72792030
34427839
86334890
16554578
49534740
7471972
999039
90146338
1996697
88186966
48696553
54082196
90713557
63776741
50874499
53974399
45102349
27274907
9327786
8703347
30703177
72723537
51816836
58092320
3201588
665838
13180196
13913833
22175790
93355406
64905227
40821814
40821816
8758803
2827731
73019937
3965133
47621556
50206419
50638816
92523605
17194720
50121013
55117052
93832503
41570967
24644086
91105942
74586110
79049026
19082943
87523799
28870624
16310238
40764289
76466243
28462418
80169964
21047369
21047445
831496
81432978
54601755
39620690
67466849
49551643
49140790
69258672
19245139
60937942
52266381
42967647
31156361
17887013
8060237
59903946
1481143
8486208
9939278
87250817
42718150
43536334
23548045
76865983
13222376
14985216
51688722
88902865
3155982
5151741
2790194
45873779
92574140
27337426
8031988
35959261
57984955
5955589
79765229
85828310
85828312
62060419
72515955
25788692
67995913
76410203
71438302
13972881
9901296
93370154
18095224
16332972
34957261
51013612
41005714
43317873
5567854
19807676
39401803
14173320
8643737
47568255
6120846
74457000
47467599
77403524
47574756
88028301
43521488
3686458
47411864
38511839
29847600
50143160
85642111
27332978
69682046
74988027
68360751
77410957
3547700
89755836
41182500
74641201
29226806
33516595
51239459
7429434
48758214
66726648
77238756
70179566
38443566
8908682
41276537
94456901
4153971
37853471
68627527
7067067
76358459
23756938
82196651
72365173
26833250
11828069
81039916
25649549
54489857
66580327
28126662
48011974
59195236
47705444
17254337
40169037
81573299
41690891
48469788
28427073
90590734
55916802
42793107
36759641
20655652
40152633
39671674
7729353
20227634
53160374
49885399
90128938
20149083
81655103
697571
94611364
62384398
85242453
62769287
32490499
91666955
70449507
28767188
32055965
86712163
34200265
74731382
54153392
81553265
1300522
69391091
9360755
66582859
41056719
8597689
97776
62165592
24906325
29499548
94189874
70706514
67748901
5845813
29196509
69605239
44820151
16466276
37852098
55399092
15106018
40689578
44759187
44992962
89986271
27412712
1173209
355986
81156583
30253340
6476035
46315957
82368724
38318615
48862159
76160108
94027789
53443671
73636656
46945822
42076103
89810220
55070783
92569932
28967504
27629902
66050868
90736555
32676347
38147820
2604920
73564031
19593940
13792877
3942060
18881027
8872495
79984179
17699725
32330511
43895533
26479856
113291
36274031
20179749
41808006
24359648
93064993
6964806
48823294
61965933
64229423
38410193
19716496
43597776
42788892
31792493
43301950
8408960
62871717
76031886
78192750
32612070
5602101
13751948
33158751
73500656
62444277
77154127
58891436
36924731
94261933
77997458
25668165
33878057
17768206
87598900
71448683
7486406
87602412
84639482
38515165
6243864
6990182
38341159
33529550
47185371
75138625
76850088
61473974
83880960
92108066
50842428
57583924
65114646
1399811
4736412
49022553
70995413
1156496
55714610
26434453
23010503
78151203
44887965
34136437
83547809
6805716
8735410
45700642
6565650
22472989
14207738
26840025
7661010
55692328
77953247
91295981
26929935
83446692
17892239
68772023
77776197
29461592
608312
62819790
47163534
11279025
56530597
80968993
58291033
18677288
8805138
44172557
78989662
90478716
47046894
58400138
67274059
57419603
59543019
48134509
11696183
10628251
41394551
69173976
70797907
9518521
68607166
56925780
70970355
39975612
76135766
53718911
15930053
46751908
12526177
24614969
83972252
4947558
610566
59030246
65184001
4230642
74142547
92940438
1391027
94303235
56745185
14482122
28102937
36044304
17731779
12760960
50167559
49070505
11658354
82641982
14242483
20105379
86681721
68527782
90691158
57965273
80097495
17013204
49898816
51620013
55076458
56121469
31743332
46214101
22802108
22063585
47891363
31847452
76584203
27949772
89440809
21736420
84479140
37942616
18451337
49593857
30801552
71795831
18672723
80445806
73835448
77334646
73820163
4190769
22712255
80885754
88875086
83576674
31804720
69235727
82272925
42319606
17958776
60431928
86256603
17451838
87005988
50401676
84206876
76528579
16113193
5233934
73020369
30814647
84013664
28716752
23114512
27005179
69257938
18486474
47809964
17335460
5412131
9787227
31498526
52100702
43530319
65975352
17387361
50133603
51558726
58307091
12188290
24936309
20285831
24637933
3436249
85132598
37260808
3251112
93079996
62908641
47042577
65535001
54145852
93071986
38787164
65548149
32806493
26984156
84180793
45023581
74648501
36392201
31013876
70941022
15650348
40697282
17513663
89151872
33829960
44990985
70066139
81103341
21391579
76984249
88096158
31636792
24165036
29106076
67879777
78512340
38648698
3038902
85248243
60215635
93036331
77101602
57052936
69868751
56626914
66945082
7520775
75614808
44564919
90920498
25590793
71975719
43120487
33006337
48473447
62806965
87052784
21375657
80175360
78222547
2717477
1405977
211517
31443021
33072896
43042990
89314100
34650027
41746487
17398624
50379531
7636362
60655699
51260079
46798749
2146657
38487646
54318903
14972525
62933633
56663451
45590834
62160382
31929401
7343076
80603834
53259292
48779591
63349177
5105727
24745752
62013807
72094733
67766630
1822962
42055197
18893671
59858967
44745557
46447319
35091990
24937394
10504834
20266860
26312285
92767114
47123606
92446896
68102528
66428728
88009546
49380474
18983437
8389814
7903249
85423751
40074043
79356637
69927359
27544592
14110113
90224781
30965104
16900074
31217469
30705073
45963935
21213904
23428737
70462034
27347787
67782497
8063622
14084024
42896901
91751090
9164931
73746965
46496490
50590018
8774913
85595095
18081392
71097880
75170404
93435186
4001257
27634280
38305999
79333261
89014802
31472621
93891827
2312203
33212055
94242126
17305106
12953540
15589655
35112164
58537994
44328737
67104184
66684056
28575890
64128063
6073407
92538870
65520410
94459399
56221578
83382525
76715847
73553425
35045596
33408231
55716429
76247092
34110884
72524061
82929829
64791578
92464540
87767995
23428686
10045263
13878714
20530444
94218551
77860612
59147126
29827518
8714616
4802503
4303913
91190745
86726858
25319712
56742217
59480628
44297181
79840843
45400791
62577234
80152679
10698678
38036101
15165831
88451394
59444258
2166701
16831482
83243089
73532832
6961037
48617001
93464842
32646896
44315216
53090117
28293903
59471392
65814956
59024648
2629414
44032037
5077343
37933259
36206029
43406700
1533329
41004001
8928047
28065673
40723727
89539170
15749546
67599351
56681744
73850595
15308241
85641530
39148442
20369245
17825614
6841384
67106314
43530341
27754065
40739337
42228213
19508314
36964907
71827805
74148896
10467360
32486305
35408567
88704078
51573981
85157188
32840252
91085400
19275160
3044248
57267387
15357690
86906530
1830380
26939391
88319457
29949849
66527211
1554719
11523503
9992006
41660928
3817449
7176271
20208248
52942107
23460581
43265357
1188945
82115987
76089671
39554924
18084841
48488932
78192391
32825603
44783482
86110653
17087933
69694476
16101720
89961677
3760174
26069415
32745367
91219779
72643070
59184491
65901513
7236818
94410608
12136075
50016085
59119830
1310543
23348976
5585724
63188259
45662776
50378680
62262579
31382477
47995419
81089515
32462235
46822538
59195612
9427551
91922489
92645171
71076478
39862269
4623667
18289714
17134706
83117872
3659294
81469516
28559218
32072857
20696040
23153937
77639360
1984652
26635650
51620194
30337068
16340931
28586582
79417756
12337742
19419807
62314969
42131447
49646284
58857037
51632799
54632908
60023162
13992191
92859100
88928798
31832732
48857925
11255506
72577153
37076817
68906803
5145251
70777507
86645874
39569783
7967591
12507218
34691730
9215015
59072151
48180781
47318085
41097601
53810687
17532051
64971774
88323510
24720655
18841957
90868614
8868891
8955429
18129747
12409615
24252629
75237262
74332798
31382931
23836144
65734972
70336742
74337900
40953752
1267702
20936501
82222912
64255441
42360068
53956440
43879626
57064050
94296597
11886663
64243906
85082589
87409925
67952490
64342184
63069776
57038907
73637902
70087482
45016111
5798337
40738371
32377810
58044411
85550465
22444144
76469930
6715101
33372802
34796775
55194927
68878807
93736196
52762642
81777580
91212328
18314522
90921316
35595737
16170997
93295082
4725187
6158822
14967259
36644182
64101936
41294017
63480241
57019899
66842356
62950302
62326565
28797686
76912289
1606195
68655487
56841822
27307302
88797082
81003631
66623209
45306836
48568406
53457816
14696585
11161811
971280
62285637
46310145
11172466
59125133
43269755
9600709
59077847
5309323
32411448
10681787
50799752
25241307
5667618
588048
86861654
83046991
47621532
70215983
8715104
93994101
9916483
6703601
19333887
77227819
50152265
94043192
6901925
28419361
34133842
36537018
82904452
67727950
73516626
82165901
91920014
32556268
87630275
47914042
4743871
70263643
11451628
38984411
8734164
14787254
50020153
93540418
31330215
1160075
17609307
2931438
41957284
50623906
10644071
6518864
77700178
29354960
47026934
59328276
18089691
15795149
85720340
7494543
90516690
79139319
53789884
67607010
11077764
10414776
84440090
55416645
27115560
69978975
46605987
90874686
79036159
13034213
82651747
214234
22588295
38951929
94558762
90168030
78950114
55533678
18318579
69302869
88676209
3857484
87144603
75411804
89778569
22198243
92895520
55102961
69097059
19574645
53513506
16611403
25572074
25906147
14326511
77224713
14942734
17345736
33563190
1216776
12517204
58375150
52956349
4868733
90836120
123445
56740175
45443140
25454879
92394201
25553313
92109455
18729166
18461031
62353325
28470338
79854639
3793046
84642781
24736312
21463749
54342076
63252839
79561509
91420978
6100054
64516210
94222235
66138965
7720112
48593536
77456707
21552326
12001646
33241708
83115402
27412452
57574783
75890488
82049467
86099928
1859282
85849444
53159589
34682575
52230339
5446093
18883734
86839775
7207924
24940834
75721606
79547927
8790991
70570554
1894704
46638392
55547460
76103141
86794252
22026290
20192627
32168613
31498387
55617566
8957343
44958098
36389349
18978722
73118308
4723644
27204629
77790664
73449331
79405252
52260637
9183342
4347136
82465985
38206753
42467450
62618367
8617533
37368051
88192148
60214636
3053844
90830140
90211550
33041408
43181320
29370688
6705129
89162888
19786058
57982265
36637987
21770772
