37123396
6855759
85705471
56401497
78763168
55504006
55930723
6403591
77886024
72279358
14880084
86139442
40333921
86604819
40002760
28819639
3056356
40688365
65009989
21383860
87549508
36075522
12966128
88069369
17883588
73929646
70615489
45195089
69385574
66699100
79140975
56868326
19275993
87958472
24744710
27777064
8876266
48729791
70304979
37813741
2676588
36379631
9836292
36855849
15719454
24856965
26250028
39829875
30826537
37961225
52357824
82943024
26389494
31787094
80081656
64845877
77100697
15824760
54838913
39078519
90823281
26905068
23411690
90788003
39244566
54989362
32927919
3567322
31183286
70128947
72541429
10888993
21133794
68143340
84172765
81650451
73971101
77027508
13422295
20157435
10198029
66541662
74851408
27275109
5991205
11279155
68406388
85018340
67698198
47745665
16970065
38436396
76414221
11039774
59971066
20070510
69668695
53521499
68087297
51117187
65676423
3647077
75710146
59720219
45975055
34714838
68919196
5219654
1739732
8794138
74972495
57210852
64180850
51926928
63311883
70834324
62827429
37334244
59330349
11572824
21250374
25773942
62633863
33030848
4678763
66387669
80372690
90713548
82516072
63039107
54029466
92383753
77154593
58365336
46970770
22005464
47406009
47488909
38150156
62666221
3334785
240727
60555929
36296018
13471525
3970534
83107173
62464095
79682263
30324126
56813071
34505849
44406759
31377349
26056178
60330637
73224035
55771712
54370076
23721223
58706327
90603933
42405912
19377353
26357687
45700932
69031703
26176789
10075997
75292540
55511093
33729661
31205849
286557
52446682
18760933
41982278
71043918
44248539
47365442
53285073
41604068
24619259
12565331
45395870
73903087
670335
13621118
65507025
11235243
31136757
64538591
39776034
91438879
22729954
71827545
