28109408
1502036
83121297
61720856
69473893
66091646
50509873
11192962
54369823
34215932
53478374
32034208
55634049
40562758
38257012
84609252
91000249
75255746
57056876
33115167
39579313
58395710
3674432
16961639
67607585
50358902
44258247
62870342
57305917
36245568
27240623
12914729
73116962
51930764
21046973
37151844
69014293
88663881
77935300
82441005
44821361
51889468
5545661
73895581
69541279
25935270
81034859
68977715
43204109
84591008
94505100
57059648
86326507
78512617
51401414
19791925
62068231
32770138
82951158
13251856
83241436
44475706
58656026
43664815
15906363
78755448
69150838
17426940
63573139
90055201
93385475
42315935
86890344
32189090
61476826
33700753
91291653
73095063
28004857
7133823
70854027
44926425
17426330
70523251
24469587
54024589
73199177
65652963
81001705
12224652
61474341
45026740
41302688
26756062
52415966
15832054
25083856
69383434
23981335
19098399
34629514
1746548
9282448
20582310
81630688
4518225
59452725
19455987
33025309
36739914
27679871
90725035
68666360
9403958
21704082
53582527
32388460
69657011
51674090
74442949
61029634
44080339
78012810
6109746
77029497
72418303
36428680
54313429
52316943
87619965
43141662
84514195
18743325
5799858
5092004
93944568
150613
20262849
923609
16266055
63343328
56379658
29773112
11306295
40796091
37104516
93207164
23665074
23875659
85103331
6191864
44071308
59234100
41320838
15899792
77963200
78802396
92175315
42455174
40055922
53955274
67782546
6856970
64825782
82662609
62668145
43077029
53528659
80992061
66436072
51493736
11535631
83526748
26189848
33159897
24838822
7170979
18355722
50009874
33508797
77725105
45028869
92853231
20860629
69272621
55423603
1573993
48549947
69727549
46709943
4487768
26550934
72640193
74390470
85705770
11648451
82697006
44699059
65138259
62007876
90381266
60207570
88277805
3665151
25553516
74741350
48744746
27075031
58713670
41718095
85199153
7901235
14496908
62215072
83283823
56538637
12434732
50018207
44359691
81509393
78025414
63880177
59177926
56228138
68646375
90712744
22775093
61348259
24747530
1381690
72289884
79989528
80932706
27552959
8722482
5333460
64921226
94151020
14262579
24229178
48417440
94376792
92534212
5419457
2097103
64644023
16340317
8365386
58366041
51943049
16050563
80947072
86351956
81683022
81994197
31534328
25676846
82100722
3953855
14956634
56986497
88133147
35296330
37003853
63975324
52942345
8981746
80177700
71561631
91860966
19767576
41706262
48683488
40679363
53534336
38371818
61477414
32288343
88659242
78089732
23930022
18284971
19909893
46004938
42552007
64068541
9173754
7015531
37491863
15155317
8103460
46038548
80008342
90470197
2912208
69736715
32583562
22540060
91408598
22333023
2563541
9629899
67260859
33267350
1865449
61132656
86006324
81981638
23936014
7592573
56257151
53838903
54347111
29203502
9547373
6354560
31194542
44011217
58004808
40499675
78879676
18887421
50429791
38064279
68025391
51845568
74940797
44189065
42181673
19363211
6427148
