67817196
65618491
14742799
91756918
44576604
88628471
68049150
20931109
84668795
23086456
37106347
37906822
17195393
11981774
72900198
12793584
22684860
6510458
54510888
33585242
21596127
79251877
38294637
30160214
93060043
72226574
40902770
19252376
63556264
70793821
61803249
19218667
23325630
61750778
27639821
26703206
43321682
32717968
65278275
51937195
89070151
31207093
42095802
30078642
53288494
68850807
9210459
88812751
1264145
12938614
28662303
81085698
92632670
23562927
76446043
91350254
45714547
5980518
64185646
18549869
73586854
45549810
31808703
68633278
49438374
59233599
12485950
5826402
85345161
74768405
41865249
11054278
2888930
22505629
11762515
45477369
11604896
65099640
65266821
21226703
34353660
61641333
59001100
67748850
26140460
93940494
14186580
89555565
12994935
34094470
25308958
19978118
18374618
3331166
61393396
5129554
90399137
36611985
43629751
52736457
83166334
29556560
52529871
58971431
8831640
16221643
86164115
77429773
49760141
37252435
85742902
7073774
53417926
54012443
92174938
53064750
52103765
556813
72769659
364277
6651965
4707810
10230289
83868311
82769223
81330003
32823735
52675829
1384377
1485754
81115845
68327060
2110858
85123398
88984068
50247610
58506962
87629111
43323982
63399586
19535708
69713771
53067080
46091868
19108429
49010112
55418171
13216955
14438146
75712163
64057928
26829200
71130741
58621803
1910047
25489827
14921235
54120416
39767822
17647520
41807231
45745987
46226121
33293341
9920737
53011268
12300386
36896854
65359021
34518522
7828768
54026619
35088357
30245305
68519461
9268112
50651395
37520826
6460034
2245844
93594214
26221735
17072060
83836484
10605770
63997401
3685699
26079783
4074758
51266834
58428255
82347047
10205642
86212500
54192389
27067613
19428973
69813763
48301663
79537118
14094347
76193018
50594272
66670602
85667787
20512096
20512097
6999168
53798151
81761759
87498513
59588974
92294934
6913441
47503032
78685136
93383981
61744514
59672286
23562471
58976688
11569386
534234
35798792
93201566
20568976
79531137
80975049
27771056
75703648
54197723
12248378
79656531
88170823
15115538
66026136
17587293
87270894
53956739
66230589
82128864
76982241
33116167
35728039
85050363
76057577
37838596
35550586
37185723
93803363
83315587
86920548
88456919
83489297
34381089
77934345
59965059
63941014
14276173
64289274
52644471
44820867
13246615
74146458
85418507
18371634
20082988
7329701
50629697
1331117
68628377
20761621
63919281
49013438
59054190
41755606
27768519
11785542
16180644
71905505
56336162
29901742
83801116
27628644
2014406
83428928
20976636
57526593
26359193
62013394
21849876
53421107
49878998
24578915
91106184
19845748
94468996
21991438
90328415
50325227
