45847068
4449374
7169357
11501160
79722516
10275661
2472717
85722900
81117425
7608943
75472716
88423188
40549045
8594164
26453624
35006744
14843932
76058492
40335135
66856256
55945266
4498500
43127998
19833066
90884034
16248283
56240403
31850774
86976703
47546995
85197089
51383675
20803512
18141047
68152736
62864544
31591155
68211383
15195812
48773954
65954576
28172638
35800917
47790385
51574279
68112578
90350136
826417
71381935
16338543
80715335
26015462
61087046
54769851
85571198
34157368
51516220
50939648
33143438
84894027
43961999
85587141
33835653
42849021
79253658
58278190
74995938
55983124
39866019
81778247
82171617
82027484
29840410
21664721
25772826
57251218
47699419
83510609
74453125
42911076
38778134
39011194
24675596
44265958
4697622
75868529
63319374
32230570
4279814
9238268
49756391
90144779
60491705
78302979
13901682
19768817
29971379
64539984
87021550
31438487
42431369
88052854
19863201
91629632
50227723
32542153
33197968
31882208
7515958
8562608
2982148
91223097
4273246
65092116
48811307
49283546
76271882
76445029
2638128
9119878
28864570
25705287
16833710
91712316
13581818
50635184
73159718
85747564
72150688
55057671
11451994
74080766
83511278
73822704
41241415
81689007
60947659
26206282
88095619
36510875
77029100
18812061
48789050
70359644
47940900
79158600
52877432
28109505
35199834
61554923
16724593
37166580
51855762
90986238
51685414
70780698
80207703
52165703
58056988
43226266
68414175
10692028
80223230
90627448
79468999
1014860
29520661
54629273
55971514
51077587
42478081
15859000
35922862
82569204
59335233
22712524
30494352
89744128
82148888
75936162
49739830
6529249
31692329
17590654
14429174
23436102
62718134
756734
87190253
69921998
76346532
73898729
88897151
58808893
51340171
71438522
84489708
25899586
2011080
25394070
85560773
9276744
24444216
33087900
69830312
4647009
18085281
29509319
15324552
74533494
3838723
44887269
37762703
71138193
69972747
78767288
69835110
26270779
16367646
12605950
31632401
83000990
80033846
50791861
55008576
69364210
18864446
8578828
54318063
79334554
37730815
45773512
1851995
24665915
24665917
2188550
78139720
10442098
37150303
33532072
4068637
57447278
42103452
69938934
65494141
65551253
15965558
52310923
22321037
68359634
51792254
90132539
33773531
57205687
7430135
29465761
16512881
15196628
53529430
5506982
9595939
87699249
11094498
75058156
52077525
11617186
56855864
67528400
84108200
81132304
31124418
42973597
79242975
13637715
90486749
75930646
6924786
79969702
31311990
52940970
45106017
34513056
11341770
27713828
45610792
55662190
90183872
15911140
776330
29402361
15735117
73135319
51497591
19008247
30135812
51334267
30902344
81762622
68941230
44105688
64337273
85313088
81267105
56295658
18086637
24170386
79311192
92013384
22987042
38698147
74486820
9256062
59552572
55631764
86413320
21258525
47056787
41144168
17253688
60227048
19388890
43696677
50524776
19770401
82997636
10330469
18464379
73164805
55984843
58831968
48090435
34973594
4052973
5908723
27421147
19520182
76848991
92076798
47468553
66999590
86508808
79168311
29634681
4179146
74405718
82220888
56813146
59098318
22087147
85758537
73927111
83477775
24979646
89848791
90019252
40850047
35744677
16407060
15869169
56601653
25419276
18923266
39070133
36016517
36040705
79827806
31685189
40387881
65907733
46187971
72122072
71138706
89904044
1815028
80462949
36261646
30070019
68331147
57174309
2661203
16297823
53362120
66935966
77841706
59784503
64857312
45340838
16119086
47545059
72255248
30255229
59957731
63631240
63084752
74165111
84746927
55131002
52363188
29582073
3276385
42279718
63249145
77871403
26549786
21726108
34635290
61385790
75527700
20618717
5054630
19244222
33192517
8681308
35917096
65497251
30072042
34643263
55615985
20139259
77393336
75713797
90504611
81292512
3289647
2267604
50551620
17242169
3115710
274603
50916923
56142299
3635359
29499168
71375654
20080204
23767005
79842275
75939106
39627258
46332469
61498372
22058069
57811980
61524868
21385640
24305014
73232711
92753669
58663486
60639324
8007898
43658002
14733601
21701839
59093967
84804947
81678719
12417364
18684807
45463222
52701005
36688482
67871246
57612333
92520346
77940967
65079643
58678362
72086427
19300459
82138960
54456252
5824085
78855289
4102312
64521220
29717733
90201332
60998392
84599070
87931842
63517533
75204082
91911514
25578850
12741307
57661826
40431111
24777807
80109276
33522715
25149024
70328775
27834460
71624121
45800150
82868464
48134778
28410966
39036599
30312276
92074996
27872405
58502258
91327576
39101388
3130126
43119683
87350324
6787253
18304339
78406698
89718888
65878265
30839480
19261989
15101964
84903259
31537710
5512029
65965943
24218531
61824365
4303080
48650064
34677478
33353982
13895093
2017924
34769878
11173910
15702300
77286939
10484987
59337397
59225543
31191823
66188836
66589721
21179189
87845178
45365102
34247240
84830406
37911252
36376926
89863365
79472055
53283863
26725950
75027351
2076802
87937353
85023534
87695232
66991460
13894880
31982718
84835454
75061243
749995
49365502
76069965
40910709
39100987
48734512
50548827
54290111
53694908
37929961
73158505
45145576
89621930
24605070
46748035
71164952
38462425
36207153
2139056
71273585
34526258
13095129
20333404
17579290
30252506
4298816
66502707
82719029
86954637
52159008
29302582
25579180
49396261
29296908
37608653
39381284
55322792
62994076
71569259
11795167
21112619
42595584
18315400
22437088
59484025
63911090
77874300
1181549
73344824
13603661
16991159
64305664
33811064
91539758
49281936
4494724
88709705
25780047
27630910
88483132
36983583
73082128
74193647
83063782
82718065
90772937
35542258
72144426
45636623
16332259
48517268
54882876
14249714
63532441
92350496
17541745
28547713
9183190
7237662
45944254
45944258
68411765
92047528
47176914
65619514
40868140
69597926
36713243
28982452
33233934
14134797
29166616
583430
65622265
91525540
8821665
42305146
49702025
4936451
88512632
38731151
35084570
92367840
42050026
36945210
11904042
66899622
34632091
73468880
93021312
77188872
14201901
83050914
82427410
6109884
12087864
4574500
57900425
6596894
28301227
67786257
8028270
92125140
50516703
46717605
70275479
37630615
74313564
43040610
32728958
491806
52551559
18686801
36859656
81095768
5491771
92535047
55376154
28122049
65238836
38361277
65241961
73706555
29489804
63255084
11442349
30140909
70313786
34014792
91249188
18891488
1705973
81675697
55333285
42612087
73093578
26512843
44304426
29450884
82283312
79330999
46530549
68642130
78650268
61558383
12307811
48447442
78854384
37707360
10657661
12021413
37182360
7155401
53069892
65713280
76446913
80152436
56740412
20799586
13167031
40002802
5225019
25054097
66773733
83735257
43867233
51743511
81914046
80678175
76979280
49262419
10465204
41307318
89401313
72065253
22816013
44582920
44766116
13753178
80510876
34853158
33410422
76104763
9425849
13254296
23551008
51085796
75229636
12535956
31432849
88697146
19310225
37630973
30235121
21382185
15333960
87230743
64546241
1465268
49304434
79683852
54407
36667803
33006156
39667466
73765959
53294457
16475216
82374070
58066600
46224321
83352158
80514864
80359358
50585080
11564259
17278340
54789130
13532892
17012047
437685
88953134
57543670
5036667
38491178
10438246
42651365
78486939
17071909
27466135
52614164
35415214
22157626
3520428
78533190
56491521
65778238
67884514
24694100
70091426
49645009
87499822
21227001
33203606
66181536
46237160
71314731
68177490
55351427
19901862
45522475
44097578
2190649
12147837
51107803
19536743
79980325
24297153
91740988
28810943
15169378
38439147
43586299
8497275
37747966
10087958
17635677
85347307
10314451
22076940
4969140
50182867
68493442
2553837
73307709
26950118
84658387
3505635
8488493
44230966
31758346
31787409
18973695
79844534
55983660
46597285
69204689
67307444
64718883
38777462
85188026
14354766
31765364
53652401
6299309
26973414
68139924
90092254
39485405
76686559
22953944
66651504
43192202
38067448
47587860
91215629
18169269
89349815
67366464
40396777
64879766
51187522
41329675
17166567
12549945
10584361
89055599
56561502
79975915
34064289
29646097
64601631
88662834
44101388
59042394
82370866
70393975
40147443
44511934
56924926
90653260
4687242
67615897
47218119
44784403
65839230
83894893
12313019
64299508
31375632
23009770
50725568
61822228
82740186
76155379
41768607
42053941
64506255
11133227
82942026
25241151
4690684
54514416
56547469
66912345
79276866
54136066
36388726
71417929
9078530
52867688
19734098
67471282
58009006
60338329
58967972
81032553
47065722
12129819
31992122
30664584
56067116
8755674
3852311
5551997
49489218
29747126
21525272
2929146
57930416
35691061
59039910
41142028
72472079
69880372
15044607
368636
46969663
42650825
14080361
2597730
69071678
22842422
50662820
42548037
74224249
87695772
42597625
26073443
48004185
37033397
58300100
4617141
41353488
78822482
32093582
34999675
81586574
91023704
41911497
439798
24953419
86442850
36526687
64421716
81372015
82015372
7048746
4342618
5625612
33034698
74647357
87207115
45127438
30155751
2555009
56208487
41393427
44312459
69423637
65261505
45471101
15801206
29183312
15848413
16809252
86730359
67068913
77269590
58170391
24167814
73600183
58638846
46549921
12479553
61012522
43339927
51447540
80601963
29869295
48356981
12592717
80988794
81470796
23292436
44753224
58194249
49186795
88329820
20536053
69765435
22130503
82888026
31169971
15706478
83011755
80198138
75287933
38123180
791161
45085035
52541876
41027947
47736916
33011785
18292747
35124692
68302709
44388952
16591091
89798219
89895165
74890513
47922346
1912542
80200457
11745595
54140889
86464684
69609799
51612861
67824037
4950246
83906410
22756612
34951410
7547570
26109491
55103893
24452090
4166679
11319207
19136889
54389991
43458468
30020513
66749273
51512205
86690865
78884536
68324005
51809326
63696165
66754652
48538935
43374189
40312732
15755285
81055468
92717389
44998221
16737126
55785833
34845856
86729202
72908863
53137867
31851774
68559862
83482859
6034608
87230160
87504330
62911548
2584489
77759024
54515893
41406415
3632153
72415284
16109782
90636977
21270336
27128603
34937627
67160928
86098336
87926154
77356839
61107196
69160488
40871193
83717292
765056
6785384
14198867
32934788
14204360
20102434
66369863
41523117
3492668
6137866
69861286
65576516
5487987
12175639
65056863
16194134
61743523
25656163
90453173
49967307
16770569
22349034
29107089
24015171
89404550
48052960
31896888
16996406
52433595
36110302
64159659
51089991
6367724
72982498
62992008
81422722
93049777
28235053
65353049
75810213
4032296
74094968
61348622
22217689
89257231
13248503
45874270
75076407
66943060
89886487
22112373
67683362
16952404
65448627
76117369
74605156
2964023
64964297
37296347
84839920
44217544
31302473
73337929
78994222
64095945
76568287
62734311
21152723
51496259
80979771
11358590
38121996
29712438
74643579
50668630
17485023
51884472
41338165
63561323
58586819
23873913
51856450
31932386
68622500
17160278
1335199
72508950
70837474
42258514
71443001
80893635
78086749
47704544
75483186
81951790
35725589
3490031
63204576
63444024
85172184
16098090
86156630
9601896
33805593
54992934
55124548
64456284
84928919
17751378
9907949
81297150
13448240
1360436
23831009
67905153
71820656
21394216
17861917
14907107
87318953
41070497
50758724
34407420
79511418
78063655
75393268
27193751
80447095
65264135
40706007
4114511
13799093
87181902
86888182
8014261
73993171
70586749
44768275
82661990
74773759
29132175
33255939
77456715
70906972
30280565
42124755
88325654
21310706
52445199
38976116
9425934
25964024
36951489
12313628
24613423
62142896
42492586
7796147
78685434
89658562
83049050
27451777
90521116
50773051
24496321
54814028
33056223
5439179
88806055
21651224
48075397
38192826
19117847
29995507
55113824
57730008
3446578
9567620
8902984
47980834
28622
6139328
64455201
76688403
29761635
65410174
37590149
18332506
2049608
92926118
76870336
26540593
87101722
86132709
64353936
38440209
35838863
25919600
89423618
76827215
80381185
55797820
42015398
85747454
20228980
54330687
51462399
89095533
2805556
77089257
75660823
56210136
34575680
61461477
6764166
16021562
34261576
84187849
4218266
88185691
711013
75321686
90965949
89258445
52432893
58132850
52567093
45489514
34213805
89739036
85568355
80515594
78354158
56470122
41590546
5293423
20621713
10838031
66134956
46718243
5804338
22705460
27339573
25813717
24180856
39971853
88675575
39498623
88361448
49250405
52574372
72872491
28119848
22744702
14753243
35768913
798403
87273192
67781050
28953162
22506060
17202672
74499876
65913100
85897083
93032363
74493221
56365565
28236472
57553860
76615633
10084878
59351095
77055361
25222130
27597190
51788674
27849821
3063707
84542350
56497552
77149110
54996256
85181795
29888939
39832491
19306853
40569821
52674237
8130058
13816747
67285926
62174191
20806976
37696540
66056464
76067954
58335334
79746919
78191826
33312660
39673370
79651362
87300383
63478304
52050364
13971365
18296312
69575591
22339154
895576
8125438
45105071
32916698
53006523
56983493
59838799
10214101
51480338
26090605
75351507
50152308
45554220
89452252
86318057
90244385
48226718
63597288
67039073
91884786
78866568
62865376
4986082
4134330
19380049
8137377
39628270
36826440
43890300
52942259
66031339
61503432
61359606
96627
9922793
89839343
16532930
45775434
85596037
75537161
39017961
76667280
42252194
3573907
89052149
17194966
57742562
38382149
72603866
14765076
77548674
85697972
29521885
68853156
88206925
9183196
32151812
84827609
43981735
66208117
90871601
10553725
91839615
55953083
44805570
26897280
63177390
28783105
52989720
13721808
24008644
89469351
14100110
70521273
21114385
51061280
83629775
62971455
63129976
60294540
25898202
11851504
93060112
60230570
19047681
45154988
29804833
45490237
8533707
89429991
51266348
33680559
75298606
24271137
44501718
23404172
43809175
16698418
28990955
65167559
81821713
61361792
41524730
10027831
31469801
6670137
79839875
48092160
67208914
74795700
78514597
30597129
91102803
8956024
22452503
40903218
6776035
90524957
31870510
80534210
66713273
52905586
11750062
52456444
84767634
78322075
59216969
73924049
14369006
79345768
71165364
6788013
47865318
54538311
38368257
22003268
89344771
66422908
41718871
14240383
61027495
91355544
75145116
83445617
41841196
68765968
51283491
28191419
22698101
54475473
64106274
54288604
66188743
32603616
75557095
71394302
70243887
48169369
9553719
63501877
90044585
77202910
25848357
43248948
81863876
3885983
40717802
70638392
29712449
68569254
79789506
15537242
15563910
10781286
247433
23294441
67052142
19205814
86087788
12529177
57516055
85505304
20231854
17776853
60242003
82863605
73989931
81567402
87797213
32515021
69483392
3767657
36579377
84707198
47006234
13126694
16194979
9475009
46194905
81118392
86185443
48313716
72940130
82947448
64710035
49066720
6160956
71713648
89748195
41713655
24794843
56475260
45971233
51324337
85201115
19433718
75124376
35436784
14846578
78914379
85529110
39092485
11176307
66567796
20116442
19481208
53966402
71138385
61447017
78915116
22811355
38808526
77225743
46875065
51941912
2357506
14454840
92231194
76204121
18674589
5027653
68474854
19100076
49064768
69601332
6369779
46269125
33919203
41141769
11591040
66615798
31725874
18388531
58317214
83789612
69426762
53156747
49815505
14042704
52855268
5677434
43484880
2279274
2096183
64024088
52250607
91504048
48456406
45859176
77990695
51572719
3549695
11478942
12325079
39397556
45316256
43560605
20560575
17789616
52835438
43048960
78161094
170071
35835236
74337573
34706779
9852006
91661389
44013230
28519651
3344979
57143966
6281614
38066152
67964741
63301868
77938548
52536291
49546239
43820814
5919949
37967394
84860296
61731091
72122180
72961254
31295243
25112636
4194797
11553150
8125397
22104626
16760150
91776290
78654334
2707574
7479842
75556107
75483765
6590781
78559213
65877735
77075151
73081645
32348538
20220928
9021458
45819837
86403111
3303459
53929155
60689129
12328834
62498261
43609020
3364946
51774969
45054254
79434015
26279595
50293338
42273891
7378978
75605934
58079677
53613501
87144081
10784281
32654478
17892239
42741786
68192602
83979899
38024551
81751362
17391689
71490130
76649639
55183694
50286418
58067162
37658626
76126637
17258683
74343066
9964195
24916598
19315367
38163941
14116584
10186849
45491609
29011657
89055502
75064608
82011172
30211844
37816668
41526373
47458162
48689293
42809728
91397922
9397474
13111189
43881288
35666877
17617097
33014207
336332
23226465
49472500
47026379
19284496
84146077
51320862
1966053
11360779
42902912
69813353
83063788
71388919
5310724
52210531
83893088
7133829
67004169
56658392
81108794
36814630
24437300
27819797
74578662
4303602
77545848
88460152
65015011
25348726
74874705
59094814
82928986
28987714
71152960
68728487
78159297
52254316
42391517
36131504
13393939
158765
87665456
73257253
49262132
75131932
41317480
78067125
75288783
23123086
57945299
22754890
66894477
22027661
13157917
72311264
19646014
78655945
27741667
87023084
89915689
49873901
343073
23277728
75160168
33665455
89330745
18324225
42335095
85624792
87454487
61815895
57276474
24905613
4946772
3607737
73457224
45496898
72155959
40404072
85005355
87615703
57072811
91217806
26480730
44272778
51753780
79905190
87021114
23146732
12081705
35619319
7674178
20152715
8917303
42688240
26090456
56193040
75416087
38091898
57640051
72121564
34202697
44869334
65209399
57661890
36913339
16414873
11400928
16990990
58313305
89016240
61723223
45382033
81164096
561047
20636732
80567208
50878988
34796878
32441567
79932228
82900538
86232007
27987549
2636748
74449866
46832536
15199888
38984891
15294506
85798619
49758728
92983025
36834413
77303586
16120731
41690994
63488629
51264407
32786424
68114475
3805646
91569041
87466004
34900755
79777567
70748574
47259131
42602586
8126607
61862526
42394664
65393863
59138500
76114639
91333132
58580803
37459002
22436177
13214958
38639720
60236741
90754298
14681879
45289784
55426336
22016283
85433793
38057480
76791125
59096260
32300415
70637051
35901228
14506236
66577807
25072917
33651094
66618581
453711
2524181
35167427
56720083
78521231
7437671
16626146
24805794
88115225
23424746
22502743
57410483
7104222
90355327
37733525
59553607
91914201
22683772
15491341
80926151
60435863
87694119
73360235
64681330
62333370
1743713
39983636
77338877
88520809
10483892
91223683
74894576
11122752
52113030
19752343
56354869
48473818
22381966
49473267
14799864
16361885
54306819
43302206
24860889
32416393
90807406
2641362
16515226
2241908
27375593
4202976
2728053
6490955
81895807
79127305
37225564
553818
84017465
73439824
30340699
29490929
13482400
54614699
86210527
17053225
13928604
19573706
87901264
55821643
29761372
65484406
77567739
12976391
7467305
80871310
2950543
40490468
38076489
15470237
4868028
9429691
20749948
33397814
60881017
40906701
25374019
93003015
28818870
16140872
57071763
24731829
17360924
3285514
47346518
36115300
63416009
62878624
70547638
41422714
63081802
17004187
10580725
7659888
10371063
77334908
75926127
74873097
68707503
77217887
57429984
6380775
82281103
86088808
31983634
83462404
42508485
72621824
5735909
18230311
66600212
1268962
42869159
80275543
75092683
82827931
43135663
41336529
60865106
59459500
23287484
58409414
62407545
7978446
32089081
2322950
41055500
79883181
46992117
31532275
27344968
62845814
11702151
31900334
59815520
57694775
36964696
78783339
29392988
2383310
56132619
17216195
10235917
87923546
73362021
15147593
91103878
78165213
50889425
51099469
33987097
58356456
71858002
83901634
34029743
34394842
49467406
25325218
20562238
28009681
51556686
18481952
7072975
42719703
8150422
30144773
20788098
42894402
20500760
25745407
49850024
50030288
47301284
16028062
64465259
42954920
50119959
56838852
71466211
22121644
46326958
77408165
4934149
24928656
80777064
3197259
6735179
27510172
24116011
38275557
23672252
44566458
43600899
72344268
29402573
20216866
56041379
23194112
66716409
2124865
52117551
25221327
88884949
92556429
89631053
4218152
36361123
80586369
12248270
92412870
31636227
37259656
34262773
67907032
30465465
55605104
16928083
20125921
45724013
87677669
57849769
88327731
90147033
65471859
34050066
53904760
56970183
69671322
35801742
58973980
2774781
13900099
11483364
67616035
47255161
56583649
57083558
75776007
68187441
55118662
54190676
66002178
79348101
28870208
16177478
83697071
51744158
8657809
12139149
85573095
50098141
71628284
25126797
70082239
12120677
48321618
27253932
2527409
55762609
19584136
51526299
5846316
47905887
57877041
30384376
38701585
17365662
39048523
37490654
73212412
63518738
74110145
28381079
61213705
43149966
88071451
12719446
42956720
38014110
90958788
70577902
29193883
74036498
49480415
58142170
7823334
68501572
54581403
46605337
11456771
41858727
47671764
32620258
3732325
18354822
19422959
57080962
25880220
58868654
65988445
88244475
16084204
70110602
87780793
8261463
82327180
36912860
61695938
63638419
86618308
34889653
59946066
80115678
8731351
45262641
75764546
13379535
55640133
52492040
71109495
73212506
1174106
54871379
73214700
48294692
31881055
37767038
81318202
78654610
76540583
91662297
85186937
12177457
38695726
53101803
70177372
70571087
62795814
91176150
81004237
16326423
19768715
15985502
9381606
16380690
29378392
87656321
37646868
25979229
29943404
13628151
34269938
43147736
2359348
41008827
56203355
69151548
63228126
29251074
26122143
45932406
73030817
51570408
89048210
12892055
58339266
39524078
90491381
60317134
83955411
46583526
14340019
92126115
61435578
71845837
45529512
9188628
18661331
14912989
70280380
47330040
38458455
15939272
24788585
19311519
54937589
65378840
65476550
45778734
59397872
16970601
67315009
38531536
20470727
13236633
74953956
43608855
65727672
46304639
91484415
68900295
29029199
47822008
16300541
1606384
1780967
1877537
56525640
74210278
61369776
31838228
71795837
778407
31687945
92337698
57224100
68968167
4717239
54932304
45654431
90418880
21524586
20619309
30737435
44146821
1580165
25246403
32997095
90535942
8326531
38605823
68112856
85122168
32091302
28120727
63361022
27126156
82016792
10920193
75905072
92930672
40777260
4354573
11405144
64490295
81193194
637375
39138413
79619527
38016361
8437088
568228
6094943
19503296
61970279
10974746
49359142
92878256
50456035
22637244
74125704
16882096
805497
17216345
50882625
78639265
4423711
62727162
76466494
24832805
31335286
8345848
66898684
54526471
17916051
24776368
44522571
84139165
14515952
17814588
35022098
60434785
68477699
3070583
66936933
56095803
63027425
15793236
72158310
18759922
47096105
16110652
1177091
37421001
83864533
62498055
56230138
85709061
85726025
62101499
45324900
50589497
80195042
88669393
46440767
22853472
62136023
49448714
2261493
56374127
14077740
42845348
66374778
55905231
67883946
57346533
74816604
9663327
46344301
90078480
50848481
8685631
43906410
495249
60718839
40501279
40109707
24304909
15237981
11066067
24574891
3270747
15185818
67506044
79248967
11266746
17157551
22635250
84623
48751620
91721081
45333997
27274388
38970798
18455190
48519960
8150988
33632293
68126768
59864917
50911335
65099598
7515963
29318919
83277413
92529322
77259742
7528567
19797582
85438992
65774900
86760295
28420381
81830148
36115824
67344012
49215969
5123889
89449876
43078223
87825472
79668414
37276901
45610965
62410404
56959261
68917879
17436833
35720378
408600
39779220
75247364
11959438
60719921
58391893
54413097
53788813
69887162
43525978
24769070
2237077
3793882
46869706
56682183
13992083
42243997
9933880
34511106
51150075
42075067
755737
37442876
70249297
44494660
