44529462
33454874
11744215
91337715
80821058
80946531
59593213
13072549
40096598
18932725
31269991
70823983
31668638
9288935
45514931
43387705
58039156
15920452
68521332
664168
40668196
79175129
81711072
8223915
26299994
21736912
49918387
37413101
82826533
63616480
66455625
90059573
20898625
17044121
23718089
69132185
531360
51865608
50289757
9110045
57005393
69614505
63622602
10653819
1427237
74534484
59494155
27616973
39996392
65199318
65979786
55253640
3737147
86535851
59203158
85042826
41148796
55269986
91836307
73085947
27218666
10648075
38901356
85400353
35500734
79955275
40909323
13490491
90069879
85306838
84717968
78857582
29970114
31795818
10730666
60852802
91876829
12283235
50574172
20780423
56689681
30940370
51079607
4216647
64247855
16677403
57357036
55343873
73380789
12636960
72643997
15543281
9693128
66202049
81366911
54981322
24002657
75830440
1187391
51783599
26565621
18447345
44074398
56770438
74427056
62329340
38295962
38016395
56588000
82523336
48293139
2514853
33020691
36113148
49290467
25562439
27880286
38153779
49103829
92584022
5811167
34413319
9115806
33323322
68700122
75182741
2523226
74182524
73834806
50371763
83679184
23075207
71910873
39835067
80939667
89946537
84070174
42296166
89534655
21819642
44911656
62061411
19340426
49387428
92460712
33880480
7553520
49222583
60099877
21764542
75136353
69235556
15746674
1589972
21922857
