16896791
51910954
75349219
85146749
61796855
49527373
59326467
64511915
91612935
14109033
64378252
77304315
50212824
33134394
10188772
32294619
65383311
62448696
37149846
8889048
21879874
32755933
17311089
69366377
82570619
58212508
49578150
83222977
90156930
26160204
55841197
83640636
40854937
73157750
408091
56755276
68631979
68979014
61048437
76318816
12887705
73796861
33494945
58071926
52569309
70553157
72205565
6726127
23639006
41980050
46865724
40315036
11134492
89822117
43185313
64091589
72517284
69952648
49624614
29037619
88688077
47849860
14307868
56067223
61421087
85565022
50641469
43621725
14602749
35063964
64011642
21207833
64338893
18471975
10314892
1730145
31609555
20745889
40136085
19997593
438490
23089132
16583794
59978180
90515991
63213141
56743009
52827096
59553342
48800195
71682855
38493227
15513049
31834544
37046052
90458484
54513627
40029978
43235091
28636366
70410127
76111863
4930021
80913971
47311059
33857733
45565737
52368710
40068204
65564895
33920114
57202500
47193030
9625608
81589415
86752427
92950463
81988009
65047354
66129731
37674023
51429563
82899168
77508617
4623078
22075762
27510011
34772742
18971262
62298620
27644756
34434577
21099607
46697591
37227746
17924008
84275452
4528711
7155082
4505078
9772946
33393242
34873176
43475364
80515374
4189577
34496906
83222979
21599674
32292322
53713086
16314085
52483791
55286105
10782721
83640961
84936561
60612007
54471016
73325913
91317713
70086576
79257026
18749101
47439713
