83881243
43673445
6094403
30713254
68306247
29539865
22853780
16086165
9585594
73805259
54730486
17292325
46989349
76995362
85731398
1256447
80772651
9906636
53709387
735562
24359894
43654153
17665996
1412494
58914035
47164973
2034472
79414853
11187591
9135438
46663020
1293779
12737067
76819901
73952207
25928714
16877256
79520985
16068259
91859399
63029327
53820832
75631236
58772926
49416436
68242681
38879018
35526552
55717788
48606833
39904005
34791038
78057327
89706623
43418698
19492390
82407441
17465243
75732740
43476999
18388513
66677717
74772743
70288479
39495741
33200728
23409507
23737268
18630426
16911396
62607199
11889082
91536616
7888393
49764714
43754336
84325979
72659996
26428575
57108592
51035513
91891700
40603240
4503208
35561964
4926617
24823695
27020766
59704853
7352097
52273783
22168941
80552741
67685660
4288321
88839868
28676012
59205753
6978075
45019360
57847881
20446362
47265325
14039053
72180979
33563216
90025979
44551721
46288536
17265263
14438144
78920094
82499429
89585788
34390464
57601780
40066860
42249302
5999931
81446199
72699302
5707825
1472306
28582433
58142883
18438982
30099141
73372663
10412531
63131860
59544494
75858923
53998388
44829471
58928390
84562814
44751267
84555017
15635302
82610938
68663686
87928607
22959311
29505168
757241
57432847
49978831
53414040
15856708
47062338
22614457
67710161
20659442
82335559
28579890
50186026
12419673
34241778
27494669
1020150
51618149
92377591
75384299
25342177
32339556
8946027
72122874
55900088
87947800
79250627
28619788
18653585
5341170
80960433
49979942
53165426
2168705
40226272
86107321
24395048
7973922
22266932
53048689
28721863
84903462
81511772
