47337102
13771404
70792239
84152018
32463980
70430126
68814340
65278298
22581461
62205068
87753315
46480820
71522115
38082759
83036872
18170423
78892714
22035740
13311259
24110885
45441230
67779796
61086991
33448490
26372712
50647826
35415378
58042020
77114758
14272427
77833691
20069616
18946774
9415772
68159440
22182946
42897737
15511790
6343663
32651473
60893591
63642703
59335656
30851468
19856613
90612680
7295214
32010652
53819363
74329581
8085128
94441976
29047401
49660622
17059183
50481267
994367
51303758
91653359
75650253
29361128
11394728
4403855
8885068
19339386
78268312
28130150
93047704
2430566
81449308
75711720
52471132
74523777
65259851
70733667
3563234
76103113
82444922
81112335
17903266
36937407
72819411
82691809
26875647
84989563
64019101
46832447
78921933
27466713
25637810
72951764
68156536
87140688
55436584
12993186
38056475
77202405
60579369
37544430
54879183
89159784
26348396
73052605
33557497
13712068
11847037
46537824
56673709
57367510
46113062
25487893
44763659
49000052
60664956
29887062
15110657
53766236
62851226
25187121
40349713
58268798
27577947
4352277
91421374
72919984
8413602
51815828
39813162
73638559
68652076
3662710
63097963
68317650
37657367
70488366
48372978
22990889
8447892
94396035
2409092
23340946
10011273
29795097
40201666
55185259
56717665
30303171
30630458
46110553
45707550
55641628
54755615
92925135
64764024
66885683
59481236
50946958
18435875
48371421
33610121
9230159
53703111
18644210
37781727
12947787
9385699
81231936
39935131
26023094
34032734
52908768
18477029
64408879
80710483
14874812
