67302807
11894024
25636428
27872858
44038260
32690104
71160052
12075966
34390246
52885810
46891073
63950409
19392351
20421721
39561802
60388002
19510192
63349109
28734066
67726322
86888613
23139793
86888610
3697715
12834084
31101153
73372063
48468285
34269667
51152662
11609537
42383123
648605
67332674
46382945
92319528
85861759
64770198
53260379
51062335
89083212
48948809
9694304
42687029
39083474
20604704
46080209
20052115
66076393
69786828
43304875
78983090
39991831
15650666
76504244
4096502
13788744
48775307
48899083
60969392
18952426
44188069
23567045
2158307
38548477
79451334
90585947
44313309
36976126
9567080
35598556
53638875
22429368
84317037
57497381
48994310
90149564
73927242
74307983
41725997
82639866
33684983
85189753
36780134
813318
5545511
60022692
88622270
49461151
89282495
14164988
30301166
89033736
76541988
46208112
72819424
53891027
68429110
48794769
53071282
80180498
20317475
48470913
35853846
47593829
38313314
30705800
30270327
17345169
80437202
81014013
6334241
63660927
73643822
54056229
55760100
20002779
8193087
32154879
25615598
67811780
32105824
86557372
62531662
39012364
40842652
84592043
3619891
24712669
36440860
31896693
79135973
88593521
52097381
21042448
10275476
60281597
85698621
85052891
75729652
37292077
34990290
53675444
48475465
87984408
3930975
500868
71855314
13231198
69150879
70932959
17641694
44928069
66768580
22932220
25121813
32868174
75782381
3998999
15438335
6538501
12344387
34011813
40061348
6635414
74335729
71209031
46408160
31610027
77379836
87738117
48707508
35515399
9832872
38102862
60075644
19779132
58363916
21046070
37304934
38066586
33254539
21567109
47124056
14900935
88194459
5318267
46719940
52738597
29462682
65681656
57763911
4076078
55888069
1541073
76572494
9813033
47861377
18602092
49148378
37306812
53749214
21638528
35593900
50915933
64295382
70186382
14027701
15601520
26529517
17623396
43860698
80372339
79947642
2192406
79492331
51822081
82188181
8948766
73633442
34376953
61435705
36463996
49677091
28263352
42791347
51457110
28257742
91290688
31373332
16877198
39077032
32542582
71648493
30165954
50364142
56678687
17522351
81447868
8273589
6426436
42231112
62293574
50154841
41843868
87362091
31139635
64075685
33010119
9577819
74560666
15132411
47602836
72104742
42691328
14944129
18328604
12239463
52693391
61656595
15434385
40762495
65324659
36870678
68673226
31666488
79420249
77964403
32352806
52412011
59580061
83028520
11809910
76542674
54810281
25977131
38048762
29837255
63765882
31837735
5629112
87652615
35312863
50460940
51672768
83549150
39600735
59951436
62587547
43939080
92857815
57083218
54982652
77964399
49617875
92850657
15726648
783677
3276115
85208385
461482
3708568
21846289
75803434
60895694
70497394
17827318
85916010
47041986
3329393
14946997
66200706
63217456
61973815
75378850
40786053
35663632
35082989
87972572
91897208
23543702
12059971
60275273
45983573
52125131
59834208
45274026
68019005
44683273
87479925
71172545
39946300
11594753
9887971
9957668
1148357
41990618
77669052
68903149
34424636
23308500
67181826
67638264
66481357
81746117
1766117
57270016
29726880
32453928
28131029
21160600
83473722
46447352
2481679
78563239
58014035
48124247
5160915
54185844
29937901
18373807
31679739
7184594
56397186
43903226
44543713
58463580
79936723
42292009
20937339
23986401
37763977
40045880
27050272
91941061
8771351
60900861
7764826
63379145
34338299
24766281
20193303
65989234
78735891
71049141
85431502
86594073
65890220
37955437
43206809
7835742
63248667
70104620
42848706
28229312
83022867
81822627
36479573
10480432
50451849
30401059
89384336
2481408
6327948
21916841
16483756
38054375
65954151
68810679
16426580
88861082
87303356
5447437
36693329
16249918
