7522841
62788599
14023393
5686054
63996092
67518540
92722468
84632927
21372147
76382762
8242431
32156425
13809598
37439721
33785880
70773863
7515348
59985860
25714497
49402813
333917
61159030
89720295
80685899
45339912
88458169
56784097
50717434
56364386
70845582
6056169
66089316
16241262
33643684
9390036
53345976
52411282
42566603
71867943
74497213
51417124
79549814
78436977
11761750
54346849
90217022
18868229
17258983
56261943
92974256
10036450
46286788
24328031
79543914
69972855
47173409
17850359
7801483
68532682
74296719
17284125
13918324
68877243
38072664
46561797
48907858
47569153
88220537
13062934
9090772
8105945
91144703
91645001
88271703
55430019
94340311
40031905
27931705
65347499
89058504
49199615
46222976
47188278
39502365
66641055
27096053
20582197
47506140
14731493
49255230
72972699
52744433
80682345
70455193
65535930
32269024
14270009
46522261
35630494
90447541
5517452
52192425
17067249
19550399
63505254
61594691
66012327
66154268
66127568
45912744
24035038
87411814
69621149
35795667
7060082
93667663
47325703
74106117
83831451
43339180
2652354
88933417
58432130
30506074
22331301
45796942
40910596
74182745
12681138
87880589
73136415
5501321
78828468
89618878
21140831
12927566
18159377
72436797
81086309
8147384
23949119
74863812
24148057
46220963
18702094
48259844
59449092
84491825
92811481
51001648
94665948
70470619
73895513
8355264
26903054
91495635
43270081
30915279
73826731
79309350
58828792
85264483
46694239
85202305
33764437
36784753
81166735
8150820
3277340
67991186
28385564
92945283
41204233
49594176
76763492
66726093
34972835
33100678
37184531
4001579
50311221
56272466
88413722
73130569
23259556
5758448
30188544
88636829
34808119
51842267
73507801
88705018
76045317
55164263
49576317
8833053
88260472
44099419
44885946
62151143
8652847
80050827
2891620
84871224
66090522
2732765
24333248
36299712
62496619
21815450
72929194
10481563
81152087
81507467
54369389
84759161
57473572
45724689
76310894
85214498
63381623
32983913
37050484
58918549
25229473
89605964
87164672
11090718
72061709
25400204
2174552
20920438
7013754
62810939
21996831
89042837
13286860
88410874
5130278
22156263
86880298
11965606
89229377
71810203
16257033
10227577
11970024
46973405
87634809
37129671
83977646
56178668
22796453
88372834
51355887
79072286
90387719
72654844
85572196
35588520
33260827
81255595
66071239
65045999
91049207
59880235
56008360
17351885
12612009
4654947
40001697
92391539
15621737
34389362
66366265
61176091
92581613
94565726
42550172
46687667
67774902
37503678
91830550
81906890
27602820
68978723
40499275
40888888
51089387
31916875
83876521
68077553
2666981
64092793
44479137
13999262
70148875
71646291
41450951
55252695
63998950
2089663
93123159
55951100
81552585
44680046
66554409
66006708
14081968
5980419
58651305
5477844
57190582
7819350
11075571
30826777
65295442
14175467
83729960
68328186
11738926
51457392
46086763
88518054
10443083
37945879
28573850
92072205
63621471
87212168
58962528
51010948
83211099
72157777
7516140
54903453
83559863
6191321
77978400
35687474
56013828
85268106
24797906
28653718
54026919
24964806
60901132
75191476
36804940
36175327
7807643
43798944
47342343
19719655
10968506
43820994
77657975
4916031
44515629
38957326
52078934
14113979
31632835
69149296
2603783
58130601
10505639
77049273
45532757
92978956
32592574
74779873
12993631
76138272
35850556
14545142
45846633
39108262
42615030
86940569
57373321
18091406
9506837
65401403
69365738
7703254
60474604
26382091
90272632
34556795
42860699
9195907
59066088
2539862
47897935
94033934
45510713
35712975
666148
53957699
43359600
63575193
14984917
74935982
76467169
13369677
10786921
8962181
45252907
65684459
31092438
49004684
54442972
59204510
10249262
59316412
37494249
45207490
67093525
3960980
50311252
79246711
23411998
65638005
42965987
32025631
39255946
6860006
69672274
89024904
39993442
74076141
40735539
50726925
80255655
39014211
41923489
6688734
25756591
50178584
63299942
79397633
63709650
47364521
60852436
59961634
63267666
79785143
23055849
76846484
6069630
84026039
89401524
73712412
14884625
42922355
63397866
10355818
55187744
58016372
27604304
14475992
3117875
10876134
77764823
57364227
62238348
82329270
74916601
13703230
21361146
15899414
16269829
33918591
50491834
2126674
8597433
65048828
16219662
65567034
67556169
35034542
85575207
57283236
85972039
26531253
51731673
19800887
45668739
65646325
33332510
36000440
26420868
32781808
70793786
80370592
38437290
2076827
4334875
20761982
58295512
85508708
64706421
18618245
45317039
35527789
18580856
22562923
58924453
2888080
47978783
6197000
80032071
29931227
11870758
25796075
39843749
54650664
31020233
50371702
5998088
39813707
19849431
60138270
9038819
74204218
38474708
43242571
30182240
3931375
4349346
23685035
42774391
13438393
63431002
75646546
79630709
3815870
6883380
87935850
6446380
84273222
46685879
79427934
68760456
2416749
7761146
792395
70426986
45160305
87156416
69261270
69683883
63029656
46565943
50860379
73713014
37360717
28612571
38058508
94649366
11485343
3266960
69223914
59626669
52461963
4561909
31603493
13440860
13440861
46863377
47362144
78481801
49629581
6957470
70014531
18419632
9112435
7856594
36455988
81042890
48821610
86030194
28041927
34044434
94289882
29821867
27027693
7431908
13774181
58261997
78141218
19561467
64055258
10949039
17859658
85707797
29864625
19861998
83327089
64334821
65555701
6248313
58432154
70486430
46978218
50514136
32668824
1267808
27749415
59048044
48913784
46512536
73051431
49068433
92279834
82237602
23073495
18740437
82511785
51498809
66472085
64103574
64103576
63045051
47981905
85538018
7409334
94536088
12392979
85870782
12625422
78144921
80498535
91110645
21851759
75539365
40100141
51655470
87917572
69075939
25235749
14199137
87321291
28545095
23281139
64721385
14145086
50655043
84188293
6545554
23133990
87140555
59285515
73587129
18489999
48458522
17862210
26271073
28218692
89520222
26377234
88124351
67536221
49620569
93790674
3580540
68963368
56100308
10031933
68678147
11557985
24312947
62293273
87999855
3453362
89992253
672433
38485201
92034393
59563412
80515546
7161172
64551464
83223644
33927987
94445578
78872090
71343222
52224166
24981980
60682931
70607132
73769068
78199917
80554811
63349458
53744706
13740989
39686576
15572283
