80867044
17188849
81833922
59068551
67109291
57364405
79609717
68459632
26571948
87708587
63071274
85321972
5238693
17251658
22112799
39110239
83786056
26355903
40310186
47674835
68461319
29404810
73704967
40251476
22052768
62002047
63559388
7369171
70451599
82590375
68107997
41409894
45427564
34426496
57948867
5152135
53996179
46559912
38317842
92491232
92199775
35550512
23438315
7901430
16092712
31957211
8703232
67987003
14950928
23419006
43455223
19879362
39467093
93047341
21414570
85706493
89875244
50641562
57220258
23773144
7330583
40134652
39786966
2954429
89482549
58268358
84725718
49960976
37556754
83808371
