89572936
44722052
15149027
28759158
28104208
3598284
43580358
31267772
64317666
49422653
74169808
10155060
90013571
359168
17759319
47793537
19813356
50525624
55787274
45929346
39255714
15173625
25729240
14374475
32892657
66824980
52837300
73674957
85185823
51128078
72091001
33200511
19051099
19257122
78164542
60981030
36992419
81939583
48875933
65860349
17212147
42587126
1949683
74680379
42654687
83130972
19026258
61484890
31857882
86869584
33948639
74652700
49653635
74297929
54735748
69564852
85043186
3818500
73652936
52553995
76198578
56525473
45168949
1495699
61216214
39868808
64470939
57618653
39833614
64023499
19092033
24542489
608468
69155433
61236629
62127093
47806850
69636421
45837305
81775674
30116559
49163827
71550744
45679127
55181572
45693913
44850415
64055286
53982489
53016094
56624117
80608139
3525329
45425298
19940661
86269174
24916768
19383344
71354737
74329976
62904733
85052717
50736748
90318234
73576252
80741756
65298295
28493644
37511246
83733595
31846376
5290956
118508
81354247
30656025
52539911
31638764
65990032
33442817
89664691
2319995
44712182
68337780
63140954
92504526
2247098
70141762
65315125
69486512
42730560
59366949
93060126
77101207
56339232
56599434
90383559
38136188
47793845
13927554
17547586
20285195
29243139
79404116
39188167
49560426
7348656
24558294
63625891
71621998
3660134
23374482
23374485
20997284
66850724
51448280
5443250
91521322
51231189
46225955
6057886
59463118
41629061
74898490
78539686
65792660
85936570
85783829
83540167
72404434
8280851
30755502
64557655
22122235
75752669
8648857
43709034
51148006
56810997
64575114
43024806
45887126
28601552
3071603
91622698
593712
65987128
58317865
78710896
63053473
17601129
8280007
59590278
60585214
16273857
28444647
29067225
27193814
4004752
39864218
28283569
42707349
81731718
42546663
77408258
30253546
51168467
68715384
27782885
22115232
31525572
60268113
40469885
74470536
61406121
