62436214
45797370
61492224
35415823
89575225
38098103
22834867
58780856
27456665
73600399
85662290
30453104
88729624
11295270
28478765
7391506
57031687
60188887
86120469
48107382
22789901
87927200
64843842
39243032
77724984
4893075
16004764
34519590
33834673
27871073
76014434
29933994
43260565
34708204
26083150
7439860
26820761
81076081
35285872
50308819
14200193
20980050
4047458
47906116
60477390
11373149
45346559
88589761
37646021
51967522
46105338
91198263
79878364
60087831
56706011
30787946
67903424
4050902
87721306
59816239
59059136
476048
75432511
53882912
22588393
75567234
15203402
88665234
9338778
52932444
89004895
9521422
70179865
62495790
24647045
85005464
60378826
30606003
76151326
50740134
21157773
55340587
34053994
11644440
4385238
23321750
8991635
90710817
74938218
78826392
83219678
19629605
82821168
17393098
84748255
74554013
54168875
73982057
1247227
11296268
35506535
84159419
58947014
91564511
29362097
43668317
23275488
87046417
67569468
78452544
82004462
72778863
49483983
59025205
32126347
1585609
66626469
12886145
5658770
45683454
67771364
81627113
59372655
14231300
78785292
5708488
53746282
39419842
65159596
57357414
89787522
37582713
46058743
28516676
3840473
41615526
32344802
82724664
13905080
28112147
85612816
35693436
84800371
91587596
3544181
2413377
28608657
86967834
13047815
90717168
20141294
48645273
4297080
23449236
71611575
60814110
29351189
25407269
89680086
75940528
61264567
77840446
51288130
49853246
67078736
71800626
29785730
22896853
89106297
12818367
64866845
74093709
54589962
34475236
84507255
82190613
20820423
25546311
2693524
34086767
78563625
13002225
48323744
27430778
49341130
60438314
59584163
6065697
78850539
28525087
92088500
88630069
63696834
90072739
83010294
81960313
77251852
16446144
67853532
20332388
48592758
1183463
53039103
36668641
35330283
49028496
28032905
2191519
43310975
61238519
34441935
26580347
76935391
70013627
26796593
5842531
8022383
65254688
36940808
27857587
44865672
22472885
38879185
1927214
37301853
75273058
21916458
2101894
68900993
79063335
70018146
79090715
91114852
65152195
23004455
83642079
62808065
52007605
40713363
10647189
5966192
28351504
63780363
33945873
46725846
54315486
10616012
28826656
66380744
13789307
62580358
84215773
2848963
73795668
30630772
35086702
86609336
38519099
68152206
7406283
32017953
17416170
53084519
90799676
348771
4845062
6713957
36068761
16604579
43706472
6961040
7493893
34760916
43770114
58430556
34403815
24047611
6965166
31914406
29700516
54979099
39207550
85832070
73616950
41960410
71546796
85107470
30127104
38167754
20890373
43523049
7766352
11570129
70611615
19680049
73580642
40470878
66243001
76966302
63278953
63373103
27268978
3629268
3195507
74208470
67154429
75142529
55495921
20846295
53125881
54778327
34340533
2808224
75068483
35874279
84436548
14360017
83185413
62387162
82723770
86258185
51836110
22779630
54483070
16033968
9632991
42906394
57580978
24838484
31421664
80377856
1614054
55357340
75268782
48229952
51441326
20398714
58736955
82392889
52891337
49149531
14096671
79403048
52721349
54781807
78352706
3197662
67832956
63119839
67352125
34862510
29420431
23643751
65874268
56963644
50878159
78743324
59020878
59032809
65441505
32604433
75457351
14288103
12313268
72815626
3605308
46790424
17724727
685402
70819701
55846320
34356433
61467446
75014261
80865529
27722369
15023
80738496
39674869
45732067
69760785
76280743
12925909
18680399
72240754
87569178
26580151
88339020
48888552
55480121
80666616
14705142
70614449
26682712
73671479
10801451
11383101
47165012
88744180
66356238
4397873
48252137
43341582
73975743
18046491
44975786
43504605
76372939
35546524
32266775
67666003
62224133
57577078
69609101
60247590
86469195
74230826
32226712
11181006
59926534
81889191
27688346
86465621
32866266
33378478
30186208
2582526
36890888
77153542
82173028
67264223
72162941
32845581
34224941
57082365
21470998
14753879
4867304
84361088
63598899
45788003
65323479
83179331
80142672
4710356
83496306
66433245
67047755
43856647
47679948
36801775
63541779
81491747
4526968
30841982
83401570
88320796
70424907
8926292
66202176
60903670
61886742
68767682
75293197
77775040
12922018
34058393
55797825
67175338
17480989
89441460
45451612
24141338
50114564
3426130
82504583
17203998
24912298
8812997
15312597
45708333
84861019
25490337
59419952
5201595
48424505
89098149
10272999
83987109
28650291
6834505
73339205
13090094
78364399
87505567
27272974
45946487
23939592
20040114
38051985
48432377
78458974
391569
52045407
5025090
11796584
34471247
81058483
67352615
46832011
80063315
33408472
32799233
5383282
85558739
66139920
53417738
46882241
25064474
30484636
6442981
34335429
72004628
26639740
64900446
55448103
9405092
54214342
10176104
76529872
80972426
8260441
76307564
43623505
5001224
54145678
13841870
44893589
38183098
91953245
42739249
80456227
13790617
59206039
17172400
36725086
50317103
73203275
66773942
54893018
50725237
54251334
89250653
90424126
79109855
80686624
92517816
69580927
66549817
4857263
73390020
90559251
79686790
45203689
22935362
35525370
4095156
2625656
36303048
58530550
37880807
17416753
26229584
11934689
