15059211
40734398
5082811
12727818
20448977
31551345
50532156
65853960
48044387
53729522
63140943
31737845
8076401
81548656
40922717
77564150
16840466
86471421
89005493
61230273
53215067
23916994
48895374
71506151
47257573
15952981
73938516
73780929
867110
11719701
58475470
32785626
18426344
72296804
39952367
64713898
90752589
52406873
74186090
27541996
48216887
74076440
92918825
86376778
17662803
86699274
17964829
76940554
5190094
18116944
30689170
23949737
26152200
47275299
76212227
68687395
82301046
81660004
30988123
83002214
44045910
84781488
68468542
20224119
81426491
38755140
87641726
73675535
46037505
51842039
93036864
83033266
61690326
58459801
18313029
62145170
83282033
66503222
88709925
16120253
81837957
21728457
60231025
81054853
72293230
84930522
4695396
83867570
15148115
5032638
33222715
72983418
7701261
71766414
37436345
36495868
13794328
19256195
66404999
68197388
79232826
1795008
38246279
60646943
80123866
21391988
4519426
1019242
82819002
7688255
65084017
20232583
34045719
58095458
60970705
26802356
63849614
32683299
92734870
46874317
87000762
32311645
64161655
91871695
42095276
46422618
75577603
46857820
76515521
69618239
8296362
86639435
55003911
65705551
38855734
67404768
54319902
52146044
74217610
58993044
45112014
55929595
27686984
2636637
88219347
19832086
45074432
25459013
14509008
32415196
43482995
3416926
63965696
91971947
73867969
48077728
19833942
67559053
4064221
38650971
90934767
81429061
75065272
44989264
76344085
30242820
2214570
56246820
59810130
44953035
38896587
12383645
3795274
44601135
90689843
76295201
48355722
29316608
43030075
72146501
3932389
75650184
127892
6139842
54184617
62912332
30927138
42648878
28944261
38438958
65408588
36691207
60358134
82124064
11133131
49854208
27538668
15737549
14774134
19812837
77108114
44098778
92298575
88878071
9077194
11178718
423028
83215712
49755852
87307281
83888094
19699578
83841313
63996190
30765396
5192979
9910632
18926833
78318472
19805212
27642560
38600641
51985083
7449930
76001041
37394768
