410781
53288261
87220543
48296638
20521816
91249604
48522602
68718976
66478062
8609222
38506401
30326501
74423811
34891447
6450313
14039042
55677714
64679876
19010732
91820418
6915659
73495628
91645192
73885794
57874518
51623940
29340353
29739713
44535585
46634847
53241403
41689257
3765763
43820105
50736792
25937143
2859733
6632761
80269826
21494026
21288927
91134724
81775580
63524079
90728687
53300608
51608806
81485055
6401849
64954761
56323209
91483848
91379340
12296643
47182387
77382367
26071670
57179615
5650855
68112498
898542
86113439
52011564
2214016
68196174
