973533
84776036
13553303
28687218
36976298
42672374
70044457
14337628
26696766
49633958
53988095
94661913
62652857
47018441
55305807
20747418
56180061
76676939
90940286
49917939
17984357
94567607
82258882
20281094
55824481
60040954
58903754
71000058
4728147
33594645
2962454
53162045
47101594
80994262
22024864
50753070
41062987
93017524
5007076
87139114
38775836
46539462
94622712
49825628
63161859
33792716
13733414
69189938
37821747
74552535
24540746
91709917
9184419
72835574
31375529
34724632
84209276
72949220
89776579
71396968
29795547
13940470
57117149
78959046
51870604
51893184
17263294
19745406
46581608
17450678
58304131
44755760
41694952
19538289
15463535
308627
71803712
68387928
55038943
74132438
4215560
29615510
5352169
39974591
2249796
56855290
72867926
83657379
62472632
58034283
68533998
77483530
28355695
62022553
5411051
43183956
68898212
73923143
31100277
5518770
80446331
12417130
16131922
63115783
83981180
55405243
56782257
94318029
63103169
25076309
18695990
12536381
35376435
55497184
62680727
26579315
39922293
6373623
52401426
2563155
56317205
82791487
27954402
80222788
25477096
77479927
82071219
76549332
23351310
41780609
36510646
2730787
7006244
62692204
81065362
50165789
4670449
91331865
31257331
16680596
53443673
32354234
35783709
14299875
26362114
37120453
7307216
12072942
10356675
40969730
4721088
87320996
69311240
28416544
70626827
9413948
70922126
87501002
17314009
94025808
54441467
62031027
10952060
48422565
42697013
20043363
75219588
30674907
55367528
22180150
41709976
71892806
88838177
10221498
41665810
86692603
92684744
77265716
25500766
65430100
51090150
82944464
27877446
22278694
1244407
54543632
40608358
69468944
87444821
82562965
23145325
14414611
20187641
28358946
45502116
46322184
84665514
12396452
26133181
86327421
75977806
18590900
5528317
54426572
8348597
92575551
55294228
38505339
83764520
30886086
36342799
78642593
84177116
53635521
88611543
39015501
13473184
30032289
63688711
86172096
78758556
35959503
21385812
60383677
27538767
54816838
79995621
68004144
30443568
76714233
82186372
26142538
19705811
21005516
36276186
55422649
10663805
15015783
37680203
13103045
91571651
27744258
55284112
33636344
15561208
79637367
52390575
37138420
83436513
5541575
8041224
53829872
48277709
2562346
21823592
35079302
83387235
70359666
3809915
61721874
26200492
68570797
47207536
50370769
93749564
39387913
11027172
42207699
70758344
24644005
78047742
88960571
6410650
32898929
21539381
41424782
55943249
51743595
49045921
10819285
67327358
3244675
45346456
5288080
89198333
92586406
51116925
87003230
63381120
44993393
3294362
66764067
12555561
14960863
47365225
65642340
36928926
26743169
68245420
27238943
89921286
5377462
74088543
66697396
93399372
45855712
86597727
2487007
94108066
15306196
64406208
77088179
73813600
15929093
4795250
8163998
37862658
89983729
79274955
57968543
13836388
57296531
60070643
4736418
38838976
44979404
68194119
5567491
53606811
53608041
24240732
37381399
90924516
53020456
16356520
37273627
92792758
71895792
68152267
34942968
57363401
91556981
77269863
86817657
59431014
94622708
33018669
5016117
45086915
4181659
32569513
65940942
57289495
62398879
43533199
89070853
91604171
65119129
73579650
36673153
5910961
80718483
57164875
24747446
80790976
69697663
60921445
51719206
91818681
41451274
52687744
52494584
73298883
49406550
25475051
68687750
89867969
78414391
18597900
75441650
67219122
90283570
18177602
48616640
89971786
71908093
56391246
3745774
62088112
35561469
21262614
11004376
84278812
45049380
24750095
78552651
26900361
71996279
46500696
92442572
15389601
93086780
87982003
25684522
45866346
10164278
4579438
37461731
2096806
60149818
26526430
37707785
31055989
