85069300
38420156
11934399
37929002
11248206
81869189
10658303
6286956
53188604
64304762
31115938
57250430
7822225
87533579
15054710
5759506
84055193
61413876
81049445
71462855
67962425
80515151
5224246
72461248
37038541
77292580
29992068
11364020
13679391
55110096
41351257
84888726
91957588
55120181
85641686
76304751
14087077
23931945
41555634
12543338
55388581
30296808
13615984
85043214
92895753
79147810
17892404
70698498
62198205
63752302
61729924
59814737
83783224
43140954
29023042
50589214
87519192
54204698
83937475
32033405
52522037
19325472
47256183
76957889
75963694
41010294
59553170
23803533
79306097
58015959
1902865
58572924
16737665
52270169
70580530
10791518
28869131
2470640
64344039
51209621
53628858
13300269
91699187
40372146
27276050
82879784
12055013
60107436
81651580
58302077
66231721
27880312
52721256
56434781
22030458
84139490
7445485
37421037
64653768
16853768
62760705
70871576
23422873
56680933
94466588
46312845
88026617
50729975
31267902
21130094
32380791
21290368
17572361
65002673
4626057
15997016
73158181
42188213
15969282
36407359
87615313
54025613
64038344
93269795
72807963
87256499
64994935
47578358
4322486
77096049
36781070
60042268
12862870
7938678
85530825
6162669
40162129
87880532
88806093
86683233
94331122
3715788
9955209
46952972
46475710
65267561
92544691
61927216
86847376
52244421
83254830
21512751
63454792
8052934
70902465
48418633
16816555
76299949
55869532
72603282
78432543
57920650
81945759
94651472
87148745
16489061
12194820
46489790
54047799
73507558
11033759
87857042
73336220
46437292
79916483
41311096
21199061
25309144
5132542
94149839
1263364
34650916
70544456
15259056
53651844
44891146
12423035
36337453
44842306
12380258
65924401
18585196
22388194
29445334
34994479
26166527
16055527
87645979
46948149
39450674
52573474
24553895
86575440
9376394
74219275
1273754
38781195
88019585
46023715
91302840
80307260
55786419
28243556
87060202
28539145
85733771
74691488
90994944
75780629
18351600
17514961
60175910
37159501
58206744
68677136
46696024
54336782
26362599
5651389
85008953
63787062
28278523
85031138
38390194
65430204
53566044
81981122
39855428
23980016
74930875
46307541
8403167
84309203
67065703
24794499
25061383
59280060
22972203
22083919
40784450
7750218
28585102
86315482
93819322
75441572
75441575
93860768
93465221
1002697
11770873
92438440
16700204
73361714
67810616
29932309
70014767
86370187
51124212
56429383
24218108
50451855
44647370
70978593
26551898
83089212
64282257
44382651
70167416
12142142
41657401
82929794
42914071
22335969
88890051
957525
71031013
22672711
2017555
80549567
69962403
48988424
92381277
19497370
14897726
43702751
81588450
36582531
5344774
31647122
74987255
84681572
69565393
67064138
92067936
837842
12160549
12424548
40227030
52503530
33231298
94630155
48819799
24976020
88232488
92437192
2249401
69155634
80300779
64042512
3360929
81711940
76913955
36019935
80421755
535819
70279894
59007573
10811015
26979017
81286278
50761180
80904839
61283957
47166672
53769451
78090839
74730459
42034212
1224912
21105520
2695040
17034685
32321832
74823209
74033511
75707062
34151457
26801860
62873876
62036042
50026632
88859370
34522059
51291060
69541020
14950431
37934958
64574590
39089403
29159884
19328518
41091933
29929461
69222412
50606047
8915700
84737661
9055212
56958634
18083587
62079761
59235455
2221007
56547236
38011817
73892881
24737820
72044097
25514422
78760833
22959383
28865056
57601250
28365652
88397902
77347105
526883
67548758
87164859
54381378
62691120
37617570
2822828
82396334
43140147
81130657
77882357
2661046
87369675
24109167
42706898
23281450
72863167
41512088
7383534
54653394
81232772
46080834
85600622
28881500
49315914
91875215
9673980
8991379
40305013
35428823
42861262
66471489
86114512
81446921
60554455
4641635
67125669
34673351
81013846
83436389
17178500
41034880
30425535
24301806
36397379
84544195
55655272
25298470
27137297
72092399
68991553
47797971
11469083
53942528
32064559
12209468
31153794
20022691
20541962
88771856
9252646
43191045
25202858
20938247
66997897
55812699
76829537
36808187
64596583
9673235
15359724
14588335
34645325
72167775
46947349
19522635
33944932
79341540
93244618
94030752
79212303
48330394
21221184
2254988
13165899
43060152
14603443
35572074
53719558
30290142
66625694
26732281
53504447
51987917
75247912
56883091
18820929
5916055
40852838
66236748
43147642
23828747
92383128
67641758
59245189
78342042
87144507
17675221
65691034
42428835
52805478
16220037
8018656
3247638
78419723
18250054
50062766
19618583
6368096
32241737
8860161
89093712
10833
393132
73621013
64829668
20204038
60238603
44460213
6696919
80935301
22968237
92433860
74393458
1236096
60372934
23221800
952281
14572128
62697868
30961233
72166669
45017877
36176440
37262273
3839744
91287764
86310252
41341300
12744127
42418608
57377955
48908447
47630554
54448722
74755511
38854411
8417472
62671829
187480
61361337
91482897
36690060
6545913
65283272
33257280
70182373
18597691
40340831
93560678
60246327
38487991
47355698
33680617
