11212793
33286071
16012606
48287493
52156200
61276107
53601385
67289930
25428671
65110272
5556729
46486170
54801038
86317564
815400
20044010
54849999
72682486
17682706
67103867
1235142
56999209
3968812
16973375
913
22401800
56738699
30106940
88197058
16883213
74692861
20742210
195596
11009517
19315816
47329278
9083680
2154885
65257862
39407372
80070187
13502057
50110919
46460386
46608685
85375246
82557501
70469743
13070008
77379970
39933085
36647171
13511394
30938235
93444552
84156115
23210084
56874518
57097537
75523728
61315685
43464667
35544930
79346967
56366331
39789491
82411951
8567103
77271665
74856599
74167977
45502766
92456007
45125738
64705240
2034051
30864289
63302051
29371883
69978977
35571905
46181660
93379993
27532416
20929519
42117681
34843283
40096051
67273268
62888804
65705504
60944870
66006315
34219788
24136828
2865044
13465795
22112487
25707536
90435565
57726307
86483126
15439208
4174520
24251350
75966550
1355670
44849666
25443582
20222651
77745036
61996034
14300895
46004598
15339800
72837108
45372313
70685502
38262022
19745315
63469445
18102827
80636789
61201605
39159950
73488526
44635566
5737321
90683492
2769009
47932636
80321056
80514482
69340322
11369261
52607583
1103373
73889184
43505685
88766216
65533650
61327009
41209200
24626885
46268376
69410240
1012219
59420567
67207777
51814706
23956666
45765695
74640933
34248990
62998160
52869161
7471280
25366810
81290752
30326915
53862825
33985523
2097601
90227785
67601362
22559305
78717554
27215213
70929921
16122828
767629
40424081
44173267
61597475
87052790
66113342
4998428
11974642
25115666
49167137
55389221
78204965
22206662
30549364
1713315
47261433
25440501
64009735
94112201
53863023
63042130
69514037
80635955
68519925
63116650
17341675
80189916
56704443
21947597
60645797
80529354
50957773
61990003
13840450
90261351
31401666
12320891
47402628
55726620
84984613
23832828
22092369
36108047
92915542
50415191
90026279
2291578
62447901
13180331
31787632
74079785
88124192
21922616
39314120
90819829
40973849
13319713
1466594
88860023
22054523
67340631
62532740
74755109
37094329
45875191
2603761
52300899
14363629
