54134137
48604902
46720613
56687123
82072934
51965369
64617135
57151415
2652136
29265615
75435779
51006480
1614424
37487581
38337123
14876012
55004849
17735546
32736035
62716053
48989697
28770798
84944192
56409930
15865446
55624932
74270077
17227792
32435197
82709042
20708957
19196848
8284690
77272487
59979131
42449874
36720679
76429725
31795855
57395651
1061229
76336282
28466389
82268789
84279187
14538907
30637679
41333308
20272605
19947572
85843108
92026778
69721429
32266500
79528981
53048749
33831108
83897945
24763581
85782868
71262154
66876035
19536974
7991579
43132031
76237970
13772450
88294567
56946927
2894895
71612662
21226062
18288989
68752880
58170273
38822845
4204637
43748208
11197242
73970601
435402
93309803
37456569
13810508
10280755
25772260
3897897
54423400
78109312
70880098
70959488
10974080
27974311
40596997
65763283
22376039
11745270
55493631
65979403
9358031
5259349
6475240
40730912
36248592
65705725
55015763
10380527
14795046
48788387
64764704
90059002
74577531
49591288
43824890
83470894
61984659
50912330
16506916
91628272
11115583
3767568
22876206
56288704
79633649
33393391
40274450
79427446
52093614
38991824
40151592
10924097
72775888
73276189
1148289
90822886
52025709
34875850
37758861
88003762
35215450
43354513
69003265
22509091
89762111
22915401
74748986
52794753
58862323
73607020
73260064
34000958
88857358
20429920
51606008
41179126
86507953
20078194
6839858
54585676
77756925
55305287
76362816
66823583
88839905
54935922
23442556
28661358
66154640
57713883
54890586
19632160
83532668
50086281
94328593
5926346
51754086
71010377
8766887
15908498
42607381
3662100
9903435
53408752
79305430
75992530
31617012
67611348
70168643
87889789
57362171
12852584
92132448
60029116
73910245
14355281
5838096
63235505
43837184
34893254
27457188
1495298
57103935
69081020
59032595
82308826
76135812
72603291
70200022
41620671
28386522
71564273
55216408
23345134
18381621
23524380
6090774
51464393
72964179
34706810
25395037
25395038
49353600
79192595
90433975
29566602
11307414
41950888
12819629
78864571
49446152
28472117
86169245
75342779
35325717
56370518
6303248
79030205
2071108
20411059
56108488
75480058
29969258
34921165
1197829
72656631
88897112
20411241
59673759
76026690
29373247
86250984
50474953
54254979
42457576
27404018
27404019
327839
28914995
19636642
60493138
1197879
21306474
79315170
71725698
5523281
10645050
24835064
29692368
5127996
3650361
48663131
81040367
73140604
29615631
12849495
30358546
21133581
4078481
5051678
51537285
52935891
80708221
80844754
38056474
54929377
79454074
12360473
22469713
39981082
48005949
24462791
17205037
84525559
82047360
15591181
26160754
26756443
416722
24668584
81234816
6043505
3781846
11878608
4773979
83617997
3799089
49460735
89870381
31108814
78046997
94601045
10115875
2407465
81247415
2521633
25666746
44041345
82310069
49249669
42356218
78312017
63005590
80446218
1906798
73558422
79499216
16482786
87297207
35265943
58954160
11606555
1710205
58497533
4835189
82225781
75034277
39738306
45448044
36935351
37979865
27200015
77876028
71477745
49471905
71580419
57819902
51827883
19794447
65853814
25563200
80770192
55278993
42005479
849448
73230790
11516827
42965160
6295111
5718285
6421746
46861588
2120814
68966876
23776803
18333565
617265
77964553
13824054
90570977
51965373
31036233
65268690
83475143
17854034
82220528
82893438
50465728
16850948
1449933
61878435
43361480
58450260
15194173
20402795
26010741
88678409
70996847
50454167
44111301
86042768
59940963
32380146
14584377
47520302
46578951
82481055
68228402
39501418
69172619
38727130
36461897
46447480
