83627717
26860542
43714800
88624063
83262094
42184010
34412814
60876242
2789889
42211925
71935115
43818741
20656086
51302966
91630708
31188726
80929467
45239149
41373554
45744050
74831927
91371594
75610242
58901951
89199525
78965166
29366086
65525768
27278220
55371821
78244615
2231829
21335206
28945573
87670856
86214985
90664405
29741384
92828804
83831151
81686014
71992924
14730625
44665416
85697880
12500752
13119147
53205033
78682801
10767507
31703496
70230577
6239764
69940120
69382783
34562644
85326765
30298853
91536656
41391769
68414223
42514549
19995799
53805601
60149948
20228212
72413654
83200582
83638674
68625472
8827376
66258934
80371326
26284102
47579728
32983495
72781625
43336509
43056946
72320946
21682544
65462211
72663448
1755447
49846133
88294959
56081220
69256883
80909045
68766265
78452055
81225150
3902530
42396109
51514978
16355677
78002045
34362256
90023201
19541971
58354382
81141046
85405802
89107704
61099577
44966883
58551164
53617119
28189514
35205920
31168851
6152624
81245998
83888064
53435482
77867651
81456764
71930769
24520156
46120271
46178779
34212153
23521124
70822634
45071264
92687142
44432634
23012147
52597381
87489314
26532117
74767837
88630870
24069997
73740328
72547183
13826939
82128570
53582534
27808684
18443736
23939169
87116387
39808403
66448912
41975923
40560244
12632477
29063302
42269338
19954017
77684612
29239762
74899623
36673753
77193746
36542835
47495224
80368791
5285460
49113992
25882786
78358581
75411464
83974203
20245473
62123382
43899389
6313198
47130991
17283948
748662
34028524
2406609
77372432
67786297
63909149
70713675
53730212
20656972
9861123
49508597
51768950
3429701
253074
52073659
34509701
68573266
54095281
4132531
84764977
5046762
559314
85563545
45843550
28340402
68830881
20719528
44411354
79860792
43178783
8318603
26608565
10257676
74008451
72720607
8916749
89331240
56776445
22248368
82842965
48655838
81216239
16832843
68666056
672359
37574776
46168110
29038849
91557880
26147996
23498384
78079486
74567589
5385850
25910989
58708797
41668351
31670424
3706533
73058019
23977133
55721645
84356118
59070058
16702015
73249891
25346559
6361747
47025851
24612151
39790146
61370249
50835742
46170588
71750716
34762195
13036193
31281774
66714837
83867732
81334116
36182833
74548735
74548736
40946721
68925542
35321876
47750662
75348138
50221856
37041910
56480731
87544727
4773082
89270932
45071050
86806454
87343618
29022068
46562331
34366122
81278335
67248652
16849605
72545123
10293521
36356880
47903092
72561608
17756330
73601459
8464187
79242716
70808818
22857109
25912200
80780861
44157687
81528464
67015640
54595756
89636993
77847481
88289904
53586147
45109467
46988564
89473171
51946099
74262875
32941791
64410486
67706656
72919766
18685621
4110540
6823342
7202715
77823960
93015575
15502972
42589909
83250018
24041114
30924895
10571778
32218638
62353915
87009631
8171904
31509763
80097704
31652067
43314026
7684585
67814146
16497048
41165850
4055795
34669957
81726282
62150784
12275529
31101649
837575
47756324
51102069
51149797
10671469
2366357
5762663
85771355
21044251
1047781
3997886
55825871
82571325
87892528
44461736
13776616
5174536
9985753
68792791
28935098
40664134
15236839
20767528
34704052
23545534
81212707
33349025
59588221
50164110
31168897
88727583
41040207
72852136
44067992
80153959
24772641
25467022
24859842
84561696
21438357
43887488
32496396
26816457
24975911
20406175
65649542
10597911
43333736
33624015
76542139
33205489
19923540
79367524
52252193
22765230
86292238
57779370
70469712
79939348
672088
54051383
92223704
21856674
4419477
70101717
26971870
47709523
31471980
64039270
45683039
63541935
38032559
92952275
88635919
79817431
85211193
44033612
40512738
77154023
73865037
36110043
43602627
74379484
35697084
51565251
18544004
42524014
61416814
19911088
35546735
10383599
1522081
68306691
40964072
23967635
30540355
76649998
9512612
197261
59915685
55712412
7017203
4398942
90294725
64310884
65235177
88751084
89275530
19043016
13518758
37510006
3772573
32994296
57983720
21330660
50800306
16249612
26268306
23040537
12388177
48962271
7069657
29492496
3769050
73697819
79128474
55379666
1759863
1831047
22921961
67163216
80483461
23075390
51869780
368523
88301203
87828150
79707322
4940459
29270962
19676549
47370172
64104591
52569663
19414390
47788862
76431917
40348650
22509438
3000632
7049022
77519809
68624012
56197620
43391921
69809829
30486004
65308922
39657201
55190518
675073
57872626
79434226
31376315
57282342
4281145
1125691
14011666
26012738
81413168
26171322
83478581
48486500
85343900
92020476
78174207
1027722
59023137
85493653
48312462
72322436
3970439
45541514
24407078
73174701
19376246
63094426
51066391
25237461
48295702
53180145
85987
7832216
66082354
86995045
24730310
2191116
3013444
62530710
87377474
52417969
31641836
8923236
8585561
34748452
73166830
66590880
60337333
77027132
30130641
22403772
90894900
42418876
24086761
28985526
78911715
78479653
42413793
74715260
33409844
17105317
56414253
13908328
7188218
5718781
92971085
73564571
76960942
31190775
1742069
80244492
39481558
4434434
91044816
75859145
31538649
21257586
21843157
76939756
31085076
23050969
49194102
33958925
90912515
78058492
32947985
48371130
78744604
19812504
60285281
79288322
77421968
54744248
55206163
20205261
44283307
23741280
25865595
43896883
16473047
10640372
2136115
90812825
13081426
13110317
44064531
36695972
53331952
17430455
63835519
19574927
25901126
82905272
31136753
13469812
60266362
79459184
51291331
80193227
43006316
77568895
25050923
11181361
33063107
10236358
38979774
80728048
57907637
57996539
17049078
75694234
43865560
33230840
81221100
59917510
84927703
53226990
21574893
69838751
65853631
59494749
3262759
16663361
82090027
25761565
87277945
24522921
65048832
44541254
64834917
30447123
71747383
59412054
60529909
40090231
50191916
54655143
38249194
83781683
75171278
65581918
20355506
56011886
65543963
13121081
90192664
70050388
74396318
71871409
79269283
34292582
82017811
20945638
46724980
15837528
49281855
71092667
49830403
64031895
22002587
18994677
60576637
23271287
86143368
72868077
61294587
92844426
37699046
58294247
20460897
61018741
42194895
32096424
81844447
38858284
73612126
89231041
26725576
60855697
70966587
81405712
28507932
90188999
66053858
6087598
22954564
92680339
59797643
49035709
18556910
67660318
49838814
31812481
4070431
68373641
45157295
60914203
65570511
54895420
64288193
86341283
8463206
32827269
57503306
87597610
28491482
40307251
70580134
51869782
86139784
15153233
38483425
28813323
47835155
18350033
77678234
74289905
7949915
48704047
37009544
25170395
42737759
84312979
20785215
88187110
52247066
9962755
4701184
24826463
42477879
83285164
68002057
39362356
13432978
87739885
88098969
13332706
13952173
38096023
15086807
25145279
71938404
24686088
39432753
65816183
85934929
70980874
53058213
3773067
80889843
87282202
17642396
60567042
15899247
15236069
9530025
43764160
13478915
73381726
23941026
31354302
47283045
6015928
42941107
21391597
58190431
22970676
48072049
57197627
84077995
19751447
44698295
5475361
4464477
41763532
2241362
56108179
91303319
91440597
18657366
26986138
12453404
79351530
37306449
59571115
65340708
14284565
72022059
11544863
81559694
43344857
12876792
59869715
87189254
65213468
69704834
18125174
76504063
12675766
9934183
63288769
63785807
44476811
40199150
47194901
10606833
43131870
51932570
55347789
6714612
54172385
61125836
57282345
61466018
5663318
228924
23639877
12416053
21755936
60643014
43837217
54126266
13197778
81680063
12214310
85601489
45817023
63360297
28547255
25214571
91767088
28454218
76547960
50446178
87249403
21478887
23353608
45322746
27209524
80276907
30017082
55477135
62893351
58533585
92984307
17792386
39219361
75834008
37220548
35045462
70906233
10056795
75129708
24996331
43731206
88952883
27712266
92249123
64939803
64861587
58957214
71613136
72242748
62029940
64648567
81492755
21892123
60821161
75222731
33258381
44238079
40184679
17256611
6248649
18854458
8169083
65495018
74778245
78868341
51301358
69950841
48312676
78313372
42358696
46774245
17996842
81041561
10048807
32169242
82638523
27679461
21233469
16646988
90497263
64875581
27855883
64795224
196600
45834131
24900624
61529647
62642906
25449696
15670729
57765159
4533837
78301569
89372245
59318870
10272404
72100630
81000114
21920458
61932139
8801508
45115693
10572195
45491001
18087142
18585501
42067122
78303217
26245604
18734049
68586156
1055544
3945178
1280133
73674595
35666757
91384215
85479839
8283141
75151765
73167662
27310969
63320890
8490792
91073577
1462358
54008504
41097156
92333764
304829
5267116
3631025
90790197
12461509
63277337
73713227
86943266
37855128
19959910
46496619
34122236
34344318
64434460
12914692
47941165
68044111
73619325
9234318
66779426
65038438
48457484
68816923
84281169
54111199
7642723
71096556
56205900
29348050
56027630
41416710
68177177
46749303
47904173
81513899
59918721
91902079
58334800
2581814
21996483
61109625
29703542
58676737
75003005
70358436
48951142
1502120
63086011
70569067
28219118
81819733
50322125
49158126
65769986
52244685
83105663
18266050
46246767
85977768
7495645
84760469
81728522
86724582
80154059
81463537
5732281
75185941
61581246
72732851
73555690
84692580
64043045
19478401
77613626
26035770
18688789
14088552
76760605
71674358
84814308
20430465
40779272
10287517
5653830
68788594
9005266
84777505
44918125
87142040
62313428
55358727
27119281
74094713
70164594
6422758
79344117
3941218
76547473
84719188
