41998897
22623653
68311793
56886564
62441
11622125
63820471
65835187
80793126
85619040
44883201
69172128
64513592
93027064
84997374
36957900
72024286
53737568
80253966
5364928
85395324
49245160
31503001
74530015
62179455
89535663
43205053
37295703
24769703
36698259
63351173
71999562
29658247
41247073
63944172
49036420
75255704
30882462
63588976
602302
39559484
33323233
67580393
65029638
4470959
28696114
88313286
93866102
56735971
14608636
50375731
68780541
22764350
8272920
90329334
31424449
91343524
21333469
18945712
29950126
85771061
8617023
54613404
1817096
37032920
11115020
34982511
13151708
87232868
39655670
72630030
71680187
64547534
25866649
32878969
41171784
27590311
46653140
36720219
10319126
37513363
76994414
65480543
52888569
71865860
54573249
53641970
86724004
40359612
88864837
84111384
8934302
48842932
73474619
30595466
39373286
36825091
19230609
60908703
80401321
8618019
15559505
44854511
77351479
66356181
53508487
9028573
50368991
35545225
17684041
40823322
86690114
58946946
22771026
8737462
23058553
24918407
91533161
40213610
88317142
75642507
73140827
39319523
16616662
69633960
73569141
73820173
87865995
34819918
16591266
83220175
65363478
49860079
79576186
91311323
34351484
43200519
11702617
34030416
31526568
11698090
5860749
43982859
40695591
24749390
23544777
56356814
93892481
25970279
42825527
50391338
54400193
32158608
53896312
59539136
3366226
79911021
22621862
91050549
77488780
58591901
19226809
84990253
47625552
72874313
39329785
48364681
80040873
38611742
93559049
67761441
38790619
65220610
60394778
69933057
30431420
10331385
27220131
56336862
3106212
65664113
83029805
19483087
66154044
85891940
11380874
40388152
21384273
23128460
92286347
13774340
84866289
20296645
56900037
69751411
82909424
91211918
80437906
40941460
322443
25209477
64349505
83303726
69947771
50641791
67716375
85240904
63340349
52076733
42050863
71273199
58193560
36227087
14695859
6205677
22654804
6058222
57451796
89072191
13599762
59094053
63427258
94588904
7158489
18177644
73759225
32365416
51973789
57903572
69233669
58278413
8202475
61048311
72178060
33328127
28320959
13510391
15194420
45443699
34432129
9088947
31500035
93173500
38008288
50392563
44098140
33806782
82046122
33112100
48918407
46191997
23930119
1756956
54222218
68537773
15544496
67035558
618610
1659861
11129429
17183960
81616675
53503176
46303218
21255862
81791850
4147181
83228627
2744539
29322666
14100458
38547453
13262741
55603614
88671573
64127166
23543190
74453337
4590472
25301895
80104470
56459994
43335673
45441552
89705512
48045393
38558247
2939426
28578984
85966640
88580941
32314622
58737967
51146406
4110576
75318534
37646313
49719584
3003052
75418929
88818839
54977814
68708307
67112313
79653352
6317663
67573235
60780582
51338945
24918352
27489767
2641249
74362241
57954746
75542349
2911514
90194646
68123246
5237413
43972205
94382369
76334310
79914925
5430647
80995162
16106758
17385222
82843364
39895889
93744414
26934264
70330784
91951223
5559663
84287168
93393695
76345872
34407198
21090040
70910527
45491455
34455835
11540984
43103715
45551398
93107226
18361291
6472388
8057154
24625155
80203788
