36740953
58633525
28854819
26657843
28616311
53916366
2175146
41087855
72580331
73602096
66425053
41722787
67371299
26351577
94208544
50802965
15809283
14546358
89675714
4050281
1565180
21043494
57593019
57814868
15348009
20870943
33586728
60669119
28689680
14412220
66389802
22385230
26383521
14118067
13379712
20687251
58288116
40077490
33350400
68587010
40567890
59453436
65115574
64364477
94313405
28509666
20034909
50876162
30244639
29168155
73382095
13038575
74228336
23025286
55517913
87336504
51504221
74302040
41925958
47651591
81869263
40133878
84502222
92670332
88666077
31442413
2250048
89048246
75496069
51913192
52157671
81521830
25069664
61929783
38460011
60761118
55753873
76948754
34471795
29430144
32255727
31332506
52543955
54333737
48503685
39759545
76642566
19672722
1543565
21733403
2087347
42757743
42711308
51919112
55309309
31402208
25724859
77382406
28158058
1405024
27187722
54164756
56375252
36800620
67234170
56986741
41837604
64571929
45875295
75492078
82580072
76681642
19561024
30164990
22547832
79755826
40349312
84749049
58425983
71909108
30162318
36798127
78426373
22356582
12519087
69942203
44668785
68839594
75324297
76657703
78877228
49846281
54470704
87342671
21426355
32792630
15309757
14546410
34811907
17901320
32376176
94599313
90205882
50652236
42989786
54531101
1842489
19617766
50860620
54666454
37123082
60239546
33328191
14412217
33252181
56941573
9375934
25850160
14512749
82784649
46208111
87670334
1838292
17738162
59049874
5834533
11772390
49680597
63412262
93172951
70726356
44513688
43339068
72149434
78303637
47630399
51607629
33586105
7540742
66183835
5241870
76850060
68707296
