62538153
65416277
2151130
9261954
89123389
76573357
12952523
88352869
20742233
83111717
62966031
85476972
85476973
46759539
10704939
90346385
24098371
13729310
35788023
22358670
80826014
80643465
5096576
36388558
17326166
65014638
4195409
75777338
45016349
89289387
82676123
11554131
52587610
68637325
57286349
12526167
52000028
65376697
81719173
82519393
56132579
69078200
10161017
26464962
78877227
57194176
83910512
82945402
76545700
54418008
11285491
5965658
37449343
56574204
30879291
44086737
53788324
52458589
66447600
13857431
93663739
55781720
49286646
77292811
14016135
76626741
57168308
27047075
56214612
39692362
63716837
79975897
92892366
26382909
6474127
36704762
64414685
54691446
41793608
73862502
75621036
89200475
32549878
31981623
23764224
57516050
55412184
28076247
29979443
58864075
2714913
85073936
54529436
73447278
51324191
22321548
43901834
6926669
71550276
79743649
46594664
35738325
37983344
87615096
63896609
1919167
52570145
6182172
12583905
71341797
83573340
64892209
78436850
4884748
36418561
93417133
91182937
72284373
59729229
71272904
74355451
65672381
64291999
59479700
2752735
39339767
43966701
5423100
4230881
26497016
26223328
39317210
6480803
6420703
14997159
33227287
39428143
76221588
82418386
6356792
3699396
61165230
93748235
36048384
16939508
458900
71414008
68013555
85749758
44666172
63157114
83496651
39755918
87818746
72038190
44269669
3663183
50167532
87331949
6161133
11145188
56949277
15892733
66913484
32547426
24308298
81259144
