29474569
28343623
12423254
52013357
48349158
56538572
82262482
55567192
16882382
51703718
72653474
87695330
41444351
86279872
16770988
6223718
57710357
1001980
74602006
75028809
42704672
37194950
28200095
54134232
54611698
3663870
19432482
36748796
39530890
89727980
14254160
84502221
53854704
2651514
13180199
13997018
48679644
67527947
67023011
59397942
54897190
19332523
93970405
90568363
6250657
77462026
47844349
76923083
64492812
24842263
60491915
26011124
28917890
69503577
80914952
22919424
82239335
23358915
20249883
54679100
13647415
72603472
91137619
53114387
73146720
11637879
31126440
5750770
51479294
17631835
63164959
45806872
33212058
47829605
58198630
39175925
32855284
22945042
39996212
65875656
34119994
32819883
9416570
18576014
2649036
31786673
76051673
78181840
9905825
21410891
21077060
2509600
6497251
33039227
35390522
69680221
30960163
30126057
49388571
90428864
88588422
17949896
8035707
83171779
1650677
74344435
1332488
53652994
69507609
53659927
87411562
79706227
52920628
35691648
2225760
11310509
41025440
23345853
48846406
57590582
23051174
37397402
71967950
66737965
52492568
40781731
66593885
89074409
54551190
76554095
65296052
50512055
82029455
17662174
67495229
68767006
6470617
69477400
547391
48139409
86444115
79485908
21711657
44803684
340455
12729506
17971210
28628358
37204505
12202788
2405374
46144880
50973216
63125826
69421975
84611918
63537323
57528092
36144983
40428943
2515616
33830889
43285203
57487868
14964745
48806363
25940092
51386231
54192728
21379808
41150046
69197802
22124040
71610149
34698827
62404755
11419705
10135563
69401142
66671572
70250760
1799132
7418634
6985103
35864426
36438339
23147724
48951978
17306304
9550442
6822962
88732176
13484255
51264555
51921036
49287284
69590667
92867129
73516499
10902927
83781838
8167267
44129346
48691931
76686670
50579977
93723677
37983391
15039168
15019946
29445897
82372166
91475443
78152615
71612920
13505181
86097403
76649202
56493178
54988684
37305721
50226
83516862
39894397
28470354
29094010
63024032
89167569
86082317
92157718
90513250
40270269
77005595
63078800
56843392
94447182
81499147
86694452
3112579
53580147
79225236
24212248
85861473
25939528
6293031
70486220
55887628
62699941
1442375
36199915
21001260
4453415
31832162
66974230
69190035
69794647
32775961
65085175
44982336
49335031
80697791
56185646
31138794
92078105
73176149
18084326
64562735
62571610
40465134
31369702
41196002
40723562
93061432
7265579
41669521
72966062
79039311
89723526
3516120
57904215
40329182
82747437
76550125
89634703
69441898
55204310
85815643
28694119
57326803
40540713
11901071
35442350
18738046
60081487
44080136
66508421
11565934
87009624
17436045
76456090
7597935
66879121
79500566
20827357
16706400
13197684
44888289
29326717
36680288
28456641
31326067
12261384
74142802
62979004
47908936
88196246
33385911
22808690
15055291
12327031
75203285
41269656
39068347
18460934
79588357
11543980
65667106
79915047
7831755
37144617
50343110
47882965
31954001
47984290
57488335
80891229
90328905
21016342
35392758
84435295
57925337
51240737
67580856
53908694
53734938
39055318
9807936
29946526
14238884
59216965
22175568
55266020
87206787
16522381
29967472
87241492
60210928
33640579
67328753
85446289
39570651
35671319
80969701
51723758
4028794
24329910
13058393
89131815
849182
64517590
51551905
48713182
6327643
8646829
15475815
25139485
27338266
88838693
28514887
67147865
5779135
65289452
3803693
27233106
78561252
29133148
42841069
45100121
43603571
41375508
28960667
42412823
31116571
75523133
38942610
25718508
9791837
76545747
11467558
12242020
10260609
71636124
69740876
57246862
53281100
87874297
82759306
12952672
54051271
93507491
65339334
26624303
54511212
38652503
75710773
40487539
7748285
72091256
70541309
75639899
66677599
40651147
19039175
71679731
29724252
53744474
91518268
31753675
56924761
26168809
57103991
73595433
94196513
76041128
74366820
29878715
15701049
47568712
31532138
67235085
69108922
3942424
10813513
87656787
82527592
21870639
81555689
55564948
24505071
88307888
4880919
35514818
79479835
13214967
24113125
35780983
15747749
49505523
56772805
15709267
17045532
50668826
39206886
5002927
4378338
41311326
62366497
53729136
1252874
10980658
46855802
72632791
28552444
860955
84230356
62273405
53810080
6527151
12922874
88764028
84898837
41718541
87422210
26754632
70090532
81701558
38856896
42308944
78874477
78338463
72899386
91545892
1079529
68958946
39700055
33109174
1204273
20174760
87561165
76550467
78202043
13765349
81926515
68059172
10569134
7742064
80166595
73017538
41866805
86418728
64062048
6217450
36604716
41170109
13678447
55449557
32165846
63115313
61685958
646066
41589532
32244772
26471559
55755960
42344800
32612034
73805126
70945290
83021942
84541577
60700804
62118276
70499054
52476388
67740096
8754463
43722193
14037978
92593839
84635018
19537611
23881479
53514785
86728563
7454444
72686668
63043412
8292466
7111865
70273333
1198304
70399094
61739555
5397963
25164487
57376533
53652302
7822359
11394924
39148653
12405573
87439034
16964415
44502258
3858418
48596442
10586971
77465050
34841272
32677800
25440007
37752151
15090425
86188871
76384055
84032290
66265292
29087827
94167081
74204828
54684470
20165401
24505073
24415949
91009901
29417184
67744138
60450342
34227060
53457511
47464651
2582159
9691745
25063729
35573380
83280668
52862693
42946893
40120970
44710476
66121017
91274198
26857973
20134642
65426584
68782874
72089336
8788308
24348495
51603398
89382181
13507800
11655080
24100595
747928
13579046
22219110
65923225
83116204
83116205
16246256
45350724
90985507
46960384
27619143
4140076
87973980
78991350
83689255
7095361
88393204
21156176
61779568
84502223
46051893
76122970
64068335
17858013
23632067
57108806
51144617
74424400
32724688
35422297
10570219
