88792500
92554819
8345678
52470037
15987245
71766202
84170190
79155491
43645729
19803287
25865706
83412791
58185849
13071805
87662950
69617322
35960284
92740258
32477389
27829313
77888179
29032989
18891458
88406368
75127501
14918948
47836106
17722577
50328700
51620552
80755681
43619287
64902497
90438595
43124831
52600733
75343756
41439237
54315156
54873036
40505907
82414367
10310542
24351534
81038332
64916618
70658840
64005768
27234691
8688864
56493605
29172574
64651972
12311025
2471710
87534257
81339994
34530331
65620526
88569161
28097981
20067557
23627494
33817385
63969998
27199770
90565662
30151361
49787442
79897829
32255875
79968623
17547599
27897457
50466297
1545406
35416949
35767394
51448793
52632889
93486708
67883859
78486008
7076574
68794039
91541214
83203263
94255314
8785713
78544795
5089953
73509740
14537811
4512229
49434424
37604586
70632978
14913806
1916917
49096112
86480205
86765635
82155327
90797738
34294501
49612509
11113972
46948032
73426679
53256302
89142907
40354969
85003506
8680554
42191891
84604130
9442647
1453888
6541405
91051890
4210512
13314786
31541597
24900628
24730224
12629337
77179765
13184919
45355953
29362160
26394076
36038003
2565239
9666523
93056749
39466276
56403534
85556544
36808830
72565258
53416697
94215634
50036370
88918186
45960272
23136930
68789910
35054257
70534254
18227283
71244374
37772850
70856646
27011713
66821380
42191083
15003805
82787777
73172272
92850340
92170330
76096229
25577477
86464423
29305627
83520265
27655208
32104651
15244398
34067633
31650881
19178798
36468163
61942199
29255663
51410097
4209612
60256222
57773017
52046515
59250547
75035452
71780060
57400520
22680580
28247588
31650498
21295701
33661434
1683047
10265341
38517934
11816195
86465426
41745218
29076436
81556310
55101979
32027933
40587983
37317293
9882036
86989915
85061325
37741347
18057601
25029374
23706617
82251028
62402534
39646257
20011480
51350795
88746392
77106961
4623505
72535962
58122021
6005198
75439993
28360632
47223679
10222885
37386538
15494852
84838473
23033311
82203547
8529400
17828964
62951388
76932679
90815026
81316926
77382220
60495819
28125707
38689337
15129082
80701507
88600786
49973779
8738774
89861778
74934526
59087641
15322962
890560
41807939
82643508
74262440
69931542
85468708
83855438
85570004
91215803
23626210
3708612
32538035
92091210
5917780
33763626
20915993
80162556
61244166
59576847
24878153
2210692
2226564
10521654
72838092
904104
28700184
15359899
61251980
38014506
13646526
59919575
75803850
69313439
72844582
8741333
21259607
74355587
54366339
39845483
55515679
14955998
63188093
61837449
43406204
21678297
28815638
61526580
73505803
81080675
80730386
80859535
48358065
91844363
61066945
19325516
36578614
61907106
28374751
37855538
6696957
66140115
7920865
31898329
79276749
7287821
83688350
3769943
1383009
45388659
61027570
11220509
18715974
80425981
75636043
37020827
79450251
94121265
33417172
53167013
14511465
21782675
84479623
10072770
22878064
39197513
14936553
80993654
5661854
85168052
69791586
46523003
87263440
93025584
8834622
77033422
55431265
71526199
53369726
50080770
62203923
48333506
37201350
31199937
8790563
23556371
71147417
48047627
19401281
69076790
12263759
82259491
27766735
58554040
6383634
45447067
15964654
75848629
72586198
12209846
60032982
55729905
5133726
71933668
91848557
79499180
65775692
93179414
41039800
4548784
3516703
44364730
78357592
78429960
87084077
79529031
20627557
31796301
34485395
7813659
48926050
67103458
89872053
61958019
15316635
42783326
17749322
62484881
13500439
44092458
68058286
37802504
604488
18690348
64569556
75109557
21234769
37123782
42234186
21317223
46753917
89805901
18409191
32168332
71828438
23821430
25540506
77948028
91869257
67166255
44876140
38612390
94542275
59380999
67199825
44456464
58293849
88353722
93582810
34771600
16692044
32100960
89218227
88204529
53444788
7181813
80394179
11575575
5400068
37498364
68193871
23805649
17907612
45037313
93216323
41306581
3943576
77130791
3076479
40974232
14081701
20917157
38502459
3294127
38386989
84349751
3522149
49553691
44552175
4089597
20891324
673923
16891330
84784255
73444184
35963753
84668237
79868868
59692511
22191299
59544448
81722176
77522438
33846483
93299345
9187960
31709867
35248223
71199782
45919830
85254579
65978568
78359133
94554206
12497471
78075994
34644100
12999708
11643060
16912538
71366853
90785353
91747754
20901042
15565252
923724
70193953
3674298
4010985
89280265
27247005
28175342
81993339
24708503
51277985
65505343
40532866
12447947
18237998
17034128
83391701
39018531
85551442
43302041
53321173
7943800
80744255
67768493
4037970
60411898
11612873
11155161
51190432
56009452
18882234
58721882
71433495
40206275
18283934
90435847
1457677
88109218
59566877
37836431
29555371
41861561
1524035
91805780
85433759
10057220
81174
2654702
53677504
39250269
3936971
24800119
65320013
23785590
63363810
77167233
67649403
20365778
42817202
25971040
89396170
4939141
52486810
10927882
22903961
57435459
13903509
44528723
62237323
69803680
34231441
30842572
32239868
76791975
87369652
90861473
60802905
59131637
13972812
4074442
41564445
24413477
36677035
47863328
90948618
16787532
34570063
24618187
58684765
13760645
33170894
49597894
13053929
25252817
58036772
61950588
75989135
79588958
52673140
77109616
48594704
58959074
78425833
89494701
17293501
10791565
74252854
39118092
75221283
84579219
15696024
48082714
59127376
51102444
16105143
30733800
90159693
65506132
417701
64795197
78802437
81633500
64472181
71690165
92068334
72368490
22092134
29191736
4040472
44027417
34043999
83374802
46895482
48764897
70759425
85600793
57197660
55560238
25884869
12181793
14578771
56974040
89900869
36888712
64735600
27867647
18759825
39620429
77180528
60687898
30674276
32971761
16786749
71481702
81538507
88859427
3155393
15533723
40268226
53522838
70355074
78050598
41588954
80506130
30173706
29661535
7982094
60897202
64787750
48455334
43536143
87234614
23367224
9911559
78928074
57013850
67995497
143001
17576460
25118813
37156414
17368933
78234919
85057583
6712687
51328789
77106312
84368228
37057035
39074563
83246936
26799732
77967446
68931312
20923766
57452905
60494309
40901031
4384111
32173360
50526046
1547762
23546860
56028390
19163590
85406991
1827788
71552070
39695936
27022636
24163747
86221456
16795485
907095
20565277
47001968
11579555
52572707
61330067
19982222
16551757
67417944
10010246
59412855
59934063
63355387
18017550
23276364
3814906
82240914
33373368
74101709
32955640
34750057
71952293
48013489
18684670
59627848
10209068
7061054
70301567
29811502
80607165
76363289
31201617
77514311
9922330
20920035
53287812
19910863
72637726
45933206
13663021
63286547
41803119
48772029
49141559
7258667
33061391
45543323
92981687
21848846
68723158
78866682
60401455
85430152
19037057
63548767
52205573
29690890
60312456
21024954
6687743
27890687
70470635
15425449
32022491
27721891
23123245
43704920
14478859
14462572
77535898
67347161
59274774
59369729
27319570
9294236
6398238
40455994
12637745
62117785
94087393
405300
66325176
72548381
59210186
55604465
53143450
8180504
81385848
33889826
88618942
93522198
58866680
62899426
83570178
76789506
45664023
45516495
88002069
63193283
5419091
65628848
40845051
26323222
63499035
94660587
81876341
91214038
50426233
42567268
78156970
53720537
15068999
8758650
4015390
27320754
16078078
75361248
78837733
48468563
71008593
12375831
38358929
38645415
83085579
70049780
91484450
44266350
83281954
87002544
28667343
71378234
72170289
36301957
70555707
26883359
62441626
60173393
74244997
51622683
38456412
53897936
86634232
79045596
48738673
94065312
90357721
77136152
89341369
1526557
42646662
44679582
19398150
19436632
70220622
7979046
23641099
21232870
84201397
36922016
37327378
33626951
75034287
65923967
52914978
34729881
55160318
36654135
62490779
90735775
28268517
53002188
25680957
37614485
55237875
26026380
94110963
19922466
37617135
78852921
71021727
61230854
90700009
77223544
53803509
71941778
85815895
64826749
27683847
85739784
83424572
47046432
82812887
93134806
88452219
71747750
77076138
48725064
53854104
47640446
81827033
27452610
71693406
82221910
39134582
36043023
31650293
18149580
87805991
59400720
24555191
84074224
84131157
72560475
83813084
28723498
3724963
94083802
21765776
89154076
83003058
85258429
32351655
45818764
13062559
88534016
75229489
18571208
71946389
55107846
5673912
90496360
91915322
6698877
58794741
33439282
65873193
70276502
86301872
59326436
29250653
51846997
43547835
25258317
26998229
3385556
24193420
31707970
26743200
6511257
64871258
50079435
19777562
51526600
88807852
78863705
13665627
87564756
3090788
66527673
75274922
32081069
27961539
15306596
36514994
3200249
55950422
56147663
70535342
23535481
8088571
92986807
57622665
14753909
40131912
9287386
89351123
5577817
14160385
61503456
84221649
42596774
56634810
2480700
89488364
93363124
690953
91672670
82059132
65192779
69055071
81926973
24481212
66295886
21999558
16851062
27805227
39854152
16676805
69127951
24164115
56310542
46283075
48831
67753254
80212148
71818188
23316616
76847111
34479673
61779007
17707612
6035324
69056406
7483120
9199838
67914158
7727230
28477555
81023042
32278184
64072399
43506972
88374282
17533811
40014781
4676535
47208643
86522027
71349088
6594318
4655444
70837636
77974152
61097723
9342558
63782932
69935168
48313658
33326276
55797243
15581430
830842
61734739
57974139
88688097
94357760
6739255
63967899
54462548
89999704
89651397
29401009
54762970
82809276
7737391
43575518
91519048
18995823
24189090
89691460
59457497
90440328
16267873
6289437
4033936
8338255
10788929
1307848
50359123
83836315
58134639
73615297
51660660
23622363
49526028
41400852
1665282
89078872
14330183
54979461
56749212
51058343
10047658
45640792
5913300
75821903
78554019
78557640
27908039
80006173
21163705
49162963
7336078
41405311
7738800
21259283
9794420
18831470
56166124
87276410
70588352
53991114
52132590
23060284
5965812
68896928
50748220
81627551
93014968
39264742
51656545
70740009
87731850
30648544
87169139
55469968
62953390
81332888
18166726
30116215
21670596
74364096
48275056
3339796
18802433
92340035
4004055
21293485
66380316
66726740
18289145
61565109
9523936
47068331
63086131
58060979
72712958
42835739
37659961
72139059
40404366
20626909
7453253
19529527
55161920
60527189
80292356
89707742
8704250
17801177
57498
93773569
44881534
60601913
82049135
63357160
15436014
86390195
7272459
46828220
24937844
40552662
12644349
31372570
70404267
24273102
39729221
93074153
11006036
69503187
22258920
54587229
68810530
23200885
11565416
84805399
17118903
41067986
32467858
14449472
25286108
20496930
52981017
70121534
67010891
6430325
33972204
19734858
65246290
69910987
35082664
64058701
24536165
73984056
51613790
62732324
28619992
57786512
90678992
31651397
33528353
84599121
81996584
78844658
7894108
39719643
3955974
56841877
46757617
88092191
66266199
39429043
61435583
32229064
18896791
31138121
43603938
12275906
41714901
90269824
51918950
85039488
67408477
88360038
43430157
55247074
90939839
46320635
14239466
59489783
67997691
92666196
90790172
92517009
10090675
39001634
53065823
46343032
54099011
3494532
54347517
73377600
37986368
39860172
49130135
49417182
18100367
60498673
81816965
50098616
71720370
47152198
93740929
66775344
6833138
27687150
12529850
92666204
82581456
47139543
92491793
80144354
77841617
82204094
8293733
29649390
41897683
44827446
23392444
77815197
36500761
15152965
48190328
15926112
24345208
2483687
87893806
66503884
76875987
56665249
48697232
63430087
24014000
78170209
15887139
93662197
5314717
30758033
75064328
48957297
27815481
87581690
70732859
93874540
89741895
44107843
31088134
85878467
37065637
29070231
5412295
56331070
22956224
60458872
313839
18715085
41636776
67796280
8746026
33093491
70356814
27318666
34372208
1465661
28733531
50150333
89370888
45941204
23268513
44919919
38335658
76643035
75195925
75111696
87177611
43333320
45571675
90023673
24346916
89380217
70826590
61003974
55960057
51041358
49562160
50079022
20533591
14684725
94236447
67208465
71379866
88291146
73909224
41291145
5919435
65394976
13315411
86786004
66806567
87526747
47898392
26715423
23080479
33992076
91733727
90237562
74308493
9325626
67961978
48092282
9262132
16957765
5538826
51897807
16841880
4550496
59015894
21079442
84918366
25779919
48884411
8371976
14474858
49414650
92557919
1326996
52626102
57984643
55348557
78604520
7219657
58977585
70921617
78887653
26484862
13321289
14772223
50630525
4240670
44332678
38681388
4087280
7707711
19812005
9608759
25523011
73070758
66464313
61693762
26763226
66409719
44608156
19406558
45513024
30507564
93838190
52575964
23390923
18899458
51135932
36127113
61642913
90981402
64226753
23813567
50102887
37006773
67945523
3974438
43006472
2737112
92820861
66010676
19970512
3572323
40074847
23235787
80196828
41432192
75549034
64875056
65553913
30328246
22766624
88052771
79828703
53982518
87637776
83156954
42596206
54663024
18754346
72878517
22537610
7710430
83897644
71353517
81100546
30622676
62268511
49918040
19806169
81245969
32629096
2344292
46399255
10005230
53324439
20550477
38008426
70447480
18445057
47106209
33014398
64731349
89792791
14239746
35984824
43269452
28151534
63406201
91073718
67817463
57180404
25343255
20955666
45118945
11503073
42961642
65534386
35047302
5001431
81059826
85600694
53272464
81836042
13621804
54544553
57775991
23506935
44946377
38396223
88186361
23118970
32012807
39318245
42934014
9560642
60023925
32107517
51608820
80917718
37525891
90610197
69961327
58248466
30776765
85620824
57925807
23305821
60528597
37793031
658995
26380909
92240719
28072346
41978134
66721110
11745716
72913373
53500719
94242314
43509912
56798561
54004716
66236628
4438195
59846379
42957594
1833473
66980811
80759904
14855959
59449922
24318268
675164
33064295
21258913
87445728
1437246
59646382
89968969
31102591
71837383
73076594
18673522
18106817
76400460
62514683
13958160
2781022
59214249
52866691
62932353
8065090
1383370
34598071
51373350
42921153
16536182
77883212
46601480
77577696
20635303
73475407
36299965
75340178
52654827
2929864
11563932
52129013
91532514
32827178
83920658
21284828
63971858
94511984
22060657
69161659
15731449
51351294
69200467
78401083
52640303
5947279
33236006
86530532
11242436
21357449
37741239
47503245
70729561
79103927
9992326
42538266
391115
93605921
88626719
46473018
6901867
34359997
2474780
438791
12957783
71234125
27707668
81860105
89434502
43974335
38207552
22123833
76549443
8290673
62771331
4680505
30353302
69347152
37430214
42622494
17398811
88706753
49953510
65477568
8997624
23167556
72534492
20524137
75024245
41057907
21498794
1843008
56947984
34808200
6700863
72068584
63555166
5699087
48894501
12608033
15682869
68351216
49527701
28517484
52187293
21464139
56986773
2936676
21786798
94037
8649946
76412208
54731859
75032447
41045905
59618468
87692979
92325900
43628806
47010194
76267030
51848547
13290321
54782356
27766278
63762482
28277994
79394500
1944036
88362647
52824481
72244854
28256855
67354624
5190962
36770956
18177108
74761702
68642442
15032790
48820909
86146033
83774266
40645420
28884033
68164471
42049298
24083133
10235574
85973212
60231343
53943172
11112419
32035996
25143506
83264570
49486206
41514470
66994547
75476512
52759156
38870837
12450634
12647190
8853922
25795447
84400120
61799332
48371005
84262630
27315010
4436604
30894666
7576556
18381705
44845559
16676014
5121800
41631490
30590942
88360636
87222588
15956409
7632405
85774911
24000087
57951652
72119855
45461399
68369483
70956455
11867871
88654791
26841467
35451715
3612904
28055091
78614175
57297907
35794169
78726828
34937465
11582764
3334371
30308035
23118146
25593986
18787253
39233443
45522713
78598906
77275756
24438119
93902294
45010539
41323206
12956503
43022169
37090850
62586374
1312507
91888998
19347897
58894821
46061692
93478697
4134266
12223046
89894832
84931624
44493992
51284764
77399310
74794687
6713832
46082249
26757619
36844677
79672208
44378965
30957401
16102241
32563964
83846065
66921710
18127916
46739337
56815443
21187207
93934753
61516095
10646993
65161145
34985863
18729212
73070015
62024423
84299610
86561510
6604840
25837179
34053976
42435188
2041525
25405637
76106122
86372902
81427051
22966126
46070365
44681931
68351218
63493066
61108354
61578596
72932508
85645147
34661900
73390356
81232536
20376579
67820249
42795268
57352223
10030015
45669214
22419048
45721324
81761114
32919830
87327698
69973299
77516231
62136154
80653122
77733794
44826249
3856903
83150774
49359267
19030496
16136715
59336013
68092700
72444698
66320979
27718698
22112895
71207138
76297381
63261306
7038517
72502400
67220170
54111595
37304327
61628034
67779079
90508819
94486317
3334298
47454970
79876396
6756646
40658021
92374937
16993480
8575801
17083148
59210697
8626857
83074526
17456536
58167893
59050704
62155796
44394798
74297328
83425137
8618652
38600509
38907842
91744689
31339696
40778255
540520
57222970
32161868
41455866
66490526
63128885
31077555
15554131
21792012
84639381
69488008
70030025
8703860
30561416
52358082
24309005
53174382
21333320
11864443
78714498
29903806
27314002
22478191
72222562
55852113
62198037
23863892
7999290
6097280
70459896
69348391
36745606
30436825
17514868
62122945
82723500
85073830
69170851
3325981
16038220
48242236
11099405
90921885
77157834
66323856
81912470
59952731
16518428
27910458
49415373
90290981
34827226
51870496
6623667
75971542
2297865
25771117
19776900
45350780
45784742
17762059
43055998
55298776
69265585
77759722
33072568
20045773
63694644
47977077
80721655
51524505
48284596
87964266
8718471
51855028
53748692
13400838
52314212
88114041
71300786
30051940
62576412
93615706
76142258
75060563
39655138
70257508
90075003
69270263
59619526
43102865
50681117
52962617
82910154
32844172
19776906
75715164
69819432
71865391
4408566
48935955
35751260
82276189
46556866
90804209
36043378
36142270
2934033
70649741
14941446
35519125
76766890
58552499
91024580
84309159
30797546
46714044
60701776
90600967
61888928
6775449
35334993
9175444
48921491
5124100
86856250
48798391
17689520
56657544
49872094
55217233
43565142
6526874
611786
75871329
91504926
71737770
52206323
14518493
26984514
45508942
57596060
66865388
36605733
48132417
90681425
62337938
62356252
56154074
68951106
15050688
35487057
25273015
50410055
12971044
65984647
85033701
28394049
9423047
36490408
51163377
18131564
43536066
34803901
58705423
46206819
88891408
3912952
72280885
39902922
64302109
52956289
56054134
64574867
24307249
81851616
46605733
38583042
72966195
28273705
5102565
66757082
63975199
84543703
68023696
84328277
17329605
27982311
59299591
3972697
75952359
45814857
8770361
1203715
34506697
79575979
12659563
1648513
66289285
48256747
4593040
62194672
89148466
60804043
30187113
87764415
26496516
12567643
46847150
15265858
78662292
28481322
12219530
82958627
73916604
75703776
15035537
20190916
76412736
67621500
40776544
51131172
76556486
66377520
5610002
58428804
17544843
6984823
33000626
4140695
53327152
20043581
28388020
28316951
12084942
31201023
30465276
68464997
41550431
17342211
80273754
20160012
55819483
54656532
55657556
28090691
76003396
42710850
88912571
22118179
38473607
39374948
28500966
43671065
13514578
67947030
6752867
37357906
61679679
82871033
79674704
39563771
46048315
75553452
15151041
93629027
38950520
68201594
9076166
41306258
58350557
36907954
64262119
24957172
31829722
18912341
79553968
17887686
59051870
13121882
91213864
33620786
60697613
91396758
1855603
56170663
64028369
54207079
84940536
20069958
31928546
22564739
45777594
79314238
39061156
60220052
3133984
16251406
50639119
5816266
94608484
41556018
47009616
32101105
49245991
19984089
55518042
88943604
33097792
70250105
45251312
3474182
85367361
33145998
62381114
27043264
39299990
26598885
14521515
87993592
23775937
27976916
64336008
6794009
62631452
36115487
89081328
42171780
58999877
44054961
417714
16088665
18119240
37046930
61075309
44798187
7307654
4321489
82578875
89547547
32085362
35206523
43637867
54132001
25635810
12953519
16666494
80768750
19425150
6859929
30688573
51580281
53762951
76144491
63765734
5407106
68107872
22469092
49570634
52122616
7040095
61146503
92802871
65893084
16843333
9282879
83326672
43436814
91088457
50556136
54634608
26872369
7497126
50141204
72472523
66675908
94612132
8052668
91296425
34155633
27813836
74567491
76433862
36730439
84699618
10514914
37213022
50740949
45924231
63160750
26365883
23568180
32724695
24787359
73911297
36966815
32134052
14307655
22160652
50938458
17403745
81733938
79378713
600628
33868978
47019553
52346832
79484417
56110944
32297804
52850421
78697731
63236781
64069752
25418847
4407933
63585969
64297377
80263739
20511107
51552988
35182401
44234823
75433707
30201411
31339207
79109171
26744803
18397844
2666814
91650372
87085949
83742272
62254467
53580368
80641496
94239389
14806481
46441900
41415409
6537631
26907351
62704150
84614471
74833495
34045351
27679976
28038015
14253716
35268974
95287
58649691
79550461
40962746
74230127
10250742
37690147
70948194
31156016
83904814
6297634
88297552
34409825
62431034
49952703
78409582
80184740
18596619
18596622
68287647
87293457
2972330
72814181
29671220
43211959
17940286
89356983
48261310
18362548
91399207
45648955
69955768
9744363
40042461
19123085
90563212
5256653
64616957
24917886
59118605
7124715
67271122
30325643
37710325
75407032
76152952
27123469
81937876
83929603
39963101
87042856
37018193
28494430
79608165
32430408
55844247
47994157
80135967
28162940
61970561
87872907
91775493
28805004
61195503
90554311
21494697
47243484
60922767
8780985
23988099
31139812
11908199
87599984
87856593
2284877
91137411
77816834
70158255
31812526
32001205
16980941
49675771
26085481
51600508
37804062
92286285
81600875
58272339
88837900
85859688
53601562
68281881
17840096
35302437
17493869
29810835
20463922
17153101
41871787
59211146
30605467
5442941
83380566
23965473
91632184
4731172
36669696
85594262
28086605
13285956
10843203
73550112
13506019
35628788
79883829
80215276
43352009
50903140
512502
1548975
14862564
39691309
26752371
69648985
63256306
38102762
15059105
62779132
37634504
93795707
21592260
16708448
19446256
16777486
62410799
19732027
74127292
35832866
74289410
59828543
24926683
43690434
23517822
30962932
8225561
10929370
29747582
50389301
29686012
81504978
66320186
2886735
8314939
77926841
85364815
50141789
49029162
42761771
12510226
42304920
71300228
72375087
63451311
42007983
4715558
21773682
31134444
46421544
38130606
67540439
79894331
16347687
94612333
18538071
7005607
43798557
38611202
18939028
62294511
69681032
19304242
27900785
79100993
12332471
11352794
6624349
8844903
60490697
25264698
17386229
78555361
22159650
24007410
76961960
65080051
59366104
86536448
71539366
4979727
69448608
89481395
52585136
88707924
21363113
57331176
67874003
69473876
73842684
35065367
87603209
9435439
1669077
44411014
30853275
54729819
75128205
75297287
18192609
81676677
68195202
84084574
64696880
19076700
79851883
55115233
9292949
69751517
31313864
28507861
43447349
5823485
8363461
22804630
33147715
78845713
47132813
35083193
25657623
54353172
91532506
93242588
15545856
62973966
81813674
3022725
13858497
43541841
24470202
85046251
36238000
52170646
85755162
64832214
1285095
72522183
78288159
41979119
27161070
76573778
40531095
74703169
23803227
10918441
11222952
9148321
22828548
12269010
73141986
81762018
83829944
88954598
44132040
91895037
68965304
36833966
63973111
64340816
43376504
35556103
16204996
77465003
35517069
77830082
12642051
11415859
21699390
42629750
36479397
12210979
32586388
34527522
60730167
86692576
55115590
37234322
15319712
73721530
10504199
30788501
24092064
14307361
90440464
78281814
66301264
66460570
85551729
4793233
92835892
81195363
7675104
73768249
27359224
53208560
78508646
48218738
45341722
54392749
3297614
71221955
7669081
66324784
45008149
34866549
62548935
33858858
49365238
5548225
2697331
61818585
30579892
56535610
58383148
35726665
38570413
50923827
53646392
84226725
25426742
66228050
5606844
38051214
80755167
39455443
73973760
18890327
56576314
78659069
12202397
42756615
62650981
53524483
16818214
91460342
71226578
52664152
13833658
31169952
30692517
78146620
67234916
3336850
13539033
92094814
14718829
23245749
13201020
37334612
2004791
13989249
19883042
54331223
19361615
45228821
43788374
57916892
42913687
24952745
79720419
39606693
21270434
60415808
82477936
74209302
44576580
56404429
90340039
30181217
63481234
19909336
36770088
42792338
36395493
85907448
67388911
63017410
61991108
5339888
79712838
89009322
45283259
9956440
79980880
13222804
88293057
34307180
86299134
46006474
93820660
89661631
80001222
94150300
30810866
43378442
30308007
27461406
63303310
68668443
29939718
89102442
70455885
20807857
16696283
47894983
24647330
86099205
67518192
71885117
8075171
16599829
61508144
16811145
48877303
57620843
53399342
32912966
4305989
5150977
20554898
51003411
14050586
83579513
18933263
22853809
86118739
24011057
56636377
81325204
76839221
31302684
32020847
69245514
15527994
68836290
21687892
53961582
9205376
36674584
55888863
22292327
27487690
10622666
85576218
76435887
91669895
29465932
90351645
87278431
1794399
12080418
43943936
7405610
49493261
60202617
64052997
4163393
87022603
73887721
83516322
6800511
94204834
3852029
94326790
33938709
19578755
21432446
8069513
25371412
54353394
36340181
3694789
54545315
88684023
88611581
83785004
4608947
19287490
43275279
80759990
70680715
33618070
76203316
10534541
39545243
58485015
40308207
12845817
51091175
78830226
12123551
709215
72447040
68675753
38324619
69452695
477501
51360433
50075662
38685510
71714829
41417319
46675469
49090069
50741829
93142248
35998975
17576411
61340804
88935687
16309713
26531400
1139189
14889894
37795145
75761987
74436053
16964654
76841250
67410328
54287369
26593005
54990083
51596777
4721755
45327183
50902530
34017709
39152572
58024455
43385073
20912745
34736202
73629359
66588692
37886546
78473574
43637236
64292804
54147286
42597643
73854937
66836409
50042850
83443399
5678822
76796677
27753598
46542755
63803918
22926124
70661643
71502469
63358512
29643197
70883738
32579224
54766440
73443282
1651121
20601334
89729066
81734270
87269802
91924564
9199380
62027216
35950438
79503676
32679850
21637132
18515579
5730964
61834260
4655233
41934623
3194075
36142220
44611255
14198636
32830929
70563624
65835678
86860889
66928018
71396565
54863636
56527180
18694685
47505119
27874763
49953676
16736419
318747
55276410
16545443
53968227
75317812
2962860
63004611
88979058
26698356
53996705
47599367
6022122
39516567
89009326
89038897
6593842
64031145
29308716
21281229
16037043
90849372
88013495
66990086
63697310
68657793
61854892
59212880
50065745
19639577
83748551
78701843
48875634
46375287
87706470
93020278
36418460
20613658
25952277
78044497
37518928
44508863
65623652
33511075
53183594
73623758
66462063
43579461
35935055
2661417
7790024
19394860
65244520
499295
36713895
21710077
37375309
89640870
77359413
79042420
48148038
57444685
78534427
64640133
29798437
32513483
79614752
94661970
45974416
5480936
16456250
42875957
80949369
8521186
77889905
34350040
22889793
81684895
81808010
48047877
33587233
71639185
52674897
80429486
35119268
82810177
58448030
19616916
82712425
82968599
37013525
28814226
8722792
15547862
93635151
60578722
49235562
4223841
53456651
54290550
50796992
6045754
30189149
74213482
87350243
9281986
58177853
81312158
2023981
48323240
39992740
47323967
64631968
11343861
50580637
52556209
37702823
94314986
25914104
79702190
19515908
80573098
8733902
56400787
87636015
54409458
15901030
14648361
16515466
76985960
56484315
88315668
7158548
61573440
26368177
86835243
61675470
66232124
70418382
41252989
77613071
71066083
91909872
70252347
91386260
39411044
19429720
88858591
46719650
28587752
82816872
73842374
9839160
20774175
69322047
32169643
45213725
76209685
74513439
59431426
77205787
72749498
61132270
66604277
76908488
46408009
42996429
5436656
31213593
58629968
85894581
35382535
33807231
28781152
7480769
93890812
80658345
30008450
72473311
56225346
14088259
73567633
4573230
20049226
48838670
14383850
20474593
81453730
73498262
71857214
61446745
41593359
44082548
90611829
13236056
48503774
89282711
60818022
79966326
82983661
21229464
60210429
8735753
17784553
15031803
439182
23039860
39568570
81199387
42606529
29583790
12939814
10595430
16375501
1198579
63522642
68768933
32174600
76617071
27808624
24821232
13214996
75851732
68114102
18030513
17783556
26330461
75378405
74419670
3995231
43836535
22335082
17505244
75813520
91500443
63641461
38881088
47973346
16038894
23826430
83192174
94152258
26785323
64079057
18845473
19944868
51968371
30157929
37524923
66640681
9360695
33872474
6046651
9907302
42877901
77218077
79200360
13915711
60011228
74008781
63741825
15513953
22346866
6436844
92547526
77436963
53800494
37264186
5148457
55675151
53810615
6803055
58312860
17787303
37013326
32602158
56754896
57125540
84518581
57086241
15503999
86622462
63393998
12561535
52379064
78002567
12309823
26425859
42256708
51830562
65392837
4753483
45682157
56200345
67954362
3989972
1059575
43494228
3601769
76497661
22465776
48128669
88376225
14387124
58373068
83322785
83992040
57818763
79470140
13789614
57228357
18829720
19528186
85374639
80923684
28084673
69083112
93359327
21151002
31376213
7116223
61540760
49947334
84360562
77862912
73613192
58641029
24916381
91580538
15560258
93954401
10641694
55229416
1179628
84719003
46219983
16380673
13006097
72162840
2636464
8289658
30024914
3339045
53523536
18797491
37012869
57974361
20911698
83895817
75844620
76492681
5528612
52573809
12719058
65618143
72621025
50872171
2306326
82122873
35070493
25564515
37502460
20600649
56292846
11240951
8264291
71034191
66378146
85013408
3588152
93823428
14858411
82865963
15925449
24672812
14521952
72788406
39384910
10515243
69915207
356379
54629181
66958737
47753795
44313622
56560590
56649670
51840878
48881440
91880358
19722756
77920577
49362190
41387035
17536268
66488964
29465843
43043195
92661920
2938005
72240072
55966209
85629848
45248298
8196619
3482672
49569574
81809652
83517903
7871171
81268752
80581977
78407532
4062962
31864184
38265748
10310655
94491467
40713381
50246170
10572226
60846361
80004342
80508864
56740756
2909097
65628436
44064643
92025975
68580790
36126866
2844400
40753762
83963729
52314346
86775148
5779533
68373933
36355284
54337249
82114777
7201291
33614517
81408804
8363442
79349588
65188016
46896051
37034976
44539042
15188074
63494186
42205498
21963256
71380810
37403005
18229223
76321773
76523056
53813199
69974728
20340516
80753443
38876235
88797966
39553656
77648644
53348626
4619896
81076103
27363610
9399593
31888256
28126672
30016164
76132688
91443089
36157487
32369070
23650666
29731563
62278857
24031235
36027521
82394810
51691244
90905074
50925885
76720489
50537474
69607353
24756919
31855147
28708899
32549075
87178424
39989278
19867720
4667487
26796175
87829781
34736259
60947412
17723786
26632021
62353904
75836565
22559114
80770753
12395322
4731930
84085478
228620
86207819
24264517
78505830
80456586
76066571
65181852
24689975
85137079
83981203
24825048
28509578
81457231
31252813
29924841
24555362
85198390
68684512
21305478
23857832
47061100
91553395
54577801
66603232
78481402
75840704
92892050
76865490
2372695
70041908
64036946
87211353
60034184
65320872
53614416
93167852
22752158
17758383
18054838
15132421
50893092
18454280
14191471
36525545
35113155
2786119
21149486
18261160
34989553
24217243
23454707
54085943
3823325
21365854
45298806
19180891
7715747
22892734
25682206
8767722
44839386
8325355
87876005
81673493
58176028
50402074
19711847
60225332
28560625
66828798
85588724
69497930
31099592
6586548
18422268
76681643
12878860
67306286
82501119
29679144
60064234
10034402
57570054
49394057
47844602
44994793
40698572
70041682
19390122
93980525
1836710
72136429
26785292
9137
44425200
17863227
72969666
66457943
92304478
61290453
85128768
62508640
50103068
58022321
11036879
83005511
74624585
92435639
89273587
44085618
43983602
79281551
59560490
24663777
66586031
38386354
75562867
47376923
7205378
76793603
2548028
68215395
6129667
49281224
75072240
39341566
26062473
43099580
22356371
55469000
13404312
36435127
19587989
60224673
72343359
46231039
92604131
9947701
31980105
86160853
55814710
81672703
65153500
28701662
74927122
42615694
85614397
62730785
43908061
77065560
60421497
45360126
13684244
30631609
48189640
78260647
90230194
9303717
43845970
14338248
53673680
9700963
77896803
63236656
68883060
84279815
39027442
10926790
18358906
62634013
6680871
67614985
40976329
6683197
88151853
73222558
80363664
92360111
68851254
57175099
28553692
8527642
66320405
55082123
48371429
87783487
20770024
38142285
90177992
76895748
43769201
87869448
43922001
25452582
6856961
28911228
25542715
77933218
64531857
84063652
65865408
35716990
83376417
27483497
38468518
60760631
77745306
92017713
60117241
55105260
28153980
92095058
14703917
42204531
12826804
45640597
65252173
8689049
41600784
26956578
74607497
45796630
60668195
30564408
38263365
13206939
14998020
42565373
34447578
57589845
68264519
1036600
54750707
91041709
10663146
86502299
61518686
59293963
25917825
9258484
23621414
20105769
56834676
4544885
34596766
90263314
90739388
27738762
59696300
84483312
90163408
46135655
75279447
71978576
74347384
6061047
84286598
75069457
36775534
14930169
90755513
25685473
17432698
87297337
5211581
19233051
65312112
10518076
61400669
84485888
56840622
22892575
49852514
79882288
16650189
28804464
81290402
19577622
38972347
49656861
2702517
34541424
73699852
85839873
73913778
4081210
48196361
73630698
94001656
56835294
61278958
11546376
33529604
3257966
49495856
6239345
94155853
75913194
58619481
1291289
10129854
19268599
9402441
14841396
26864747
16993433
57850634
36341890
4502529
22452736
80841804
91353225
39700441
65723274
21091264
87392060
67355810
18468178
72361611
86359480
91736686
2562468
82184665
68688387
83431781
55385735
93535645
87505517
11278828
10034849
31157392
9417286
75571100
60039336
82367752
64142812
59208434
30779844
15673492
14001255
80426497
94041856
45072044
91139360
81727138
88703770
12637705
14900454
37846124
83826882
41228702
82955382
18293811
47386541
6416325
44829349
82550900
91441702
32646104
20944793
7433775
81789817
10800182
25567504
39451345
72044563
24765280
80484941
60167841
87719227
79712966
31549034
89473552
13909394
87494272
4400385
10123507
31312108
46561105
55205895
14041840
90496626
29858577
57182191
76629353
82010319
48519237
46573077
46996086
87015118
48261047
10430976
53684722
62761832
76433186
86511738
34937324
40849563
24862282
70929190
69009458
38093476
58814970
42231455
58650888
68943527
16755650
65863070
39071152
83146979
34725614
35047290
81013840
49217047
59624286
33053386
42303944
33606590
44458490
93581890
633814
67064712
48833958
39984181
14278933
67973976
20433984
51001186
9514465
27777539
64143441
15065892
50795133
20545644
81900144
54292546
26560930
27631522
5788113
72404007
38737261
60783325
43882043
59728450
33378070
38544980
13723766
33304937
4203085
43304162
22559546
40354966
7494155
57305823
44464144
63333400
27600929
87690866
41509
69726709
22624324
50948851
54854841
14979495
19116457
86136853
40861722
20175252
27454521
86819482
91933727
59094740
20530589
83091621
91705199
556148
28696881
24343907
8619905
70198836
11442688
77416027
29700061
46259342
33369880
91103110
73503078
44504668
65926969
12316597
74753713
21005954
36341031
1913131
3460361
42651437
11246725
24807500
50421244
10669375
6200908
87167602
36740297
88955096
18124200
64736859
32440475
11913569
36107442
19361577
54954250
88917295
43253427
94397518
6611951
30904626
73477146
73793781
9635052
75226709
15035005
76987142
25180989
64675508
44241508
38038453
50373958
63886613
6598188
50651787
8635434
2099757
75557418
82848107
12911967
29989310
52499623
52647985
88182896
42799718
49137155
69893679
71928550
51107603
8423819
25516637
64890892
82250235
71251863
46294538
82612164
69729181
22635939
64651750
84246356
44829791
16428919
9750990
8608987
13884491
59479329
86218081
89794838
91805666
17150753
68115458
15001415
47554909
24331078
19362288
28404877
31988122
85771143
8445333
58763156
13310217
76271382
48844357
67824569
50940055
15873348
19320966
16069200
76736153
17979072
75741780
41657644
60629632
1835041
1912996
24458912
59953156
49703443
7979895
40748328
66733525
88495140
47335559
39058395
44800769
78683016
92902790
11335939
31335211
85698356
64708045
71986724
45596924
40667346
2430438
34008336
14841010
50887233
15451445
19377803
71299989
58007159
77334013
67573829
59198242
58300689
35373695
69627114
69627115
10512401
40300244
44592380
59013818
82831161
52296065
58768046
63403307
89238907
3613455
23528311
19960555
14223952
46373500
61512546
88181556
92965198
16441726
72253535
91612910
90227684
32724121
73523570
21211094
56262610
85738854
13303559
84830175
66655844
2510883
19488704
26279519
87535813
94623815
20324999
29520615
68575301
94471506
87983740
39066510
87312136
52967255
15777065
92520177
642418
69475471
19668329
92919119
45622368
74848506
22829559
58996971
73308473
47827319
2048010
71653969
14571424
27219475
41665808
13245389
114149
55955527
86775774
44930573
44869046
77373956
91911956
42958997
71974132
32797982
50165707
36775776
42651561
82266044
31296063
55144196
54225920
27715084
18804628
49450716
46374174
56809544
79057717
40249902
80055612
48072600
75559436
20018874
11760366
75269882
89046448
40629888
15806196
6183978
49766793
26546633
34342851
68674282
13721593
85763683
4909860
52983258
31941880
49904287
45250516
24126742
53627085
46838569
20855865
67028527
30300645
9916449
69325374
72546794
64707071
12969862
10078532
93630771
29042496
23507830
35593197
82186600
7945513
33122663
38670799
4867980
19076440
52950661
89273490
36478153
70831396
13186345
15374635
8922313
67666072
66147093
88517205
58766615
26621297
46647860
13439959
54237871
77688524
42694782
73690443
21384438
26434009
77659268
91087797
65976978
75436643
50298032
42391167
78784114
5843439
32877083
46100914
16235288
86247577
6812914
64540421
45188292
94425096
72787446
64570184
59066191
29634083
71112460
25510143
90690440
6779233
57048014
67222600
44205267
20765829
58771680
37156553
6779281
91645662
1510459
54340065
46946688
17535171
48494343
59238397
91378574
40711439
27299431
37444202
65018141
60317529
62352379
32914770
60134512
11436287
1590655
89608145
91228008
8458024
83028889
73767438
1642751
45684417
25839032
63680041
19913799
41481907
40296009
57526181
2000641
76809400
8425758
69403209
83339273
51646262
85641642
81583853
87963911
85756017
46085204
6030875
11072945
15717441
37850656
68620187
55457959
53418363
45006097
90832855
51880011
10459436
73962506
40245587
56223737
55268756
77761692
81412246
31804526
69162294
92024829
66827114
20070492
19427182
75393446
8661466
57570555
36740672
7372933
11363410
46974426
36168114
38129530
68989315
78527367
27885380
30139477
14469932
53780992
39287786
41031933
74180358
30639310
35796732
86621820
75601509
91806453
27986348
53479779
83733805
89473601
38818092
85304302
17901425
74074744
35226093
57332423
1642210
16243499
42074646
64091216
64424752
88928885
61830356
48931269
28746451
29530086
87187536
37181283
31149351
19872187
15055458
10385752
25383958
47771993
38347819
71256464
68126438
56884929
59232851
63498611
12901881
16476502
87078046
91451974
28598530
75302812
37833852
71034886
78693936
67098239
62187221
6550375
38820799
68134148
35106134
15017712
45735298
85005820
4300670
33549959
77892169
57677497
58059832
75268282
52318925
87264846
31553798
25207205
26819945
64373005
93833662
92267404
42869415
40667340
8020639
51140680
11259163
31319898
70220576
87799099
16920292
53193270
43254284
53251554
26824999
37181310
52189905
92195487
25610969
964846
45110413
26635302
28913592
17520880
91486072
24472073
35069863
55385207
43647387
76046589
19291566
10646700
2163079
90348332
63439426
41586288
57184256
70844586
5233463
52857180
33029122
65165658
14435603
37887757
42193167
25037596
58046571
4246939
11494361
77714993
88585549
36513137
82308402
5767156
37976174
48253978
93289661
43712144
92587281
80099203
15016031
6735448
73356608
23116748
9476803
78557715
66972717
58650089
52381902
23827488
71536768
43006228
46809890
81050828
35844395
41062178
49856971
63196759
69975763
79294672
51589436
58001196
44570355
34698282
42435212
49353544
18999509
54858790
75799364
51076659
46786376
35515086
72301564
13700261
7267804
78910191
40270358
44041180
3503514
86852944
34265632
43041204
41215212
4767456
9878695
37298310
13390309
65850929
87570444
27123710
50042191
57906657
66432105
80521287
8193508
93443412
74040240
40092118
94095174
42224328
78706145
74407877
15168941
85725695
35432969
90089327
56065420
29582469
91374872
75057709
1325144
75589478
89418251
32417799
5759585
67299165
60807628
13893548
64867648
17468539
20383302
27555002
65201019
46772036
15443924
62795654
35375765
34114584
26266696
60453941
16693959
59047036
53870294
43258919
30662249
46782786
43460828
38524872
78156163
47329489
26519173
46910193
74254946
24045808
93697460
20326567
153520
17986267
71110482
38881292
77046260
2249276
66705638
62794758
19095474
90490221
75907030
11836573
8859629
12803702
48889790
9962603
83607994
86817093
58798686
40842556
54955046
23430163
46482962
36615161
77573926
34615452
92287450
45055905
80566394
11399858
40262652
85992648
75010788
37934736
45509738
19697940
83151726
40606485
27080345
36103730
17814395
24995723
87826107
26947099
71953623
23462863
3773797
45760234
54108381
8675005
83653645
14337802
75362246
83773848
21931021
44640280
57042894
64199633
21956
20894775
73654410
91279068
88581242
63431131
77073961
46877071
85240464
8119707
65736193
1968110
56091361
29532972
47060045
4982730
88306814
2802280
38834078
81690239
3862285
21508099
47808532
9441806
53592709
46163470
25306139
16448362
72884324
27366207
29707258
88080786
7682180
42646543
19326506
58035778
71014404
72843969
69638490
26020036
20459599
76202031
94250712
76810713
44806207
60258603
68999903
337132
88834793
39938431
84169915
34758265
10676007
10676009
25048222
77648748
62173721
54256693
51391629
12393044
20328780
20661488
42487311
902077
89090452
70452060
49359265
88392289
64768524
18536783
56404079
68463256
52662580
41865278
82700165
24129565
57172136
93460342
93496846
63330487
33903813
22450050
94066628
94066632
75633039
26040935
29846192
69459609
10918350
89153503
69612305
5405059
85168310
75296244
57350320
273613
29235549
69137862
24117289
10764479
27082845
59674212
61649518
32164387
55628751
22080657
93142696
28993640
8916866
21342267
25482291
21787075
48103131
89635541
66150707
49629663
91480017
81432635
18240177
70783510
6063002
22017514
87537804
41961705
55962222
32457763
86896083
26725718
17158327
21782282
54237944
58975404
72564954
72560296
24969824
76216257
40791074
58516380
33756840
92969449
41135675
26910098
72698044
54379082
13991183
44579200
71884538
30229011
93374577
56359471
62099257
62129958
38882567
45457177
61600688
80459670
89042969
83997946
3968073
45315509
64302130
8951618
8853789
78627682
24662437
37595274
27748754
67725428
64852551
14195412
64311759
83012323
68066425
33337540
45963370
74994525
66250816
22821519
69061996
89383366
64360637
64485361
38014484
87175273
24699349
81472609
12056190
93681247
86434009
31888744
63694268
65997660
50965297
32993515
94385258
48153181
87364941
44243100
18204388
41125710
31353832
7198921
50672354
42419346
87838057
49022033
77231998
24402002
51139405
83710409
17913631
92026412
67907864
20949671
90344090
80209319
33875999
7427757
5465644
38580777
34682643
38218502
78830061
57264481
29180241
57619607
67094295
5383140
16884365
37082310
73503074
48943213
48976248
51916412
60433114
79703736
64702990
87385278
62573712
25529756
58181803
67056845
68957706
34326876
19800948
35727041
71795109
73895400
53956478
12363518
10593411
32757979
38474696
70798538
52570593
79689712
37207181
41646121
48986772
79507360
17319936
82327262
6383863
21668278
47400068
13990584
5100982
19822622
88228251
5740223
20140787
5494529
7497367
76074137
61052891
78159194
3992224
41579845
57345897
40484802
24702345
24265279
21521841
34879187
80865711
76295896
49520178
29480584
39627771
75205168
31617109
84285303
27341684
3230095
18748643
39179034
35600886
47181145
35386139
43922172
25762752
7946790
37319194
78404229
87099831
53767069
81849624
93377282
76898258
25047217
64061658
1577652
15868546
21649001
43978399
17194788
49609535
12273793
54821052
65660285
35796008
87849492
59472471
17311111
61443935
61689089
16342336
86936009
69552788
39867860
62860068
64922400
9767859
1355644
68254525
89608093
21007035
12762077
55090532
43156355
77468131
85172882
42715086
1530511
44068752
21624041
73267620
3943255
20034127
54615518
70169828
87283972
84027955
15186746
62600130
79195983
17296435
9057124
44796414
49478149
90618512
28672077
89884752
18252894
38207735
38125443
19970639
62238188
71487780
83020498
43283579
72430420
4441041
52086218
52482820
65801003
60490959
33541825
87445789
25876626
69571941
19822336
16095719
19560670
85693625
69092862
72866013
25591062
52088828
61518957
39345114
46388249
5233365
3562380
27850371
12937897
68685223
84440546
74950725
85815471
70107799
2583437
4590187
92546174
51926564
49070634
57548804
56815692
39836617
26719358
8274700
19183258
60173758
50708936
28812859
76936273
84581427
63084840
14641686
42217610
81251603
5379819
47922238
93655565
93673426
54444274
80220640
54745175
58592110
19773250
84361486
92120465
89586065
63305957
39793736
34202430
51557530
69985625
89534861
38851863
17260081
12044893
34864249
44917296
78737813
69768078
2462942
55365349
9752129
4175546
66718857
69114564
16828441
13490172
3234289
8298571
68055168
584783
54708411
61590420
78879647
70983639
49767363
57219314
5134851
39542072
56385961
92994520
68750817
80056275
62336499
85327963
50700903
81082934
85583846
36078692
73487402
83760206
19778039
57697483
64067734
28809193
27521986
47551880
46165232
36135442
25771198
69801572
85422183
62154694
63069214
48966502
32216328
36015504
14837516
4726319
93135162
46118069
85290517
65045255
83747487
82298092
52171884
35190987
28541492
8786742
70564208
69146387
43826330
34142651
14003187
37095301
29272648
4114107
18351221
22783258
71337785
64795292
31295444
74988997
11356740
66000327
1721002
36492252
53917287
13573905
49770507
33204718
52599949
72938141
44214752
51059487
85625143
86608182
46420803
13648986
39562142
55089761
69577990
67936074
16462881
44857587
58439513
54004157
14234051
53765046
89025007
20580253
7410296
18989473
69315438
88268622
82650781
71307059
90473656
81418483
74838011
60144879
45012540
62257751
84370836
56466027
64700594
77174875
37050025
23912618
2212959
33758584
29453517
46846142
69327652
40129916
37117790
93924865
24571859
43271796
65548144
84216697
21974120
14648454
77520077
