5776023
88705400
48329153
9800191
86550412
61672648
74311109
93818009
72268123
12529275
51303788
3500143
30609143
35648023
32709686
68874072
32191964
6816398
23079218
19699399
32842176
61027674
77490740
69068911
83513567
43252155
30514292
86758555
85645613
22070330
19588635
68418914
26417135
37112274
60602324
63835670
30914128
90944881
21267916
33290099
39354186
75355514
52598613
38446387
29200308
29006794
40910157
41654870
57817439
10097183
42839971
63821794
10640826
69336387
74808529
45452466
49883321
5272836
34927854
86936232
93251954
75623919
45696052
61629254
52426729
7480466
11322096
90941680
11889350
50751021
59265493
15345341
71651187
76122221
48179664
21489310
78199870
72902893
23052439
33724058
83534719
11708464
55427482
91129323
69771277
40665850
69753598
88730694
88397453
24232997
31290120
75155748
82022107
66556552
29715877
489663
11389151
84752053
30581753
77683323
48171838
19636019
71642492
24021310
86581882
12598991
50796731
48284277
41670866
69407842
92813935
