20311629
49564325
51321468
28264957
90220649
17423659
83060876
86585487
40933891
32660299
54300762
5616721
4843709
77381870
61467006
10732262
51244125
37710193
56858754
50358720
79323131
36084865
92280923
14453288
92739503
10423172
66787088
27453679
46007665
87688026
70453352
71823173
91903286
85212707
31496872
58929929
80109252
23219512
54870574
84136757
17225946
37644808
37640637
85202069
64526331
28144026
37200330
12213649
45016653
80324800
74662580
90565350
9012065
70871060
12930004
14202142
18889196
77498550
62312743
50616794
91821473
58717159
38777567
91729536
80932323
39376984
66339374
37638465
2128551
21422649
18393582
83176530
85651571
62638229
90529658
74776735
8503113
29238768
43892455
15138402
6809477
92290189
91979438
44243865
8415365
86997793
68916494
7214099
22714211
87887221
9191478
64064978
37555608
53693279
19257391
34174301
30899734
90356607
50210266
33998236
43350116
67264160
30460869
87956571
79501397
51596449
45828531
83692366
67720832
33547459
83493057
25244587
535618
80958247
45707768
69078065
38921402
85157788
30590119
64490959
10115833
26770924
56031921
39805686
12510594
45216432
78507813
10231710
54794261
60274943
79369364
23663751
43405306
30186525
17533847
55071766
87882846
67959801
36294028
47620598
7925918
59396242
24677651
70907051
66689840
34075395
6124581
81671639
4583199
74205276
76636764
24634214
40904047
72516836
81281370
56918156
19978376
85130618
60691322
59981569
44044339
25437785
66563423
16725379
74899362
4836623
44460083
60663136
19087061
63884125
7710543
31452322
52224801
54255151
30326091
63906444
63743323
75288619
57710587
67118320
62651763
4001217
37674862
5221252
1975247
5525619
69756158
6946289
72376649
29794388
54095864
59243397
81369735
58865641
57354258
46225554
60966579
47213585
13363996
9517499
52961333
35709876
17464570
33434719
23126119
92730510
58182473
87946457
27229772
33289200
52992479
66514650
36773666
78227022
83426228
18469005
80923109
46223798
49688538
11297029
36581916
17542467
29098087
76447548
50108742
5323473
14868149
66186486
84672709
5914106
82603244
73661664
66544918
27934659
24221949
43499951
62114555
49730806
67464964
49697358
25837070
230589
91416398
47052312
30761230
31943490
61260180
16683806
38177618
5049813
85336576
60155632
83576795
33720089
67595520
72904718
28511788
57425848
26745163
21304826
32285055
70535562
85432492
47948994
69456924
54492159
38608117
66565690
44430967
65308299
5283931
50664420
73962744
35981609
83137497
81916548
53294248
27223267
34828033
25477662
90717994
26594072
10013502
44954024
92704806
46027294
69264179
67281685
45993228
8236271
2373641
10411584
47959487
81270032
54722545
29112598
33567994
1660515
89408897
43100091
12507326
58186973
71266705
19286610
42393967
18537375
85443489
56764891
63168149
52861770
35355141
92786390
26820277
21163963
37804670
62014236
65880530
75059439
17447785
44005232
5552985
66195258
59713520
66758816
76867845
84620195
29299216
59914585
21693725
4495095
78842123
61759366
59321084
67267535
54533329
54315665
87697055
43922602
30961992
29345022
13029417
224702
44730659
15740098
87310090
8480101
82282484
5433087
88550914
21872295
26470559
44047455
10291432
85093158
47072565
72116115
18742264
76756869
18266973
50753959
39887714
45050996
47212012
86025169
7039518
54306102
36067271
43563944
62520588
77743781
54504320
56493836
50145569
16232723
52282766
17861290
46701316
33111619
47314928
87303171
47050479
75452294
66599484
89728248
3620913
58519196
35987372
6834101
39575093
30145459
4324734
61243542
20525105
15246779
74436656
49260802
27642401
86480955
42999140
83838048
74345557
58969568
76266766
80783763
60712862
51009912
41572885
12491335
15868145
22025959
8539377
5937043
46060297
12741389
22949117
60437742
33318901
61526958
61100523
70435816
9263613
74055824
23873188
83119013
88199680
63774350
85045900
48319417
51640774
76255442
2942386
91808298
43876428
50279102
17854573
17854574
21568135
11906672
88412882
23444691
11557822
22045821
58825799
41125955
49721959
74747406
9418577
90529660
62475098
82062749
56969757
54054462
79109107
18118869
70591600
16131240
1183182
44330291
56134971
79045139
10002158
2177954
62134893
62134896
86334252
9146333
26163656
43323652
62551417
38039195
78784511
49217
78087901
5202175
9882237
16684877
36773661
52913583
70068250
39217028
85999750
53254547
36422834
43895707
60043105
63437933
33439257
65854135
40348320
78443930
36035067
29561999
12577043
57061989
86694446
87055474
34653637
60386898
79441514
87291630
75961027
47711989
70380779
44705125
29688656
6554031
15526161
38953021
44909413
88801287
48899424
44245136
14815877
81188567
12516537
36647049
45179616
31668258
54639986
68599171
2136760
89781365
32498910
12459550
36430411
27359315
3628060
57166677
31743382
93014390
14934561
86695064
39900934
75027612
61795052
55789859
15356181
43634883
87052343
13558071
32136205
6810046
23635031
831271
48617209
53132218
86781842
54797260
33240778
18630323
21463672
20442854
51532214
48892506
4499318
45668545
72825918
42067133
27549280
53935155
12923242
35092308
528497
52354587
51114076
22859748
70435280
90270631
88613322
88713490
23987730
88312
87332599
68698851
9092099
44866167
60314392
58285304
81537802
78061731
20365996
39378736
25207846
58689454
25643888
92512885
41634727
90450198
43706787
63411643
63411644
77216857
38197815
43002351
56403264
52845436
22711524
6804627
13188591
60775584
