85777108
35021915
2465942
30106472
53372783
57880162
92641421
94086582
37274582
1265825
68045145
80998684
80825280
30509822
22191865
49748785
12925114
49318878
64407087
10666866
54610083
52156713
20843980
85285328
16538042
94087320
47509304
58679326
93943009
80020125
35803576
49843685
85802673
37875402
62575401
58319342
69929951
93757345
26770689
2089902
70651331
56595812
5751655
75329706
93770178
61197300
81866838
20182375
91887528
88973907
60947471
10441492
29520798
27292358
85013838
76617254
61703046
64251723
2230756
71678020
11946427
68241031
