80297416
87786900
48959713
10426568
89507636
32857781
25272238
56952323
48773198
64279682
17547127
42057319
74804051
5000700
74207966
61823967
47134162
22535037
61519594
44288954
20810130
32074395
62829886
49725615
64290351
1971602
88615170
89130879
18278040
83458339
67047522
57160459
75292479
74605617
25988324
38453239
67943957
33847522
61204076
50456203
24445543
61862731
42368259
16669169
92195215
2051108
28416269
47229562
40040231
22860962
59599712
67481623
16754595
84980545
6202618
73463912
35394395
56788373
66548935
92584149
40203089
73197247
18501126
39592051
38454135
47418950
12539331
54361888
84485985
38696669
13134525
948548
37357188
27342855
14422407
82143321
91397103
19577220
23906708
35637903
14597421
686999
3253722
57506820
44699680
39596319
14461799
61452964
655805
65911533
27053269
88774214
6674784
69782796
60979357
63382780
8918013
46905499
3549408
91308407
23984677
76802208
44770200
87417508
87595727
71671697
48373592
15599189
63550323
63051797
77151365
50249887
5305351
21382027
7936090
45883875
