14043901
16692277
1685774
377713
86703532
83285711
35247191
30425970
10891748
61705790
27509905
58062456
40752562
3211813
4052368
33770481
17123542
6984318
90545173
54184111
9226310
85774547
6637988
66433315
1314154
59255266
47926174
69197811
17580087
11811840
48197302
33299679
47774031
34208255
76270217
74546844
34416000
12070674
78882032
75146775
80422265
69032553
68795221
11211792
42493205
19784651
36943422
23208501
61963404
75325914
90360875
72234183
71914154
74952763
54974101
25747383
87911648
11940070
41712324
28650352
29038795
5324202
49756044
39794722
68646404
14088338
20229815
1222854
16171331
4256583
75183759
5692131
17963446
88013732
55073680
66519111
45270347
73092860
58891779
70919813
81252309
43804947
