41025531
72408428
44590641
86909310
87030159
18398558
46531030
75318364
14350601
38335452
10822411
75737676
62284879
52034788
22012232
49800040
76199878
14447273
28842908
39661263
32662533
18932454
55247974
9734026
92793378
8694376
4315762
68840727
54444056
37440275
88103907
88016981
48542106
11158235
53808936
21659627
34055941
40415343
30881001
74366896
42024721
40953464
81710247
7719146
51182233
46327093
93862549
14341877
36916585
13290471
93731371
92520994
73038807
27263558
72817799
86464984
92794939
83110671
19299146
79343455
3330656
91365797
20570964
11853510
17584747
23254903
74967945
93048763
46334926
47675366
41089402
33157977
33338763
1210685
77075056
59220806
47197392
52807383
6287943
79683201
17590149
57101468
55034013
21037447
77243536
49947499
50089164
16708165
83936576
38284368
15618088
38884671
24598538
41935623
16843310
81689437
45806840
54951848
24814057
93550672
30527255
19022098
42734944
29094887
77662904
8100952
46662930
90532626
16252576
45948524
32972522
35794352
91598280
65541095
32465719
83566537
78521664
87512335
14497208
23017613
29747718
81000036
30924034
37154052
27351125
44918210
12791120
23353047
79138068
76021328
24894303
28906978
93361386
51583914
40016365
44783072
57428879
80453540
73279056
89275325
64279752
2521022
36938605
6638546
45094737
39380144
40503859
40776385
54398215
11018340
32024731
92950792
76480670
75032804
31289888
74873583
25499096
55109070
90079879
2591641
85621733
47421498
42771551
35235557
44756604
27280066
42749405
25615479
30431258
11034603
44956653
88825574
8812139
86977071
12711577
17361186
91418521
31951744
82120105
71260953
37766462
8677185
88497823
38320906
69503328
85997494
56795321
17190474
76970440
29742699
49144444
10236094
64788385
38581491
2142201
76537726
65967941
34315059
80786318
93942367
59813083
90049414
39338045
49006943
52231111
86145995
48469779
69629738
13577428
83872052
12704650
34863533
35914169
6399098
23949510
18330792
75680958
8514996
15333000
45004313
76888762
12871583
40195697
5347340
56616012
78358814
9090107
22187864
93748667
72119355
92927927
24696617
40779009
16191191
45304823
3148401
27719116
22834220
52368943
11147395
78775654
94128143
484094
9736147
83259230
58303670
27611129
33923920
10930563
10331175
28352872
8758233
36969593
20082696
42287837
30181521
46766702
8914898
16107006
57942201
66773886
152320
5594274
51050889
39976043
17051559
17657465
22889543
16975995
35045291
12138729
34282867
63066637
27961258
81251628
77075051
13291702
18973711
19808602
68333044
24901332
36338228
13385628
89485272
82370349
66288136
54583861
87879742
24339265
79452672
26942262
28942549
78658196
11383488
59065299
21863680
93457406
33366325
64311569
11264672
16180909
62713520
77234905
19073894
64096123
42575735
10590058
30060093
84099300
29365745
39180242
44408043
22768089
21777518
37455667
35575724
48837767
54334805
52789733
23445425
13237638
1464555
22316750
799315
69509816
89273754
71208470
65170337
25887713
84142216
68009969
20183119
73355662
18700045
66341890
