24005266
296525
12619938
20895400
92301312
38249684
89787214
92805583
19716366
63936482
48031769
5252054
88008428
6155498
82651100
24416419
26320956
26821632
14325330
49156137
5595773
80048453
18149989
82985800
34789211
36671875
2418545
43689344
51524211
67966455
80737031
84222520
72088847
21100971
65773727
56017639
74775665
79226229
88349299
76769722
55297391
5593308
60623092
83895175
42702219
40076917
60399155
56960346
21567193
21645513
57850439
2860676
51666798
57185486
32022124
88428716
35389487
38360007
7438474
8165125
57408356
12858759
54210140
66768842
