87607965
81643261
5248694
10596424
35746198
49377594
7361014
49595249
23022194
25234195
53359774
87874609
13571027
64039674
34236535
93438134
85085586
54047846
8400533
52902197
59716090
67736075
91242591
77414809
66159793
19247139
90046353
22648156
73254035
53612521
24450120
5990894
25177583
31888534
92931590
68546652
87333705
68840642
23759826
39481492
72894311
35784168
11943443
43257019
93237909
55696172
2912268
25595686
85855093
65244938
36989026
71846113
5468966
86144206
8292549
49110550
21931151
80692505
28827877
17027886
79714752
28987912
48003758
59992417
13149337
39452492
94104345
13796948
9244490
73402286
24258014
51332041
20784735
63587664
9050870
54660128
30547972
29461776
2907012
66061464
37877293
16553015
76661645
10901396
50091230
1377859
40039900
16874858
11798445
48246652
39014020
46050475
92545196
94026158
27650674
4100318
81182319
76160242
64239054
16002564
52739853
24026102
2135457
26449619
28951000
94012929
5410705
65950526
92552296
16684436
3646294
44565263
70249684
58025470
35403875
11434722
53059939
47290914
85203755
29541153
44723730
7496354
8401708
93692683
18997792
81570407
38688929
28151894
72839696
61740173
80049091
77823173
74498466
86181558
76737892
91889052
6720223
10770082
85231129
72514084
35656757
39152989
28458145
4247982
49194414
18259531
21757185
20281043
23839531
301194
82674209
81933693
23012781
37540685
13474190
48760924
19522619
80176099
52126092
36935969
46733666
51337616
13474194
76475358
38466686
89215276
23224319
44525229
13658878
38461950
87665524
12232012
37002897
73000320
55339998
65860638
40602259
32716577
1976935
77671511
26844683
38946443
6395825
72766365
85190885
14537777
4775373
11819740
72009116
2742211
64464357
18718869
61234135
81697327
33165472
8886848
94544527
13542727
27962661
58530894
44342727
52744839
60672351
83536511
89652497
50710134
