72114745
10966609
60477148
93634801
55847767
5049881
88886025
28983982
94335246
4445341
44059888
59064854
91675646
82165608
89103062
75509446
17621844
28461661
24726972
56814562
75572500
13278573
58684161
85298540
6895919
51535142
73970707
64511176
49252722
382942
48255996
48316183
76720009
965415
34796660
14914920
12116134
57093874
83521538
58927366
74568799
55469353
34029476
54932328
4112301
56851028
4096793
43300816
8451548
67627792
1434194
49987416
86082737
2640456
79753675
58582467
66009658
44436879
94624913
80549674
63762950
15291600
60940925
87406073
59461226
7205272
93538480
66979663
59734428
71436706
76278424
47388161
20517326
54214211
93992795
82181503
54202118
32590210
91517662
13129045
67473413
47810241
77299546
88389215
77989931
38158759
38287309
4885017
45994126
34161039
37797137
15013188
31080555
40023148
50759051
21748614
6801597
9871824
40773569
89831911
4903891
63058329
63227265
12868240
1803470
89904460
49429263
31020083
21359939
4899736
27615713
52904105
1054941
51932023
51782802
77821048
94031083
87932693
69818166
33492438
6300229
3643649
94012638
56562517
51052543
70333348
21804746
38764350
10571934
14104580
75643605
93034280
17205780
54539713
90663079
879967
10075798
90420182
65675815
42017201
80201343
31600147
87177121
46337577
69718351
14466212
42398937
52053214
88992294
88199028
30503447
91798576
66644180
26113930
4053428
89871551
74834692
16867509
8512959
50054650
27432756
54131152
56106788
66392747
35016275
61329712
37390764
49964707
86852653
37386238
10931185
87450394
74751355
80768272
17685885
92450558
65545796
89473762
71506879
63593644
4314526
84105636
8265740
47827995
53460548
36412202
14062001
78629062
69770386
35804763
68071079
26453361
62069934
41397597
39681921
59121880
82230994
24327310
29737066
295731
18230828
84437469
8949118
24364602
57454238
78434890
35494353
30437759
84799018
35615069
82547997
28634000
52620864
66608189
18098695
92061457
61471949
32795802
22923601
85227838
16098524
13211637
79926055
77736557
13491763
15613366
76403329
49835731
44706245
92927704
71450460
19478192
40462284
27010743
83568635
40998314
7664159
9909279
9326255
17794645
37627578
65762149
60541591
78803048
27353739
55711416
32494115
38162345
42670282
469207
4161334
70659804
83793869
33337663
50093329
53695989
89778706
27250350
20292928
28534197
38932631
21867894
20345484
14478203
50865515
49421713
54488053
30886046
52968308
67043638
1560059
10547395
33010469
48348061
23637057
89238968
52447083
35081238
21302805
68518757
23107042
47389440
77062388
68548701
29081183
62847949
18900365
1217516
62606282
3127107
55630547
46043018
14663366
6314357
93494929
14549627
62394110
140781
92882216
53304600
53000172
14266693
31646071
52604804
25190248
70159557
8270862
24258109
62330480
