2840489
14748816
85553602
62819543
47295875
23549829
7981360
19800690
85580275
42136910
53847229
2711606
32984232
28025562
8139807
85179104
64071933
67418931
45571755
11806945
70598525
1306382
10254979
22588971
23232582
20550616
22728545
16691386
86696200
63250590
28279336
11627091
288251
74586405
1426474
2191325
68922790
6326141
69531468
16891401
47084111
29999973
8154611
43284208
69103581
88325096
82186741
39821321
66344359
4972593
61691690
44808216
40101636
5252078
47254573
57984245
87562969
40397275
91970017
24252944
17761923
36172088
62948022
82331046
64957523
23973492
52419949
79484134
17635859
8119407
13419076
29119651
9005171
25819102
56259033
38866454
87586065
37047156
32611689
63770680
2111314
13218154
32315859
21078788
8126633
38013631
66312625
89209661
934216
25829650
64622474
41399708
58539712
48370846
18336962
35364399
65331965
51403690
79861598
35745420
24877874
9266847
49451531
81626926
33125840
34687426
34984881
6466861
25923263
84583740
28403239
63334308
1914160
65406660
88100519
14279111
84221054
46802511
64969259
52737336
42675233
32062183
68550352
54818163
69877573
75497237
89618385
68762000
77550224
64186883
71432816
16704169
54798101
44449019
16484149
32364102
2666989
81262425
88953887
57620747
39866239
71876346
54904566
57389589
53224097
17847309
71185255
25242926
72495948
85144577
6165821
31655424
73399352
70249023
45124828
91070968
148937
26025431
6216640
17518298
81336000
86482134
70292375
82060613
45636179
20312433
19236513
40392743
68801437
74445759
22126864
86162287
35416768
87159560
73504105
20329293
32866456
65555606
6738608
13181288
5986234
89720530
73768237
62871147
58758559
77861062
73923011
42611709
19478631
5094682
78802402
87959164
88580285
628371
19829615
63954817
21596707
11308247
16776569
16868149
68157866
7256304
40051680
41302076
83300132
92377747
58177254
66558729
16420605
72053617
58774675
55638573
5780059
72088372
65132993
16252278
91103426
34756056
26959843
30818629
67796154
52736560
81749056
82017950
27127073
87811690
7219553
53205149
65345745
26904266
49675175
64601688
1809172
84651082
31045984
66627773
92264310
35166795
25525310
57912711
86453880
4096481
89450546
59348654
7863194
74876765
54450531
89234894
53137000
65455428
28012122
61598050
32769944
51979109
92358836
77319342
59244741
72926652
51117152
31120292
14353467
89614559
2514317
60580833
58359747
9650905
123279
38406574
70953439
20902358
75213199
66942067
54485600
89225256
89216703
41956618
64690639
64601425
32295317
92696096
37824480
66612579
82807722
81976602
40611204
39256853
63906964
50801789
20745831
40626379
42994197
1079584
58700174
53760428
53838575
87813334
44087140
30329916
44454826
73793014
68111866
12737559
37110437
71181845
37544305
88582914
18093163
84808162
128832
70167804
16837967
20250407
63575534
5694316
86343210
42844883
78004231
29972898
49035741
88303258
11852696
81275253
67632696
5323380
89017382
42078293
18320004
79334464
57773276
58846372
11712708
83128157
82202792
6579044
93074946
61486234
87432516
12390689
20227560
10613185
52475540
37267668
61986471
61512470
65810875
82208710
39174418
76094388
90010267
62537216
64410101
73999356
60963048
46354690
35176036
2969779
12355447
60922853
58339926
79253266
63075921
80034025
60022778
21946061
76528491
21208413
61059096
17553345
80944075
55503061
83783269
62187581
75032396
53142676
64872311
83406367
46452289
81260368
8942361
22774608
58094956
5933998
40211786
53833802
13371785
34859141
57436039
6174284
75315179
68952501
67598946
54615285
59831899
83379216
11315350
61135337
54810335
51913957
58120232
64837456
84249687
28411429
82786195
65404543
68475319
34211236
72604376
10157952
