3661272
12558191
74668766
34050947
59677765
45729534
5104863
17165296
74472254
89683340
48151528
59749309
25973942
2156691
84359122
32383515
87773372
80524748
43899884
89848412
90482915
668778
56045080
77124736
9788747
66132125
4878355
56686065
25887508
44504119
2805655
71677736
35918853
46381374
17030008
56713547
41087428
18682887
36683306
47606423
64622281
56645307
36879318
71004972
64280171
1232676
78846292
35799168
8106073
35034970
48278050
34237814
15109951
20666302
16258682
85698340
69829667
52047950
28157746
64900333
14711447
40760097
44274247
22075377
7830541
10741128
10110889
20789501
49503804
17568625
46400864
93248039
5661005
80331631
54038106
70410712
72170005
89134730
26709232
50338050
15157122
43100918
67125269
75405461
83498730
47381546
79246935
39200360
62774822
76286433
48111287
32427865
30633761
31605838
34580933
13797271
76862269
38496399
50897221
48272043
11679824
69374076
15579442
81038263
78552269
90550286
56522371
55555939
37681632
383200
40233799
71556398
45527703
18150561
