51861941
24429382
29954641
7208598
90445625
13098550
64868655
35483970
6045101
65817387
15452674
80337396
63743020
15790340
84497491
53181347
68607004
71612224
83189394
69557246
27616892
26138427
48593168
92259846
92805104
88760665
87069317
65501133
87351100
61832730
47451736
9650605
13265095
2590067
69429295
35468749
21136011
46304645
19745843
26957627
8018405
47625651
7393267
93920387
21428055
74283913
21021138
20853035
71981017
66760805
15346041
40255602
22189293
53615755
81356602
36334358
62908881
59960745
54118278
11361474
38945230
28369870
28988988
70676364
25631879
72154119
62982447
88425464
23962448
64189396
32741455
19771033
78958336
51517340
22009450
2370482
47117815
20813906
36645523
44092012
8123737
32457378
22723936
65567640
92897656
18036152
27944524
66552853
39047674
41200046
35869006
68614685
76460517
9761244
37156629
24705513
74264399
82404940
63173803
81657986
30034470
73304812
83947458
35337136
7291608
18430543
26120075
1914443
44312256
25262630
64803165
31622661
88457729
29104860
22104395
8166440
39362374
10568313
32960095
67327360
91693708
11290734
51248243
4137691
78712957
52703264
93562191
27682807
8020342
81154486
30034599
88789596
5383788
89133219
89511943
61496261
85427862
7162564
83922350
12737311
43198896
50925443
51385085
31506388
82681054
70140791
54237417
49949184
27868324
74891915
2541287
80686668
52320739
33447907
5728071
80826069
69830515
27452665
67155453
93785930
87656228
12103372
20185519
41327409
53878138
44583226
57773132
20474815
92934568
16780058
49404575
11495950
41701080
75808282
25207878
1023891
60080686
69133734
89293307
81887724
42703961
43075578
33086030
42604829
21555945
55996895
