89843226
71294939
38853961
40909624
15589915
83926154
83290453
6721330
31893963
78830842
55957540
63418710
17620152
83181653
38322212
83510202
66027217
58223121
34147660
89599194
5140300
22755038
8890020
22159451
58182780
37082672
29137591
11416688
63432212
16232289
31354877
28454256
9988023
62549579
28172895
43727027
8378078
43908854
57896099
6131182
9191012
3920797
12392404
84289730
54022564
80025509
3033919
15088954
4124554
56986167
8888056
28567392
82049073
20562750
32206947
14911973
39006654
52712885
17429964
38377412
22712072
41441431
30375537
11488048
34502196
51558574
64186852
52810969
80738470
39933337
1609016
50310593
86311693
61733641
51263860
51696081
42871088
665237
46949820
39826107
88182768
199783
84175626
33283212
8432748
26463381
79566370
17465517
2177225
35519748
73568277
72799196
72222413
9072639
51105692
68616702
77376380
7795639
73928497
59594640
67733250
16735923
86377448
57515726
84363020
48678553
15813406
60973805
34177653
63695129
53483862
19369897
14421751
2012480
68632015
50637674
81765524
67510737
14274047
88947451
10981964
72382693
20254384
67851018
38327776
62962114
34915588
58778376
34027602
32274389
33967249
87283456
39110593
69038655
