58343773
2643319
35703019
52289522
16442647
57081399
76578478
30865322
73734076
37589842
60519815
4814448
42416878
84696234
7537034
32792511
40158025
1575198
57131689
26621459
91974290
5806531
5982739
77961503
10582756
71910875
85753918
9852858
52380578
48742368
56607728
81002442
43560589
50240796
18090515
22442899
9996635
54965842
84852744
59197954
5325210
92044448
7691619
72002465
79223914
86570493
17472047
60838546
16178921
20978042
43474975
41551608
68870448
87903870
88346085
41975291
15769076
28396435
94521103
32167500
30413591
5784919
262895
51477961
79476438
8458597
7694822
85760467
4230281
15562129
420057
17572824
7309006
54072197
6584233
56097852
12803041
59505385
438605
14747167
5447468
51468610
7861939
89318178
18220692
21935304
45947424
1791800
17145734
34709713
38838557
52672164
16269219
1791802
5437932
45578334
43969417
38611861
65232135
42383631
70623180
55921335
75093523
53457183
86135523
25111893
38781697
8866553
65055114
46148850
24193287
56817876
18043765
13805889
75629146
20261545
37751266
2735256
41538108
74313242
90333257
31107067
85201366
40666205
65735022
46910934
26604438
2893123
47410613
62212696
37177036
46391305
25551914
66699802
13965119
40586926
1413842
66737901
68695597
65979171
78819714
35361806
80325192
50125732
20020405
54490176
47746963
48204953
39379222
72094014
92037651
52627163
17708531
51827756
77765876
19342286
49714118
61568675
85221008
212037
6878880
21903634
63119171
89948311
74162527
39728369
62479590
25668848
70800576
66319120
39885965
34449445
57872282
16649846
59052680
67849790
7586890
72224863
92098453
93928467
4054136
53061928
72427186
6076482
79763867
45031485
51844206
73794409
11060409
78202869
4766484
89842195
14562458
40678167
14567083
7196136
29622068
14101061
28603163
83897389
79883422
55206133
43790140
53037068
42829769
53153955
42565880
483062
79740429
82293420
81630616
15744543
84059090
93470400
85359698
2303001
8827852
28184487
52655878
15423027
48047768
22080559
46011416
80809093
72968150
74287382
18072683
86798067
86354903
21038014
2826517
91066891
74766398
43296230
92319618
83110608
90213066
76301936
69623571
35942158
91458187
1901824
84466587
48342220
40346951
73785136
58187329
47420303
80629612
47675175
90733533
67093128
16185842
81236365
32117763
25922411
53497380
26547988
54234119
91468167
53964101
10336023
76622516
89635173
4165569
28046851
8017068
1479591
82909821
29180628
17546644
13718102
46655783
78864255
54979001
31495394
18729720
30788200
57240117
85650798
50866910
81519358
6587491
14028648
63759752
29328105
85823920
75047407
28373491
32104007
64832123
8082072
13807955
67739080
59412841
12472811
70780419
52218513
71087328
65567883
43844338
73510745
32560696
12176558
27935018
5026437
23880911
92797695
41219978
26889582
10639104
70807134
5262846
8600834
9005606
80718205
29674670
36016181
59668172
25970358
19723759
75647153
71955135
11588123
63591226
65531837
23501167
76068518
25761797
31390752
42255985
640309
90047071
31299476
17624856
77139162
11126337
65410934
8259297
89399716
44148205
66301244
44700100
11036963
40971064
70102246
25643848
39709813
37618679
62592604
6106235
43405146
37312507
93159112
8745978
83226705
11798918
75610964
85052720
93805874
37098110
60629211
44130618
89786782
30377498
36347271
26427853
77708178
27743924
71044390
83030122
56256854
71002718
92554684
44383920
46497377
63497155
62884315
23129652
78118707
84764745
22109958
90799114
58272550
21482517
76771055
38330529
65077595
57384323
75395895
39336012
36137360
91601332
24510907
88838571
45922961
3709523
34846345
38253274
55174065
69016667
44231855
74118657
35646303
73699380
74400285
89239220
63264690
9688090
23090640
14186241
72917091
7250664
61053885
54870061
60028247
24040589
29668131
49405374
67189836
84984473
1845246
55607897
19041081
27550077
53283776
34953428
28175944
74587293
64115746
72293594
59835886
65302236
62055552
73243625
2205048
38639300
93560055
17719882
49457694
65684223
14594948
66654689
86144844
71997043
74195529
877281
7766262
27566104
40544527
3455746
66387161
49653006
43759008
13379882
58213711
26200160
53780508
17075402
10604775
60259255
44284013
3553533
89957326
70362840
59128622
16006294
3644416
76278769
27910308
71687837
21163063
84563988
63339219
7820767
10776426
14178207
30464162
28916095
2057132
51954918
32490775
37595728
30128448
88580864
24295258
43519960
12004249
45747164
39926535
13836088
40555550
83842895
80987930
52150656
6373344
84357114
34750704
76018118
18505083
69870166
76610503
73635293
49274683
963692
3222747
46384924
41355272
8384282
11976936
72921603
21606262
99441
8801637
3653169
34960251
37084558
47504254
86928793
66451526
25940070
10176373
72574949
6461816
59066910
72531802
31963875
36139617
42487267
4546169
37541025
42158335
83455388
56905921
29274519
201294
58230341
3956300
37933493
20367974
52470479
62122747
33523709
68888902
26775713
75718485
33121048
88131151
92956334
53282501
1794818
62206323
67750073
25887648
66122897
29348358
29523875
59229143
3027359
3006107
28490709
40527486
65056200
5290579
29492987
72691983
44410189
74671201
77537850
67680353
28850442
56960557
79330705
66915734
50135882
78823696
69009000
58696199
24993085
16468710
89929187
12288556
89754685
83902272
8074006
23829148
29407785
60071222
13839734
90970705
54093424
5198030
66653098
34302982
65145499
62107685
21887238
18447835
62595804
35653275
30025293
87679185
974083
59790867
79778902
18239488
42815723
54931947
85875148
7333857
42916513
46335892
2391947
46986724
12434575
86087342
10186072
35170260
63625980
79865360
38544299
3538788
54209572
68326788
33215970
45052105
26566065
49127112
76555145
23343635
52487266
38080799
72577103
7908608
45422652
66214965
61199874
48428829
7015468
84404100
59340350
58106763
28188890
1881423
27233066
54675788
60267894
69376533
41420215
52693515
5041879
28807343
78158420
93354391
16646170
84444921
72474136
81889353
89293970
87016842
44879515
60947734
77580530
21115671
45176975
94439259
11504542
67028857
23182161
26137566
3166458
13494055
76028199
1302129
28303695
59252049
7069475
11710664
9926871
79541954
16944850
37195559
27879763
76644139
81834215
72409279
71750145
12643103
62459942
228736
44926373
61780416
87097203
66796835
70436260
36173497
13869644
58149999
3640499
33972843
58319360
51743081
42106066
72188445
11396883
57039108
83036553
2270850
50387242
23126493
80655958
28886634
69458682
64170543
56718315
3784588
68822638
3056002
33987802
85437295
38470346
61603456
44863220
94426001
42192211
55188543
39312654
70702129
28737112
4658623
54680615
4986749
69139627
73290289
22605633
44166925
7339466
44041982
92723483
3823265
71669483
26200379
77402758
55383457
76090719
74468769
86602126
27160798
17861637
2974625
82382864
54657961
36832283
65611537
86221781
54749744
77934359
66867576
31209109
57029136
41514669
68463020
15497876
62730138
34539840
730281
71914890
47986642
52000844
17752405
81398937
68008781
44911857
70316655
67660484
17160987
11403910
7932535
36254692
21870778
84465937
25515413
84833112
90280988
48616556
33806515
32971567
11115625
80060300
83452415
90118063
63309004
15500228
29892656
24975994
78051393
50629353
34828109
74805081
77232627
64220834
80265425
67741351
49239454
6627730
69575659
4698857
63189067
89118222
46984189
42956163
93488125
26690201
23343982
35396354
74168563
71588012
42477973
28411521
78468935
73342234
50201564
37763514
14779240
70623876
53554752
60724367
49529157
91844438
23542647
74829999
27507067
