76634815
69720307
63044873
805507
47575587
32861520
21603637
43337350
92319281
45948292
77491328
85212777
89692964
18341477
67513600
15585790
24734576
79338880
86654955
18331865
6903378
35154695
89688596
36813538
2235255
68133001
70302545
730049
42751383
44041005
59273892
48642536
50152624
30801973
45868357
54928361
86907691
81478908
54138554
57147119
69042667
10165022
85065287
38010724
48664299
35879150
51035595
10608337
90165573
5533909
47760338
30779600
54964552
52692279
32119254
34989391
71203492
23939538
81152024
93456386
50690994
86080922
64653399
81426647
21829641
25194723
83502534
90741606
34986004
64322986
72792559
35488226
29494720
16991513
7208534
90412951
5915117
89580870
17704251
67227221
52578826
6655796
48086980
2714008
52151022
27120843
82740051
44105715
5644149
71490182
5756014
80747385
86394189
77013500
59464028
4179449
53727471
33532899
86670074
84715715
39527796
64995451
6330022
64708827
41314390
64746089
7705969
43314312
64374563
92799330
75812660
91054228
75433693
60661978
9846317
79862108
89516158
18367475
23513571
74528030
42444033
82801508
83979583
83149828
7283537
27103841
15784242
43499396
43913225
57527803
93567396
64625879
88886255
7364389
22322905
45670921
72880331
85380357
81837538
92992394
33987231
912807
72739762
40190931
70930035
12083497
65199860
64426962
62612524
47135698
61982855
40428664
80439437
13984316
46154158
84315958
39356302
92373841
88214709
87384457
71267905
41273073
42657204
42105915
34111562
29478669
37092532
70165504
49285694
29734382
5929054
8813824
30217353
50662626
33917096
35730243
38569172
18607968
41408230
61360125
9352235
75461898
10912800
94625344
46152661
75135966
71070348
5617129
21957017
42050739
39635339
16661496
51256107
22711709
68886988
71409098
44098611
3700233
81105728
86433407
29285553
4932895
69210868
13337782
51154212
65554641
22363274
71737051
8227638
50171122
17408690
74668603
46962405
81068164
43058124
62539183
62532356
82633816
46172490
6617506
29799054
1565843
30560011
66678219
94074062
24732352
51838632
48137282
85545985
52156153
32197910
63406628
67645468
6485304
62914566
92049853
6042444
54462643
57896352
41197039
81116881
66531792
50656139
52999120
74684713
30031686
6797673
19793395
89862295
39014022
10955495
32793353
90430761
7049142
86264185
76746884
27237471
50942634
71682437
59611608
32819344
74683394
55698686
19970712
17492609
93192660
37713798
14685635
68580278
77039919
4741748
3639021
41259500
91103522
42962914
39427585
24291758
3268486
42509876
24549684
26172812
16616386
48068646
36162867
40187640
36828232
38223919
17444459
50369753
16864969
86220448
201105
47395602
92685168
38183206
76070288
45001175
26784305
74108852
48155057
58970238
68700511
75725582
3442902
65491302
13218114
74070348
91411285
89657872
89849433
40629256
68997008
38223680
70049291
14953901
42886790
84558049
85879123
54736308
87015847
57423550
16779168
4601103
12042992
61439020
84956307
15165278
4808108
81488126
63429987
59764960
4428441
3689359
16457099
38745816
43378120
17599229
84273025
71289568
88009036
54782842
1169998
84379312
61795206
21207718
36252554
55189041
91639568
28760336
30034760
32727684
13188920
19064253
10413532
79280347
69290453
62232489
56798116
51731112
84078224
3755178
90560345
4894528
82989427
12398179
24049042
62210231
17648103
74149209
83154393
66002736
18295393
6586285
6273532
64521285
31776831
37295723
57259387
30941897
25133893
88734853
13398284
38441443
7555433
37044309
34907022
65320055
23104054
63568787
7029758
79779571
82772811
8270825
68925106
83253837
39027594
39490084
19516596
31791565
76104563
2116092
84990009
27156495
19834415
65139485
45052016
37214931
27090653
56290097
56529955
4987019
53687821
36421706
29927624
32097082
6412727
48595678
78476190
21581782
87223036
23835218
31001135
94450680
89591424
55159393
86755545
21248454
57969666
20305315
64049243
91592111
958138
18947570
12206241
71202919
78604952
8341846
78844571
34170653
64280637
32959822
91571073
