52440595
88328474
31919740
55406859
20711994
52350342
38055238
60003402
74107812
63570392
15584274
5142084
33122389
26725117
50146604
65099308
20454112
89638599
35463392
66649956
48163129
82279772
32732542
65529544
62677625
72421371
68402035
37385915
37419685
44408375
14465542
72912037
162373
61751444
32934586
29746844
61669557
33520073
67256094
34643003
60546960
29196153
45150703
37619476
57829206
79953406
32757005
19280731
24342649
10508196
77013247
59211009
26662775
88335731
55919289
36816401
30246526
85324663
49663045
46051433
63124372
56885407
22106049
74327326
90379360
84791010
13551084
5263611
57801440
73176403
89632631
63757362
87287206
76936553
40540867
17823962
82339653
61157549
83813011
29421379
72162163
10309253
81449351
25924388
71461856
20812588
83935488
19750240
11790909
72632724
53140641
86777916
88608260
80859327
44409755
62408425
76916350
53810396
8589868
68277015
42777899
91037057
53509997
34065924
68546679
72421694
25207613
87407654
66437254
26397902
13215650
8957650
5491382
28652214
17443752
38336974
65246609
68451238
73073750
50805666
17415532
70146260
14632602
18622538
64381082
8100376
27646359
14755813
4744001
36083632
44472665
9294342
38314326
76985621
79605944
41300176
72607293
78417761
36038541
37664938
32491937
58628034
74981425
29725376
4781536
65990640
44476169
71469330
23099718
42881269
43485113
71918339
50683328
11533473
26020907
34439234
22586617
49388751
87089235
42545722
67250335
35321623
40451543
13043371
37997312
67203349
28074958
52496819
18170340
53970589
45733442
6278977
66484175
18689030
78247643
26414922
88172853
82558385
44383207
84979490
23846049
84866891
22453876
48050316
7283321
84910519
29740714
68566974
68771066
2378533
24002893
62748377
13905213
67165134
91881939
48148607
24877141
91013482
61985601
26801792
58481920
69895578
38182024
599095
58562155
4886099
65131438
48506513
81182410
60247629
42882917
48646203
79635228
71655671
61302390
40024531
60230865
36197438
67910314
6599181
80571011
71783983
45491180
544579
18096123
3822897
85333520
50360466
43808321
47612715
55109559
75070711
16336685
70375567
67246775
5355193
71685597
16458392
88650080
33185291
8517012
29981616
53526532
71890131
41972545
49989746
33558615
44055503
72396875
83366743
8698727
8311261
29335764
15582898
88663925
75503018
27559475
59857982
91529441
85078191
23792362
29191183
37272775
83256500
15107238
4160100
87186730
65112105
16327604
51565426
23404743
6278287
45495959
81607479
84388659
16162482
21405965
2597499
36996480
23939665
10973416
42395721
44513845
17478831
26072442
83627781
85045294
51793436
42088423
91912003
5581518
24990301
45443046
30766387
37277312
18130432
45208202
20549349
73862878
30166077
52421618
87339358
24939525
12652582
77726657
24861564
16114438
46867819
52934494
70643770
49325652
59046587
9888353
44496901
34045863
74731968
55774492
18998092
26402906
70956255
66041490
89326783
74530136
16343828
30123519
19844174
92858365
43972231
66921879
30496821
59613583
63236514
75582941
27197889
28869716
75153864
90382393
45960937
78657530
67154081
79797510
40002899
77062742
79368975
92542835
50209104
50282505
5078680
72140216
80476933
41429951
26745588
9649789
25080983
41163219
42147787
67411830
84032976
750945
92890605
39994742
65378910
58045052
60458291
19324837
54965900
1658539
39029306
44396240
37168601
80686826
17113879
66646840
54378150
21979169
85729876
38822081
32756947
59333602
36857003
15954246
50502122
46761937
59534165
7224727
60382349
62866288
88986724
21400519
14854953
29821467
15179405
1166476
43381903
65277760
64732925
72158538
19839432
69701514
22875386
81721571
73106961
18565348
33471446
57742468
82623780
26240996
85539862
56316565
46786632
85053197
37029206
81567045
23173152
68052021
8375643
51550785
34353262
90192460
14074395
84381494
36298033
69034019
92962924
8117237
52821757
66498646
36828755
89289246
68257934
23345186
36691844
64803072
84237467
79529781
13738097
65038380
54394364
77643085
30911048
50063034
38758631
48382991
30681941
47990978
62332600
20928340
21768808
