62140822
3876906
57183543
44925701
80190066
68248221
18149684
75483494
56222383
1616300
93654967
35750722
51249747
56390210
72546349
74021855
28074806
72751425
49768481
17866659
63758051
91966889
56756406
34135142
83430049
64056418
37973141
37252882
61374187
80520657
85668089
8825602
79835730
2392127
66748810
30922068
51890883
28814713
29225222
91494708
78854927
2467779
60220829
14407581
15044996
61749924
90670297
57747462
9341150
91845845
75997072
54636947
3766646
22792487
89757383
58338850
29572819
83899556
19272035
31593390
48568026
61001058
33858001
46633052
27776703
6850156
5264152
73265725
32356742
63161288
84590425
2239312
51616926
16173069
15476131
67372815
39953729
19936419
25948151
53830124
17310359
1683394
9467003
37125420
82210271
3948036
40328231
32693553
67852994
456702
43480503
71892666
66332999
91825238
21491351
88375051
12109641
25023029
65275154
36464250
63430768
67726575
20228649
57985216
65437869
