84110194
16943069
66642011
93500629
21625701
48311339
63253529
60936140
8528955
36203508
61184491
65755839
23185623
52271177
11425151
20059931
34621483
27882402
507723
57066379
26300032
40890720
73537689
65423453
45298946
5771983
48083543
35525319
58877286
12078574
34406872
50128500
69090313
64174246
62293304
7919157
41702882
10715389
93552816
38647194
69338675
85153551
32473544
74285100
25054475
41231061
22230861
30749747
12990999
33047863
51415468
61510550
47758347
51235784
7327147
70034403
8235955
76399894
17690123
40614123
64883547
15343632
44853615
93829679
20124288
39882544
92569897
63571480
62603041
8732455
1550935
50626962
61738202
11859026
3292009
31863671
66838620
36051247
17364468
2403715
12034500
52234025
30313191
37170767
93462173
91558248
86820022
54903771
16129729
54241315
38673665
2602359
23021294
66623867
15169078
79049766
80794774
35044474
28026117
1299966
66168078
19486173
13069221
57122183
91573697
1227278
27968468
59539265
33076973
3977469
68623376
83893431
60531801
68994103
38849656
33477636
49178875
30638474
75087419
60534034
40364205
5628642
10592340
39853789
81710332
2988567
67601879
41430590
79697420
45557824
6017309
3810132
87434935
82098196
51372971
64971013
33383062
53171546
55967230
35020775
35831801
13141011
84492994
24253050
45940102
81672976
26014133
48436040
53710770
52536352
9607315
