22832880
32052045
25211155
56979911
30353000
32357811
13337346
3327228
60189989
20940111
83116166
52915539
80259538
82709772
6352766
79271612
46453284
81644289
40977731
67184616
59439841
92215040
87729968
43821647
41217890
88675409
79528104
68800333
5641605
29179080
43388118
1069722
13237589
55548438
71676222
47191276
17957751
92573207
88621264
90258631
25001263
69044682
4751325
61462038
70622566
87678197
6025914
74744794
20458622
80779765
23427610
61824478
75713098
46218557
88432495
60059298
85805065
24825104
10225259
15441808
32347297
40017013
22807251
5001109
62458274
51166692
76978394
35494270
80438130
43351368
49765997
35914101
35914102
30655711
65351420
70503696
1243952
86426745
16245154
57084948
28273757
68233989
90013469
81613503
61591282
18375835
49063323
40645544
89540233
338165
48981078
16865559
52677317
33790402
85045381
74425949
88379203
64612988
87671298
26824683
8435226
93424528
87337714
78393758
74214349
61037052
53410765
35033206
82478863
85626500
14175486
80527822
88275627
9453635
66060370
37951790
89298675
12437650
48112584
79576810
15645361
656881
72581260
