45373738
83335042
28080395
6368525
51932930
5548545
3684822
69897450
37926100
11637299
69476285
29239572
56438916
42783517
72421901
82717703
22864602
56267849
83068305
88416521
39502139
90596308
16389795
71110382
17125677
89684386
61177593
90216093
75793018
23826903
2538422
5760878
32053237
35368253
74437818
36085287
8891788
89970710
46787951
28842452
21276881
1681489
13550104
29901125
86639280
64327381
86344846
613902
741539
7021169
45967410
2373587
91941241
62976153
24141398
64507797
5605993
29239578
13166102
24104725
66877832
46080466
22782275
65853286
47624624
84772996
