66173674
24828429
27470239
17033057
74535378
41666297
90752239
49345994
1122735
26635354
70453890
21238744
461400
52519968
87909771
16787652
17125654
48309206
35849917
16767813
25204717
39548143
11451994
81998681
38169830
77414160
87328687
55922735
84837334
19063025
60658420
85477549
32301090
31598838
47916881
48116394
64918350
56281607
35066003
8253379
18063978
5244202
4433193
18951445
36273241
18631644
51962852
53196484
7701876
46273844
64353025
77463759
49614919
68778950
30710597
45831931
73100868
82090215
55031692
70687217
43221871
60467018
77152287
59405285
20010118
35834300
30896202
67850100
77997290
60207684
7370667
33756004
30768116
61615564
17321211
46987164
33955643
86867211
24579882
82464419
19133140
53654468
67976630
84995996
27953751
30411684
64483039
12418060
66188836
90165859
61847285
6169338
38462425
80962772
4754881
50942097
62474601
85360870
16991159
19968402
49145016
44485237
78763318
31795939
18747969
24463126
76884038
76884039
39559565
3465938
10244230
54445426
27387885
34930699
63981477
20472747
37152540
84080199
75460602
9280516
42281139
19014021
19765949
51416667
31760995
52627460
65841542
34045475
23363459
15368367
40208970
35665634
85294715
90443710
73195774
91441227
58785950
57192440
56961096
49140055
15701515
16471023
29316975
38107306
5121948
31053177
89446278
67422309
70177395
67976936
40043736
75776772
68056346
40951991
50519476
79673713
24516543
67988043
57645587
50479491
57022809
37633376
78056868
53471951
29200711
57019253
39453359
2389070
48061255
43950909
59395578
45867049
7927375
47752640
84947145
70183738
52769523
77897156
25897724
7711875
83987891
73474874
32347355
69266922
2968223
92212656
64545587
6186989
69472309
13863294
27501228
79521031
90082617
2686364
89174646
52835215
26764902
1268692
6137866
44215501
60144207
43913678
1111776
37216394
15360099
48278746
22778520
41537904
218919
7533086
39047835
57604351
10834868
76428355
68622500
82326078
19275324
37475296
84124017
3743750
91721646
84008641
59040733
71750405
59728267
5869567
22392303
4892353
60582386
50847893
55113824
8267650
8769181
16940687
34185083
55799843
62423627
17573920
3700302
36282111
27784927
24962298
61635867
5096232
88675575
30712043
51398893
73950892
24090600
57821296
27950495
69067460
73499585
1273890
84542350
79614743
81678433
6838998
34882347
84850219
7042905
81057436
87417269
77012875
85804037
92196917
21524177
9580544
11382328
6156949
15790484
58823253
49830025
65779822
42519191
90544242
55579404
91592999
57532590
42421051
42971894
8638391
21274475
76810332
28523217
12475925
30462136
15593946
5903746
84175063
40150863
24072269
21359339
82415001
18613981
2194275
77357289
43867647
24053686
17451933
89069190
6436487
54771855
11026578
84495228
39466555
22055585
9087349
37676678
74154334
26543244
25659731
2345869
61348749
66489377
72481075
5197199
65026362
22830316
9028082
83620347
3072035
58393891
8018991
74848740
91013334
89878674
68131166
86421120
25248048
76657970
15342780
32486224
55296975
15336422
44997078
1831324
44615326
64445433
6868493
44345381
15279046
43191514
83109577
24854931
22315802
71121716
80193171
83362291
37679152
12429298
23766424
12227501
16091576
92386458
30378925
49650973
29086352
59356096
24536698
24909535
17052285
84780797
17843266
17248023
84041432
92352627
30984129
76768094
1118927
4801960
82305982
85911003
4827558
26448076
29020232
57928514
46747048
2202646
46391188
90196282
76316314
5171850
78090219
63095115
81043886
78451148
44021813
12839716
89899215
72808940
20672812
62995528
12237887
24162442
13823295
74763247
74154229
90754298
6177391
64328773
37374386
28545965
12727037
43894113
817904
92368287
71966268
39666443
14279858
79127305
35621461
88148888
52578160
26543720
30065636
78790815
62626555
436943
42945865
8627207
8438411
69097558
28818870
48954461
77846517
42133534
73136965
62557413
42869165
42724037
69072368
31760991
7414831
6045784
30402589
80534107
49414436
28352959
60284935
77048769
56677020
4050202
48744641
80460101
81826061
84080202
21356243
88000013
66702109
50686123
8768419
70053123
14090513
57655283
64949511
30317626
54498073
27977942
62687418
88852093
84788736
23416366
48274453
10853647
91991509
50285749
47671764
68875778
12724920
5691760
17192728
36580404
7793841
29251851
75199869
69174541
394655
17830788
77282878
13625747
34549740
14234621
29347515
51399839
88908678
26308276
91281216
21545398
5442653
62324479
54866153
73080030
19912060
26042368
92930672
71234272
15140498
24685481
50876455
49593927
27851289
49570831
3628109
63992023
9988496
82305715
23638581
39868410
45744281
38278870
8325540
80195042
1803726
1803727
69737039
81940169
73312575
57353756
58781647
19357568
59801129
75519266
59624024
6364278
88518873
23352824
5535270
56365709
59197313
68778744
89269125
61937850
