46853274
90847588
94590237
34529225
30234710
37394563
61243629
44546021
63105359
23254503
45640550
38840790
62244379
8586320
37790638
86712278
70665092
23246334
28235729
3532635
20207690
88302522
36374119
24645366
8630547
88139977
52368481
93343080
54135939
44135012
93301220
12234899
78163117
4620961
91082407
61038845
208904
83358804
74140360
92790248
51674689
20122770
43956678
22128967
68137480
55509676
79258917
11671225
91351352
79564859
48306292
63434740
33690618
74307686
60417400
42877990
79773250
9846985
22377734
22522004
83503204
66896132
13208722
17500962
92495065
57623292
74196025
2841781
27605492
72891662
5299924
891592
74476969
9027671
78417534
47973792
41635693
55040000
72256437
25724205
68925475
65369217
29124381
15709063
36150924
81464378
59992544
55255503
34321770
14500855
30691411
40211537
65359297
51029037
70772909
80852854
5627212
1859884
61868844
86798266
43266130
78486348
23565743
23250635
51044749
11124357
88558773
27832737
27832741
74882944
68262094
71646040
44235735
59227407
35676357
10274507
91125507
81900988
40694267
80434728
88728967
80958009
58377782
41373590
64543971
73047580
1552143
62151732
64269444
21376030
69421369
23304780
51925255
61975782
23492712
7994123
34321768
78014450
82115511
6535325
6489920
33390793
62599371
25225123
64293648
18869807
8162344
48147274
55840215
63194459
47500806
53036100
3690597
44571853
79550966
55503115
43009666
92947983
52733641
84930276
4515476
62400940
73368813
68102932
53476015
34225989
59605819
13225731
24145837
41259852
53398148
65037361
52970465
61287691
42541181
16914626
81440306
58432095
32895020
45167426
46941872
13432972
58853617
