23817591
42693223
54676046
30513053
34986364
18580943
87569884
82627177
47379171
74968572
42023991
53892244
14033500
79602259
86260143
87448296
19701905
29448059
73914312
41944768
82742506
93388963
42936696
32346116
21402963
56511086
54494504
9569503
23175807
50396562
31981694
43965761
1662634
66551323
65518699
73853461
25949825
6384745
27722940
17871935
4729626
3388549
79716512
75764133
63778327
69203531
46236440
54897089
82765959
77872569
72078676
75393583
64027729
44612737
93913893
43898817
43532060
86824211
89385761
71618537
93337070
77720528
4014982
72118902
77730159
50857248
55388184
41248972
26805539
6845995
23796067
82281137
44251813
75596299
61377321
30387781
65392098
6923898
1590975
12667033
65841600
49202138
26359000
57401673
11027296
73705017
67765850
58580642
76395974
93842393
74264924
92373084
22039812
77183705
71095370
19633363
4222797
21752279
13658916
31616308
79964065
41819151
1861008
42357021
90732958
59548985
31370559
19463434
72868391
89419648
72234852
35270167
9275427
80789417
74247839
56293167
