44817222
42790551
58043191
13355177
72892950
90100494
1141212
80605235
86573908
76365899
61603708
51441046
66688400
92285037
50322643
14692833
76717032
21628330
67889349
92297028
74615114
46180682
91108691
20276150
10560843
65200195
62243286
31947515
28102918
66298546
37960239
57123366
20618719
20645723
5588895
39442136
19026920
35359316
69239436
18992302
89140532
8431163
20779267
35030579
60830950
5043636
71848454
36988260
67733404
84821017
27012304
70820077
13243753
55601237
33748874
53988586
41465823
16663401
92171377
59822579
33527392
44333255
28019290
4205451
72211622
22323527
31185065
15206526
68559753
83949558
11856082
3982825
41605655
29270125
17828412
85590055
24117705
29088556
78634594
6058778
90581872
92424097
32125698
60041337
34110100
4589077
45914068
70934678
30185948
39951486
93040550
48867632
31171943
40934177
14854117
25629464
24324093
64952460
2065905
73741212
6564681
8618662
84978376
14892924
30406097
48245898
71548866
79854650
883787
78454639
21021353
18046949
82353516
86693082
83548305
60928072
39722915
29260036
9636235
5679266
42775107
47498294
89271432
83700298
68382168
9340644
31629819
75125037
32519275
76321588
20110735
651636
16441013
88085565
89629714
83345896
91447574
31892132
89999566
69331679
37509811
57944640
69897121
18063416
41796264
71999109
89599974
842617
77591300
42727215
29922607
18903863
23745316
83351740
70853991
11342338
46912228
12823139
73306481
48608854
13842083
21396164
57911822
26583937
11438607
26282554
30906018
16932483
73901357
198387
56200456
9232597
82287659
67413964
38968474
76148271
44965139
21432122
41189266
89744132
28401903
17312629
62397433
23202637
14794900
87897509
80036174
85643208
9027237
71111057
48732068
18989981
53838466
91799606
20571721
20708168
4428950
63080372
25908337
3815406
75314837
50274051
85190228
39844836
88582455
55919936
26406954
20517377
54838448
83552272
48582407
63878658
18903815
15266693
51208166
79904743
9377360
38655143
81134023
60643161
58626414
14995060
57454140
87426135
60080031
5116765
88469441
8411891
56216803
46847589
82643580
33081720
49131391
39455536
80376506
60909615
46742792
19458339
74751458
65010798
26821538
92764526
92959520
92565198
67975471
87742151
73378387
6112840
51272184
33838518
67479945
54379761
19937401
21764369
73649682
27467683
88324767
38095327
16207944
24240842
9024134
43411454
67443247
49801241
87344779
74071433
7300022
20057374
56469021
92899960
70216960
61553208
