73494102
29733742
20758314
52120608
78905702
20321127
34135509
24174449
69308106
18668007
63095571
79060526
43766992
56557183
18711050
35291908
50545060
23910977
89294296
89216648
55163623
83606338
65193037
35264232
17148763
70028951
82273039
20446733
6471908
19549152
65112996
8752043
9690755
91006596
38877270
55483106
43007891
11041687
24635911
33265698
82539339
21002080
14276790
71834315
91190339
346888
53114999
18952248
87326698
71931426
7431182
34706482
114927
82879572
27247487
44007849
32313095
41370218
49006111
27085366
34425481
72948492
46320573
41680359
71351869
81570449
39669582
53237216
76284059
86583657
86370369
47095011
65524694
16908100
24799003
11364794
41965864
40026313
52143307
64720216
26523119
21840568
13576985
10409782
40978171
74685088
77414001
93036224
91092663
10001127
92942758
49908742
58899578
28777394
20816864
30515330
6920354
56547266
64635022
75399869
43351467
47603571
26187525
70562749
36754309
41727142
8837576
33128696
6691708
14820556
85520390
35899680
53799210
92061660
66934448
19587755
47793170
39955029
13023235
86977819
16351311
76277539
33238104
8056580
87897634
26637570
26691987
1510483
39798388
84418194
57347411
44033808
71308954
64229136
16843782
23308238
74891755
72450842
28499556
18367040
79764170
16480652
72904013
67355554
26243197
48037010
27964086
39811310
85346037
22505346
86662894
72001090
83473339
26047471
6110896
66720805
66882894
28924627
53968408
57644080
11060220
10677608
79173652
47378758
22680516
79081041
5414091
75111525
48351591
4660979
44909708
69187596
27162250
16993247
89975352
20426433
61171105
264605
14861433
63100064
80389605
45271950
17653774
11719357
51822846
51902550
22802236
18896683
93797739
29893654
30123422
2665434
65421530
36198429
14545936
14862979
1292282
48626257
72670264
587984
53225209
67029000
54869974
94001359
23221853
47719734
52738734
27483878
71668479
28015635
464812
88814466
58466188
13565105
88404975
19942969
26500385
41896791
16908039
52021373
36851823
52874249
86370976
46597608
37080413
34790434
37160973
17351202
16930626
26225714
64714233
79310156
72865410
81506669
15962883
6342364
84377401
22945965
58877358
44869213
28906769
25782235
54885724
31243373
74723445
63666337
70737217
66107634
38742781
26874483
86834141
10760848
70660967
1476935
46692808
83769171
3870795
54708953
39879786
68825636
32043139
21208420
77175940
89515538
32978995
45829551
54936730
85615236
59634854
67874575
90357555
71064249
33124107
60424865
31252695
89836792
37534851
48660381
72370171
23448408
88137194
59397281
27025005
80856030
70206065
21477862
74085968
72463827
9710839
39892615
82526332
79551515
15502276
303924
35845498
76355834
10285686
17121190
94309692
74574386
67674973
44530663
54459218
53996834
32948883
17173012
86359655
27726355
37979739
64297086
11048954
1004939
17857455
37511684
8366148
15471452
79433523
83898831
30807660
20048105
70238391
50067452
46408673
35365052
68565079
51178633
21954876
12585810
32261867
18020316
44489958
8354437
79065480
36407223
50950512
25172210
66262803
48596731
22415179
42817199
52461114
54504094
30299014
51011002
37753740
452620
39851443
67460210
37194384
67176995
30302180
12119220
75156713
57961735
15605952
59526814
91636097
9141809
29750714
45947618
2041726
93864454
26561869
77742148
63528278
31514640
17075053
67349900
92048540
64827023
85729255
79010258
26251646
52122133
47757374
25072360
58861293
92011002
82386444
63965682
26170648
41692912
37652954
65895517
44244834
32111887
23940922
1983429
82860692
3690802
21053264
67347053
6525385
25932591
37548882
89670534
9586052
34473368
28217999
61813885
3346730
78483191
15524775
22836222
69872488
83433211
83735654
89912747
77949498
26174590
28810305
21463039
62414970
34145093
91993085
26816502
10014173
15303741
92920011
75320005
6088668
25513587
70414186
59457116
91844155
20901312
18332372
4557038
5007962
52144927
4504548
38081980
64747055
43550806
25139131
78738058
82926795
20170927
70867241
37333799
22984281
5807963
38080199
10402686
48906622
49160000
70871243
25562048
73886686
68007589
42291880
80088632
71071030
84102838
35284294
79257182
48564099
69922810
47705072
58965212
86033161
38684805
85694297
79076837
73869300
67423552
68563213
1400600
76388935
19771510
3099921
54070701
72088114
73513564
39968716
45357231
73097576
55657436
13880794
92095682
90867527
46892094
55642249
7685142
73098743
58284205
42730088
51394777
24210290
12725044
24658591
24617620
43113869
14684790
17590832
4354807
15248264
32405816
59560561
82885468
8635501
60309822
66687386
23357980
57157124
90617314
28936579
83767936
57730783
48668330
83956495
34126854
57968437
46593128
85748338
31751953
39740584
15410722
80335570
47144749
35227234
175922
53100897
74111582
68338626
14817001
65417510
47502769
1284268
39868760
3535540
48145269
52940135
14625099
20188573
54310020
34217947
90119091
8964541
60373392
27658683
43172007
50449946
34172907
27309904
37546495
85684336
88657358
9594007
23586785
79455835
42654411
82277644
10888843
38380862
55816135
90858875
58152585
49983836
40035358
30548998
53733387
78054518
58741039
905929
63560827
77717147
19331753
91196530
33731104
47309571
23393463
82649898
93028233
50684191
30399741
94481047
68364230
75551806
5014641
70490216
21574535
66773618
4270965
85471349
54137952
63998049
46353051
76052364
6532045
43784155
31599609
15135702
44222818
11216178
12165903
87363667
52318973
52926200
81206493
33955049
84793591
7691654
55862685
52800973
49052463
45072405
87690961
93093719
92522101
14739474
54678372
30627931
37588974
34049064
40467147
61666236
54887005
30622928
11628381
60127741
4363653
91327550
42592155
13680703
50854733
17736505
55964927
67744702
16510214
3253346
17758323
38808363
39079888
19529808
74869166
84456660
2418265
68445671
40611719
93570806
53934977
35743491
41467340
19630738
71473466
50641674
59277298
32748574
37091149
50631970
81534835
28740728
69337214
46230906
50656812
7569506
75027556
2463515
91120650
23313105
20932638
78444763
11637791
18497351
16642676
27735676
44723027
13880016
88089235
69773846
57557454
53523715
36152695
67298735
77502178
18620378
71417520
74246897
78863484
39284547
85471429
3008197
40725702
33559518
77539369
26025393
43474036
15495697
33142712
42821477
76030079
76451207
2454360
48975783
46010568
58529401
79491296
55655314
75941322
69521852
48051916
44822520
20003750
74148389
79423424
79472494
77617990
49312444
26990066
36426046
14989965
55789751
92434930
20316861
33904447
91963349
27985039
21325983
66043647
33856164
82493892
29982237
39934078
60472479
67091320
62681579
80670646
37165856
43837133
42699332
68770333
33868926
53406154
51640191
19022094
63895622
67756708
83017285
76833228
92661904
49452545
57010937
38581715
744411
27052730
42706652
68026143
86217615
50409353
64487579
46925943
74003386
4876213
4964678
92005826
46940269
91929494
58647782
68836533
69334373
37734573
43036215
53517246
70146436
69694189
1911787
30271169
84196524
33557419
78984547
3877192
83390425
8131399
19078516
38116679
80068731
81716975
58302006
32321700
83055812
51191173
42968312
32167535
83301448
87718618
49681214
91865510
36068848
6461574
23874273
10753862
52550832
13898834
61101762
24354299
80371035
7265407
3046024
88406052
80850251
59572991
69147567
83860549
89782324
37652031
28617988
3350220
91854182
39999392
27081616
51320543
33781792
47444676
50560580
71191805
69152303
42577861
36733454
11295296
77752207
55356671
49376856
9799049
50253116
32149385
22257750
15057060
77937991
42404403
59271611
92160942
74567710
84672256
1287065
76042128
17911430
43109541
1778310
33928451
14255080
21724220
69246841
71288141
74393659
94274501
9356469
51991157
91925994
67289238
77045332
80958353
37365139
73308169
44124723
87482831
25331010
14190067
49461401
28653714
31487672
18501517
26020911
94125252
54086206
88182208
43590903
53142596
64056682
45490273
50600559
71678622
1016972
24664323
5396869
34754850
33011725
47244526
35216034
33818677
74924020
71851230
87592596
69898419
24518455
32932389
46238755
20390036
90938053
28540156
55367278
45000083
75808043
78050736
46236965
27736053
31993887
50881146
2291797
88771571
4895582
60624188
59205618
50359747
25722739
88448635
50028340
70015389
4616269
20255608
19421266
26119938
7923772
21977028
79443656
79903328
67189230
68299689
47922033
91401456
12187778
38532454
89304915
62513051
61502822
92161931
84283705
64969656
31095526
71401809
80016174
21702359
5917849
23703475
11461297
49329588
13406196
42619406
51767404
54310263
55584272
1017146
55120079
91122087
25559089
5022789
41447209
42133774
18171970
19930302
88676321
31394118
77495650
91340495
37186634
63567331
63886513
28976547
83149963
3277720
16962694
33360587
51139774
62484173
9801177
85647558
92975687
82454914
7079566
90061867
50345507
56214201
64932094
29456530
27434012
87749
89515034
92146690
9849173
93844650
86928532
21209880
18507477
81421534
78149388
18353274
49043291
54812312
66213886
20782960
87112005
54747063
69882734
85522246
67696291
7396737
46936560
28756925
54030013
58103738
83166153
36192450
45045301
37532435
17102887
89378184
30094193
32736804
79523255
50617043
79653773
32803107
88173897
67188701
19997850
31402164
59532277
47492609
44940897
19856581
44230580
74715301
28860455
54698166
8020424
71383999
91026897
11883542
10815795
28400447
38373465
59731307
16195406
79931302
68328865
45789906
80577681
61979618
80768823
36023947
81297946
69857373
54473197
71623916
755892
26444472
31286402
57411090
85858620
87846319
2436217
45640361
79094588
41508112
12068586
10635069
86720941
26788833
58733790
50005082
14852874
10789821
12361023
57922280
37116430
65931400
19409451
76666583
28638562
64962143
63893977
89462680
73835115
7890995
8214417
60793683
66922488
73255512
45494990
70952241
16779067
30130871
82554598
38035189
50438154
1199618
38364339
37399227
57627167
55532706
4393430
79369809
84300154
58504655
64693655
82744173
61777400
13822411
60845187
54493653
44120072
78374231
23947012
30003379
7239035
65809113
17950551
87550311
77404021
72957366
83800128
8144723
60272292
48174496
33753744
4968463
37269594
52414839
29561297
71110073
79246247
92178897
54639088
63904495
21103647
41803210
59545834
40051036
85234723
90684233
18626252
34339576
31731512
54075421
54807352
38011955
58377912
28588308
56598110
14077527
92463958
55631717
6563532
7111693
20511211
23075273
38613746
61582629
16420945
85840
82356314
8977847
51003757
85818720
30123359
11324946
18366738
88520771
66363642
31790019
33978656
68799249
92665185
5738004
50681552
61931431
9602106
53214364
32291961
37926480
62389860
510721
71311510
74175689
90631996
74080825
22030132
20448735
1615252
40609491
34323266
94415373
90839613
11474232
72135451
75814808
89344522
12929746
72558485
26363159
87382813
70101059
4644671
49512976
17778098
60460360
91722423
43048600
5530240
57272062
36705098
52597234
91790667
69762285
26479325
19298237
23131833
32258127
65863668
47939945
71852166
36609807
65749599
3946769
83616389
66640108
7549800
45557500
84748862
68039675
13138385
19283460
87504753
17006893
11691669
77579299
30385972
76482679
4500985
18521489
66734681
62394963
22297075
42103279
1493132
21917448
76765109
34306785
91413004
30226353
89699644
1406190
3898448
52973262
11688104
67045618
35271747
45814483
880598
12242545
68673656
61335320
67130663
58532040
18847617
32139651
29239733
22095070
52817233
58449630
80459580
919550
64363608
92846141
59084174
3887933
2521569
83224715
59699131
5114080
7847668
49161549
50476244
37785497
41510492
79034912
24407435
59802154
56774994
17488116
92061253
91614225
4969112
25406051
69207917
158254
85409770
22273862
94205431
29182468
55964023
90328325
55534791
