70041112
67428778
25343170
86008413
9406834
83522912
73194306
82887276
7486982
1632409
45358258
71760386
5913053
42855719
83908532
25040193
19895302
56366823
8319440
44973000
52368139
64463528
75341220
52092600
81696735
6046984
43172554
49200797
24759407
23305095
6091578
18642333
26248926
87252718
72541633
40812374
48946046
50264339
36144307
86338457
80944901
18140641
18794483
35293173
11310256
17524405
52127565
66607370
43600226
27828267
86450637
80432811
84434109
86207559
92104418
76700033
79530608
82163383
31944050
19094102
65301339
75217407
41079828
50910132
20122497
69067145
16396275
15839802
11535887
27611554
24114568
90727007
63094926
34356097
56159232
81432489
73140643
8931941
17169805
6530390
34991825
47870060
21111285
41620913
7715164
86734904
70867671
2894328
80104718
41955813
56622942
37177991
28053094
32903548
54552602
16919100
35924911
73476701
70575168
17946528
82435858
86020685
41488270
78235894
86707728
16051692
80325598
75722266
57310333
42408284
59292702
64684158
11753692
45703725
75509896
3261406
18411808
85084624
49516878
7786680
17668013
7460176
73453525
30915841
16659800
63105109
89329375
89004039
18550863
33776409
37037913
54440462
92293026
41139673
89026209
87673071
41730483
9548798
10927040
53874551
48098190
83242163
3281456
4874824
89081028
5580417
4703412
14756892
41459436
45864253
7230204
30941662
23949791
19415708
39390827
37190150
11131211
22085322
4741952
9344377
43286078
55170699
61767425
34681420
42187787
49278250
55171299
92845158
19044193
