79608764
32608922
24054951
74627573
93752444
61353014
78779182
7022164
38145003
36632035
37026979
80121270
16420423
32033054
65025199
21825826
27790135
52898982
83699900
15648576
23485302
28637740
80602208
36209156
10847076
29888804
9023806
17628398
46538949
60607613
31228353
86339009
59891776
14658724
4552514
28630383
70623561
64454854
45795341
69592640
8223285
75587154
36637549
12842471
91661167
45922816
81047333
3834832
26339275
78144748
70539423
18369281
26483752
30216950
49374080
50581665
28374609
88604000
76830276
23900014
21760668
17059866
11435104
64416419
77487245
83856860
23288825
51750246
48859275
31530891
40341416
9789615
82372094
1046596
77523312
65626204
62984735
15350477
87361866
65281086
78489340
39593315
39501145
27817457
46831135
47925054
88293760
22435636
33046921
48136970
72936271
13025916
9161325
4699423
52685745
1310239
46059516
48035316
59225535
61451441
22836153
45432722
23723051
46807866
19317095
28296203
76531011
90109849
92682729
90676076
9886820
28404892
34940744
88522800
68762651
1184539
2961763
32831693
57771733
33132183
15377984
11059635
93376818
43830954
3763322
71197906
25335938
82974670
77949237
67906909
1499437
92998747
93281914
76620372
83259848
18207541
91142321
18798351
86981059
53309302
72260584
58299943
70940376
7736396
38906733
60356898
46279832
679754
48741984
27703082
67467629
67356408
54329903
90849443
61588273
90813161
35272834
35388755
59476890
72373957
28738474
40892996
51824183
23535364
80552021
43918145
33081510
67196532
74991491
69971003
50893305
87537336
24652413
93734462
70415665
56553357
64755984
42288467
90598489
16490936
27369082
38533245
11906081
44692773
48815796
80612898
82550824
70519506
39494571
8059622
8186500
23498769
53297391
37552798
8106196
13557177
1527858
84565644
57552929
79277769
1444958
42834612
77438187
77335644
46382839
83751322
23957814
88790386
84436631
23698544
61199651
29433143
94105248
42709352
76306622
58704813
3298370
26427374
60270687
2734476
30370117
47636460
93531591
49247386
83759934
55232777
70011624
11953219
23275243
48507635
89688058
72487102
10549236
90337745
46536308
28841480
36140044
14876077
78213934
11882593
36471840
49271226
30753925
33937720
16418059
24289498
5154963
14331295
92173355
18498012
93748768
72737702
11919071
