67047701
3038396
13224710
6862675
58253385
70071189
27449821
7113191
81785242
2668696
83233729
45731485
57256902
57620499
22157252
44508091
8032069
86689632
62104142
59568422
47253723
83016828
86888493
27804700
13796665
50797223
53713741
43374525
24436751
64977658
48586749
82578951
80946356
1687164
63321628
35822817
79076843
79076844
47077931
8311126
12068996
75604332
10401743
47205885
75134255
31858170
46017775
69621515
73352596
12765902
87086047
6236918
53030197
25262017
31074702
74851199
81337522
58229871
31204663
39418191
56087249
11962645
25460997
92086467
64068383
8225955
68180447
27852732
87031322
11274682
40266547
91296246
33665201
53716681
79723590
3975459
9845472
67064483
22981768
40729102
76810653
15927184
75386628
35824301
13060672
25098074
39198499
53372780
50656781
17389219
19431568
30329585
61319042
76085624
79479474
43340660
13660154
11790963
24188881
70426964
50570153
50570154
47598203
6840599
11050462
54344300
37285749
13088216
28447267
26113307
47659206
42134865
62290081
92343002
61777901
73882785
5666835
59431288
44488543
43374185
77511408
44943915
28993804
62524200
17291634
64768727
91475290
12574037
6703995
38298051
40883477
53520130
65784709
48635170
88809264
10862127
8212896
4486611
49555518
746116
21011910
17524264
67908750
641745
3340281
30965992
14808496
75401377
27726831
14764045
88016262
43938224
42546694
31279277
72027130
82435537
46584109
36130561
28706175
861388
58458789
18979919
47244487
42246246
93033528
18952641
18464967
36218788
15952859
16887798
53923315
40878437
51167907
44525384
90117890
20993544
69354267
65456291
56475681
40830791
7614757
72094766
51776190
71062588
37767432
6070730
19040590
15852421
90047512
13651126
50878444
520543
20348689
48226675
77164811
14044245
37329176
42444687
85536403
11372811
88579749
32808205
27925903
61207293
4700241
83334030
68798946
32448182
19435633
37057656
5497587
65693889
63869101
20149447
26994468
71059896
52245396
50407932
45624115
84154921
57534242
39580673
36295392
23272977
54179227
45202580
8559358
69439209
14255188
74812993
62995333
41401751
75317628
10019812
30703516
51015111
33625353
56403845
80464611
9566561
56277127
16574661
78554429
70997740
74311600
89353644
92674383
67741818
25690385
12620440
34535774
70686612
23272033
39396576
21730057
79030989
6773476
90177689
43410659
51208438
60770209
82527711
87813810
22797007
21985040
25561122
43959771
75390916
89843924
88965596
58187523
75565238
44098146
16015471
744704
7658126
42420290
84203708
36712450
74260014
81556744
59036138
53588089
67359284
37359734
70307258
89499643
50201130
62622929
17518928
74216247
90026624
20464916
79789895
45747422
86374425
21759306
30724877
47895468
56914922
32164199
16114091
7193623
57126858
37827244
89179610
73946778
84590483
41941202
31335041
8882896
8181773
60437133
60153516
2795026
9355151
13184370
53068203
51485612
20112173
12008339
64028458
71332256
18272301
78716762
72728431
21778124
87030522
28926082
84284557
61567570
42405857
56144841
26588698
1677944
31590117
50802986
59825320
86712095
86117873
64620625
7877721
63166760
90704122
89526935
46040264
60146734
17091835
6145059
77924442
10162436
42234639
28305526
33384727
15715550
27449896
37296684
26802479
34882624
78491616
26813570
5020768
37649207
82370038
7811794
23639456
51085735
75929333
79152040
55555895
65342776
37799138
38504976
4138080
21168319
35017667
28364711
10903813
12711102
44760379
44898828
62794234
58110576
70237101
34084346
16579510
20328501
88881348
81017553
34582081
36284421
83692854
8134749
5629157
34682873
75114457
32740081
56135554
33137272
44023120
11796334
2647278
90131439
68286434
42923291
91099227
33289876
4125523
55890978
43705919
42803411
76187214
67738233
82575078
70236795
45128133
34289633
8095512
63230902
58567932
66738386
81914802
35595025
72882957
34885144
90813725
92533051
72974519
71807297
22229023
12966852
52424402
10707245
73221647
40536210
59271664
91029917
83050668
27560310
19622450
37940686
92086016
62362100
67567013
76972131
77685159
43422273
31509505
13561121
69026976
63803010
22901736
13811304
90597021
27794812
52902065
3774515
91195845
30106835
73743376
11376526
67907243
21967248
9248374
59970293
84223353
62389301
41472494
86268008
78135706
57363132
75000364
42128910
46906459
89369722
40937309
39915226
4140918
80922230
54778066
47276229
12998681
66051686
31634302
26636942
805275
43926739
47649037
389536
14237154
91524598
4141533
84684844
66428726
39436804
85711481
55199100
46847383
11841928
43749066
15383701
43641119
45000761
36223544
8900398
76507969
19085390
948453
67404559
36827192
22710634
35143122
62617432
91214111
15023471
45972458
92606732
59603691
49633270
35962155
32175630
69370373
85037452
75038281
65269107
88838346
12477457
22053633
53655782
62945741
89777847
87384068
9542428
69747976
23582565
10293054
19652052
57394052
87898280
7738853
79929606
41116804
32811807
53367492
15447177
9679610
12867366
46638525
20923357
92792631
83360635
79156364
21081619
36519536
63217370
4676247
33237326
3520302
75378192
22657632
19277776
10390963
77746700
84295540
78880885
22336049
9932571
1186883
11455352
22445719
67395409
65505776
79885729
26047601
63617054
64487634
46479644
4234278
41212900
37913644
64374166
92386812
45277255
67332071
7495548
35940180
12105948
89451337
19208001
1405553
26235684
23223293
9082541
56145841
86384200
12448702
9797724
76639941
4770104
29487333
51575634
27383683
87080632
15261153
88777580
41646219
2805438
3662947
20337698
87299329
40823203
4467490
79796789
14366785
37205636
32175170
74568892
87170921
75976814
6657100
8203382
55484146
66717443
565436
74768068
37416632
76832460
76213461
26273172
55561079
56386562
77470468
81823428
2052518
91881421
72220701
41437561
37771525
18197647
42649506
68478979
31579913
67543903
84307129
75316329
5885524
43466363
42263907
15782503
23908560
92583013
33353589
7787415
38028569
48115270
77047144
9560039
90419928
66406740
18849557
71579399
64674091
26848395
8714130
64499592
32079490
77073030
47787904
35468294
60927193
26781910
31909711
13520901
88645417
85303352
75753895
38657463
17789353
31441765
84972726
47074432
31758413
26770011
3759264
62229314
15206448
9169840
18334358
58421276
15891710
5969784
27314141
3240758
528866
37136660
27278736
35008706
50233022
71901756
80289886
92110564
2588654
52902414
13611449
25506719
25689267
78273597
42548330
90008700
17976034
752112
65788173
57188860
555860
25843550
33243495
62078873
29481390
34894038
54005147
75314895
77875665
42263530
34362632
66007629
57050193
70462280
77249719
67639418
91733475
44288048
60357934
29074637
62720775
69503052
51438572
32325934
18158945
37569147
33515445
66933658
41980657
35553301
27722069
83542638
88304969
1200315
55685251
39139161
50612098
37809704
756452
11174785
38232803
34027863
90760437
65466630
90701359
14797452
72745989
30390564
27054049
91780803
82385583
29160019
44007012
49862435
83283721
92336743
48693686
38138460
63674224
27314847
67759898
22328301
65704787
80295429
50042536
92363020
88011489
89153931
30155711
18816587
25536520
19164233
47249190
16198475
1671174
41798068
56938674
85506818
53026977
24488890
76165008
41914052
57444659
31725831
11697833
49694890
31958520
62315800
64081306
7006248
90404017
80323332
7204979
82546501
28686865
58001582
28724733
16006156
71021462
4712988
50148520
65296262
24331354
91273699
59593262
76184497
19135017
71829125
37703585
61774486
78157855
71583423
40662563
66410005
54201305
37964604
126378
18835037
30729163
92731113
68377566
257201
75282890
1765937
17978510
69703220
62839368
50982987
44709548
27960791
54963734
92029028
29232999
67987641
16074868
18906751
18836901
6897242
84317154
40538648
77614897
87343255
71198938
64115779
24705108
43536403
21412110
4786019
26720010
67032842
81131584
37299506
77853522
44126477
39347259
66739002
76782618
84257614
65274153
37044118
42290807
81461862
50138884
941265
39546476
86587248
14273394
39360735
20152413
45239116
34280765
4083747
59828063
62220252
92187367
49036392
90281742
81701101
85672777
71636172
71761065
90416365
12587881
80676446
92090859
90326863
52962240
53886564
16859969
83358868
77607821
60364601
73225180
47399636
13377646
43651776
42558230
17484031
15194238
26207869
80955644
70169192
41957422
80499654
64447776
24871364
72375215
30323177
30583485
19640023
26944661
13695825
23843706
4896241
23880863
18571502
81388719
40625795
71431402
50687377
80371705
10758058
8829593
21180354
84192862
84438435
27167211
41543354
69721563
84340662
27377352
37490366
53933665
75480435
20623760
169367
10234746
90589522
47382928
59497529
75702746
26071060
34605291
67353822
14170713
75869374
69310145
8212928
64961023
1921677
10449257
3862448
37199940
36595193
71294438
13260692
86135647
60113099
39905183
14448824
65245400
12993057
43680571
55533556
81696258
27427306
81455963
64295110
38671118
41804751
89194818
48098050
76330797
80385990
16205279
3642403
72087897
27560638
23440025
62399726
46050181
46016704
30056535
37061239
53899053
71325580
72890895
36674984
1062046
84451140
53461016
849061
24419516
8406158
74699171
69486212
57774838
47958998
32164095
34158627
26011043
1364802
3424050
80210063
31128689
26916141
85832649
35027017
50109752
52755608
31939594
36486987
59235891
47661344
61760688
10279539
81649477
59396639
67341760
4448707
39986824
28592006
37433668
74050466
56944760
12426589
19880051
11637616
14578461
48722558
37949563
35316555
74658425
64296560
53263129
72287414
36422556
43789917
29108178
50032710
36246677
55276753
52605870
78955457
64596156
74965219
72942781
72522839
18036134
13103936
74100768
5681368
91603977
47512322
47623854
61887339
32175634
47781881
50864761
16796371
65322767
58114081
85566471
89633801
91956489
4025533
26348323
58142804
44193790
45160844
42725412
45654468
2807614
66232634
82021975
86766637
61709065
30789694
47355966
20351080
87262723
26434701
46211355
82059450
12915262
71920891
48720744
83661164
52646863
61450821
72087985
80937638
63854538
29036482
45613238
59949837
27056244
55720291
19263046
3184915
85370816
29432986
91548894
35269463
22519663
85362383
23355975
21773302
69098681
7857465
20379251
15900059
24574646
28528249
78898859
8359282
90947502
9781086
81629447
83986346
28623585
1277893
17812580
48039185
41440190
28567895
53976672
29324651
28345932
6987167
28915085
37826334
31779334
3598145
70629357
6790149
19824079
36649864
71325630
80112545
32830703
8219238
69011374
51006249
66303389
83056084
81735574
10946703
1338225
90007284
29097423
57419005
28449233
77821078
24237574
31158512
11373920
5332762
47032610
21464577
68623013
92290093
42599308
8006680
40452047
56299215
33775091
18847986
16368709
17934143
21967647
50431436
54509393
877307
38305355
92454474
68380294
58552668
83748726
9092294
55292436
40094558
83384485
24955190
41537804
72009982
41947743
38244587
65018566
49808284
30275565
21983459
10983539
17892301
3962194
51827379
30604631
23379227
70128410
42324613
3302792
19959259
80625478
43705780
25721147
30390133
32610311
34721593
80297817
64931912
30793498
65210485
26195878
3865778
52218812
30616986
65620740
3082265
1379367
57947933
55226098
52100272
77675578
92285283
49207899
33293911
65086713
71157884
6106544
65411072
21028079
62591567
1594676
11453054
56319812
62254482
8681708
71959086
26930188
13834043
33362176
81907649
4630802
71720057
38744171
80721929
49128801
28283163
89117458
55322364
2163533
1722224
87752561
59562642
19348261
2318237
58711838
13915731
52007144
33919682
81443721
675288
55910528
90892897
15009203
84941476
23050083
78114970
40889313
76655827
31173744
76744873
25912249
67885925
54579931
62015910
92099346
53435319
39281075
74520870
17415181
1488801
58187372
82488331
9742883
23673816
41000553
36940428
89861939
63181546
38712866
34193424
60957063
24753891
48843224
63865216
4472756
3402329
88510025
68500677
63173009
90930912
10403446
82990786
14542354
79249213
65613953
86227226
37638657
92446312
27980375
50125890
1339282
71103082
18500517
60209083
23175416
76242522
75960393
72203730
57050106
35421421
49353109
39961080
55016003
64028361
41149151
5159550
12377892
58571028
12710642
23304625
83729336
48322719
56975351
37320681
58367915
39468924
42688958
74919007
86562156
41911812
58228518
5122406
18540643
70603718
9893871
10350548
36266924
87621147
91626802
13853158
8161867
88874102
61629729
57148636
77822635
17055008
68585124
64011326
66543929
40084236
89118137
8572493
24319408
43279680
64669392
25535453
61192720
4146364
43139391
58302064
83041241
8575793
10451177
50902684
14903259
58042556
92905911
30548240
81436625
69952352
34853780
17555904
19597733
74652432
60688582
7941786
68112618
55737057
12033086
87486727
46649131
6864186
79009029
75204563
18194512
74263117
52128237
82565399
63579292
65967875
81745959
35252763
65305547
52156240
3011536
32234110
52713166
51282909
85276660
56433175
68246448
68695985
22198675
49229711
8548700
79704911
83567308
15981188
25258254
27366144
43334597
68308200
27596137
61383639
28532447
47491679
74779938
23000110
13619715
59633864
49048290
58944703
24476946
68693885
37779112
58256469
91998523
19653310
63619526
45883409
28427540
49941923
91830642
15864883
11066687
30988977
32996026
899717
69838122
92713486
87929052
37146102
11413969
9338582
90977378
79382961
79745099
43380638
33378448
67628637
79661514
58214031
56304519
19218799
56876605
73583978
85410523
20348725
89027933
1714578
40014119
23944227
44918651
17540877
35256066
89748391
91415292
54579908
34640128
51894222
23593206
9626354
30269197
72428706
81040422
23366847
36459028
61925356
38223037
2278963
44089368
51062420
75248409
79096788
60504326
87193451
49115958
57489373
2945733
18300565
66559055
48597125
87721024
54008923
32998716
49645261
67616427
2483725
18183983
78333099
25234180
56469552
16287105
9239958
43803025
41874279
24640798
81318089
55479244
9840825
41445297
79819869
40728043
18701842
23439355
49218376
58747860
83088327
38282225
71622491
77355543
41311304
83040135
34749662
91971152
3724510
20808739
19802552
65359667
23987868
52547760
1436176
80053957
34734377
52787736
4683330
13625458
87664072
18724809
13997385
24482309
14354115
39737794
83389461
39542051
49026708
29806531
61997829
14836052
76337454
29730383
47442813
44443735
89126414
56106109
46246653
41579544
3416788
9432271
50506101
55770553
81294357
83893265
35407045
610602
57289099
15863561
5190698
28205525
66011551
32397103
29266289
18572430
71960024
42583599
65277524
14770182
11634925
5468746
62109090
87824758
50382795
26605086
41361281
16754355
92172739
55219959
29880617
7908985
47554163
32342018
1524307
51047762
2895604
89850318
73783903
87543600
74020274
49820923
33797389
81268109
43537500
76947037
61141878
44469353
59286237
52457019
19044971
84824388
92765660
51930260
60314534
39735259
83033333
15830424
42414515
80682418
75905380
3762399
16787559
63502279
75187776
30746005
60049430
71624313
44253534
16646079
45357529
44363902
53310060
56527592
78297824
31902170
45958577
17770691
17392314
2551802
16692758
4137884
53864796
25163724
52797154
13514960
76896943
27789593
38346513
85460337
16428909
22528581
90939972
15194977
75644177
50829424
34947595
60154061
49127692
20532946
77136970
35825883
9216561
90848535
11902194
5047309
58957066
27279149
32506887
40757427
44324857
2944127
62548991
87503809
44952911
3397755
80418339
39224233
32202103
5732569
78036499
85901719
83567861
74143451
49331389
54066763
42882534
47345601
45816993
68901408
24290913
73980595
11314425
3560256
6974303
68497379
79810030
17145920
80244502
30302798
83537338
77190450
86171842
49606094
54191581
64781123
89333727
80925985
33351562
20388265
3371046
26705633
46421916
64024651
60238741
72029115
1437607
53159741
25915179
31941857
9459571
24518720
52632569
44436821
80800597
31883730
90343422
64158938
46128159
89750897
87451171
6508765
15031026
50346088
77662659
38513173
10582060
67292821
55595477
58097604
36360151
26990204
74234146
80161433
32420592
61221728
69672576
64452147
23693045
425498
57833289
74999150
24525077
52771283
62834318
4393317
25333098
78946255
63370989
15131977
67508022
81771673
13143662
5746434
3631778
18878947
77902047
23239519
22847304
43802794
81145465
8673158
29495907
54644698
36685165
17905367
79817799
30772506
81128742
73115052
10120263
36157284
774239
54937891
84212397
92911375
28183915
87833550
84897964
56047662
10371373
76139695
82308652
917051
87509782
67071416
45981881
44428242
26894939
90257392
28531948
80185302
32356154
91565171
88030778
3428163
79914095
81160519
1080330
24164538
14532278
54833351
42972227
42746069
15490010
86663056
22206337
73403514
43110766
54639648
90674479
65842405
62159544
3186745
8437713
28708700
82300165
89941959
81042132
86791972
56802814
10453634
12250932
46533594
81918569
9382323
7108817
33006116
87320733
79553968
47208507
41962472
23356516
87548425
25422914
67668311
69470680
39752221
13762883
15711352
63381033
14089955
75780702
79050759
88055718
10081531
50388004
44333657
2013804
40843207
78231425
58507594
62035263
69362303
92970602
16509918
37729554
6351473
75234727
66020907
88537752
40869389
45527864
89777895
3257951
43336828
85135518
71732945
75530718
34156391
34497246
6725877
84802869
76754408
42142920
17254540
51907559
50425464
45508369
38189150
52167608
67066191
92461912
4409741
63397263
88452985
83711795
10533227
70210867
62377759
24774643
84617595
92258572
48733239
46440436
80187836
50795041
14284041
12050433
38799563
63482687
70599915
40714582
93089564
81148051
7554563
50346398
75318862
19344047
17505877
74792588
54962095
87283164
75162703
28784468
5656119
79274296
49733848
20870216
35458796
49199005
32647540
84811152
74910755
31545106
5760950
88534437
15235385
37777734
17183381
8016993
34240356
19478578
1492272
74787941
80407966
67759757
13135945
45833570
7037484
56696394
23506670
76808831
54845572
28523493
30524025
78813158
25770898
77655221
35636558
41206996
44641158
9110121
5943544
42823255
38130713
15111382
51478408
5747099
75136087
89044225
30340827
25815910
84456284
64901695
42273509
57917795
79505816
43290709
12492515
24514865
17518255
1016912
29552395
79548023
40801168
83967375
7561937
68521485
30803709
29185840
54129391
36832802
57677084
86386312
38098663
15119691
37892378
63957093
33743181
57285369
31162052
66601408
87264297
64536248
58037290
66831673
72952298
52572671
1111214
38939279
69474788
38558578
31065167
39883898
42539932
85549251
23679127
12703624
6849154
15518502
50955535
83447697
59761170
70262133
25298199
40604290
68116873
74830647
50116500
32382201
37973498
55638240
20942793
20145446
30931637
19662940
59787845
44097343
4739223
11341290
44216129
24612600
10548796
10975328
37518264
46536689
5005277
92960613
77744495
39716086
41610862
79853306
50532834
55029074
66691858
90377288
80742646
62560907
58281745
41135520
58867247
79530289
23962290
16757430
16047435
52895550
81607527
15336038
78609916
68005322
76046026
19932241
81779870
35028451
29393262
70639463
46363384
19911979
89256844
21178394
29698799
66484688
37494512
80288862
58713384
90663934
62849656
33424482
43285265
15077082
273460
19875628
44047804
66096090
83268574
55548363
85593509
39947819
73290631
29750396
13431903
35885696
21639148
92286204
36887396
39121871
55474865
10170724
61279348
36391356
35670889
10518355
64770715
58379800
46989996
80978059
79371249
23264317
45266046
90202561
79587743
41406857
69968275
73145511
61115624
76582797
36762586
58432909
40774607
42576076
43347735
6425036
35538817
36231500
57319425
3539562
38972063
12359779
19645558
48020099
32496270
68336935
21839988
24100674
43358659
23732396
82579093
61052623
88303084
79508184
26529698
63869195
18721988
89947732
68643610
67640894
5767587
34474656
58558709
46576364
25013298
28561548
7977814
79365763
7895886
28298721
57339022
32689785
80398673
68892603
80853749
40282606
8559314
55696086
84541658
51605223
90537614
44242235
9780021
83449639
34670049
35229777
23728558
46204308
8295110
66068692
71522539
53628515
28758732
31558802
8503346
92324494
26205420
81138845
26578170
4504454
55730928
33323763
79591952
24255987
82002344
71641855
29658762
87118873
25294377
57793105
52243912
17495707
47882901
9939924
75249940
72090794
29437562
55263038
64331254
77795157
36002580
53074007
67335516
67695466
79367751
24861887
32786805
47189292
25155299
31244975
83309675
8698929
13150523
47689357
76372440
33369209
58970113
49338950
74366440
31275324
78408546
77321697
64404038
43326871
42392100
71996985
26270004
81972713
70536656
40259594
26759352
50725511
85246295
15408462
63594206
45000068
32678125
3744984
81995762
65573544
39466752
43124624
36004940
31091477
40408751
12058631
42706280
40019607
58872856
85989187
68251397
68328692
50155819
81550157
25911461
59539511
30839439
47395054
3321215
87304
14543128
9955201
61952195
88658274
75555745
82863130
56239387
78572936
43856807
88824496
19886216
8046272
57500550
58760858
70012399
55630072
33007417
23281131
24542823
11497761
89342906
73286110
70666091
80185508
72477775
46293942
19920805
70802027
63229652
6772357
83575842
57780349
89972596
58126592
23938867
50181866
69036056
4356998
32870780
16615423
29150569
59330941
32054857
36250544
29701495
76368740
13707243
30779029
3371608
29280811
3037162
6835289
67468624
85390083
53064194
49003005
58973059
21254818
71813006
22524347
16294744
75000318
45741609
50788555
87146957
24665920
79007842
75730599
30203483
90821673
75759167
38341794
16497535
82753644
66331997
1919361
30314829
79868887
49099355
5946779
57746654
75326000
83490329
30287360
11808925
42322313
28218257
65514782
48492427
61956887
90385432
33207882
18278981
12219370
80648065
79343926
83278869
15616305
87703597
79591699
65722320
40727377
36511895
41723347
76218452
20150469
65842489
4864687
11639116
92299645
60823474
29323232
50671859
83869477
83869479
81267029
19982154
15163107
15243346
23842678
79164498
28842532
88590408
75728904
31043461
84449966
2062977
49987855
10553032
638398
20113692
52048198
82450586
