19603663
22185798
7614746
77961586
13052067
46940320
83355834
49731613
52407693
40069991
57869020
21746298
59206817
80852673
38883015
55493424
81996220
18714337
59710851
6601032
37895481
5224203
77526470
47958582
47130726
14638910
81793197
70640295
73788158
24409581
19807556
85653239
27390663
26752634
1821788
39933099
53804566
65424635
22116749
28157986
62806048
64297510
38731396
36257954
6358873
65413492
44207144
74715543
11847659
6288637
68067817
38725723
65067795
87578790
8281931
80067540
88571038
1956447
62252901
10733516
4732377
50102880
6261473
27310114
30176644
10453881
41440967
1759530
26257212
58565475
46003058
41159241
72989529
66768079
45430851
89432752
49228431
56346809
14732075
44920418
73604655
65579756
74976354
76643605
20358554
78447048
58827029
63076441
76002494
3332270
49281657
51570739
469217
64264977
92353022
38389480
63871274
59823471
10752027
76528172
69346760
23424149
75642762
16276394
52478541
80821735
84101176
69000532
26407233
30500951
59705797
88920773
86374379
1627235
7194441
89067471
7440391
86234002
37260592
29717627
63012421
58366539
44307713
91580620
9711107
19308460
5646014
81292676
70166961
37526558
29492290
67569709
81131490
5783159
46832529
38015748
11717292
2170962
17178309
5962332
15580603
16195115
11874685
39315985
15579390
14112733
59260559
17192497
84772944
28000203
55512768
57395478
9254121
50694218
89497478
49661504
78191240
32867423
5651644
69992159
17168454
1753012
22941335
74652166
23792207
8291066
7629402
81770905
26575399
92219702
42526806
53788568
5313594
51493947
38033994
44942183
84359329
46244627
40048336
72880564
8043669
584334
35643784
31330073
15773595
84508074
42321426
57020781
50126308
77152771
65217916
59178802
29008631
87017856
47580289
68783824
1559921
92735389
79293220
