30804504
88316847
69651636
84887407
35158745
55457244
5702787
67703448
32477523
66905028
11652915
94366552
88716871
5265743
87802668
31156216
33299017
38420919
19709488
52027548
20048365
52741068
39259279
83343081
9999771
88471722
60749029
13184777
76972549
12987697
69437448
80507479
77285676
67784222
18609436
32568128
29863688
39790518
56130901
90207418
51751364
22058508
68382653
91544515
59653750
67378224
19075922
73706375
80509282
74748566
48731161
71002244
68366562
70746483
84902480
13067613
3261606
72906386
35809321
23321619
56561622
69815294
8270268
22598456
84610549
53964394
68556785
11899996
11923306
44349725
78643892
1135354
7301408
43350857
19384292
66827906
26819211
74854397
38509135
26750557
22622299
52037015
39479967
13300594
38702415
79389485
83049630
39123328
12682884
65398571
28056344
92679742
74614967
58860935
47562510
63352063
20923597
61558630
87022632
18035668
69068896
31038097
20595063
61666132
44895061
48513127
57912098
49789105
15940582
78127461
7939648
75639201
92145072
76291343
42987539
32584954
90516709
8651469
20605701
51752768
60270135
51962972
94588356
64977940
58287673
72040406
92554824
23517758
66963269
51595605
42108754
90872317
28660733
91862634
88896501
24551276
37816329
2182809
28238726
49789712
60475200
15482261
37956647
37376756
76045742
25528331
3623474
19640241
23070367
17537688
10572174
53815929
76219799
55222298
71132391
50570001
58611992
20526055
49215573
90022167
40850795
63087438
19478563
46791832
38492749
26136960
13101413
74008446
44039513
54386054
56533674
75565535
72156899
55301677
61347352
80434394
74487615
73406467
23028971
90177161
90017262
78449298
65405488
19753246
30731501
94478142
15795980
61790465
54037741
58619852
35083575
13530845
4102132
69402035
79400478
10780243
10513372
68049456
5477504
41123029
73636731
51692206
29011643
13941174
35486438
59164855
17643664
88515388
21313779
71326828
88397018
34698914
31130582
3386615
32164411
7412421
69283007
7484365
68668109
62652476
24166064
86051069
32781797
56110002
57521108
62912723
32205060
76430622
49843027
73897032
20803429
85239781
33405831
87330962
68305981
69139735
66066947
32287610
34281834
9725861
40081254
6848350
51038555
32289450
47108350
64737476
78709282
27151319
30723097
47703592
79914125
53160828
82741525
46546219
23974420
55894013
48510555
82222489
74803012
472426
74276019
270709
82693453
26882526
30257060
122637
50111186
40180042
80665267
3155142
18731426
72700396
80792213
86005937
86555337
65779725
38783097
48662968
6962261
37031691
88415401
93612510
34433081
66191941
94595383
30755572
75265278
41481124
34803328
77402422
23744643
25586380
49672804
72741260
83044859
88953591
24585226
13715347
61944980
23213698
54566805
9337032
10085374
29284898
71450973
14408461
67557170
8127388
41915798
57190344
69208711
55891503
75020674
22094727
47921654
43193546
16863798
33828196
66003600
91079120
47841499
7083912
58929751
71297793
68300047
15819257
45320140
14410439
11630593
3393231
16087248
31393464
90587099
9589445
82614098
10422198
49192512
27829842
18191000
57180518
30454602
27959477
66826025
47331598
80106078
79540156
56493525
15459351
35842148
29403443
8171266
38249488
38849918
62153806
14141784
92658803
91198379
94291435
13114155
11699862
38803086
87109074
68817034
44081971
70389680
47580614
90345457
50545102
19424496
60150687
68640984
24858879
67727734
68659418
19890437
30014918
31654250
42362977
3595806
48046041
27506667
49644967
78581607
71817575
23176541
74121328
8096898
20250882
83029082
84145682
4221731
68085092
82198009
36688101
62717000
358345
26975871
39457269
44961590
6644419
73584608
55344136
54250010
23920282
20324813
17036131
83306193
11203555
94262480
20224248
35754851
511719
53956472
3944133
6819222
46703159
70766749
41519412
9878613
91790419
31423964
74367879
63377204
92064537
76922149
42644278
93472762
6123356
91062302
79708791
62106128
59428147
38252459
76007627
5151240
16591319
1952094
81688087
76770883
27930744
16707537
39540245
42381719
60400528
53800407
36630834
40255437
34464163
20364805
15619092
3204988
5068694
73840290
91458324
59998654
65931728
50655247
91377551
28547812
92836252
34323196
24010055
67361072
74718962
15849336
71519171
12454408
41777878
6197959
21530795
23841778
74780487
15974260
53533925
27540460
38544259
7331574
16505506
91897762
73673292
85076179
51272562
86201360
15898403
19033070
7684199
2352909
54120048
43501677
28485493
85882706
12156962
11637531
65030507
58996735
86175932
88070098
77951946
5860729
78182060
6001287
60892571
20319674
20344264
93651673
41416880
79657166
24126700
15616517
79153101
20067689
15750642
66153741
71003289
64262296
61303683
17577615
67665131
25299334
84665450
86692708
30544491
43734061
31852164
34230587
65587000
80919211
24005596
69733440
56349342
39793005
32384189
66080897
17080002
36346198
50783977
32568068
84590802
82701955
86428150
7571059
73259
16163833
43273341
29454446
79033105
92862328
74263765
61137120
8988588
85966697
9694277
67249852
67755529
88076387
30380738
50469756
28070792
12965817
64356967
3880450
18900871
27464443
92652490
67850818
24750519
74057016
56170472
85324170
5165635
90188920
61030038
70900830
73444532
60031260
2618535
46525302
64456411
53360239
16667436
59780405
89101640
30235583
83454163
63713696
94349435
12852568
37147175
34780526
47272227
30998125
48195581
52590976
5533701
79195724
49453534
91824162
24291391
18361751
71686583
13363127
56112358
80728160
31254705
80638442
75867305
64093635
53391442
72089426
94512538
12997750
90461056
76556958
2985268
25556159
85430858
70782620
89449326
93667784
70463416
69571467
86499097
36092652
42032074
18111849
94142911
54143937
18091831
32794962
75718653
3750172
34626939
64794952
33737695
34318639
24474863
67115876
81640509
65137815
61454978
35577748
25222363
32253804
93954558
6020938
81928823
80682545
73199866
60507984
55905955
14205445
12764822
90235505
76764927
29984906
72487314
10174873
27241140
33467948
31392869
82530653
77203501
50493529
86265270
31049926
61489737
47181641
7479374
72180826
35779767
20593182
62881147
15391291
9163354
35838498
52824968
19691714
18338516
76597965
6399203
84371633
7965074
93410098
5231741
39025197
40976727
27834772
2597138
14960048
24361790
24124234
25624723
44429352
30353190
8286186
87781958
23293490
79829792
90158115
64645115
15396613
86552199
12473942
76088772
74082565
68373349
87921874
32276350
55613104
54060335
20862844
6256008
33633675
10791679
19531327
9715228
60594432
73106858
44609252
25052684
86081200
49286727
19348635
28739925
35688102
85440594
58604109
30149213
87072854
9550228
29803114
60644575
67219514
80161822
40751361
15330209
88748474
53169710
81505949
88581929
73310249
68763224
55408321
49566680
10928641
80308035
62200640
17501871
66442332
41517330
54104918
83160789
35067863
6776970
43846892
47643228
42641260
45671573
53886887
31793226
5341226
41573823
80505561
5754885
13285800
54250965
68542010
48485682
74486602
49002168
3752855
92223304
29887086
76249697
90384811
88813194
43665634
40919353
31399746
10036075
35072656
218714
80255826
38050234
39301590
85361370
61981652
52355645
71818713
71677685
39679190
72615322
94559708
28846906
93382711
74070044
26797327
18551163
40878976
12807600
25021109
7082296
59791017
80556886
30967068
32923284
38849520
4686479
55365866
55422670
3347493
27936373
38814226
8164581
23805864
8649776
15661050
69784933
16325264
12060774
20722627
15751170
2700490
28079330
258223
8978625
52217487
88240930
34105506
82945433
61084184
74459300
81901701
1826751
72468840
91646423
83472196
85115361
1731167
52024167
41737076
5097959
36496800
38292299
3034563
79219640
8160075
11775733
24267877
70477277
39423081
77450867
38571298
47405699
51198906
20905627
16726667
58448867
62729133
21792409
28388000
71460908
12647621
63531508
31725531
29300100
91075588
21422769
53755429
72450263
18469200
85375280
39583552
12856479
18504629
34074565
89185409
38862505
86408713
49176356
82839678
57938489
57148880
35558402
74879708
55280872
49549051
28267622
79198019
94538123
64819158
55736229
56597171
76236754
55043263
77066853
26436013
16047285
63904843
54220304
63607945
43688725
41118817
17490547
84713542
20573817
54620737
15322345
8478105
13130650
6140938
32182632
3459556
8075299
53865758
69365571
89989477
49710181
59992977
34810832
54108026
61712062
64438009
76817737
68489409
32692265
11047188
63347668
2624032
21747676
71616554
7660184
56868389
79446335
64151033
65219362
84605440
77878057
15521344
1951970
3275396
21072940
57765189
26147892
1960955
62977365
82592927
86758322
64047536
12450835
4546673
61845489
78431984
66833678
36729669
69197964
90379777
19727836
21417178
79474472
15095210
15095213
61061062
39823062
51985458
92915779
10591578
36727900
11766020
90327720
51507321
65333210
69308693
779056
21760778
91529719
19304532
39614926
7853051
17077538
75999427
68146710
7035276
62929349
26679899
32035930
87437971
58869615
80596746
46600575
24660872
82627015
79599557
91037422
10294807
63107676
31151745
71714319
8661642
42905668
4851618
71039087
91056933
87849347
11070324
81010448
29867758
54595448
69477648
86342559
73569116
4147907
88913975
49123126
39504768
36854063
21702742
1712783
79766660
8677153
43343453
11520447
54365355
30020818
82944666
41319336
31075041
4882094
81098065
39599190
56310333
11632991
56771979
68595471
27080592
45743359
62948293
5773950
58440225
55121026
43750350
5202574
49261067
38856654
73067193
90038900
25680655
63370236
91669117
72466007
33697122
41169150
67011534
3233139
9021670
90617208
55575201
7880376
70117624
86075354
83236853
12138846
86875823
66085562
86446645
50336664
88729566
38684291
8478834
29883097
52266880
73983076
59661383
92372628
8602908
27760195
12593138
90952273
14788376
28781790
75830081
65377537
88520547
69527810
75660308
18451475
55336151
91824830
14883649
78258613
54572840
46357733
50139891
28616148
59817751
22751379
12478660
63411192
7461799
54820648
27320810
49199253
33254764
40376931
52166933
20895398
8731789
19355778
35356360
1071204
582354
54596663
29524834
35462339
32928924
30672569
81874733
40521267
62931793
59116001
30316950
12526972
11569972
65804919
8028297
81229209
67855989
60056853
85994609
41307592
48197324
59633299
48787572
11778402
84634055
22638528
53131496
43194085
85080947
75024918
67170078
93872017
50661484
18010047
12528884
8856775
88621247
21229716
20176184
88487938
31668031
65545130
25215427
42067745
86473410
43417637
52471904
93620626
44741524
44509501
13131017
81764911
37831319
27686112
18412644
51686543
61499159
83800018
80431985
6711115
55737059
8857335
21674016
49426092
22748168
5008634
59375108
93726705
9429608
94107921
88205643
37687307
944974
158680
71015126
74745098
84733721
88813197
7168282
69295912
3451743
32337844
45317700
5478518
2487370
11371388
57367554
68044460
33829212
68413498
70434226
40277355
49559387
3511889
38218803
63475122
32661657
83949666
10507922
25064832
73718779
36050163
62015452
13550701
30045971
38587375
17954324
67509073
84212640
88417620
73298110
41548595
77266050
73982554
68394920
12760341
89066147
55427367
25462747
76727539
14941244
41988822
59262254
71296925
12442806
33019352
19198103
6403365
48668771
92772863
47811965
54384666
78994305
34390947
72214118
20209951
71990012
75086108
91992582
88481646
40325216
44546314
39534599
13514004
93112067
56846160
20299414
42574279
66314516
57260844
42178042
91400367
5316668
83547308
65204445
9224984
87335845
23885723
68002491
64117110
73256540
58145874
21785708
771774
94536556
67352567
59009520
33713538
13985176
85205361
89489780
34295503
71342790
69767891
72950030
25965265
80483497
68187459
52946744
36406292
13430606
88518461
71597527
38316969
69814105
74361939
93423896
22250633
86925734
91793800
35809555
7509218
80105235
59076605
90555120
36963835
60971190
5772077
25462940
46050519
3157110
72733797
44937007
81435234
81108593
38519102
89919798
47171360
26150194
29543446
89086809
23673769
67966797
83452915
64879682
56186626
26597938
92571394
42947215
67933303
42155320
33412470
49797661
10615309
19939347
60777100
36190824
60376960
26413722
91605780
27497241
46987753
71840523
74356638
37605982
79922114
42323132
57614178
31335348
24709639
42694109
84030805
82266546
92241737
92859921
86372807
66762035
64872529
47345380
39347929
52762621
93383560
39925118
60440740
21460511
8563603
59435431
47690657
23880782
61608160
31309795
13201261
16816418
78373611
42097918
790876
73872882
79335239
24739262
50305850
33569819
66967508
44613004
9635787
84144590
65405298
65840298
42928122
59366327
16143485
87358492
37579042
40776378
34056039
24253681
70936498
21534254
21025293
49871630
33608975
11263416
24316415
84409969
82702647
72578611
58349784
61930828
19323251
47381112
49198237
73518143
43527800
42794555
41858244
78490461
72769575
17362912
8513770
69074121
45106205
72351669
25246507
29904006
91578876
66239617
4073312
25850576
60538937
29124967
35226203
40389913
52685114
50126823
93455923
61736404
4166015
56920411
22939264
34782039
43745029
40556963
49516585
85930266
57725990
79727700
26138406
9719627
77930543
88979447
85495784
45300974
63972904
59457433
40491321
13263438
67635208
14726641
3922961
59465766
33279117
59897790
56766180
38877111
69315274
66477019
94029061
55924204
45636184
87439581
11579969
69083828
50558436
46591500
35571032
46061700
28616614
65499216
41923310
62760358
52726896
81628818
88651416
12206253
60413336
73614777
17940230
28188547
79590839
5148706
14215947
54386861
56161362
90158430
56813371
60459369
25259926
4140029
9997366
5815182
58758235
21969406
35541247
64838040
38309657
88867931
20400303
33180236
53895153
31713436
87817182
80246699
39946640
78034467
8897738
79926785
28580374
60813449
29518075
34651356
24568821
84554478
72839235
9124622
24066340
24172282
66497746
34929406
9958484
14720555
81521484
64315505
49460574
18720401
93747314
17116477
67154200
89392124
20832835
70052004
72111493
80855056
17239607
94635156
7273245
6338277
76763324
48720136
10563472
39368555
84769537
53740676
48798492
13644460
27943217
50578530
29552980
80525526
52870212
90845110
93234792
20363413
64499065
58667267
42942000
72889585
68322716
38517794
94364071
48511997
18408111
85897797
53668441
47779253
79774886
1400813
70794116
2566720
93553792
86135915
34679461
23408349
50664733
63749613
91507680
74102737
81147430
77607561
39679085
76119449
25798116
79729033
68223863
9693869
68910057
2988706
69100621
46518968
58807106
26798732
3890682
43432244
28425838
3334420
41685336
77759160
86568022
39220098
51944704
28212550
84462951
16197
60564889
33704545
89462027
70444853
29352506
63185721
34504412
54802325
42622292
17379090
6047164
82504616
49813813
23266255
13409660
55066076
32445521
18583491
69303540
29943983
70280717
52289743
61659125
89854702
78826170
19968199
40203864
9092890
47068423
72494518
69368274
67934840
27614631
90674173
47558935
86590701
71996522
84330454
83615706
2714979
43508721
62140207
7377339
19344621
14488089
78004256
66772739
90820920
20494012
78224731
23636623
3693741
73657718
56623585
50122012
90819912
24895101
22082300
39707293
16606961
43970446
15385205
54571185
88727106
90637413
80615403
2721828
32452841
37374837
19005089
76576026
83301714
63864563
84551495
84836764
72192428
31912455
66416113
22619798
81553242
19968340
11635974
61263189
15992397
42255415
7988648
35673738
45128999
87518780
46144868
59449947
54702994
76913239
85338445
30334647
67558211
6344494
53716560
81038763
67207217
18325849
61032301
89929717
2192780
83793675
52004700
90994339
71872136
23454881
66131568
33895825
14166324
94487148
67487304
25419675
26018419
69204957
34346999
49164913
51129607
61470979
80845560
56102823
26795675
11995254
8074097
655633
25939384
65282541
91352196
54324805
82089361
88497931
50038778
30941017
63762780
11742050
6588470
26691575
86701919
87115481
80593876
25970947
89534442
85253521
56699742
14548984
4406886
35893207
46618390
16009827
53701874
6616967
7595210
18662942
379438
67282503
54091897
61476539
34358955
38617945
44072676
718813
73752238
20803186
72352243
83138168
53755295
49118030
46614197
12670365
45904469
15320259
54894721
85516588
88318145
28029370
78873095
20327451
85576915
55034122
23425003
5895573
92255444
84886456
22847674
34705572
74113211
47854120
88824116
8610045
40450293
26845990
50474090
76011870
4105301
47443215
36296502
56908086
67091019
75096467
86001170
67490261
5168807
27665667
83838620
9462414
50840023
7794884
20997421
72177443
40518868
22057237
72728379
40386520
21385603
76592611
42911714
2192490
64726429
74686360
68389059
32088354
20382264
18410209
67385623
55736007
28204125
92509914
22324348
34483846
52816254
19117150
66200530
20884269
56975333
73742566
57305723
45644863
28135566
5130362
58097193
37724716
51746395
58800469
20710216
58225242
43107605
40304848
86407554
38185847
39932983
83457816
88914598
89688157
34405671
26509327
45404860
44114334
33103243
80519117
54564025
70620984
2094536
90448289
12375746
68468432
48358047
65469392
75881186
76349542
61020239
77251439
90813801
50885945
92171743
14913077
56705472
89968001
41875730
1600584
37512552
34523778
74735288
93433765
1500207
51954911
18455145
32420554
92840769
6776458
83072358
6181131
34090660
8117161
78322926
50361734
88481169
31350235
64566569
51383233
82538737
44288245
17519560
50307850
7448395
37459486
38334285
5093049
14011186
2280360
30868700
33977404
60130430
38367454
68546938
21834828
20917473
59846774
308216
25344029
13209189
68422209
35455831
1925365
14758620
20553234
94338836
59061621
22618587
2993220
82483857
56809854
54521760
8798983
93773632
53648622
49148359
37778863
88756638
82450239
81270615
4305422
76870162
43360010
91079241
55445117
57234407
37448808
94656555
71856655
33963135
52632509
38533319
54231573
48455793
64998905
36206048
7397377
55731281
32666778
66357254
51808827
82446357
16612066
51680423
38997242
83282640
91929018
54997108
15226440
29113310
1527138
33409108
38884716
59608392
16063319
54637462
29505592
2359894
79989937
6207209
25704654
65377676
59383530
51802304
29910663
19968904
1669634
56715227
28994597
76466912
14982887
1887139
72278838
70185731
59696336
51852421
72668743
24090293
69751149
38132205
36525014
65820220
76321386
71630972
28739658
26307029
89577150
71962740
61863637
36805344
67249845
11894925
57575324
31356883
22056121
80203025
8554464
67527672
26097620
86296971
40100475
79387127
45597430
69028887
31145806
9096156
87507616
2557949
67273944
40055469
24329707
14087060
17495042
67104064
13709010
83134809
85847041
31709072
34864442
32148815
35537841
83710386
76019371
75152741
72501221
54549248
52867780
90455553
14587848
10068994
64564129
5033529
82450631
8773971
81624275
11898972
12225953
31445765
45140278
38373606
76154773
38335230
54928451
76073184
89787807
37640568
54029658
55964166
73311761
10020909
85489725
39610539
12993949
4770052
73289379
1138446
47137773
91239523
36284597
92882155
11922883
64723016
93798348
39728108
27145720
89043930
28994212
92458353
23216629
51126880
3331300
92883536
27255799
81095249
42297377
88830327
65331454
6291179
49692311
93930854
19815019
1389707
75031436
17303032
65771284
35233751
8467675
77232652
43382669
21311060
10537391
58179388
78545747
29586146
35472978
57961411
47018563
18282864
44983119
51762489
24203754
53607146
87789849
91835174
21318451
31992786
86110183
445630
301240
73138481
24455924
67703413
16181164
87437074
12013197
60105280
65408945
64553648
56535173
66998014
51487508
2982116
25380907
46766128
63083834
689331
50144152
70166621
36752482
37004348
1070163
11037950
701001
47136731
23529141
10805441
16537960
14606395
41829446
11046417
13932751
20970369
51856861
40410688
57609419
59405669
15502738
32167949
48970851
91524182
72989745
86907999
4368888
45693691
18645614
81815306
6071156
33294481
73077834
76316654
77680717
71689241
64963814
56849795
10609525
76992256
12805364
51860836
8607496
20649398
54240131
40943828
7231433
82014197
6152664
31717543
62161617
90448534
10973308
44324262
29149222
80059372
24095984
80170690
7230446
34856342
23914164
10786610
63396191
7543151
70705724
88652882
40430363
69656089
65471730
37110414
24666289
87892543
74458151
73562009
10183898
36693182
40896613
25783811
15902546
5763125
31481130
31144739
89841499
49920410
67887791
71492039
36765820
85991672
79333537
2968573
62131610
1406634
14359392
33518022
39539745
77518170
32431313
4065621
19915446
82483807
41094376
3589993
77995516
4512693
35639300
76489993
4841655
10945064
35663155
2014827
9606696
81879321
89915558
11229425
69706833
29378962
32654877
53391077
44272932
83416862
1713350
36900863
67762467
83327381
54717034
71727819
54783454
61901639
15664875
77253499
49272976
92010469
54970501
94261635
13435886
34065792
22076551
94020604
3212247
91384434
38045768
67507243
2681084
28626426
38590265
81495576
12183
17601595
37048793
70087630
28732002
25366478
19403920
45723382
38592681
17347908
53065598
29337262
48453151
27922280
74641672
41239171
79461072
4988984
89555709
13978683
2567439
9353821
81592523
91791895
69428819
24312658
78175010
2724171
31357829
73700868
4865782
32273418
5257749
94093919
3534142
49712669
92597075
20431991
61251781
39905530
4375354
32020192
41897089
82325287
2927096
83191315
85316222
28098551
84105742
91376486
93148289
79177073
66463171
12931281
50129674
51904258
23836592
50568626
51795640
83003630
45935666
77829405
30710905
15328660
62161527
18524584
15156690
12322798
76890943
74317105
43434763
24168175
93842056
65251873
89043931
63298340
4546618
38884432
63441443
47351202
37736686
36666588
43467238
57993217
19963355
93996309
93231449
39809382
17284050
22870534
36860698
42759536
22252326
55108208
47009482
44852336
38231861
54821019
64613376
53473414
69665632
13530847
23291286
93146142
60340565
12599976
66793344
46820393
74598102
58607783
55467882
85768013
23811849
64438868
28572562
16440474
71235531
83329139
14426554
30830381
63482383
62868961
58590227
62994710
67455871
68720186
29106499
88645830
6975577
74675088
79493685
86739603
24048975
61382760
65612947
38312534
80898641
58269291
38007925
63775406
29483130
32082347
21482079
13412293
79735068
82184825
58592422
6761032
1526652
83415341
22237022
4334634
45246814
27406568
44865383
92725821
93225121
82643700
7565023
44966626
14115155
7445363
47788684
75045180
46456622
19456560
68110507
94400017
43648286
7034718
14927510
27126316
21191696
15479840
4944371
6888690
7479204
46892462
84761060
4377951
27354688
80200784
34985407
62980607
93694601
11201850
31066917
16511828
3245134
21602889
66183569
7430298
68280244
30108830
79331822
20994043
890657
68851184
92044825
74028833
44217834
69929960
69375051
13720862
24024571
48400659
84125296
87315573
42997679
4827538
55923983
81311896
85744774
8413907
17676366
27604714
17827855
3256425
5333315
2501263
84741195
35587524
17815198
63942944
53292178
21193828
62117827
8401309
36300267
8530285
53236843
69461514
65356891
8314463
60554563
81624293
236670
65849838
23905963
88724833
52828482
25934042
79182684
74443451
38376322
55515262
22327158
27051046
30730986
86184697
49549024
52632902
71467286
78132041
1197159
4365714
53832802
43063819
83018939
25955184
31580912
7547809
72649025
15119677
43865559
37516987
55700954
88850286
52121238
39087342
50936481
83282841
69919200
23429502
5155534
75079019
77592509
91413873
82220701
93534571
27792966
59962454
53627581
53793544
66744902
91771400
53032121
42935631
58250029
53684769
32293865
1956315
4616257
7397209
1304197
28813334
10409585
51031398
55624667
57623840
1941993
71963730
69655925
36632681
80922413
18691499
32462808
89197054
90328363
36941805
44855180
77155982
81026930
41080610
9026244
43015620
85925228
49653614
45591860
62276735
53801799
76390038
84437200
42740168
16401642
47527908
39810690
31321911
38155768
62343375
59087117
25357530
76863673
32765536
14760737
94299119
45065665
38455761
59293855
65691868
11880096
21914262
3048647
32147177
39508426
43926758
64988699
16456700
45687565
3471411
94551625
50163368
3511684
29863336
11190087
15017568
38976315
68983199
39695785
39286283
19569030
16523168
12322768
78828075
28542198
214402
58292221
13046989
45773002
38192559
8768771
11159285
50718683
3876267
88513627
25936038
3077149
20839217
34982340
45202651
90231382
50397961
64110258
91672539
26299380
88836653
57337288
5878815
23247993
30083062
17066427
35025767
70067388
59032480
88260151
47105257
85134982
26996714
43286425
47658768
46146125
68578639
50259877
18572362
52804482
29741764
14208411
4111135
46624836
44169737
12503514
11876516
92250517
57020491
33072060
70678144
32893405
30132841
12162586
69534092
56773549
56902490
56902492
84174428
89660103
5462402
