17197344
24679959
72960774
89408223
45393394
79409343
80343525
17225194
50084390
68937957
37358893
55915051
45495572
11197325
54540054
22326268
77767445
31377763
38402837
81081062
79875104
67124618
16873313
22266583
23183751
9635841
66741226
92325152
7230861
60838791
11943953
69646023
53398295
60260730
64675222
25562682
83347640
54698397
49138304
86569154
31380811
67888648
85943522
43469885
34031747
2436330
24716233
47415251
55990828
22507249
6980107
25402159
72725891
6662687
91916712
55825558
3940351
8366461
34634831
75003543
47456052
61818727
23585993
60461511
58326911
37132631
21278687
41152360
13888576
74864479
68399143
26498358
34230357
71444832
28042774
14194455
14447066
18698088
14178958
64076950
57490662
29818707
61410759
59994291
73754199
