51886046
72800752
22795748
34874320
47520295
72665167
17942418
15728193
7592430
8738309
49299783
9471272
60967978
5404356
44038396
33047257
25705308
45411954
40984739
27079351
62264805
52922201
57903547
54778809
85495730
18379220
14435089
25136248
10985202
79348509
66451378
23011872
87151269
57746292
83426380
26952352
86923322
23910427
92886544
33406125
72610121
14095875
12523638
70161143
31862147
58023643
84693349
3666148
45917715
1827462
81241500
85684229
20884910
37164656
36601768
18247681
51488231
4078815
4217826
5571810
25903182
45045332
85960312
7185575
66859786
51922573
69067581
55032450
20291005
2915931
6848051
19557370
36046120
11250814
54752001
50959472
49044436
56771583
13954848
82043017
49567832
56400027
60081024
35366576
30427646
78867871
69976522
73230416
38969471
24316440
19671177
69994403
35789102
18592289
13473150
53893044
40519224
79752676
65484150
67964492
85302319
56523748
93097182
48311719
90022318
91829719
82139356
2035267
77706644
55657839
27088351
86564382
36272059
88851492
75268685
78700283
42868021
48681785
18449639
55424000
83327921
88789916
37703741
79177801
62625127
46741964
79811167
92379949
62073058
28326212
53243864
46637002
66403010
