60200270
17582907
91676825
80369511
94110046
14448176
69082189
73628019
56978737
13545262
54555194
48376386
27536364
59190077
13789581
50552241
90627062
10647395
26356419
66201574
79800262
14117718
34541917
83048572
29385044
80746555
22403174
75445570
81607868
87762668
8603958
30031096
35281776
10664901
59178666
6415201
15512224
32838211
6038084
54381663
49087172
34501877
56667999
86423605
43273969
49844696
24153889
7511028
54918419
86046021
19321227
638775
88560407
34671481
78048470
82613888
74396191
22791805
32539936
75321026
68623218
69704504
36922498
72730372
91374320
86973899
43771427
77601024
1450690
39431138
76972824
80048772
38229124
47662660
43125079
9653694
69702738
11252719
81193136
66902008
15107407
46912159
20693523
17734383
51483107
9522521
34802163
49525643
10028464
80652382
57171085
38248669
75673853
78103066
23199287
55763146
26061528
17146170
11907807
4968082
11095259
3335699
93270309
12692761
66636498
35840335
93699377
49344523
22654966
87957676
42712925
52652218
68774739
40058951
75646736
33881169
33881170
29134142
50307637
53281202
36577911
85833459
27071778
76931493
9762262
15435892
32808685
66153065
43063740
47987175
88273216
80985420
6338093
8708305
68101802
64422911
92382747
71499932
31762087
87158766
84114540
9172223
94630303
82846034
73265764
90622479
88543555
86285312
34125698
85156170
76676636
93515827
53363464
93081469
94365533
61550350
65428031
27912766
22499079
42881030
88016703
35827186
18339959
77212809
81496530
62238535
66616477
47568400
88377911
22229021
3408271
18981745
51210511
18024673
44299028
77536705
37865259
30529816
14017499
76385621
35714262
31913669
60566924
9279997
80351822
20220901
33351444
6192208
78705248
5962829
94056896
49446418
45528380
19599776
63000714
32589575
41265658
57630882
6788296
57626117
88200273
39896337
29139501
34401572
23175821
12144852
37205694
77129028
64047387
16979965
2679456
30563957
51273409
6041613
66226007
4494604
62638451
34692131
89288745
25854621
87502509
38629859
32433408
77247936
68332333
69598251
9846354
24371286
3635074
27035916
12885469
5773958
32176555
5083367
41409404
28176050
86773712
58600872
81016462
38991313
65631539
67658927
62756080
80687510
56450097
10519678
40633566
59678735
6354259
2947410
63249776
75482050
79199781
18908231
24899733
55654
15230177
88793449
62168821
92484351
13193508
93770170
56159436
3849102
17343775
76795601
25499778
47933752
81452881
10559523
37522910
32086674
62999748
79888499
92255958
54030200
59911047
71481623
14582106
83444481
86170787
24758999
53098242
11060568
21937218
46089523
31407320
24428801
53147880
28611800
89180894
56954990
8190830
31170519
89068437
45331327
91264054
33289477
18937239
81654785
57880783
8343353
70163763
63397534
43781165
17415349
83806383
49199825
27719061
55709421
40532781
5734317
82243271
90099713
74376852
61573705
70584260
79179595
20798580
79176659
92726465
60459261
54571073
21435791
58860260
56391890
61609049
27423739
43214101
66248836
56113691
65164361
63809998
65637958
65390540
67528769
73191897
49831904
91924187
79328219
92875872
29398312
88217314
28166964
8660975
80929731
66393959
45387511
83134151
67327958
12701665
16247101
7899908
72748368
57937249
52172486
44085690
59124249
53541208
61963084
49768448
39267880
83938424
62524237
16980522
37978925
91394440
16480010
57561840
54918423
81328753
41086608
13313198
69166401
19002727
30060246
52655837
92939402
62412711
70284117
28612803
80552763
54769444
75158566
62801832
13047125
76858429
76758263
70466285
74150980
62507317
79282986
88465500
11961328
102421
55070475
1718548
23048616
1671418
65755117
42123097
93643627
27696428
51098266
18369353
6343288
86227576
8191784
65398079
61208961
92337570
70562243
39682037
32441831
92196102
39006295
74857483
26793563
60368308
87067515
1813572
16284115
8745722
87829635
19066917
30493001
77934895
25315339
14648806
9032701
10816304
61151572
890116
71997123
52713191
50332624
39637799
85623050
60592000
79628590
24315730
49174989
68723638
72863053
75655929
18366596
26501974
28764111
28896475
29621210
88074322
4830879
77670902
11948748
27654424
89950164
76256043
81755981
20128005
88035506
93027153
63918354
39070262
18526308
35133701
93238265
65956216
41012651
36684472
41747318
90860600
66026273
2984838
89447192
75364062
46798045
78573796
6132597
67932905
3404761
28899003
34568997
2464078
7157559
811322
61026865
11109909
77825404
58572233
72875304
29380320
71284223
94091727
28082046
50994197
58714781
29434442
8462372
45636026
71002402
11692730
94522969
20355609
78525626
78117983
50697010
57989017
14058069
52654112
42875503
68524849
55269320
56425349
63945720
22934598
88436611
7612284
10083750
85061479
7435849
85556731
47003820
9546392
55190191
90327087
8062940
31152042
75197682
75109460
18248736
28700210
34966909
32495656
3343790
55031562
45115742
60432374
82455862
89236442
37623772
29477589
84739456
35250562
48755397
88672492
41974863
65394463
80969238
48500831
43394308
82860532
11211123
27261540
19543933
46793774
2825635
6003007
58688388
40659573
87241129
84418203
14009792
4249123
57242330
30197568
53270106
82728272
63314653
2103231
79992440
473580
9997812
48444439
27802212
37897023
13266556
58265783
28142639
60734380
66925353
54494184
8857672
4065734
92465535
46306986
87414722
69468460
67837903
40823287
30218569
87227234
41752083
20955331
88805823
57556378
29524146
52899248
43634801
90807493
73452275
84812492
44545657
117038
34084064
45003004
51431159
94048013
20462290
62551830
56304929
56627564
81525159
57864815
66919322
81832087
94344983
22682612
27122037
77743093
11375154
4041778
21850158
62956147
18168495
44501569
83611190
52074472
17772974
78929850
65836075
7820803
15572340
40961905
20383930
77951303
53263213
4297541
66062156
11859528
22667267
37691358
25453108
10405112
78312297
12870717
49087210
73076564
30004000
64775756
29937235
38750127
35881320
412753
73075634
69171068
46073012
93420434
87287400
68939991
19754881
53402476
40248627
66405216
29679205
24198979
22458825
39065520
7791557
1555550
58747382
50426408
44715939
40551594
35417771
11736191
58161670
8622190
20420888
13297969
79608140
55614027
81214202
44225413
86219920
11533622
78477426
46651540
23807528
72751483
50181984
7721764
86883532
73169923
38384665
80425383
1859707
74431236
52617069
52986881
13355415
35998414
72120901
16373984
20599547
2156053
37804183
73969000
85276325
27804060
68992152
12467691
83253392
64117575
56819451
59329698
62409724
29252123
92603909
42903175
3223563
71174841
79681023
29899419
41480338
34433377
60485134
66141512
78613964
3504990
89442072
84556806
