92345023
82234967
27772376
51017701
5225909
45224067
83889505
38950055
16717845
342250
38360395
21486881
44070036
55759632
62938256
32463230
58092882
80282145
7236538
64733562
79258657
76593925
850214
76539051
31000748
89975508
45288632
1750391
77187889
42445461
84627288
75369591
41406948
49833946
5040059
42813753
82522215
55591399
87878048
47592792
63742885
50208632
45795158
11967533
60360511
92175296
92795215
24101400
72339160
8274064
10958407
52798821
53067040
28488277
78354076
47814139
40511417
13706069
59033010
61789409
82808766
31968553
88436720
572327
1215307
26506445
8534043
67945353
13014794
31406198
11483146
79166966
17037886
30586056
82617322
61990473
38431682
26485466
1227783
63873533
71236587
49345349
47164949
70506370
57002475
6421726
8425329
66914471
88952074
65067607
41911547
32559097
75047282
80744474
42647726
41463564
68554148
69372380
23942946
82785580
17707014
78933194
5215931
18592476
4545111
46846503
26302407
27763464
65028108
394245
69459635
42003231
6134870
48236499
59293714
48884255
45229670
4133630
58037657
65551902
65514602
86491645
85376208
92228757
5939643
32539708
46837068
56312046
12885634
46039708
2668338
1544246
1131165
86784424
32875839
34498477
71617941
92186939
86964159
91378087
91003053
25759083
26990409
4261415
62209132
84339330
90139051
69468348
23824578
8850094
76307029
39864190
75001996
20845221
57804832
92443512
21386789
29664540
70072274
858855
84126314
18800866
60847919
31798980
88558909
66418339
5992134
791782
40912006
18015108
67546805
14560550
25310897
25990319
3975814
36158303
76843063
68524393
48016208
62212702
16566426
49114304
85733100
45007118
30491232
92371891
58051257
71778322
22746778
42587219
69192002
88337831
62618602
85403446
68817708
79477116
30576626
6394922
8928747
85276296
21599230
85355865
55700450
85316789
40185220
80975071
21068213
68425196
65168775
20791202
16017891
53730436
70058023
67734121
45819012
8563106
77491045
36254059
79593650
37903924
15415487
69942392
65218894
68979538
37294298
92181622
60759414
26188181
39157949
59447782
37964376
92173739
88149073
75521066
57284097
46129772
28231540
22604920
52054161
36337173
19449593
39652666
70447015
43693199
9412536
72436212
68679265
22447914
25737740
18347114
60619379
81238127
11036329
71615709
40445333
81058370
26414146
43919095
64857717
58211867
62196870
47074349
89531222
11694300
60759212
57210186
60225820
40420180
21992923
46693175
54946239
33661935
59452218
4609277
55859568
8637811
50388358
11491998
92792207
5866387
23290835
72327089
16289383
21852254
59538222
29720566
58114215
13215741
21625518
67214586
92021212
71053865
19505697
5965978
77866833
41011404
36390664
46102697
41963751
86291658
34980567
47550495
91054268
42509233
34328433
25915130
50523176
41930442
80135809
73927449
14484945
53729484
20905007
63334773
7246301
59301547
46737763
40097482
45834508
62529086
51271770
22951956
77752304
68597425
28960913
48003827
17634339
76482141
7382747
91307878
37867495
28407080
66465610
44105642
82563614
8610361
62226432
5826335
46594128
51231743
37897571
35302512
25971447
63894666
52252503
69151259
1704101
21661310
790111
7859023
8604490
78304874
40074326
56595001
7840837
34724104
86965726
5073987
40427778
22101689
3754359
49399719
27614717
39515357
78715041
67607638
17146176
89911275
88597051
15303143
31109699
76741401
17219439
17615639
60995867
55020667
82519870
81115199
74155529
4858565
31453696
4184886
4190212
59738442
22833890
26490311
87363570
87735601
59872686
63941935
4473692
71838958
69673292
10300661
69180536
12827552
60611944
42407075
11981076
35375466
87643516
8658515
85756574
25009415
29137069
21986176
14560544
20578504
26113154
84726218
32397274
33303932
56527314
29645010
8326632
12378541
12479752
87309116
75379581
7388884
54183865
73683766
57536499
76170182
44323427
14015736
53104400
45069022
31266422
63780561
91097952
34368629
53677592
14458079
15733713
56984361
78157527
50777720
58408600
72396502
53583475
86369389
89311295
68488765
84483666
13809879
48120241
63675379
70767465
78398150
77824325
63093039
2177975
37968802
78799530
87623622
11146979
29182029
4549524
89339775
17615401
18109483
65556802
15836114
4603085
28614087
28039639
26385662
88686905
92040522
85532640
87868642
68512995
25566946
61625524
83593287
73023227
42767093
39899779
25719783
61504837
20807375
27885715
63453146
41143335
7972937
73333227
76225994
9715464
8683802
87178580
44283829
16608725
34899018
60666301
20816463
87351607
34681261
136324
32609772
3019157
66944854
57058628
10520508
29792920
3916373
59290516
78931069
50488362
13085732
91830497
3882158
32947565
90768500
45313196
12279238
30532726
40115485
54511345
79341598
78305167
8539523
69462134
76482139
11688413
6777500
54089488
90763916
65057349
71867755
26720902
22013589
11599454
28691890
70488365
47928503
15161369
15548319
48926549
67732277
15859537
75449551
77344742
13866641
56312883
44127843
6314784
284298
68918765
83575300
34949334
28983177
22187487
54660152
61964833
40737107
25421181
90713534
46513151
30413697
78636292
79684378
67309660
72043647
78300340
77899778
89871643
72246472
82417939
42925117
25145817
31245381
62781817
31664927
47315050
35866263
59386911
92607798
3442951
58775636
33446467
47857701
44622556
37341880
57174503
85536266
15422004
59099710
63705421
36537604
86148669
18526887
22534168
59220413
35652158
10326655
80970772
23886435
87716599
16692721
6002893
26540842
44267721
52059750
83674577
9486400
15160402
25093310
11194746
32993936
81887063
67608591
51758051
78387112
16873517
78468392
59512812
