75401666
37855259
5580083
12909037
7919379
79464172
17421396
33574697
61058228
79465203
24580758
72279604
57837096
13402594
66421789
33206735
72290763
85659337
52274855
79965168
79509735
33984796
84652125
38001868
3815687
30360532
26463804
27175075
3938169
83254199
86970332
42059633
20887812
88996779
26487440
13497048
65899985
77696858
52609131
44589423
73214314
60827392
24203412
24103641
38983899
53746744
55405964
54362131
80323418
74844909
49341692
12216342
62104813
7932241
30034951
86117783
86496869
76177538
47494543
26895830
24070745
59840460
2508607
15319205
40338342
4566544
63537535
85998247
77210528
8101532
42153402
50778862
46826285
20656215
19566671
35133777
56941294
67504622
32532840
62763559
70986050
91634959
58471173
78628487
2308976
48160518
72302428
92192655
32402695
92225333
63541575
33652299
85345233
34969926
19623227
62865947
75768844
12472969
88605014
40642655
71344375
27380376
78837539
62904888
8717033
41775559
33912976
79237742
71439345
66779589
27897235
33482820
25465041
40743768
24499403
52271984
46437999
27603015
77707761
37996435
48282139
92807033
60170100
64182087
25630824
71955648
67150952
15453853
37501381
90956787
42596480
55607522
45068187
45764574
49026834
90586763
75694354
77114803
47182600
52906343
52164379
54716404
77792906
38714143
16772103
25341301
14893365
65138473
16890557
69061844
6720566
41761071
2408817
57799991
92092000
9954945
47457023
17685259
7609075
42510610
1662641
92946922
353629
76532026
41653435
68748650
59064436
60900672
87477959
42490842
81555553
17722976
14407742
69909904
36361427
57107465
57672522
86756347
6250853
57325581
92479952
35345378
85827475
75851872
92917021
27835860
44142327
66122316
11959626
51962538
46754981
61785051
64033416
52396737
33341789
33802930
4949814
38955041
11627296
14224914
18660106
31433107
81381566
17064654
17064655
6711020
4309731
53952113
6794189
8300016
82317883
79472454
27883672
55027626
6607463
91890800
37852741
10725315
74365707
62517469
68791871
24677232
29174083
11308885
30185673
72244106
89616543
64119598
9250941
45615727
14947567
90792455
1161445
57590203
37662070
723304
12360565
81907921
14705315
19207946
1676296
80307701
72011000
62043931
28290855
48201199
52971754
5757284
58458115
28533776
87650340
63490272
72445082
75133421
79076579
90882692
79804787
62733805
64760381
43268187
12572754
40946378
31751236
70480096
39816027
2504836
61926163
70478750
5749361
1456201
66527653
27904493
63949750
91498159
67730158
88956064
74805357
22429759
36436837
41773078
86676717
92098617
26662399
11733562
51306803
29292482
45420351
24265424
82117844
18581955
90925420
29277333
78289794
34056143
45733125
86696512
28288150
37789711
57524073
49697100
62188609
8184804
5892950
84438560
70257324
14174754
78003683
10030211
82905952
30177349
52681018
12815907
73539078
18679475
86843570
49021901
91326884
2244567
70208149
17027844
43589629
11134120
81914599
1212310
72247853
8862268
55841820
89434382
52218023
56038353
26677843
38071666
52671575
75901252
510639
13427261
89304994
31310719
74571422
21957140
17014026
70345478
44515723
90849090
48275458
43741821
38747251
5469804
80349506
70021659
39089717
26283471
50808207
53763299
71093477
76026749
56181242
60357977
15607640
19541230
75706206
54278024
75251612
60281026
19387502
72728044
30894935
84903257
15332987
62424545
24676189
5726863
60673995
66366805
90027728
49292791
28229976
72631627
1241049
59655177
37511888
30588772
55430895
2852061
33520188
29141496
51113442
16219241
13742555
15276550
48320600
21497109
51121435
65503682
36898986
56698402
71718693
39812797
5970513
91494258
37953075
73530776
81264765
24554556
8940241
3493793
41416268
61953598
9608213
55852433
19471294
65860948
59459137
60773836
86854810
34263910
63643249
66054618
85835928
48794172
44011255
72716327
739019
21234431
51581726
1755677
10461535
66758365
79174259
44222190
31805809
77403445
7866367
32896996
13339289
92670119
68099650
47167783
11322547
9083127
87452497
64878305
87619100
86256243
26917257
28610266
73192896
48260055
8340739
32028992
4158588
36059414
27796106
72773
62322503
78213578
24447784
78853165
23487429
83931051
30451367
62447084
46442060
