78012093
74211558
20113018
19148456
6989247
163989
61226000
34999103
90747562
80690062
22403519
77234692
44642399
58350086
76152645
33181533
27960040
31506155
73946478
21934589
52969844
41686705
71586221
78173265
48542327
38675871
46726509
20774972
89598922
28049801
29365039
30416677
78164150
62403369
31179548
16373507
30362078
16260153
72358898
1557937
33171663
46167846
62491161
24238750
41078472
65847326
2319557
2293956
15593308
28232431
8809999
60690376
60566695
60357976
91619583
21438796
61521626
90122392
36557065
93152252
61914478
78382623
36322725
80929497
14886701
87720583
28238559
88395443
94352210
49614749
36653678
47253697
84145140
37328724
8260349
78656058
7399826
12482196
71257461
86858101
17885731
58191149
73143697
11078768
78287267
93073662
33253164
12017995
57294261
46757434
5312107
49389534
16679060
27104499
43739561
76094314
50377067
90291554
5663741
76113651
48400279
39216776
6941747
37921115
66630492
62455065
70787819
52417971
58424547
18000320
76651988
31954606
46215714
39612422
4304853
53532192
81760743
6858250
85630805
31056743
743151
74410248
20378481
