9574508
43392797
2903261
56270339
18921581
45181969
67340225
82739311
22564522
87866309
59997678
10098494
37893347
67481312
51824365
79340963
67282605
21725633
28715110
70756601
59803349
47802745
42868605
59298327
10626711
55625011
64358036
74541515
12303469
72440012
78898939
44642258
76463298
79593113
93934668
77263962
78587367
60049944
59908477
65803371
79220195
52339802
38246815
30373240
58872197
49232015
66130548
19744729
33487307
36246416
15990545
40210371
15790181
77574576
18086717
15678143
11224322
72266022
76484924
79276169
78488093
24822829
89695268
91367997
75661653
43249034
62826657
69013702
45023220
56496404
19225993
58838641
33449898
28395459
72531249
31355653
92601821
33736538
34341793
15862219
62671276
72678934
27379751
16024903
42533131
72636275
48040268
28742499
79497039
12174500
62698525
21651844
22149376
73641156
69520809
36274974
27993705
83246400
23165657
68202299
94537376
85331388
82220189
88982451
19780995
19286469
71887047
38202470
78232019
78645733
72009904
51052664
5671127
5671133
39625804
58915900
22686179
66390746
8217823
3394369
44975912
3785955
84527733
10905136
24840661
63636229
58354143
50659655
84176678
30141312
31594341
47236780
71545728
7491360
10176808
77487108
52891115
4426156
57333415
26537319
93122164
66703647
56191590
46085308
74343064
2701224
447069
1805489
80559542
16875623
46156318
19888072
85921006
13583297
62346546
34981343
11943901
9433119
55522275
86778926
12733136
93498716
57675853
87078009
42655697
88463569
12004672
45098758
55910258
37479734
39162032
15923598
83768503
64762740
70276504
81634883
68864377
55465611
54750000
25892409
9406518
54598001
57356452
86479886
36476741
74274088
44174687
5711012
22696332
43314688
89244136
20272389
21651839
75891650
73354545
80340185
36719999
41510445
64370153
65259649
59261235
26650255
76955553
5318495
61106984
19699024
17332403
18789962
85482059
59654841
8161319
46130791
37347012
46866352
30165256
36753567
92482372
44660859
579010
14883904
46048821
70054490
42481529
82419660
52610866
35149272
68288064
57087850
18768739
83167634
50332443
89176281
93264607
66280340
46239732
86473518
89270710
60158387
84518921
87955292
61126828
7992771
1094121
91293204
41468124
70749681
3685405
72094933
92158614
72769227
44251543
28073658
81923927
37414010
14337163
94262544
42267597
2444782
52664084
25871758
28056809
64207738
72509358
23979011
35513882
58184873
75568856
36638795
3495706
39165171
84763149
52443324
92174238
56366286
43783850
52884417
55387862
36951162
31792803
2176464
92991753
51867627
17595822
31266541
61795864
3548702
28312130
55927168
30227285
25154226
5111255
70754596
71826925
3436887
72348049
17378015
55876622
58878030
85623667
35595741
40443775
93376317
90785846
66269741
69005942
60537113
17146126
32686353
84694741
56799819
5823777
73641326
26125796
70485366
93161604
70700570
94028253
83172484
93228374
60753270
78986927
11661304
25112198
36971452
53467045
87484501
86040066
90982106
22132236
3923427
3704741
93990700
85141295
4532523
65605654
30833442
26431588
81404200
44525331
78037962
39412998
54833642
90729968
7942068
36936675
79329833
62768011
17211236
20185218
34623244
74823673
74082386
76556928
2582570
46412002
43221677
61744932
18439051
80486526
11140199
23619444
57554154
29380214
26440357
10944508
36065104
34323560
66904304
55062940
51708828
61146523
34641564
33988099
76864542
21763453
40678347
24048647
83100860
29798454
64633890
18187207
33385575
66828985
2191765
73199024
28794391
8615293
92663708
89168075
15764041
78773056
75031268
55046247
80342074
6996673
89662411
55116406
53879486
16298057
38400861
33982362
16699007
40590154
24907402
14288402
63861049
51900580
53685734
81797667
66359921
63791311
54712707
26855833
30624754
17844101
3011745
46337459
53175824
42059500
10271604
8207755
29713875
27380069
72973363
24514481
14464045
60922834
83159475
8331874
10687441
56929675
21199347
29639012
70627617
29269532
31657965
38428170
67946610
51985586
12356279
87055334
84582239
86694758
67067766
10699876
27088804
17194861
61397632
29332411
60313368
42728047
80527863
14406891
86874464
20965875
35609630
14088337
60652593
78386468
86123981
39009055
27202278
26306712
17319818
15927775
92333624
84672699
19718643
30369897
53467888
10347110
86908556
80986309
78560027
73673980
72003268
32158286
75557527
42201431
94550435
37117312
13991520
80315821
7828909
21518270
51989130
91431825
12313712
63196277
60421602
55506206
91295527
74352197
29916950
47482581
17223807
75803316
75663605
64658664
68796175
25757782
13711464
88240442
66796440
77047843
40332314
39071725
54020219
12691440
43443757
51960441
80775059
66207225
23052395
81878781
85571646
73472683
77060232
66292589
37109105
87699947
70819075
60276979
28932913
92413834
32434821
24627445
53949218
23610977
35751222
75439874
53604790
20760599
92817462
26994029
29167371
41172162
68837862
41428591
67030152
47253986
3955278
8081622
23015572
55034721
6099745
81535705
39177430
17711123
75676894
75758640
66520699
49624734
61937532
25315200
26836051
51162642
15228079
76247050
44174408
19097474
21799209
60000313
15904539
69971091
67406116
18943894
54214531
23426372
93578434
90310966
21998408
23075053
70192554
75568640
924587
26354925
69769490
70418403
71470212
42191573
37631852
57646957
64865822
38110532
13202526
94324851
1243126
81352696
69508695
6458187
1768985
9815518
68210935
67908711
70359111
28423173
30872859
83697165
44933778
39009061
2604520
48569289
31772126
56562679
76502072
83345031
65348381
68867948
19077090
38592625
29948189
36751395
16564808
80598431
41606471
78771761
75074420
65487443
17829326
66725702
32919722
17825929
83155041
87325025
34641560
7624653
89602462
28504777
7097243
92785508
22898449
52370434
22862586
70758124
46820178
62313516
29942260
3900231
36794677
37176278
48344141
45235991
51677929
25430365
50643178
31211547
1343643
23986673
68134198
17103605
65815440
32198175
73766356
69083591
3535102
23859441
48203132
53981017
65988191
7866989
93612283
31682158
41990599
88990684
63311622
59486223
47104245
49815563
60503496
55946055
89592851
37698773
48546826
38543960
34618611
40414596
5998081
30599635
61078494
56286699
80853839
92353294
72851242
41451242
85442158
9736880
69960486
41598209
79416645
73937391
1309766
31899449
17049463
46850600
11472835
80475616
10343035
10020025
87270244
48180455
84921092
55061347
14834449
93576707
65047253
4721455
42809425
53630485
53387876
59595431
52915327
70752162
26043216
48846922
77018239
60870507
68724621
33625953
76354921
40326117
33464038
84130725
67561333
45209358
81186361
18924371
4322988
63546755
71259797
44926873
55346017
88875239
71369065
85966356
4706223
41123153
25873494
75068780
69910829
25576452
91041013
47234828
43965699
30908393
47115698
41146887
67759222
93419977
20219523
594321
85125022
78131239
60433233
12509019
66262538
76297805
49335823
49558403
13941924
78212725
54742737
20204282
67120980
26576897
86844774
85913022
16740946
13467642
51086869
47319111
30437982
14074302
73617624
89434577
78534006
543652
47622418
58848171
28015311
33806766
19961092
53113205
71281939
4000593
35588692
6666723
73546376
61383665
2112299
86255000
11588081
89737450
60401243
47014202
78576145
39813042
14987661
75620440
57223842
16061261
33704094
71945921
70150798
29144511
5618376
75439756
15426231
41225818
90349274
71164720
11911056
70468981
20752993
16597
22618263
61340686
32743972
51507597
4543709
30953529
29952732
66882545
32647129
34226104
5265254
43677831
82897402
45529556
51288062
16906770
25245340
505960
9570029
21563816
1711889
75526219
9475546
86800104
31675313
53573523
38241633
56959059
63078443
76819732
3427689
85868672
731340
85637486
94039147
30451273
48394148
94016813
61974116
37205037
58761923
85922050
28166709
55029263
86234273
35402508
90904252
82907463
92524471
51368020
21029480
6392939
67273151
24267599
90329299
25699904
33135252
19085954
71649067
6933738
44508538
39073122
38924584
34149818
31410921
26905382
44108760
16396977
9639551
13230293
11867985
