61599673
28803964
11069181
64203316
3224226
18942246
25358883
7928553
51341116
18623373
65304319
56322111
8805717
7152299
88319445
80731798
64771173
21803288
54526629
35562202
92542922
43604510
19749624
6351313
7502483
28121138
90029179
1343665
69209412
80229024
2476316
7063760
9401295
70813621
25135851
16776849
35758127
52100553
29647787
77746830
91075194
3260181
26298363
79202612
71417560
61216151
69326301
34600316
92896260
80193558
13538043
48005188
47353091
41935738
35697238
86410647
32128740
21589408
52363671
62584666
35186589
65971045
92534413
8250154
20461835
69904210
27970803
38171569
92282398
16964419
43557610
32997592
30668789
54246133
28451776
5838741
17705248
12663460
2973966
3561792
8152074
27762050
74530282
28768025
38771343
76445683
55002844
70143672
47931636
66061711
91546748
59948648
5705415
74963331
70722448
74389825
5400116
76997267
34658024
90948798
4399789
25935168
23401812
17978146
27458497
82376516
55650335
21386943
63490722
14785169
64240299
19780438
83457378
80703891
68980613
23333387
77432795
36096295
47622245
32123861
54939837
43907931
79633957
81804547
82742904
81954342
39039326
31994614
84624739
34739384
14337956
19791130
39287418
83770529
72881244
5893480
47595825
90711309
64055498
31141998
12806245
33473355
83610132
25476583
86311420
53987854
40735215
42481989
57426663
11172465
