52596487
34631900
46455928
86243314
81194493
13344386
32849767
92300583
41268554
25080148
46205335
61136410
86080779
91543818
86788804
24553532
51377791
26397861
7922925
91236375
24629648
70067432
31534375
31655520
47978855
52739143
92287004
78420199
76119797
54091649
36180324
41039369
31460048
35320184
92054434
61998179
54519852
6721907
80201757
47927997
47852339
33514998
75172063
11742419
18656811
26724497
77875498
6717683
21568927
7826574
1078991
13718347
89066064
12674284
19001316
56126559
34000187
80245600
21420733
92533804
5689609
25972503
24749448
10390178
23848802
83763417
79926855
20083579
75778067
14511749
5286914
78477456
87578717
45195934
64442757
66907827
54006505
20749627
13079014
33692662
16252306
33496797
53061677
26009621
14719460
25870306
3434399
68512070
7522226
67182614
13487650
46642493
73837811
28867790
83753999
41308978
38511724
81858664
70703414
65774151
3581274
6377691
40164285
74201736
33168178
86040033
75220183
53765984
92442703
58198726
83993328
58325099
67113057
79068990
24993604
68376211
4036861
84344545
57047348
73334395
62578681
61831149
50811787
26300673
55979641
17884635
6856920
4298039
25981353
15153268
9456032
52501430
44236123
47665843
54589222
4302400
209705
80462015
17922386
30625345
29445247
46274697
85107414
60393338
87180658
10460517
82282362
4795096
53069449
49766880
29253376
87170864
83425026
49674926
14219746
88697604
90468438
60414768
69233534
15847460
67788867
4016743
66202979
3809113
74906985
35332002
76648048
6791683
64495783
