91629312
43745871
22878137
19318555
93132701
793234
80927801
89117147
7076162
45477354
85898526
37824374
32505947
57560259
29485308
56637712
52619502
49852904
57886250
76653869
10851357
88803252
82378555
67169516
92095698
71066498
28939581
51881390
32206405
72677364
61871242
81220269
81534751
8143452
58884121
13777642
34448510
16775671
37149661
24485412
40636955
66313200
57627072
87821726
72284530
56802847
82290689
94258398
14104980
57328690
50312655
27639289
76057472
8656643
41279163
26851817
14855428
36265359
77778872
44887462
4662451
17026459
36981787
41785815
65640023
52902890
66655829
50604317
50103798
43641694
26680654
13328836
91068673
19934250
25350165
79595373
38636291
91406085
439261
49489375
67419749
91621542
25755001
35675597
86288457
63556488
76719244
70478677
74856977
69946473
22644861
12077220
93687618
79683863
83035176
65909136
7224212
72771031
24440780
66106072
2765010
57192988
25252018
25433714
37298354
85539918
54874169
90072844
6405203
29384772
82689045
34973817
42715752
90506530
18441336
63247827
74184600
56056260
1318755
24855800
64433041
23508154
58332943
62414917
67363459
17778624
58814612
36613614
79039980
27204331
60412372
85965144
60958138
571528
68157715
57278313
37840936
14108026
50916194
91628659
20069536
39408568
19377977
83180885
51167526
81659092
65604511
70309741
9900215
36172304
8326779
23823895
80844983
36728665
66974980
49913921
77128921
64453720
74593859
292731
58284110
57514652
40789774
7695722
21166625
21499504
57508617
8796132
86409037
74740274
75917726
53744235
42855734
62531858
18934982
27905361
11618373
5735274
51779556
82340658
12657527
75321251
25589263
14805346
17837155
57702515
41392434
85850615
44971564
58653888
66410018
62851696
40448458
25836182
49905683
70291414
55163362
44101986
76094336
70667797
918834
89706168
36791538
82530440
35783490
31091781
30037630
87384783
63391337
865203
17575760
93540335
19848138
92715040
20239848
68772636
63560676
31654601
53086368
48634014
77480095
88507752
53160987
93359635
94109963
30031748
1451225
6572550
24182109
20552744
58178685
66061909
52672209
9803382
90263377
36078949
73216445
52825473
41788408
8137998
28927830
26368987
53005345
479016
56605657
48805684
28826186
21842571
9206089
73282547
31333011
25858266
53329899
6626764
45404935
69824408
217767
75396899
81184796
84238847
85747320
35008120
22840275
89535221
49576482
11285569
26599048
27463641
76508640
63898553
13367398
47751139
76123300
32699008
29375693
63123788
18413162
33939974
18003190
61581952
17820714
59898001
50062693
14990673
2758996
77157835
86246759
26626175
13929794
51767808
39613229
29592082
77214465
79205764
89046933
80960700
26971509
20735168
36220509
