37201799
37621393
89842116
21946728
22350101
65962838
13763996
79331249
44302559
90085424
48316037
24045349
92554206
45834365
62413407
52623828
10059022
65257608
50561979
50024852
39222833
35835385
62485520
79471526
57656331
65363859
15855056
84219468
54061324
54461477
33477878
57460313
76856711
85017294
30030856
77872623
64447253
15799067
72681176
29072972
31599433
83668770
60274119
17211585
25441271
27620950
15019172
83581563
8481076
45590110
39603128
17746537
26851062
29403568
8642939
49290713
66735031
69421451
28024916
71469851
85414615
8394067
1209552
11217257
9187097
62946955
23037604
64906755
67755825
19449594
82051368
8512445
2009496
27106024
1883654
15637525
80097744
43172832
4199794
60607428
78457759
31525550
2888204
19123519
64585025
52899477
84938369
62339026
17962010
7321262
37791782
20970784
25792718
72340291
50708772
75103582
89522628
77731068
49354046
32856525
53107392
61935032
8991710
78747511
195526
50052235
34152215
90532768
74719248
35373086
10821731
8289962
68844882
6980341
5703416
7857708
44856795
34959839
90282148
41561213
48075356
77423952
33244622
38429447
12543193
32422308
27569977
73355242
49453954
28151965
46358853
69944024
51975933
4702199
24020766
79150807
48582439
38634909
67219367
58089522
31925854
34994884
75955133
73127303
59777942
31633272
91555162
74209729
9779870
50722277
74642243
54862297
24801177
27189646
11326472
53375640
43982978
10175132
72707352
84149946
69320171
59787117
62389095
85149785
50970249
83790835
16153743
32253124
2135513
43473671
68754421
48502238
49711763
80113205
50590333
6609144
808271
15743727
29536820
92072010
10028900
10872270
1580821
75933499
83676808
26232666
26728969
11790312
58122330
49080709
45535515
85812706
35160100
91337502
720325
84618893
20096484
