53455163
90099328
44258874
56253962
28730249
56536589
5392642
23643233
82832818
87297627
44364156
46689916
24702380
76628646
89686386
39680793
87357066
22841728
19608766
21429007
64214744
38622024
13730674
78733490
1530089
24548654
75347391
6939030
65530198
40796331
4275392
73377899
71413659
887693
60071263
77257531
68631579
8845022
26450062
40700914
59216095
35999858
88884160
89686382
24013758
29999015
72855250
68663691
9064039
23695181
33957709
93740677
8503947
5187420
85194820
61455828
92010780
49456859
90216476
55169018
85456348
74906675
31340150
59390158
5903774
76353425
73798422
91036668
32866412
54296928
38013706
90612590
26292632
75344880
47245982
93853938
34926140
65733287
43383357
57292340
47214331
24880065
14018136
63309960
45467703
91934321
86993450
6845777
55432718
29251845
89997529
88381870
36829807
53242279
40056149
39992873
60061063
22122361
25808977
67956474
90364728
58249404
87594834
48791488
72630416
88021882
57190919
32120315
16897669
71231048
72440062
8550074
92060206
19253088
85395721
30135278
68284672
27843912
12924662
8744325
16617186
78443065
92771559
64700026
90601099
52364141
74476050
51373465
78001899
13371202
49255689
18486916
22171509
24659291
40832019
47721580
8622301
80788093
52052293
41505564
47527179
71538839
77381062
91910880
17843319
74246416
32832005
79046451
20504226
34449206
64261943
7062472
51405002
16780162
49246978
10420296
70437521
6309046
85433042
74920718
11255808
57544247
90592580
38191646
94330444
3979682
25259467
13469643
65160928
83207575
66461080
69274801
29998793
82592042
16477626
2837548
1967120
63613087
70626361
27243245
4125894
65221931
79072281
9437119
27448250
11331473
31046450
60942410
41678272
22260354
84849996
78532936
44203841
3013826
55303297
23275206
4066021
81921533
9076781
82441764
50349286
57919871
21388239
88055375
83040853
92557320
88620034
9650027
2538768
88996732
86168240
42177381
15927043
45517276
815350
53821606
56109530
44397350
32994384
15810388
46039100
78731290
12272449
82766388
36203022
13103378
10537770
73257183
14327027
46337726
83300111
58599139
76446780
61603996
13273340
11985972
57973751
74289760
6871962
37080599
47252398
90114248
90409859
54614035
75620998
44191278
59235080
67480960
15867281
17576180
17378434
33102139
68203280
66603535
79102988
92024499
83066769
27529931
87606779
57685083
90297972
70416643
72224121
60746704
18227716
87385877
87179191
38638347
19305502
8671805
76607497
72430952
24304913
26943021
87008785
35466484
25555373
40654604
18852901
85896024
54953168
61896454
76299955
56428930
23497351
31287648
4305554
1838284
71661004
8681628
80441098
54170437
52517969
38640314
23462633
62210778
55049600
76057486
32114517
33404918
92260808
60086635
66443210
29320684
87610887
32739352
35532447
36334044
66648207
7359237
90914547
4117842
52430023
18356365
1449503
81530807
89443327
19100194
91063799
73705506
87492116
49907212
4998031
67363095
45380241
94092539
21458298
54669898
9941569
25605153
32928024
50701653
88178946
2201999
30003361
40481792
4634963
4567709
72429245
89871250
60977412
52330387
1456668
71129512
64248998
53128444
1883230
61547517
7965203
72547527
34510054
34183674
13030623
21381469
76306609
92706739
42249893
76707758
20504631
48606028
49167521
59086038
11894628
58949365
60246524
44239507
78554044
24575757
91034526
18616283
81796260
89798674
47694122
92272645
6741328
3290716
57562208
2288559
21796837
64205128
45741913
15536125
63416045
10345935
48063585
12526404
55090917
27498693
46773839
44688419
38899006
94412375
41783892
8201966
78306793
39630651
43601626
40722682
18785407
48732634
62170022
78563654
57605101
15072067
83924864
3509294
56338340
2723509
72131147
69758590
20470457
53357228
29732644
9743376
20173337
70866529
87834060
40327985
14332224
16716088
42724208
41909749
27749681
67279925
79815988
7924188
86606637
17781142
54577800
77764212
530794
58478639
65925457
79307359
46027889
75802119
10026441
63155323
68122346
82720668
54425639
82023563
12033744
18951930
21201346
78527411
30068911
62743598
22451586
2434641
26155869
92527510
63416572
80206418
7966392
86232445
86093636
49189605
31962875
19726277
17515588
59585974
59676243
93146744
26997200
88666166
73481860
23840442
32460792
34218780
86479608
35369985
20710588
61971160
18268330
89923777
73497396
13778346
72362918
60187937
11469401
11469402
22628713
74875119
72445631
40576283
87607685
55106600
21170120
12014303
54606983
7898660
55413868
61742680
65931050
8270803
19325967
64805574
83693058
64618909
4929433
33205302
33244291
23963730
57035050
91424420
75268036
68765811
11997685
9453826
42619680
47125160
29031068
26558814
51298885
34882540
59959686
70675895
1947843
10012254
68019304
69359876
32489877
73959292
57477638
46966349
69500276
53194663
5009712
15668759
36353405
54812664
76348691
68402370
35778064
92003812
45402822
27506704
83229942
38578991
57894934
53671775
73377663
27975091
73637613
61370736
75576675
83946487
13023679
90438093
91612827
69599507
23320070
45410998
37485708
60697184
45986812
38736848
33512091
34931271
89244422
27784292
79354922
84673426
8496382
48838807
26931596
89181093
21139712
23423117
12113108
89057206
72791569
92917977
74063735
15005678
10003080
22540421
6098986
21298832
73806896
23283348
81791273
3765110
49693823
49693824
71377129
1093675
50799996
34561365
93122615
10581822
23021636
36931802
63297175
28750800
43645525
67401506
59989967
59419816
33031011
91049321
86695630
26625
43242166
74135542
7133636
66985284
63940037
45005847
48236285
73458076
40652538
92900456
11681037
23396873
76152852
17343500
28797902
60483334
73034587
83991769
31906164
23657485
15665265
20474636
41908076
4954488
94558051
43747638
24136295
55851821
42422588
88508558
7326751
48037858
68533090
81342229
86377895
49966763
26663235
72435846
51880426
91354760
46188089
26172262
16422221
93948634
43480685
85643435
79995051
1993229
15065862
27956931
82458176
33540491
7749755
39890695
80374092
88541166
93631109
85126022
17753754
57202599
54352428
20319262
71048816
49635531
35099716
74783901
19207504
48490910
63539442
57174876
71061631
1132841
30138221
64641615
54533947
5939186
65654134
3073985
28773175
84670090
84670091
29507459
58910599
51737244
43274249
53691181
46613114
59893304
48979672
24076950
4849637
45096347
77467080
83183322
58510845
17915061
92904948
12528534
58249431
43952092
43952097
31314469
42299803
47611511
29141788
65850993
15699582
58312422
69710482
