38930463
72527258
87133171
4498052
12217813
147959
78574978
13487093
20237476
24567256
85447674
35359986
89512980
64486719
11857764
50555468
70252631
85833611
18916626
8994073
15061369
90904182
45205748
86774906
16256958
79222170
76555633
7553090
57545692
46570886
73650759
18542240
61334152
3473953
92530730
53935896
5364346
41084077
54516939
17731310
77175022
10637562
15346465
45748942
66283511
51515697
83934478
10239459
46503808
48500205
17838237
41318245
90815094
18288663
93162308
53847537
21814454
45284626
75344649
239956
27382082
75699849
74363084
84641881
4571598
41722666
23796886
86727164
76244904
84934170
45538941
58770891
88848153
41982430
22316419
56761343
43762063
6647952
524704
38483608
22732571
49787458
10411132
12970510
84255265
31992815
2550434
48496271
32103988
83161178
52596529
23668814
574735
80229687
79104315
21115692
3433805
92280180
28527980
17169003
33937254
59791000
42722993
78323908
55327869
28496508
40969752
2053884
6065309
54926167
35896668
41177146
49204051
77057493
87864310
56432331
1166793
74550765
49747070
89452409
2818387
86362998
89373743
42817758
8998341
28702039
36313259
70689389
44402087
6367036
2976283
67026180
43248509
