15248225
48045419
61800571
10128246
79921447
3189264
81422820
74626198
43145616
52796479
49744188
72294545
29617388
24161003
52778447
48905437
28719391
23642546
25744466
1627983
6213545
41032116
75387334
45169367
9151843
67512132
55304639
70332179
23100325
1168251
2783585
59397718
31909274
71867415
54616165
54450289
32452290
59621020
32674189
30740939
28005200
42664588
30246455
86047844
81245503
4514621
11785290
17967762
10729226
20414796
16798575
52574093
37366318
88129417
3240528
93044972
51116042
27874544
56456430
34481735
43503598
75221966
2007502
24725642
57674666
53824316
7165840
5117899
65980086
33750477
67009823
78928492
21244506
85363837
15036670
67945911
82975850
53794734
88308280
29744316
52551838
94018870
1295226
4482017
73432954
84059833
87108062
46115267
64304879
784322
13248491
73619157
88854933
5936805
22887355
49858962
83646759
94161331
27426891
64596680
37335756
18277981
9470300
15723738
4315349
70561492
37658052
83577356
24886353
39281038
31559526
43962212
68053399
3456087
28811185
87909693
56217037
75084454
79000964
75774229
6720855
76509925
15524903
37542004
44491443
27836737
81127396
39228348
64174559
58834575
18972572
47405586
45596122
38247977
35241719
2043331
26355640
11631141
29502713
58384738
29466896
28950938
82887530
84656753
76717564
42034805
42722552
43613926
86147284
77305154
21933429
26442448
63014228
60507295
30220634
79814457
10185525
69387692
52796810
32138165
27034931
21166394
13774016
16317213
2331141
58476772
16242683
19785803
64309850
58749195
92343225
53279936
19019193
83770819
80144094
17752812
76633902
77577066
68055471
7888514
8885779
74091811
11632160
49507700
59357857
51815975
75001725
55831267
52519817
68084776
77017700
32505112
68458513
64298089
974746
39266289
84781640
50296126
15287634
25253533
57720522
49510045
40282471
65475394
63313030
40161098
43286092
78314421
69619175
21852615
69086344
6703511
48649214
9427985
53044857
50634319
57591971
32408758
32408759
72114750
15629474
64432616
35999211
84406020
30968376
39221905
33219960
92482334
50179356
23928196
26206246
91703932
72004323
73245067
90660683
33102660
18608131
18169092
4509277
93786480
2884862
91925164
83630262
19551591
25476382
79909939
60933126
83872905
58549376
78806538
2200421
73740197
11919792
38927208
12547309
68833203
81859164
3637846
60826665
66221242
50370762
31853514
47240986
11539475
89940603
5174982
21469090
5701824
44493333
47239387
2614924
28695765
89378394
18517257
65529270
82640950
40523632
16555409
57007342
7874252
73268155
9049543
12071834
48513780
80644138
89876615
48469912
721718
37376841
21298062
57028982
38434762
65333962
23387120
501123
19334362
90431828
24553255
79498905
34609877
42669402
41172259
88885313
3783868
80440412
28967279
20350186
37998582
65423658
65586427
11487601
20615110
34154786
31716164
87058074
33596511
7451599
4088523
37181831
54929877
92518411
51435029
54330472
89943761
17154867
369410
18842704
80809740
35257064
16395296
55812594
80273399
61377061
75617002
6247060
90372803
5012685
5419022
17913897
28745266
54831933
86792624
62079429
7630316
30593453
46079045
79682840
86560187
31472365
34622310
60883898
25523769
65410539
15988772
55175143
71000140
8194049
64913371
60255946
