25730641
37747386
72278596
82232326
65944483
55620804
56314621
88981756
35826824
65700468
16379472
81883111
20442830
41160606
3030767
52005433
24482995
86858442
92072684
78717611
68048430
77807038
21691679
14234895
57354888
81983429
64115227
78780709
54575640
56227156
41527097
87213902
79515744
83591406
18533028
69964393
58160992
10003821
47283574
86126858
59252445
3492628
21418770
35835235
2638168
51173979
28388914
62124938
70387570
17678042
17621645
5537756
52097822
34978513
56606215
41222646
76991042
72890956
59639342
58680971
8602415
83970282
20672929
59865926
18334802
51168071
84360572
11726093
32407045
29214006
14902799
26937069
90510050
23893548
31421265
58349675
67047085
40735264
17101187
85975306
50896439
89003907
61979016
80965971
12464281
82268445
59419430
64844013
2260030
29098247
69029868
77550491
46743945
68195711
73727607
14392946
31626685
85638791
7274962
2139064
52329949
53647742
64876937
57663245
1092173
17742715
45357436
55812182
79117549
76703714
37495116
27041284
41400631
23436266
63600991
59919789
21937392
59783828
85278700
71756447
7096736
19800704
3657625
46524620
25316748
73629103
33809093
80686373
30048365
