37186657
68117345
4582684
55659894
40550508
84756407
81273524
41361322
63157667
50086656
8664578
57891308
26210206
37872063
47364517
49317150
17545355
51526478
62597744
31102555
34447711
28700832
15961731
20921782
2793831
91101466
1396372
77388245
52628315
80857982
91663507
54508990
66841820
59254570
74454303
71725377
40167218
26321517
92982217
46009047
81319076
74179718
55309641
81034082
23576162
48980561
25064260
45655976
75735170
74319672
62782540
34436173
45066807
92952834
10807088
30571006
80915382
39709920
6412361
20176227
32974463
39587517
57887050
77566131
72472915
37516068
63687857
89604329
82158385
13732523
15848376
94018195
78398021
21634796
7279320
24537535
21451350
18263182
38241285
67209248
3736658
88843846
72772060
41163802
6249425
2180559
67591001
55048217
75376483
44827488
8812337
10185470
