74057923
85269948
22816737
20746014
4971378
83571180
42389586
70478764
61404303
24940206
26547744
21824116
37331819
64283513
35299002
78647634
13507205
55302773
16474679
47741899
7908157
91118048
69878049
69445706
42936338
13407275
66622960
13023309
68744723
66312408
72570405
48212853
14342573
72039368
40431030
21085228
13373866
90258465
74579221
1855196
28628413
2368352
20307495
70586295
41510079
60114515
47119316
73569719
24821915
24873631
55491739
46522693
8008242
43719082
9055688
84046437
13891673
77327423
12906997
43668333
89671215
14791672
48513074
17943174
9563743
4724051
3977242
749528
35315956
6357807
52279868
13967725
53398531
73324381
1644356
73114983
63614519
75753017
72377089
52630726
68748045
39010772
54054377
6340877
4927157
25815481
80685801
75153003
44179706
52578315
27837893
16435569
29088983
81576013
89695361
67066627
18761137
46779196
20972533
87580815
41654420
59950679
78473592
72831953
76306737
85590760
51029989
11435242
44431737
51344056
67326741
24417388
78102965
74123223
72000315
52790366
68512614
50169259
