14525587
25949825
37197365
554854
20163594
51615008
44567921
31774678
25663330
54506920
66891151
37726567
57863967
42051359
63574078
26147283
92786085
42215493
41322274
18699633
78375886
8795569
72078673
4399063
5189122
51512825
65852657
65368776
63557651
1568516
91617020
89784903
62790038
50935395
65841599
65841603
74774622
37945856
27411085
21486593
18234076
26209777
23580183
38936138
62174847
44609818
70429298
52124852
9568677
59094719
21616029
62226728
68797325
77290702
38780770
7203121
59844466
10159100
70300384
40372880
26688768
54751052
53552218
86454958
43216027
8052256
4163241
28645278
68196710
13184650
27462592
92732240
75142676
68267998
86901127
44489951
59192746
60037639
58948900
3294190
12398185
60387127
1558934
82822764
69782297
31629994
17318738
30513058
56293167
43040159
50971370
17871935
39877769
69060279
50557858
43381369
18056061
22761580
70980030
61412163
61312916
79962608
21717778
14096874
30621185
81374362
35960819
86287652
90729451
22917664
76917786
37661818
63592973
32403575
13332042
53495782
80086383
53826442
6614242
21401667
24040582
93553896
93013033
12166245
84011421
76998338
