47756232
40411642
87157894
92644158
9033604
12216026
36736954
88650567
74985163
65642710
43386723
25257043
18408842
33923625
57196066
56967874
75501884
82332541
60105702
90793822
15031735
61743188
83568023
79178482
50399017
88318831
28449633
78309011
35355536
10035521
8261965
79732121
80705725
27589158
15624736
50355252
7101671
4783146
74881178
13846974
78670030
4708138
63788026
74672405
90802783
14354817
4038654
61196452
16375937
8659359
23856714
51603004
46092469
9463097
42272242
77787556
54670764
8196574
67608285
18046104
27424493
44710875
77043247
29500273
91422427
44700201
49356662
34840300
64776375
64478353
70373977
64241344
8601444
45188918
70280100
42460653
70137597
24849552
23489178
53978208
15227488
69887536
80419852
30092556
48825702
69384515
39460617
69819242
57972212
9460657
72258474
87012733
43433674
3475831
53084989
77979833
87185529
11098580
49134709
39276150
46757786
57993125
16927139
89005857
73024696
92926762
54918602
58146266
2379848
76599790
58443144
12165081
63912453
14704359
4743157
40251126
62559483
63758379
30521055
83721020
68169187
52741028
34832353
9684130
1537620
77050065
18069577
23817997
88472579
88751510
71751549
14170984
91171857
22192510
85464382
91013686
40677604
22330124
66953529
64549892
91223895
47164182
55071958
71870170
76648890
34211034
25340194
36841397
18239220
872925
91033518
25302967
34368737
77740850
76094321
76224249
55494824
90798497
71501890
53907349
26850953
84874000
84540935
87076289
88120567
45109878
1597267
46287638
8039362
76768682
59386315
