42238404
9881590
21151093
88696959
94346770
42486212
90954725
59362565
12892128
32930830
11322409
84383641
74325858
29872542
38253190
65854456
3652314
33705727
32858117
58642217
61162322
79717715
81651993
39281326
63399317
51408460
81002168
195630
75481577
92225699
40606084
5317572
50123954
71215222
74854348
56518525
73821916
14362949
51541563
24587472
25763216
86063852
9880830
67717008
64064632
40163405
66026131
42913309
30104653
65702136
63171297
85491348
26768569
84721283
47047284
71198790
56470688
65624261
71563965
33569934
34155872
22930843
66386625
27793051
2723732
78064008
59098030
1736208
60262040
19460697
94163883
52617961
40182633
16556039
74582172
26452327
62023792
87042207
29344163
31253886
15814198
23559714
81510588
56500499
36322073
89533764
32543951
83798424
43885313
39452033
20739538
10018534
28999534
48206480
46343655
60402248
47613612
3286641
93815411
17916728
6870048
85557183
78553868
58665210
25914495
1464019
23583912
22431402
30036166
46803194
2564980
43928120
85507298
12142155
70763524
75299747
78924954
48324837
44322313
7178167
85529937
3279981
35371945
53560656
63000000
44313594
5116172
65483415
82763278
7667494
70705586
90980840
68400366
21140497
8016857
13578410
11185370
26846696
43051653
71617999
65499615
30122312
10350565
82697430
44392607
40066322
71360117
37702889
18895698
41578179
573097
36502296
25256502
74468286
19422057
58371115
11186391
16669573
67807989
47979697
58436159
70038375
43976959
74692978
62652968
38286611
39053926
50453037
45486434
16884336
86166888
81683759
93500669
58620664
60575427
15920962
19371549
12494021
48336429
55433364
90897469
85016264
81419642
24827548
39305144
10998270
30669760
75298930
54136348
84285270
86580070
42174112
82157219
22795308
65865770
69845410
32349311
40766635
94199959
53956155
21486463
93121416
54838869
5468557
34725211
31437996
8412337
88455336
18267112
47346401
52312003
69399848
31489816
85893155
80901061
18572417
89904257
16919371
43333756
67298624
33160535
92832307
45525885
90187452
42334948
53188886
57672486
51119837
80142930
20343545
53159143
90176467
28691462
78360937
24602253
77608424
79818974
52066745
36228993
48511180
34940701
45544380
42008753
7561459
14709115
91648731
43593764
70607970
22025215
52262529
48220792
30512098
35550861
2676631
17458037
84890270
26952088
63697572
45398494
89145422
81421463
87269432
34163523
89198261
84961171
61442163
34288681
28623790
34655191
21867167
47974331
79155036
4656427
83236970
14101733
4122060
16914583
36527667
66110745
74022210
34223450
32949815
84961167
50339252
36846032
72849353
8290776
71270003
7890914
10929775
24854699
27532590
72452754
56394637
15730919
7511990
18092482
33868778
31127715
16285018
54120257
13554172
93204231
11022757
18712524
94208788
47960261
91612676
48709616
30458625
62246911
71713294
94277171
23206180
37107088
54543315
88790767
31358504
25448902
66191620
90331642
10610260
71807935
78152293
54223588
80010363
