70936033
40570546
83177627
50784509
89956663
82483267
83064744
43026639
45709030
11489483
79612824
43646595
88367389
4529600
13829470
30507398
1890985
20708413
24997121
57035786
29252293
39287954
82037354
25800170
38858023
15785005
18863144
60566655
72384099
51645802
64478759
50181964
10340319
77495735
27009692
22494064
58422810
10749411
55363452
81476718
80604143
86977319
76270746
9120702
72505929
31921239
51254990
9957214
81659811
1753735
53107492
36721989
10105693
31780609
71676958
32048919
68200604
35120797
86048807
41998687
41998689
48495851
24037926
7747570
38604004
85759729
38798316
33192275
20341525
55859789
57477157
72182376
17559291
89828725
83611820
59315229
92045143
13971032
25611011
61713912
76727833
25896673
30083271
46403844
13465392
57233740
51163836
41783050
31601659
81761884
82602448
43203946
82448170
58307431
23395439
67148231
57675233
19611007
32590875
19414147
46842917
25467149
56678935
39430587
6798392
70648173
77601776
87312134
5615032
2114282
63975452
36965397
52052855
80001321
9325666
43516753
5085298
88796306
75773620
71481091
70617860
8300241
82861586
26746556
84849190
22400914
73028006
72477177
2992897
30620608
78499168
45446026
74863185
22928685
32391402
82376267
59742152
52633717
45924911
56088521
70418303
3511794
19330824
25565366
65222965
4680794
70510889
90463207
51732485
26845839
68170636
23828647
20312573
74171481
65956736
57170254
83718491
10792530
20117256
43805171
44537212
80333237
8678068
7478762
