43849495
23866862
62531552
69525902
90269800
6952889
26951900
1717710
62862754
45854216
74135753
47030034
24435878
55592547
83350088
51582631
27583413
41198009
39499811
10707227
54355997
86526976
73418810
59931082
66251167
35661085
31954380
33013960
47671800
29866171
33611244
89255860
90032560
38926770
91650069
54652693
39664074
17909132
43815657
43280346
58582585
62519553
40421325
76100165
85410731
32417110
76628530
9130616
15575970
70995197
51112177
1119982
92743596
69534689
19738952
20072562
8929657
40214501
56262653
603336
53805312
59819137
37820619
92744870
58051441
42549268
60659333
47359885
82458188
91575754
18701264
41584458
82764709
84776057
52428431
36514116
31977686
34304757
58156284
41795589
15201056
10438371
63188785
15422045
47959907
7380448
16599839
43484837
40507364
4603725
47588454
20185716
57973247
63736477
37388506
7894648
21850098
1589868
84253656
78978170
56699690
13182446
44647610
6280279
9338860
26458141
78463179
12226734
23107636
50289689
55675778
22344202
75957178
13099394
19059190
24775563
83895980
55869630
9679092
75269939
14765785
26424548
59672733
38166449
25106331
55273965
82420845
81019153
77390631
53482333
47984284
61222957
9549647
7041905
62322540
17288258
52523479
18722708
26522286
86914376
16877316
34723910
64935440
45669918
13182447
65972312
3518066
3420625
86786186
6560341
36609319
38377564
55097741
71550172
73772279
2900863
926995
40116026
25596047
60802148
59474381
30860781
9305485
70214657
51751433
72205015
65437534
89245521
76599002
24332385
33165643
33083104
64223860
81468202
62066522
45695371
23625428
54410628
31117595
26256791
45309371
10567307
15140437
28544753
85484435
88640631
89156577
49257298
43236797
1569244
80316289
58866193
12155143
44561487
66561341
86602716
15833247
27306960
45657147
22380955
5075638
89363612
20748555
37629146
39260521
60053565
87444994
91371492
91371497
8994644
85854828
67511010
16251624
17701119
52738342
31183141
77167221
91391628
46461150
86933400
90300819
62545713
83626025
12473486
34188093
61433539
25955134
74616186
7540089
55888222
11023586
66083249
66718957
20264140
80357799
24724927
950615
47114465
41415023
9189481
81055833
2901032
41870713
25405
47982514
35647838
17247775
32643221
81603722
2220203
72682808
63950702
62418676
32759574
440411
37767667
3115680
91359988
66379845
48072729
57884017
33126917
82324582
77897861
2212756
67429241
59279900
68317317
87811618
71750247
20902012
76677668
30742174
57211570
26658149
4036181
12996937
63519627
27265979
46566122
43523120
26536422
60128514
4962306
66978250
16273972
62351836
55922475
11082042
38037025
72992332
12982503
72958064
74310873
52679955
34032482
89365875
1983565
82051226
87895250
59482003
86072719
25064725
92179005
84635219
55869280
86994412
67139193
39924051
51812738
55771383
1618843
29027130
35520649
28896996
85064548
45898473
38566463
79094852
89141824
8663919
50778145
23117645
16823870
43913238
68108790
73009832
40347877
67733334
52776201
8326554
31792697
33758198
74177927
79381189
25995563
88580007
83772783
70299298
69364747
61864686
22202859
56287861
16295616
17154977
24100785
88455625
63409389
74797064
17356837
25720833
71207500
14417495
33717375
3719045
82908674
26601984
49346013
34149404
23017635
80627413
46622481
36532652
6393302
7593969
86191720
53633046
92667645
57782755
81110148
74557685
38522360
32279827
8972020
60979876
17670453
57170083
49911769
42062036
87837525
64448605
79785160
55941860
32173052
40046905
82724367
2440932
91599693
47117861
70363779
13462755
77719018
87161258
85845550
53285263
63859680
26116630
11493034
27521710
11151227
4222409
32040325
30490223
25287447
21618843
16010205
84567356
43107800
38915579
19754990
83399497
64166656
31132175
70382120
45058964
49176368
6435963
49316362
57075293
74983634
61647126
54328935
61141410
80146245
52001348
73968272
48338886
36895970
20760675
82833255
34793376
13810988
5565362
51967272
48969442
21033578
18839996
32075543
27457903
27220175
28879163
34710570
3163845
75518948
8077930
11019471
74256231
84213287
13497935
29624278
27020981
25533419
69135572
91470241
167655
22441795
65289088
75143534
69395504
39219656
42906071
92111046
77287622
11604740
25266147
47021144
34735485
72465373
82847047
86006701
67904787
14231751
46758582
57080827
25312528
68221971
47626206
72459129
