39308725
23991033
19510785
953997
66307389
84453268
10285796
66993263
43877033
24024359
79093523
89493046
76317395
43745134
8726826
66930036
17559421
89782370
16753051
78624446
48905181
46159750
19213035
38760470
53558569
51448940
10151494
49816639
53386579
35795603
13895520
86751804
70821682
16687924
88214082
11730652
21915125
90541206
17967687
36205974
69194528
76526655
41224200
21602972
72321390
69458215
28977709
8161246
79676148
46134005
37300722
73805841
37998352
23014729
4662834
65874671
75159321
44458077
5995179
15620481
50618435
7931421
75447053
14284241
90026604
29225780
70692962
32139352
85187227
4886156
12288099
59415027
35848681
18436678
72502430
83503188
61431249
81152417
19261480
89631023
88759535
29655823
82159650
27017476
71025961
610745
25518591
70590248
14555947
36612553
61397660
30602194
15594445
82378757
4395329
36662124
73462425
72604966
34704536
47402018
66347118
9376451
37829316
24762810
44450835
88689043
78056190
70825232
48092872
26734316
