77161009
92538876
32718859
67915998
76654380
34356411
76723103
80590983
27028569
7899381
65275864
57664749
17870767
3547883
81099156
34836384
402250
1013263
33044963
72599615
36447927
19234774
79908035
22056180
72694313
15343015
73086555
56751616
78088539
12978716
9305372
43154514
35633019
43094406
88543943
61166361
67488622
2186076
75891063
4786010
46483512
80453227
53219022
5342139
86005489
91431902
81416921
10894391
35945068
9645708
60037601
82971719
72483870
73226805
7220262
65379495
34878983
91359379
2924917
68488673
75996474
81322488
58581571
51543954
61886248
67496148
11858107
6449956
92191350
55741903
74217851
79882304
84230179
12426087
83750222
22114012
40632424
46036602
31737185
64320322
54161624
68605731
67087351
84730617
20398096
62240062
12924999
87009094
36069980
21920864
8637865
33574632
16940884
31319350
17325641
26834066
31387890
35001143
5110084
5227685
34449782
47409043
75529198
4345773
63133279
34479284
31069698
57786832
26856605
86625814
25971536
82317645
3386122
27482259
88904364
50893604
37096410
38280061
72349413
8575736
30415880
84075209
919284
7686721
62538904
67122134
56582751
91619691
24363468
9872597
40366297
92678402
87257003
57410734
19484714
203408
86446062
39667296
55140402
55330858
2875125
37698350
56240222
53229012
70530478
40305426
75645856
2804899
71568135
32926136
80060599
16618353
13853211
29871657
36843781
39670796
17412775
38939285
16902505
22144649
11197730
73262041
23441538
51398623
31865242
25417856
77676383
20781141
32092676
28673846
33131425
83982484
5451164
86991438
52662821
64999994
44491551
56588878
85203369
15117048
5028331
10967101
4227730
78214387
73988373
41317891
32565951
60791275
19660255
82966752
24040565
68971158
63205773
82336691
55654693
40757885
64243046
90703878
14447483
5713727
74624103
65978403
68518848
38095348
55087707
73913515
54793674
32930081
10262693
78068265
80103379
82887550
44472778
25085695
63662381
4734506
5608586
14298823
22506317
66273309
21490898
56675277
48095431
68665938
74543480
13138120
50739591
74610946
90331485
42540803
10208934
69911905
8599166
75438631
87374256
28300641
31663366
83938140
15990459
45411417
75371241
38411716
61362334
33738289
66220050
73432334
7986213
16191592
44496750
6128813
61610420
72416690
24108255
39293529
47438309
18924513
2825505
64298925
22123004
40252432
60154850
81981061
41448291
52892394
83271429
64560331
68851654
36038737
3005140
53295168
17560337
38129700
16384347
14360072
11100526
61038003
16589775
54634147
77792226
24638633
20026642
56713263
71875698
5884425
58792093
83616391
89084750
43600135
82286815
55178049
75173336
90708460
43447127
22452349
47431231
82402598
56633999
39807421
63601745
83716943
91447445
48557499
28501916
3907459
67713895
30087865
26955462
72765735
20904009
33360034
50067899
90709126
79878903
66797374
76698670
49844285
11638930
45682961
76002922
59663472
62570092
35326936
56538129
8239173
64207308
42512582
11694576
20067200
52942181
82866329
57949690
54896509
11808297
9017495
56390269
68637017
42331534
84004882
31245912
74441962
10851575
2954780
52116195
74597330
24676505
5970427
65380478
90411845
65237240
89824407
38248205
37349831
26922485
16306536
20410406
49055735
84588370
51717704
73997775
28864908
42376681
25528805
90995700
30650751
90438401
49672098
28392172
16217846
602993
70154042
29294409
772128
65037297
44768488
24331339
38945364
53550344
33934119
73640315
16780296
69998214
87735982
23915883
10290359
60187260
82690539
366591
27471057
31629207
28321004
50734221
69073871
68682204
69402421
81232570
14601336
43224642
85238584
16349293
47172527
59558104
38622037
7602467
17770733
24808226
4748524
16309259
62025803
32037794
89163907
55306635
76430954
580120
56270262
63651608
5356082
52469039
24756084
28504440
88907492
10932647
56349442
65770842
6809708
3651608
42613387
9017498
27486857
27302786
52280246
91249281
59218426
70894402
18022437
83740149
65385511
34943432
60271434
84242654
7970142
11395673
44488456
15573902
3225151
17005073
63729942
34340878
68631805
21018213
85214077
92246791
82103248
2872928
11119489
52588019
