78269098
56573003
78316452
93343381
50298612
42576568
8169169
45524601
43022961
57960869
87993388
83352814
33838818
17642284
61181926
62540760
15755208
13059722
70109047
50655021
38740878
13054172
79211327
35763748
33386035
41616361
44024890
53492084
33325882
94330058
13651911
45183241
79049846
49071994
75278046
61917482
13272039
24455429
42033140
5865304
14011327
14067449
19923275
47045937
84158139
43157884
12132536
11592235
61080673
15917214
32623606
63028783
34157073
27808964
28174539
78774604
65964265
39961418
31932476
54525475
36314286
48035240
83844820
82880201
88566887
83915138
70187979
75948169
49045844
1683584
47295001
66004030
29036479
1119283
11200274
38845739
94148375
7302875
62555134
3473239
12680512
35803146
66037841
20739771
74257052
69219720
18255571
61986326
21933973
88491030
7235287
25396368
5048938
12432620
48024479
44631183
37551133
7511365
3016654
50039758
36524415
5932813
81660937
12620931
29708552
43537007
91280109
64926190
58085026
87419255
80727890
51596469
81290004
56111516
54419766
44809250
1186668
72407851
36255398
84070187
14947559
29668702
82743424
37906138
19335997
83578279
22798632
8151970
69225203
23612177
16147419
6518106
77217353
19291842
12473804
24259910
50285470
29614513
78781250
13063432
71800396
22715648
41013469
93048849
71458078
75180394
44411016
57578529
43237530
68843920
60647287
49995522
35493353
47530296
59402375
62226473
34660954
27496508
60760859
824314
5691488
36263248
89595027
32284797
81609703
64005090
42535951
88929001
2286673
30521167
71028131
27408424
24535025
22309891
13323674
15923684
30074435
51090647
77477691
2910557
84415509
56739520
2958083
3097865
48088701
32116495
91002383
17262852
26282359
58377590
79207970
15686968
65168483
23599040
8537180
37800735
73466802
57943630
67186996
32843022
65385304
63517099
71137182
66327228
49855622
72720565
