20967903
44038036
46376363
83453447
65432157
63306135
80146342
52598492
69444439
84057793
48525242
6503912
23488307
80143498
83539169
26748994
24000118
13384360
4656703
78614688
50535030
73343425
43015531
17831490
54577157
23629113
57427178
22138934
79720580
60230716
55135571
67003950
71394042
83385262
23219052
83202003
59134388
58600431
68901226
49515586
25998071
3064212
90096396
21550840
11645161
72326922
36563255
5372661
54914993
36904854
86779943
1178160
44411226
61095591
9966559
26810209
34339379
70525354
23397220
10674910
65233915
49302651
3667150
46098406
82753719
86719773
72970527
20794830
1840647
51629048
88624434
84493206
66498652
50011569
90241526
55200707
72340337
7065311
65576681
46867521
87993126
58584681
13646267
45982342
41920177
51295068
58958768
42436677
64634425
11203392
80412953
82955206
20814888
22912969
51810394
48876272
1898107
28988473
83192257
69241221
20215958
60962800
68728491
37824722
836538
31804532
82573903
21247608
755638
18756308
40668656
80214889
8216136
83808383
70076030
56089327
53749382
10802
74333155
86727643
81327428
34786928
66455735
89549667
39187014
62518286
19318766
90095284
5222531
42178379
32561011
11312852
63874564
20728034
48969851
17532137
86399793
62313905
7307338
33112038
75756472
13132454
28630432
20507657
79860080
25455978
35730800
2835077
30420396
88540975
74305558
53338810
68249209
66560993
4946071
44520207
14641651
61147507
75914544
47282256
8826016
48174426
40344991
25329814
32809733
27957596
30170344
60404210
61332156
32472966
69952211
18773304
6128212
23213810
3612347
49729204
5238149
26056527
62772507
89225452
32294478
54432689
33804048
5947309
15112751
16459353
87283800
52882174
34685325
42933062
1949930
22813062
46113828
70313282
24829498
682079
