84148210
57929841
83139567
19015910
9140922
65812918
21823686
557188
38209250
91680929
53555873
47627810
40592436
78528264
40927159
2094944
66975246
37131276
59585698
69619638
20395091
21448811
55998660
32722189
66129016
59842436
25641692
47968362
28946043
88558358
60032855
59892698
83684872
28072594
56612749
75684206
92336091
90553392
37186947
58065405
17637296
90204520
31595900
66449205
50577211
92725816
42587016
56884459
48942395
35279505
40419982
26038528
7655785
38551910
13911532
63662776
18438683
45479931
28013091
737348
828985
40368040
26469563
3324422
11038457
50023987
62933656
59410171
37799856
38233264
28738966
86555004
17976284
18345637
38132015
89630339
32011563
86374446
34549987
66873956
380455
69042102
51244273
17125970
31943469
84816605
8208209
25985900
7428745
42816464
44918447
16455474
25516850
6206341
8817943
66293510
86729269
29024004
10201967
5061855
55493657
24290356
42965270
64810583
9269390
10146395
86920326
55285669
79331328
25013007
73942120
38399630
90414829
53123831
27640017
85644414
11810296
22844746
1227787
68593681
10542154
4540127
42561631
33769057
87120204
45081895
49916312
62338484
76417807
49032203
22588326
26174467
23546868
6978855
30551701
20780170
19394896
60978928
9129837
44906889
82456412
46963441
14938722
24596115
19431411
36663100
58631010
85343801
76695837
93049123
68119605
69860018
25494736
24885340
42652220
68592619
4027312
25483527
64556434
73966521
3912228
51928868
84569650
4647768
82451763
22338814
27165635
31204230
45628043
84783945
86296311
40127546
53956638
73860560
57557278
56615205
49642927
25212827
66871663
46175186
16011957
5831933
81505111
85662748
36533170
52525179
59395997
5324582
81762573
17833070
74250040
74719203
71006378
45466756
28682273
34023909
81699506
