59951404
10077276
28716687
86375025
78797976
59069777
70319812
39228079
69444751
4220153
84430327
81917804
56534203
40582800
17627504
53532659
53774972
7433150
19100600
82677220
83683389
66546837
57148991
48955858
54601623
12439997
78002559
13092859
30783689
64473468
35796128
21779065
77988268
31834774
49272760
54278677
28114448
80742418
38461274
76648983
20859974
48061967
33452792
37096170
17002987
18306593
65247649
33482819
3685488
39475266
55482066
35016800
34254579
89421854
82217423
63844850
72757800
87143142
67293503
15907583
56352587
11660413
26213930
27869330
8125446
58904327
3689386
12695096
46653330
14007508
50935853
49406838
85437241
10059175
46374641
32779013
31091800
51594725
62715012
74766538
16245674
