11355359
79693441
25623036
33670594
59437732
85456813
18735688
46215631
84207879
50290746
85085907
86051881
80986813
25269183
39125237
5496244
85006710
15608336
27842462
6111606
50585715
86922153
52380408
18736933
54629030
24547968
4626337
74996689
91238738
65896799
71430173
3213578
4765487
72796280
92292641
87068124
37156120
16919507
2629294
57323368
13545763
11254547
70980971
61548509
94158269
11791941
64911093
27329283
65442573
23841353
56070690
21281421
4553869
92675062
11127781
92896211
9538380
82015936
47102249
42059152
21395425
77276933
85990154
31349212
4348905
3551136
20901999
11248108
85226733
67715738
28688739
63961463
37017656
47052995
66399415
56387921
56800704
61716899
89909630
23964176
68297244
8127328
71044136
77791749
16708136
94053960
33530658
44689126
44893043
85975767
20291304
26774946
20060200
30572182
39655184
14155256
57724633
77227838
80111055
14136425
31219609
83707666
76319639
84039181
36059362
25519240
86973553
74523253
64724270
53126045
19701239
30004812
59110489
39183489
7528454
25149708
21509016
50939255
26628245
41433726
41325981
43095153
45447566
69507859
36769799
6230660
35144611
74487206
12606598
55219855
91728317
22003651
39020663
21153217
94036042
7252636
25641907
87074116
69764914
87263195
26126093
58695929
15478961
71931200
31716080
43022835
34707043
28093256
63632372
38828511
41176374
87555778
56317546
52111287
94568088
77168113
89614294
36643410
52852044
91375994
6697351
34620967
45263031
21041242
20043245
34223051
45821988
75572761
77812908
44134291
10951166
40269731
45267732
57561189
52302860
17747443
22237831
10293374
71503326
34938087
48891806
92109160
72318520
871163
67592984
52826948
65040673
94515920
26073516
37124018
84912997
51467438
19776065
8726372
76418201
31851211
2721932
62729163
39854149
41656219
66486347
56424543
9438030
84417183
16035050
39291469
14534139
24845472
56602227
89859476
71205747
34292487
86268278
77065341
83008381
18412749
86545853
27987472
59895010
18335400
62708479
3706165
27513617
45050160
36080397
81483643
16994193
25286755
92828673
81928925
17065043
8704451
77733763
30497945
90837298
68162425
87054911
58338967
78005343
15796860
3167957
91369516
8228840
33648778
71842600
47023838
35332643
6932100
49493671
69981830
92692852
81675346
82496387
60250388
74418738
8455807
78362764
63415485
60095066
35585081
89008215
79607583
54723599
71823295
71541149
67514127
17812987
36301752
79216612
72845661
42651575
9680704
14323205
46996473
60235279
36091650
94602990
53972332
85015418
87044878
72110849
92488687
19572342
20222107
55979683
10979318
87517255
93474765
33220497
63743194
14547545
37253908
50414863
12847708
56348023
10734049
62582918
47655328
75924624
34953724
64107354
7431054
40254208
22101438
27797027
51943576
47731752
81666793
69893663
55400461
76140732
9544978
92584658
66124372
23367234
39333189
27438466
8904844
37964462
87512592
50567166
69411608
50949715
77583478
5158251
55666048
32703961
89244702
77712079
30834280
37321493
90648805
34072316
60907805
4175141
69391450
45376947
71836080
24001980
75239367
5990554
74721825
68513766
83399242
76804930
76160625
17421635
37094263
48354851
84552353
58044258
42901358
42426281
71883961
18137284
12869134
34647479
30015020
23404479
7268349
8644449
19920836
53576278
42875453
79007187
35959538
23634483
17635007
70296018
73629262
65579465
67587732
24573089
3527732
70090278
29032046
68180577
70696723
7083456
8916763
67835599
90110688
16819156
86349892
2351024
77038318
71252907
20999945
24644510
89939716
83940044
70028436
60142602
72716953
43817555
26228782
26541730
75454440
30172820
55845133
92802509
50218821
76563155
32702143
84476522
11500687
19192782
64725156
5809853
19981086
93216503
40681727
40796953
3954150
3449508
3429164
75757791
77043010
47840340
7038740
93625369
81814813
38197505
89496191
74522887
43035151
51347945
25692162
64534899
48433729
65657639
35624893
8996053
90211262
2719066
39063764
41032632
47651667
50095490
11161553
14527450
78856997
4631763
69117029
56387924
73672699
20643200
45363778
30745686
7417028
40717710
49679401
57582300
19906310
26283073
37676701
11857414
65072066
34952400
46784467
11644542
63212873
4563691
45087358
23407304
7218423
49926762
7972353
77036819
55606158
83364918
57384544
74195528
61117054
50666050
43562329
12844720
11297641
14957893
8753308
11343828
32163226
21111956
71020683
12488409
25439228
6864250
20443598
89374950
46446979
50968575
88540885
22436082
70168928
25151377
75763851
89669097
29301878
10350584
91674366
54172502
64724959
44734234
5468721
3945717
43399343
44979403
986795
82934316
39582764
68554105
35424583
57800964
28857890
65030315
68681383
61322720
77945611
42060210
14000631
51616529
26857200
53193899
23571297
89847884
449042
14941162
52119559
26929851
63166268
35710355
79095660
62538416
1479649
20785563
29944433
94227113
25022573
82021821
32730973
54080747
44074274
39814368
29994288
49835442
42395213
7285379
78146511
64864252
21133904
48560983
54473089
51728712
3773131
79042068
77704270
43100650
68300754
93941843
73809153
32052044
20493337
49194441
20217429
78826009
78525807
43573065
71893743
77205824
85158924
5400331
59711091
9324209
20478757
77221061
67047079
31970926
63829773
48863011
57098993
80084368
33390710
33917217
63081222
38302314
13740975
76371098
53837889
69638547
46481216
1842946
35965158
2103249
73084791
90269378
39309351
38559254
76899479
13029131
11509698
43320918
79528548
13933880
64906409
25727262
6866187
81996199
71229333
56114861
27393323
91094393
93737624
77131639
20279762
13448366
69577755
87118633
34838125
59498603
38683780
65424423
12130041
54893013
13785173
75837675
72161097
65583132
47100738
89849722
60220488
18907008
36189597
933869
25090509
33324395
37948242
47228764
64674964
26076409
46062669
6293334
31424941
88282471
81231151
34603399
94554320
93396779
69471249
77316010
43489391
74922740
59377924
2822633
35539283
50535486
84638524
14802640
10992651
5120089
80437308
2937081
28371081
62707167
10916053
24487393
26440730
32676988
71286917
28784552
17397724
80408877
30346750
69849626
23680146
48068176
47765519
52638469
18169196
91759845
58639451
62228558
16831913
25623300
66048491
85550281
63864474
38780638
8175234
78884060
56882395
57059074
64157559
46405175
43394638
22321858
79086008
93856199
12500264
88931457
34934231
10455966
88071335
91992063
88610631
58466526
60542937
85290067
79239112
84512079
36161572
64461104
3989630
78589012
17729337
44940612
11225230
35345019
46591500
79996732
40521141
50736086
23461867
75515807
68375357
52737348
91027127
35052887
84423193
64129350
25122963
84597539
10628255
69743955
30101634
79476145
71688712
55697928
64281382
85069025
16195682
27037150
92462323
20988030
84729583
69845589
8875553
33132797
25796712
93884239
66627639
2025288
46335462
56765270
85856994
3945791
45190746
38110683
59989863
37906390
5602858
48709460
24999834
81502244
90617617
91124199
58552751
94669967
67493992
71682502
80501862
21845518
58468521
85848743
31962633
40788454
84801697
723347
82066547
37617008
10005126
74953650
23335705
31931871
1950722
24638772
79779791
45560022
89173859
2978158
60783514
36144039
57691394
53695679
26417595
87333037
82286868
20453460
71447484
9895709
52141714
37300009
35717746
77524397
20307669
77831756
46008760
20729383
87248326
26035506
84590155
19952298
58995025
55827041
17012688
42715899
88544365
84601362
11731507
74513278
32784848
3866689
92334187
64339328
5715205
19175168
92661132
28834174
50898341
59236896
78705890
38277279
82863783
29395052
5808814
26188265
6589967
24163333
46383054
5300814
13983388
21121393
10015702
56067088
73239027
64212789
18395814
40215147
14655923
48680012
50214642
15502302
53336074
64436807
47853437
18524384
303070
85310015
41127383
82417902
7979879
71732703
45463538
7063590
20428541
76880630
8775075
54878594
66735199
23883455
73660111
25136173
85736627
36821100
82253648
67196717
35612785
74001528
34435812
84212034
74632557
33339439
69154609
71541147
56214916
14573078
67806984
58377745
55457056
55471121
57761623
24300688
88013780
343181
81022157
44856415
93398633
20361464
80852251
51548828
6074461
48372281
1850736
42454019
85855659
90872161
46051344
53224117
79975888
3184060
8493313
75564498
81915703
63318877
38123505
6370404
38283240
85550614
28628477
92076909
56778825
83976993
75664470
29894392
30193069
7391745
91127774
4659100
93357374
42314601
83855670
21251246
45128018
43386804
10415993
63266467
52061606
37774266
41581566
48216862
3571171
39725298
12349334
32968376
48294170
69929856
40482859
15499741
42846635
9130924
12465616
28107657
65526537
89869189
90700518
82259154
13859612
14576633
42271553
54517133
43844039
53848383
74272400
51066119
11191271
36404372
46421945
6747302
1950636
91639718
53528923
58488740
51814206
67979145
67979146
63265101
16044670
74831042
71883906
92291544
68068531
7347311
61547127
59647355
77861092
47576389
3302565
45138265
24691993
47302942
21428907
42861454
58821346
10221606
86933518
47964392
92000849
38318286
58283617
27339901
10782429
9951022
22331844
26618435
22720900
86973765
49878814
28020416
4027423
68939999
9976764
26208182
13200401
4729138
42201173
50005745
47675216
73688714
62875069
18126546
71023282
64294361
30097698
6364263
11533565
81358749
16467467
89034087
72731953
62731273
22886898
55229283
50739036
19036284
27732143
89747276
42547495
15936110
66228685
50452680
83937592
83937593
15542747
75599602
9459338
94180418
72509134
8597363
38944928
12762080
24807967
80296922
73857627
38869898
65091154
92393119
80730565
81302316
11512036
21107560
76548470
25717012
9519447
71135117
64474430
42079680
79913799
52450855
39028459
41991494
73255675
24805579
29419013
22928558
64924866
62422277
237610
41234122
74233583
45973188
43764951
93027670
3573363
76241327
30461938
69944759
37590603
31854229
2166714
47100592
54571465
59868521
12878198
23441687
39151157
58438317
57762205
85933446
10016709
84709640
90307564
27664274
57542571
3739457
80760591
30100360
58836547
56145269
32182560
33733331
59123839
20353518
69699897
7909904
78981755
94370771
80192814
48922791
60737376
6440233
49049140
23218825
24079098
51880913
32723152
65294765
55907456
90107248
61560104
71612085
37896149
74023838
93882773
91667972
13714211
32817319
26510746
15112368
24971250
4061486
92276831
9170889
90000732
59645430
14893148
37949296
75343356
35732406
7243564
61305766
29020601
35250407
57023453
47224743
38245250
72319588
77143390
30025414
83828364
38000276
62707776
13646972
84252435
75751091
82502969
6819123
66971748
78207641
1909621
64613352
29944107
19518278
24967040
56964726
55377232
70413169
73503
15747486
79124413
88140706
42599384
92483424
55251686
77388908
78434551
64843223
52279623
66693691
78327286
64579978
67015264
27927039
53579568
12065971
52840646
50328898
89472548
10082125
37823836
59012054
7929865
82536338
72820367
43769362
6466630
64727329
27570048
53163595
32462928
43997050
8270044
59748851
65377047
75383904
16234549
50634561
60169599
82091561
2752531
54219108
41930762
1650346
49155944
48559062
14518086
51269228
69021805
16474208
12070143
39334733
65116621
65378394
42416923
16931534
56428732
36370936
67947915
89669307
36248811
86992232
55374814
79110355
38774527
54285427
2394968
53107232
9699528
29502768
89258256
47612692
87686550
56955492
1610790
32756741
79759700
28692580
31783229
8337137
36687039
72463266
69069921
63374644
44639916
21211126
57597602
91475018
36411345
23992426
23674755
55251131
16991660
46291497
61039876
81620166
35972249
2852338
23739410
10358660
85034179
11281392
