40701826
1476465
85526762
13103546
6158269
27220936
55436573
70144981
69698806
90214655
88944120
74981128
76701877
82864649
57359842
59084317
74933444
31081493
32900575
37560400
55632888
67773073
77593366
83897982
39708524
81193350
29727808
92874216
22785012
25370913
64926376
44675511
25242430
37430610
6550757
23355383
48985468
54913372
60125882
69701703
81502796
48385720
46578605
90442275
25588786
21288480
28864610
66478035
20448057
54064827
18817973
44173297
30965478
33877900
62910392
38586221
14876450
8117886
67868322
63178525
7831891
79679270
86418851
69742027
39410932
35488128
78674937
44683338
15220088
39853036
9028120
30168389
54137372
34325544
23639790
6207632
53476036
28592023
57639044
58075594
44638484
92191498
49785748
19565000
9622638
64179034
38935535
82359642
13793792
17496118
60328668
21589605
70630955
62537917
