21369994
484341
85207348
44243019
90998584
55017814
90484021
23823903
82369922
43839520
77201267
15218418
61047544
35253437
19429502
693823
11335959
31957060
17421199
12504714
33380257
85661631
2082678
76273094
85146224
63237924
6940609
45440234
38066634
46815219
85411832
90181845
65343133
91899458
14218093
72849698
88671488
37338103
15213629
10711099
82930416
30569161
6853342
79383681
4538084
25380356
67073348
70498513
9518057
17183269
89920024
72836623
14184693
80666434
52147857
16251262
5592801
38833727
86802620
86424764
71990389
12011443
69529133
49717755
26242123
69673176
86882085
47429317
66023747
65033062
61120893
14626543
23498002
14605768
11388611
5971510
58041597
29926418
6441102
78252256
68390201
18041052
19438048
64749953
32868942
74257132
34073479
8385131
39939189
48300084
76319985
604519
71964601
45319865
79945927
16007360
63858748
21678063
53172922
63128943
83229067
16808413
72579910
24710791
57697526
6476227
20766347
59290451
54422574
45736416
2308856
66465793
90551134
73627593
49911399
94378173
30845180
90983581
52900612
13973372
76847371
86705427
28913963
82250606
85144789
45441289
84855031
90315430
11965749
32253068
73813799
29184038
68748976
39735232
69230146
90956822
89888881
51361098
32095549
33647973
37694220
59307025
7185347
39298251
5077986
20683755
21327831
74193433
47191435
42060924
45180238
25542204
52942273
15468407
34499388
38045180
21693680
2600555
65082228
45525262
35505520
11528611
32599054
1724931
6464016
59697225
65499359
89080796
56714413
54160731
71826020
70697813
8604930
56203563
3776411
74448249
20400676
22649768
44041619
43440766
23345942
35496447
89999305
11345085
91953038
53895127
93943871
9947479
861289
88183575
55112504
16422050
56347397
86562034
19545508
82954866
36444867
32543107
86027550
61313063
19211063
65024007
85008203
89951886
62603429
35965831
65415431
56369032
51456737
456708
13178304
17237331
84248179
89965870
29704769
87318731
69989863
48656464
86992755
68288788
72795850
1414597
8317057
83931123
27592934
15800998
42599053
19475209
85709435
92569148
1694167
22202912
42567951
93355967
10280004
52786842
50052052
20124412
61140016
78127040
63218297
70593017
28290362
76106938
11889209
23142276
9783815
27000948
56626815
25963351
68696377
59546866
23631641
32601472
91212454
92274396
91882904
55289481
82969095
36721748
91136115
7587535
41071753
60872610
88432848
871438
27976949
7968517
80952685
7801098
62755567
73838966
94277703
13096716
76993578
58081005
85380583
55608692
84780733
39065207
92521113
75186891
76341365
64511312
79919574
77602333
56892964
27819768
9012847
79679920
39276289
11310250
18010884
55502723
84425613
19638385
1195250
46305838
63490670
