2030096
85399704
73260719
16574550
71293982
19058642
26644906
29755953
4896482
42510445
18389093
6227860
87987237
42197326
12485186
17500764
88681702
5261278
54363463
7532952
69590520
34953328
58475223
498689
9470780
75218572
56277963
2038923
1281078
78741524
39839899
14773714
77824683
8063969
44399835
74178218
21107322
81171974
91422740
18638870
944598
6090652
44380128
11881618
33874492
69836183
7074683
52299162
91765359
61598629
51074874
8090650
820929
62058950
24714054
2340236
65570516
44451482
52395262
54380820
11057746
31444853
60311454
19369883
58046092
76735220
71546180
42482177
25486770
46167373
75260317
51543822
53411392
94429633
34270907
17270102
37385739
34432609
47232961
82596463
37867632
91181265
72406722
10594296
75007250
2222466
80000648
7296860
82095937
79895779
61194565
21879109
47301170
51981959
76954310
34507501
18959999
64934717
54934555
71429261
4923245
55919578
72040130
4421542
94264372
967127
40635753
61463414
17650566
