61141716
32273876
27916164
83630394
29478592
4377552
67594470
37823836
19066452
48483818
29465011
40576421
41798964
6898160
35558608
92163735
15760235
17335626
12582862
10816693
38199282
60657548
27472862
62024621
38779159
12927677
7451585
72024875
87818113
20628840
56397100
47178306
27476735
25283120
25259273
85952433
21692948
419892
61528963
20664689
37527251
45396342
31448554
61823993
52028329
54576336
72395362
20015922
76877293
12159667
21001061
53914813
55883031
66440947
86026266
84682835
38917533
25742358
50247343
20864744
40300108
48080283
22503420
39692768
27736170
72557209
89413810
8250359
34533535
46986581
61345206
70330
29367084
26127134
29445718
40864609
62444182
30657008
40513881
34067618
25525923
29495371
67767275
72984907
29485654
74003331
7567449
87441400
10228342
30825150
63506264
69525668
89755031
43579880
66461470
34923237
24471706
3740464
32001617
35752002
59156501
52590405
24876001
61080143
28203245
56583729
74102914
14860074
60596521
40150776
78065323
74341651
36735139
55468355
63098322
68614265
65749490
83633240
5133523
59384835
67126807
2118123
50319495
56046331
23535050
25985436
90578860
61375649
51946846
42910241
78006524
21035376
2104564
64290249
4057567
1286487
56674182
38605136
38157851
12484595
38561368
90705786
46238664
56234270
64948845
52394802
63841837
87034197
32967224
10915420
89372069
52133062
15228154
6935687
51077755
34376860
80023428
1473833
89963702
35639685
565572
36545136
8122736
13300147
70228051
38112653
25279834
71027770
39932492
64642418
53385990
6486525
85123609
74754135
14938016
44167804
29010208
47285877
66792951
6265525
47443898
40611453
41296013
65564091
78871201
59686758
67671967
57423744
23577873
68854380
35623464
36541587
22903939
15921285
3517891
34683704
38449859
88634020
33774553
71163854
35310428
84485291
15765249
10649525
33991881
23923787
10877735
44139733
87655849
70199990
57528000
54538830
60869669
44183624
64407006
24748452
9565152
89423107
21320007
13842257
64506199
3830104
61703915
78698594
13669035
12825739
2846558
13377303
39595275
6207755
61493029
22743400
63934447
71003052
17393402
92334412
14564780
35948653
54732918
44925309
31035983
6037004
85077902
71931525
30550629
83026503
35270589
55567872
20172081
89992412
6219055
42076790
65681769
66980052
61979447
8115401
8606850
58901406
18054612
45202256
39702759
54583135
64258240
43790812
20364363
43292867
76080854
75854361
20937022
18755857
35028141
71940595
60361596
67280869
22608394
57449568
70798943
32178082
56639477
1965549
43806934
20954946
78223817
37009979
55324667
40298133
55286619
18116482
86842755
34816877
26721658
23078511
22532363
16078858
43266700
65060848
87682414
68137580
71186691
84481898
84230350
78650390
39547927
23884262
65295348
14709667
18991384
70632594
76504936
38157820
8998507
56258145
57622285
82398057
49353189
70712153
2494353
39215106
21604036
87405304
79698491
63455236
65931492
74982143
80142123
55616649
2773305
28053982
50597268
55536656
3069906
77287265
21438573
45807274
42279630
45051995
6752071
29207473
64490081
26431815
87885579
90406284
47738806
45668795
58152333
69915964
91398310
21222831
25341831
16890403
28582111
40799267
89214547
5168460
60946310
89755032
36704143
45870373
66455886
61265445
65662978
36727369
41348146
47100929
72686916
1690272
88980031
64964255
48351071
7496612
85075005
25994353
53251947
79997944
88586926
49501710
90615542
69043103
21350332
78036968
