38583716
13170984
57647623
37551459
53127065
88995029
9562084
4894765
84322913
15548704
76713413
85840048
15084733
8525257
19074794
73165352
4806114
22499026
85833762
35496781
31655935
65107477
6350722
29695892
10576425
15764987
61728013
7162669
37914693
93257485
94296404
25576822
89277348
72159628
23731273
3521699
3204291
2914406
32101705
1256431
18139027
81835066
48730765
46574413
564231
22387041
84963145
13748298
33670639
85290836
66678040
73904383
782253
4741212
13714640
38287096
57919202
153975
21472005
79897935
42178465
22848574
44923695
57348768
78100611
17416290
73584871
17642915
73373051
76137634
79673410
21055178
19369259
76923489
42890510
92474505
9897651
4126953
76808123
7146164
55989263
10108219
58539937
9001268
49320503
36449593
800659
69394018
52217782
80440583
53657981
30629281
31624084
52556204
85635726
78417262
37255343
58385866
38169156
72860991
23399443
63715740
18531283
91413725
5602712
23953548
8587724
10468712
20858800
21529980
32590700
1164479
75112003
55825052
88215460
75649392
72799266
51332899
63578048
16554645
42596167
86075009
24281751
21807574
31661823
8766955
30486031
18479035
19313913
43723060
25832359
12213606
26730493
17446730
29208588
63613149
18320132
57779209
82283901
88998654
88051716
9404375
35340579
91480420
53226205
33424598
81654538
19020280
11633625
45523273
75351580
52671702
37231301
3733125
23802222
5818618
77595835
43694684
36557865
68155282
6760770
2267277
46744471
33249632
17827117
53911904
38100809
51448143
49558847
1397219
41957904
33115883
7623070
5022791
53014974
36707142
65824899
6853960
41693022
18267898
41220870
49973036
33954834
50799207
73375264
8688525
85925919
79354179
28619824
14186026
32388885
53020798
1853053
14917636
3180084
22771625
27199623
37375830
42394398
21990686
71497191
41893633
16531343
39552908
91155798
33448033
45281950
81123283
91640417
50281039
22111057
7560562
84009233
23846505
80169157
19007076
86511560
56549093
93752778
18266723
76915710
80127154
57203323
38048106
60314686
9287705
24248362
76323878
16400209
10736493
7688570
37577395
57952414
59364828
25962822
15622833
36469717
16537687
28603416
7670427
5581343
13442337
73464157
26425416
87886110
51707039
82903582
72779589
53187180
33089757
48329914
80792004
43084813
5495025
86307997
66652638
74765264
6056335
66075522
20307967
37410713
8635750
78862948
82919383
63842668
79455456
70144935
90349258
78944332
52291009
33263598
53624502
75452450
24119058
83919471
23554122
