59601077
16744114
90861762
83872033
76691601
88110560
65837111
9956814
16809307
64823776
72982364
89949672
9338708
21194479
82008345
33635823
67856674
5201216
51919855
63516739
9255609
41229565
1906656
82726314
31664923
42492039
24833226
49430342
53401633
74643555
59395588
28419026
70818877
36498367
83057556
43100491
56791900
67959940
61853891
91993497
60118105
76242952
85244584
73889198
20045086
86566998
14153664
85361532
45630136
52581671
39151574
67679126
81449059
77033137
35788958
35227355
86309536
720347
5396773
47382422
87011806
2698078
24477413
68518743
55561288
84586605
76197942
30366407
70294132
50455689
55645158
89206213
68618196
59732018
1864287
29520465
1247391
45045527
39150517
82772335
69126232
31202537
38740101
73894567
36938670
18350787
44772737
69334098
65831849
34579967
7115671
61930531
76088883
73859163
15450971
49033588
78891147
23346175
77489488
27940736
27147893
65827003
78392906
60337195
16710390
79227225
52983197
80265625
71976947
17847865
59976523
49619124
43365686
3244980
78625574
52297540
48999609
77096836
21078785
28584942
28584944
19675027
36778419
25919149
15369772
44731962
67079729
46031576
74729813
58807353
63138346
59070790
82278106
67404051
65607328
71160708
34635736
18625018
26876189
12721720
17918244
82770822
9813927
47295406
85171351
48061018
87824092
49796085
82135200
52732874
51748735
53933525
35475226
68490268
49792100
40864356
33647551
26406682
29775467
87832150
89131453
69711149
79280304
73007524
13452964
37041178
49214191
90457832
7317749
25262424
17655635
38200279
34642544
76252082
1378141
26558967
16028323
19719761
67290874
60163742
78884021
64529102
48136754
80087001
34252895
77721646
61867396
90370332
897430
16074889
88719918
19397296
53175595
33195469
33981090
80298816
50998374
