78135384
64676628
41300648
70995821
52546821
3705140
83948581
53859239
75437197
68623697
1220971
73640680
61085992
68806689
38875541
31765207
35163843
43253738
34895911
49044537
8590806
10040968
5949229
76667933
23627029
50390919
10764071
21715952
84023210
86621748
85771517
70446528
44816741
20687074
91467421
25550929
9398430
9831187
24979251
46125959
77990919
83087002
12056434
60857762
14623169
4334044
64091759
91071367
67417123
27581217
73792813
85004787
43769191
49892801
29832197
52945380
23800081
85229165
48365483
9894168
14679957
90061606
70268605
