30682131
61070337
13129355
10251529
35666688
23429082
60091280
76825285
21067906
33328940
90345677
56318799
42099806
52093880
9422565
33463325
76109065
51189829
32698892
87547316
27066945
33956568
68483033
3750183
92788703
38844965
10010068
23396997
77112908
78235178
61291027
83586524
91317626
25661629
34985055
80048748
43836425
59126508
63269133
71751029
19560179
54169046
50658958
56338448
3198522
370403
34188805
10335996
43624299
37355176
25636963
12490923
50448518
46642269
21172012
81193623
53586115
10924916
35731305
58736601
29199261
88784541
15006742
65891524
80358818
48433024
33739086
558856
84712925
84846802
68432341
30459641
93690269
11553062
24357059
17176491
18291149
51271329
11190288
14005111
31775381
81489308
94565064
10140628
50191013
2447424
83330089
71525635
34365243
16234108
28097586
59903169
82447920
92823319
59850426
48961090
18876421
20062176
52941111
65255602
15689299
19929915
79140586
93270118
63220533
55796947
73006376
45681064
70646199
67977966
65566078
75354754
83023671
36042763
4293691
48977150
87659388
80600366
31976369
26912464
3370754
46197019
68450024
7175655
17038202
9853982
47484518
7370281
16940034
76814286
10820707
70493703
22731265
34519231
20986471
21887523
62814860
74731321
2750192
35284814
53689086
39006500
67159304
45487586
87926872
21490699
84846494
11064003
25847183
50296737
42044063
81983683
61059353
92283771
71990832
92317346
9679703
3886321
1842147
5146781
84347486
67452062
48631431
24942227
20852629
