20457268
65764501
78722858
27084884
6025083
88923199
31944026
34886230
24900234
50018203
89489528
49468009
91662557
49756650
56100023
2809127
11216992
46015004
12528405
58026510
79620698
85990242
63960886
31205057
29474860
37030340
52055354
10470268
5936956
34058147
86056258
73536554
79886965
81440972
77510444
34934202
75739971
64987591
56050000
66647624
9108909
74474314
26295370
74529288
27780916
50456992
5954648
30942516
33142757
74963846
46862424
54860594
54902374
12799276
56034556
42334167
82308777
71870957
18248315
71159806
55238090
30877624
24775208
7061345
57629901
40657795
32572618
19579727
77933672
35225130
72832447
56672438
21552549
55214687
72830272
41615560
14716403
15432785
29853682
80770063
68571042
20579032
10761258
60113347
80088752
87207279
53048481
13211031
48023556
77034657
43186812
19553668
89533095
9754324
55059058
47725178
1974495
84519057
77979177
36930174
60338045
37541107
86992828
86804173
36077501
32894240
28567201
5303837
77545535
58263108
8399887
50971642
12988785
7836455
12462240
79862089
46396943
13124089
63703039
76318517
43051663
52055932
11297969
82346933
79848302
76620501
52993659
62170230
51552687
91357
60483779
24922190
52639484
10073062
32529429
43314461
90332505
982529
67350166
47689482
66538403
75191889
67153364
71074178
90912090
72705681
14125734
62684484
59094980
42065296
2971846
34434912
23118754
73411009
1313546
73408728
85051340
13287308
34166502
29904755
82629212
82041742
4039708
50421087
1391406
53041167
69918905
78675777
75089008
14645112
88076510
85978181
43568585
9079633
5178641
84182321
2999215
65014314
41124541
8927390
10358005
39399428
2147622
59978499
64934473
72566077
83522231
34219844
2900704
87875785
80063149
48966439
72705924
61820702
39101192
66949466
531922
20487225
84652431
63959804
20789447
51706544
82529101
30629495
41546873
36522267
64768836
69994739
38796426
8826523
78803167
42455121
48347720
48426510
75223093
47997678
23320426
62740872
3378878
4529947
80226217
51758296
93081707
43053123
1139702
38730914
89134607
34534131
73668371
85957089
9573078
73605254
12338679
75212403
50368313
76493772
77605225
57339948
7830244
21777132
7238212
57224123
14002457
52386831
29420781
43514466
73725908
78524631
71103477
87359848
76202641
2250768
67723882
92779295
58319686
76596568
55276386
38675690
84345481
12879020
60547717
80284661
12954767
7646377
16019971
52048782
79000977
69112010
32504337
24234875
65118932
22325531
37940989
78696842
17711043
566270
37323989
44879456
30741441
16077232
46590729
57188947
30539809
42714535
23670208
32719888
34523575
57804213
45112555
85148845
77445129
8322906
86412877
57881193
33102678
92166967
31272203
8259945
28587989
62296198
41587247
77741198
51788115
4288107
17070490
27118664
79435832
2977596
7137520
59613842
40928688
65235892
82676856
10001141
65939187
36778018
10542964
63632033
52115478
83261038
84754000
76365215
64292867
11133648
41487189
15117258
15685295
57549519
13456594
4264772
9547392
31285007
84566109
14039452
80858960
16737851
43658499
35642270
4916832
15358425
70478277
41424011
59943149
4396464
20133868
52581092
92219652
25388543
56200089
33925582
45672356
81520762
37177476
9776006
75057753
68361878
45171638
47196528
50062239
9103869
5972654
40299856
37930845
79480844
74377283
71022787
20413688
60293616
88074354
32224809
41624602
8007353
51791318
47206365
42117617
63802171
7711620
38813979
66337590
41324240
37787010
60400440
41794000
63018703
43235305
44007810
71908906
55449639
2693164
22372994
58439202
41321539
18556442
17235047
89470507
67873908
24699120
2471104
37455282
44404202
21583506
70922636
53275741
41851484
10286640
24911058
16584594
8095918
12623288
19663813
78482394
53215896
40155827
75631473
78871356
78698935
53952565
23274697
3878256
38948702
15978789
64956401
52699427
87010186
76793792
47083823
87189706
51139295
46842544
83606376
87461389
27859001
60117146
56135876
73086236
37649363
31888692
74396019
75278920
13404264
51494191
23717331
11984002
39745063
18888778
76415660
16200078
2111966
59148494
83521599
49491610
28936691
43569863
57313938
30763265
43682650
62397347
9269806
42530646
55379629
28386445
53540165
64279289
92886831
32138880
87409460
13376444
46536179
67323768
69432344
86041982
77853467
8467884
87509864
9582987
68123325
18983391
32694370
22259220
61947491
13728811
21100431
8038454
65582270
42338608
7912919
28229423
32607970
66977331
41372083
76765727
14269920
72123095
10763368
23112005
41329136
67570655
32605050
78725631
13947043
14557184
79733881
73043191
22738433
82841955
50286834
9442194
4309563
31928144
7867728
15429781
61573066
1590819
54116980
67144778
18913325
71032688
60215123
40367662
64143887
3925775
55222024
18899178
30144157
54309084
72752380
92211195
58782073
77480734
33660654
5107388
23193650
10415150
66914350
62452721
476067
30765728
26214489
26265170
8949585
30770552
28836324
40756778
64863118
15940624
72213882
23108432
75336271
63872147
64405378
75065165
88931497
39395962
2680302
39337906
27952841
89354450
82748672
78779826
27205368
70349737
73868532
29516715
85262441
64917864
34869814
34621662
25773824
38908768
72176598
65531871
44642690
15940913
37075890
11377489
12875728
2783585
37226682
36521150
82226226
31186901
43964016
16432432
4201056
68490873
15298507
73687990
16498713
34661005
64345788
87825596
14006538
56209079
71618387
34761685
43438584
75632246
82472424
11016757
27073883
37104583
51356525
61890981
76086446
62727559
32832448
73823860
51947570
83198766
44658535
88515985
52051659
74135555
46216712
63598437
91051815
2981916
19026755
12759723
12790964
59952847
83550834
8568146
8601114
38082003
47058607
62985865
77103723
4765810
40185688
59581636
79639702
68857331
29593009
36318412
45054982
90436931
5570743
68631586
13458599
59965812
6921135
15645604
40513784
36889379
73924028
73924029
20974419
30437267
82778898
40528177
5489323
35370622
18000038
86701240
25442657
47979202
31624563
20184402
18988945
40096504
48583094
68848667
86664246
66764829
51752724
56958181
64710805
44019472
54365136
65267798
53644449
470441
62007934
83244225
24927719
26087233
50092619
63495522
28792493
14735681
5261844
66497406
81244825
29911059
66656401
30602965
2373421
19793355
56501931
71957366
54549005
65536438
26161864
81658845
32158359
14042678
27738675
54350618
34234192
90113972
40967216
6173173
62985864
18162104
82541735
69186004
65286850
35648094
40597544
24381172
92958505
82146095
81794141
67357347
63920143
79973754
13672399
42189331
6769432
63567352
69918860
84245054
26083001
11187161
73263382
38846947
33258027
12525885
34311401
71184357
44600214
51869975
6228457
48222066
88349566
33231420
23112942
13376512
18923053
56110589
79947423
80832137
61321312
39200746
53448951
86296945
86968201
47100278
77982918
91279476
36936638
51614338
91882308
81483241
54887859
61250981
72122945
59862965
45555148
89304517
66832205
42974723
4911113
10885362
44060433
63307716
27764986
71271705
64608163
84710070
57672747
766088
87277995
16872659
14375024
36871309
7475438
48665007
1954136
38896042
73991193
309329
47085989
13304568
53603621
86780696
14750443
58699224
7811219
13311151
15316911
52873086
20832268
62259421
19969755
62925146
3481475
154413
75992710
5882349
81104919
66989100
16319833
85515024
60262383
4789011
32354800
59673210
79599739
70705865
15574655
