37307580
86150250
492578
17140781
78533731
42894830
8571181
73199415
33984097
58344594
17435103
25741283
69927708
16943834
69906418
69906420
29205764
15642958
80294343
15998051
7872074
79893910
65767717
22670707
22701433
45263114
3572376
51678140
1052887
36287669
60342234
9358543
86741257
52261944
1338610
31669332
43635920
93092196
31728329
90259248
49942589
40653904
76078581
34084948
65122031
89674352
27025735
62857668
54083870
92375772
18164561
80320461
76128864
49013731
92521862
54116221
44207897
37397729
61034724
15676497
2655383
70066052
91294832
90117511
46162836
1208136
18311525
80081327
18642645
56103457
22899980
77394723
85481037
7589227
72302259
50915409
25939064
1767173
71004367
82185906
76622544
72794329
65921072
71560418
6175385
79713322
34817812
55593813
52124617
45131827
8623779
12936706
52937607
93026400
73798939
13387341
2909817
45159383
30623429
88116256
59515714
37294021
21985136
2855035
78533277
27971942
49135960
83489173
93011188
75640428
70707127
49286296
22326431
52757878
12288281
69722712
8705671
50382887
8439683
26709122
21967231
52145595
88096183
77088784
79141042
395859
69917904
