93198
68630223
79335485
71873691
76205870
13536201
30408077
77298854
60045986
48602929
62140533
32431723
11545134
4298296
59932101
72677129
76362395
79102089
9371933
62376215
88615919
30685806
25554915
62535234
3090426
24402930
34340974
82027007
75166714
32262337
45510071
150474
27636941
64173677
86031824
38446427
10370663
19835776
20172244
36265779
85773560
38118766
65735576
21035030
5652008
45430142
18339002
61266836
43928739
83701957
30881375
50066005
57397867
90142484
47016515
85493537
24314949
38073726
51566082
65372524
15838546
62404393
20354485
62919227
92791477
74803537
74215667
12451216
72931458
23204405
33212876
59011777
42938715
61524802
60418590
70874483
438961
86821515
31033006
59142260
27714805
45057286
78734972
10483893
60712487
89110989
68796887
25629217
16722439
51755500
83985994
43814817
54759687
33935316
16089014
14723657
1642965
17594892
2476461
79192009
2635565
60260408
66222315
62493921
41672970
42293595
3503458
41846711
64073895
27459175
69040363
78710919
18548278
89469715
20444121
41137160
58316287
51909862
14619342
3746647
51077103
33851408
57140097
52369946
52937766
41793174
89135023
39250628
8292306
62620809
15873605
46743588
74644453
24840900
78936241
90115029
91219800
55191981
53347707
29661916
30316414
9363045
92511242
86502306
19039712
35940528
43109741
50560253
39742858
15966459
64490508
50560759
59213131
74891494
16055451
2986421
12287648
14903279
24236346
4312412
58554437
77376294
71268717
13287947
39569497
21358127
81755944
60511219
18478808
26074553
76174760
19642874
76993320
40354225
43010171
71922013
32288467
84947942
60418587
44367598
11560635
55726923
37088664
51325987
28185137
66352414
60678670
27822701
28834394
17344674
44017807
70977802
66855148
44880085
80143735
10115754
63038598
42733000
88370759
57574527
20485710
76021148
13188828
73908933
