929957
82041021
65457567
50746153
85461743
57780508
20533800
66673239
56324400
88638111
47978707
56256069
1007666
59165642
22908836
21030703
68842375
43106824
54912185
37969559
23604995
28752774
7238996
15176256
57757746
66494533
31631335
87214709
2323135
57623793
42833372
83715965
80100595
86755170
30854466
87381734
13517543
37335610
16884549
75497175
46716419
68451244
114124
86098677
21310683
80827416
48400910
69231670
10014158
42271172
42409143
20545263
81578528
6601402
91790503
59959113
30943451
79970996
10644127
7566885
79246418
38221251
60965399
30417754
1583742
86587279
83375557
15857290
8924175
75189391
50745286
72755600
92679009
63555073
85454380
59497777
50818451
57621578
24437521
73658404
17799605
45593057
5372778
30238865
51852345
56212306
41376107
42492382
12580869
87327815
26082605
77313003
68802004
7737837
21153939
17037271
89461793
42372153
12675971
68825885
73019912
19074372
76086786
69087669
90912966
53717368
65243733
667633
2791130
82374287
31344551
91723387
21374478
7569150
52916962
8744158
32662345
92910425
90637295
51485008
49730417
54768045
59275931
91926881
84189634
28517318
66207727
79783050
47564767
45668884
221258
45895244
64100185
28813083
88962806
55993532
52171187
76062229
14757984
13114649
23697397
11905255
88931512
55001853
39875241
49235898
