62373051
38367106
59437358
21760940
47624801
67474653
53118113
12662303
48196562
37708692
46969554
9971903
1089934
38606781
90571277
31487575
92868013
52953003
7333296
81881260
5253039
58277465
30140942
63743084
2705719
49918024
72167953
10869129
27343128
6251575
39846285
85555642
16313839
26585039
47537021
9133928
17638290
66874832
68993030
26857270
4898265
44069230
34082585
66262290
36686820
73990868
47649257
5990381
68648294
79392060
77586377
6508186
78602563
20555028
29543969
1156503
65861114
24597137
16675403
73195918
3329464
1507178
89110582
44958483
20286940
54168153
39039581
65590849
86408930
66095959
8879920
87076034
6527688
29258563
65350799
23470577
64939263
39741292
62987926
60013331
15275295
43683889
56514368
57852598
24636960
37853350
71071447
79074010
55139245
65164603
56822691
51570171
79752724
73268005
50335145
24433208
41994279
16683618
80385609
73711387
57658226
46469886
48773707
61932990
85931558
79482913
16161916
72194453
76333189
44409406
5459911
5222187
69837398
43234914
83809704
72779228
24079849
38072088
44587309
46622532
22385518
21736469
82335738
10654054
40202262
54933315
11790903
3315290
22645526
45656946
