71312859
76122409
87735775
83757932
3970182
17591285
6931578
52285231
31031374
61360859
11856532
68149251
84402606
2373501
25324054
50548162
11674278
49754949
42689034
64448359
11550538
43986777
19119416
15535816
72697908
20585771
32904575
57742055
49282453
36093582
2010120
7114396
70015931
65207152
53652822
19767036
92845130
85357736
8106643
8031480
4035376
13628738
31337021
36151134
51229951
39874553
76779288
75754452
59069821
39562276
44715338
89433651
89433653
70242291
46240685
80463719
30529070
7924535
74539143
62311821
10418627
60656882
36945334
34161232
69394987
43293478
56379230
63607209
31930823
25758137
57847327
85013317
34191185
53532216
61256994
68012823
47038230
87825453
55264864
70921375
50355943
42744862
74083955
32610239
5643882
92364455
89926478
19832806
28369540
21039592
47067177
14907786
34140270
58692665
5206728
27551713
75406912
65421925
42292149
69576030
82064484
22839554
1728173
73402715
90672021
12596249
88404171
68208995
38288757
63401137
44118184
18263115
5042757
88741831
79525017
45001342
51633939
44497153
33347775
63448554
27285911
46249189
76789510
90995219
33423621
1707616
57309287
63842168
73992561
77457032
24965486
19977757
66243984
71817233
74557147
87273545
69239840
56475301
19931933
74168489
77491453
89861854
87978564
35138503
86026786
48929754
33184476
86672598
26896512
72980187
81093459
19528080
82612797
27300637
13301873
74620588
64699499
29163041
66550321
9875544
38555158
78408373
2614173
62692395
32118149
30933659
41910192
23335191
297581
41296523
249356
47618539
66025473
86080592
52133896
55431304
67682269
4251179
25592891
31493469
72192707
50914606
3808153
8169107
28850623
54838955
1831352
63389055
78956141
85272294
57280710
72744900
9958143
41303397
83371933
23638346
14678094
21148839
7563097
7223315
65630738
57132110
38020761
26376440
42119106
89292336
18085481
13006596
74247817
88907182
44291265
55212653
87974029
69560740
75588403
52743041
11173765
12683860
32180054
38221341
78039136
32636739
24342273
1984550
34416137
68124042
23599286
54535534
31116602
52623901
23569490
6692693
87562043
30331479
34827372
5961945
87264863
