66024693
66077028
18401033
61471047
69883296
49299025
74504697
44103453
63408486
7062933
59401060
48250213
42351730
30741647
25438252
75167426
70932973
39747925
56152757
66838596
51287682
49916945
70189380
12926893
73583187
90569188
27782806
54592210
32926607
14350911
35209514
8725001
79472136
42415184
78811925
16830107
73061362
15118632
39788934
52669229
48334064
4641658
63696139
18590802
69556845
8592682
14545417
93846517
91415426
25146075
24767761
84397333
80682364
7501285
44602671
91013798
48366963
94527408
44889702
56390219
71512953
30697573
13532712
35240557
64473736
24225394
43826178
49707195
77193197
40626474
19625575
31828820
66501189
68380306
30671490
45750386
90697469
15473772
47827630
70931625
73156504
17915620
59344394
35273300
55664306
68408432
68512348
22700678
54859758
14533101
68971266
69532672
6053435
66050391
86699769
9893374
25800358
93104192
43306273
6185103
23533211
28693211
7079162
87681961
81551498
83876262
14387545
85018250
46057640
15529351
19102894
83327732
48255977
18788445
46048777
21562848
52921710
62229007
78597099
56035496
61496894
1104501
16948382
31073427
18269923
82117057
92433685
6590607
80498992
68875368
15750218
69752593
33267274
54789867
69659414
76279959
45083086
7019157
88750049
50696421
428366
15406513
48913313
82717515
27939440
7128062
3403061
88574483
392746
88222939
51779619
43846703
14020428
39520873
87057840
76261345
47124470
18633949
11770647
15475099
26009269
16707629
51756874
70639673
7332651
13241024
54366179
36353751
52196310
14037706
22634520
82286345
85572482
62847936
13753379
45596474
42798652
20369171
73774469
77374690
64379130
3124679
8882819
76717074
12901987
39529304
81633295
68392889
88101951
61238677
26523091
34253494
26439270
42947154
62582302
89568413
9187342
20394582
68264840
57155412
20863855
58049847
55179829
17211989
59994856
82483301
48064728
12828185
68770773
10948742
88597696
30996692
80315359
40665936
9389246
92130197
16468018
91415043
83110747
23136329
89709082
68390021
7314570
73031779
68520318
81642333
81411438
42998004
47503393
90520945
13322336
57803769
8164757
6505777
13651525
11937948
62457299
81490848
20196263
64047415
56526712
76466064
22602610
21824815
36694379
46167381
67300373
59490036
33653590
53082372
82178369
50412617
2484038
7897655
11785454
45011705
75251422
21818127
66323369
90683372
66680879
40704991
58847478
63441069
77605853
16461485
25482230
11618734
51837524
22392876
45423842
41652531
74992587
45287148
55648551
32493186
3202781
83942845
7472585
79731244
87242929
50104287
39224248
92310921
94352365
93196529
29963366
73693189
63508754
44310388
5693957
61794831
27260276
44722640
92913590
35477816
53798697
11215705
53953836
32673200
41235784
22585170
43418952
64870715
46842155
15632777
39787594
57172063
80650877
53828651
81253929
82643834
66981178
89795274
63536193
1842110
30163768
65994871
36644779
76048581
15856729
32162753
18790780
82402633
72572838
47030546
56036201
61474100
67042881
82096730
16786464
87031056
44083334
75939110
71967387
45531408
78584522
6395654
26606709
8839323
49126228
42020512
93138929
3112469
34380750
64262207
51711962
58739232
1286473
77244616
66862471
94099076
7972329
70410752
49319276
30906407
52264627
84522508
22220932
