39848836
49056198
34301311
3821165
78331958
56633973
5356959
36267905
6800091
8660834
35604279
50952445
1752227
11834332
46975489
49206529
29208829
28796042
1459357
9158407
14602388
383886
73552251
80182847
32769196
78143516
16480358
46314478
2385828
6130681
68444210
66658361
76534453
24987762
44899207
12276159
64236049
68409396
20967288
86556767
21844415
15040743
66809786
16288220
25654343
46676572
81806229
52602959
74094283
64430624
68440616
36743697
35782223
3881551
17644963
27370016
27446106
41280109
46006003
9672572
3494577
85674575
17443361
75234540
78146054
39612481
26905905
94421057
46057141
85573915
70287366
2853889
10011677
10011678
5676128
82414243
25039159
27295588
55422934
63657454
50796649
45295201
2805594
17111924
83469365
29004963
39118590
9533504
6759812
17028733
2376002
87168300
74970120
85158933
82136431
33664948
53417210
27470090
16475973
29263220
2058717
80238115
62970641
73421591
48902992
94619684
27900259
93235156
63387572
63591789
29915348
51216548
76353639
93559597
15249281
70301125
48050797
41478526
39303307
83926822
2057680
52077487
75520984
62617648
19637546
32011858
20825916
58314324
80724512
49838023
33933422
5414030
36656352
6449315
34276055
30081139
1160556
46681811
42071032
84155592
11539029
26563909
22621421
78404706
54210643
