69328351
71462923
50322643
70804461
14149093
73530391
61211137
68910743
39017062
42725862
36441708
42548741
6867018
55742367
489585
28650241
12559112
8024696
11752693
17164781
1054805
33292556
22781129
91069802
43658206
85585358
69755651
33837370
63259748
73722982
51367854
79426978
86750477
87540980
82464834
11272549
44624754
56222432
92980822
41789758
76418079
69302953
37278033
51476230
46864652
83949434
80574039
65486948
53117856
77465703
48938307
43302579
82091193
41980342
42056631
17959486
8463157
2376596
31035647
84041008
8513730
92210900
972490
54428810
26220696
22645604
83786723
20696602
77520639
53192854
4706597
92787171
63623085
