87105920
52788523
84351036
49268552
61143843
67513366
10577030
49991971
67408592
54298812
57583526
16544299
61919294
65450842
15705278
28619820
14405770
21216604
5198126
59286210
3286346
36127513
47048167
54916310
92150839
58327448
30877995
71343466
70393153
2206349
5917205
69531408
15814587
47474099
39011579
55281977
5842634
94275572
89817754
66941494
19688528
13455437
52172917
34348642
15238315
80295357
48746001
36114730
69113016
90382584
80685892
37146569
68011851
34335587
58128974
10515289
16970578
13860307
89802139
27915351
21204490
91572206
49372232
89692014
68045979
40612127
39809260
60992774
34629227
82979613
52615964
39696367
54335888
18685050
10476720
62385546
36249310
58049231
73022659
60222959
57954443
58088741
36218022
42272908
13995436
15137817
5488874
59176639
81428584
4006027
23526069
28457556
59145369
42355777
74165964
22030707
60256909
42399401
67511482
21800770
65821939
64852935
2430478
93083489
91213095
90685642
57465501
55582600
1763029
76385680
31717404
41546319
39844383
61424477
60680663
86795378
72341658
28089461
1148261
42853723
68905975
32144248
55560314
47085218
17394987
89433769
54445639
87201125
57201815
57402283
87769810
42301241
83423690
64900468
38546393
5526751
2158229
79133234
17548042
25365877
10299502
79307676
69366014
5217204
51546915
28066128
32406019
48752218
2233052
40558580
73481405
89374635
52035735
32257423
8005040
50196558
90332361
83128238
34228101
93321916
64013562
58988638
72666737
30739779
18948370
24391977
90850980
36790626
39438428
77634206
21693402
49540858
3095090
27489120
71798939
63313021
39315624
8067782
41963485
74318119
48121067
57360970
92035346
12985425
86550433
74558080
47325019
46385813
26838526
13558400
53804533
84842612
79440736
43998650
25743388
9259682
42832903
45370388
91372103
69343461
63451965
37097175
7082268
84463820
63928539
56663925
9556084
15196309
10383285
18493810
42892073
17306443
31308908
78259588
49849837
35126329
76146845
32368131
78485704
12036104
42918746
41825021
87632181
37229382
6096928
36774969
34245906
53843935
2833264
55647531
15587415
64991731
36765066
83275668
48026560
48841325
83395435
61143489
68333197
46258384
5346684
90749040
79384032
45063439
16711937
3480887
92206114
7425613
28955950
36725922
31438523
86262869
40384317
244612
69811406
13926792
4280222
32818573
28824024
19174306
69493469
70115210
54976472
88767068
77981350
4425161
68534123
47332762
15232908
29789480
94178940
35371614
32013475
21239785
42250336
27559540
38071409
92988253
90005357
75634913
1819734
30420014
59443992
63888324
17103676
48074064
66110669
88599247
82905983
25803745
92895045
1384059
84887397
10501884
17109605
41101289
80121359
28425866
84531624
71525318
51744557
10953399
54877354
62192042
9387011
36863563
45607921
11111788
85931113
29867227
38777517
79053674
20440732
6274092
63850710
78233233
63934423
93684150
71642764
79473606
15347286
86202968
13934448
29468159
8661455
14742974
19640471
75518369
83874493
73176085
79142763
60817262
44342751
35906296
16613900
61013350
469405
77645776
17002262
27192326
79940
78335443
20787978
25223378
13506337
20839472
91683062
80617471
82714897
87595396
54572764
12550827
38538487
31452055
1716913
55509167
57730220
51262985
3446567
30947344
89481516
63547141
29056322
42929653
17910411
57612109
27414969
9715055
79702640
11711405
89386622
15870545
26403858
43224497
919510
4528010
31009487
23747033
78511455
94501701
84888440
9605257
92596569
92656947
82664592
62391826
61085219
24256541
54620412
22659428
75474046
76953383
34767992
41356268
73273973
28255220
27538769
16264950
90257032
52489742
41958097
7952587
62135432
83605221
21969969
66928023
49606737
5266030
41177313
25935654
37994814
80387414
52934635
8601111
55211501
78758617
78518444
59845095
78347715
21251563
17103003
44420872
26079923
16975931
67513363
61714172
56900121
56521113
52678666
47100260
43273796
38571784
93517798
19257117
17060282
67914006
49085863
2448299
44757566
21765546
30001714
71507608
61159182
23451211
75143720
50911399
10470719
84573163
61951523
81195803
49852408
40001142
60147881
55172261
89481846
7989567
65897070
21953132
43018709
3551807
24866299
71012533
28254558
43109661
87384656
69741382
78089061
65254224
25615201
40355892
42747542
8780734
91937866
16719007
74011528
90516573
28202801
4955467
22257561
42323973
8399378
11898430
43698776
71301169
68918293
76933068
69073294
67665281
17875890
11869074
94416760
22887247
10094760
83073836
31829056
23248472
74840304
37049036
54888709
80997245
94329193
69083648
60047584
73601955
20878274
39171661
61373698
4335614
50760863
89114189
14525941
87899056
43338657
86468372
2066667
17613709
60583830
18349178
57487522
39375789
69746667
65979510
3889277
73175534
64203302
81899581
32889063
45289853
20861187
62193509
44050259
44523464
41982330
50663342
64181760
3368120
25076459
88859382
88415066
85286002
73800836
31400351
43938393
76614711
68042632
68950527
93546516
28652754
56250059
73721776
35882182
71045424
48145161
77082491
62345274
71488
5262356
41095546
14180224
74350758
76365130
52825218
70268072
82986034
11945361
61446019
40872125
88981686
84386978
30946515
17464734
14911602
83921118
37382932
15724214
42565265
83608389
45928891
57650577
66007648
23972437
85474468
50423179
78423205
76874339
29702227
86550699
14887219
77407549
44463459
27380239
20138385
32393461
28422722
45862127
17858447
86384224
69412470
4314975
89573223
50229103
36115513
80332039
34986406
90437981
30140332
88138647
55812662
57331202
24322888
50905267
64259374
31528252
32539421
41034638
78374234
41388273
20515107
90833559
44391486
15284531
31311205
72602760
92539734
93129027
54235607
49355208
22791825
989180
32635705
81769877
55552210
19544959
49635156
35017437
55735783
8355364
82462527
12243116
71148543
35809490
16867677
58902485
87890271
18048872
19066709
89053225
27816773
39842766
32709830
59670718
85327939
61990738
81495429
86208291
68901999
5815947
29901936
89040536
5839937
34053049
51090930
69899610
28243277
13602200
20744997
60777677
1155780
35759680
50492681
50181729
2294586
74125669
49157108
12692519
12041980
55828576
15367689
56411996
5721691
39363035
87372504
12041972
91206135
1231967
76191484
32018261
13278046
69216663
10407509
44951048
90391368
34112435
51707129
2563854
76272635
67643012
52315024
14564390
73955534
75800128
54335890
58495292
25263327
79089504
35505841
24274963
87022857
3061631
49504572
45242437
33852604
55817861
87027883
23112507
46853655
39014676
50780198
81821905
56169422
14268865
21518335
55353747
53500741
85162504
29511251
77214903
92697971
18905082
44877484
66010945
79641200
61903185
91243360
17506806
81982053
72404597
48969391
86404162
92643340
49249789
88041795
14547504
50646621
87795166
27592712
4874242
5358262
84209706
33372496
91622227
12845759
29054719
50418320
38389823
50046066
41707311
13130057
5682684
36741485
77868673
52700059
64936207
10602001
16530878
44438846
33830417
26094811
69682099
44572262
90616002
78704840
75469019
90343149
2224988
82962639
7801421
46741030
