82040359
60888941
12542863
76413421
42612359
43756929
70862241
91722389
34764756
1196853
23058183
10923476
21386318
62865692
92503954
17021411
1347167
63667889
76739852
55926312
65706858
86096915
2166107
27864273
50539258
32116166
41514889
89312598
90516899
9648561
78144751
38851059
65639188
85841910
23972726
89011690
27686409
76586302
86335699
54680867
89883545
72904107
35180077
7689034
10722630
11112147
41998478
12382692
48812748
83635103
10548784
11201334
2087001
25878402
4755287
53714328
59566299
82704683
10253776
42857861
91877756
10201737
30607920
83893077
53251824
15196667
88914153
31463308
60126919
77546166
81051179
65671891
86785034
3171361
76016360
94609430
29938350
36628421
85085064
62330797
62256523
49698751
30000734
4805802
8317961
35810637
1651539
48491214
71719547
63427024
67935896
66168600
15664067
8372034
78381860
19302082
62520393
40256892
57835259
1648622
88197676
86381576
92891054
66678330
71556732
81523015
51252898
51742035
69259060
35811452
81880645
65807244
21068193
29165796
77634380
79158902
26987787
58886173
93732451
46462456
30932823
27119719
42857856
77731367
473596
92012892
92170559
50483699
72415280
32974116
69725625
69611007
78563090
17607529
