17048184
54951575
35474045
9177054
23497978
16243321
10159937
94198160
27440698
76746734
67549166
33320401
27754797
21150206
36063415
81055730
62098366
78357311
88285576
37552012
47471991
725788
9058834
29550366
3564550
29462100
17690869
64125624
59053081
17506979
63485235
47487048
58145831
43526452
30427189
13475828
30618985
34850981
94519576
3145953
49096867
9335040
61126557
49300094
35043769
43320969
50860419
68012003
39778491
51654080
34771599
29128080
28332624
42302445
72483183
87344923
5464326
77949480
46053004
48029904
69317252
40063148
72581750
65349219
88348729
24461771
54807639
63973973
43066227
75296061
52325023
84739014
88035149
66265679
86476266
15842876
81197366
17340745
38710166
41936405
50928613
21977652
39057750
73974003
22658765
89490611
75080891
78386511
38018146
91533275
35967891
54083643
28829242
81590171
26071659
89010091
94286060
30419475
46120133
12749192
92835931
8455055
13492159
33053884
59962542
73081068
9807471
39953485
86348834
25071746
46654908
45123112
35168191
3205141
21765280
54869973
93589208
17535072
3800982
89655576
38702668
10649212
81344404
6191929
45573565
70419643
