75597953
26260564
42071832
50086090
1153529
86412691
16369259
41132187
49889771
16854960
76448342
83096038
37325171
90093829
83048368
37639750
69514306
63268122
1211056
53087808
77088200
77095110
82144826
86276416
36468112
33690972
78078593
26575691
25348652
30410966
35870433
575225
1693360
8581491
771290
39291645
8555689
50634232
29992855
6301574
26794100
94267595
59817638
46484272
83359738
93693921
56567442
62016526
1607349
80305394
77009428
6925838
68287688
16221640
74072448
90754772
49144348
81589890
90774575
93732216
13778359
22104531
39301887
73807676
63417754
54580551
84721218
55199659
18815803
39452131
2029070
48485312
67773375
60312108
44042836
3261203
66251708
51042186
81558771
53100860
29641972
62351795
13724627
5115022
40717719
50033564
25045110
43794912
65071056
77985280
57809811
20598084
68791226
70216997
12298766
74951904
52108729
83917769
18604326
25125111
83503811
35060377
4064104
47467058
20769690
94405542
26404972
76287783
78846774
28996414
27795553
78303321
73518590
17491276
91981406
85529900
91166869
37313391
33276051
84532577
12789607
63072098
71031930
17757981
23929622
24350674
68354765
75630318
11659112
3538138
48521333
68112939
50406421
13830688
83319245
14514220
72411154
75275859
41389868
24858649
52230838
15643570
4355503
50297540
34912840
22855352
75804931
81066988
58047250
57113571
77474975
45121250
28190403
21732706
78975562
19990052
74154711
44556811
27378975
69814573
90078772
70155521
84780358
80635638
39305568
74002658
44397683
20361629
94505723
60234762
26510295
80424625
80424627
53151083
2374547
56505171
86763734
91691865
71056231
62969696
48792276
43777753
12791553
92512391
15942874
41164740
89536739
56876018
92253733
8220241
35262180
59293950
87641821
79410108
15223004
61809454
26642070
43889038
24178553
6222547
8873885
38559496
47923497
63942108
44009761
29226571
44857288
55560798
23069986
64132631
134907
36746855
41329455
11360716
36967669
81672602
56034549
39133586
64775224
77187230
60582240
29724067
81897543
55232977
73171846
25219397
62037590
80093479
86687822
89049734
52445162
9616543
92678990
16883822
13810765
91132842
17659417
14609247
44866462
89807626
71241828
33140056
19326652
41034217
49612576
28064028
2067984
34878169
66332952
45293363
82517254
35976445
61722413
90156890
64480899
78195509
80939144
38534201
3437400
36586411
52058922
89196939
41660923
83706895
57991685
39654132
47273641
70205073
51252405
22814027
47282296
15480898
17214910
57240820
8299885
55057975
66241089
21696804
77944220
60941494
27053388
43568803
48065772
85853882
67323030
48725214
45187358
18827378
73196792
7594810
13760985
504749
70224605
7238127
71452144
74225780
7134535
20302021
56496112
85830390
54130172
92003681
41250857
41034223
4610662
59306572
68835114
90851230
30513094
34684113
54966838
64968209
66011586
37735065
71591721
12250990
90478147
24757227
90985839
18919634
32232497
71459090
88359047
4061388
29433346
51909229
37035526
43682901
19967447
63852002
3775632
563957
20447102
2306110
3176968
11918640
20390865
78240310
35364802
29316674
23968156
25073813
46596948
85291605
43052954
22119467
33737727
58303887
19751426
63688813
10689305
11827510
62365396
86267526
47480319
16998149
73985353
44755607
17795252
78259874
93513557
59843001
92199429
48418683
41852517
11539466
26069513
68878146
80305808
39283264
22320653
68705825
708459
77323895
8918507
30545124
40675050
26622387
16877123
22731941
67505772
14133317
24539272
74742704
11939634
15767457
57578996
23595625
61584818
42159973
88184225
18065044
50011409
1261488
33463478
46386165
74969953
84418979
1971168
29832153
2536278
19114152
86940574
36434872
72229448
78932920
20236624
68735784
49692495
9016775
37331143
45681277
82890478
60665103
69912633
69896335
71005138
92033179
91220046
33583452
18671951
75767392
55083174
61365887
8055864
50419771
86142967
46988793
65486608
82802360
28654176
48382327
56344492
15625576
53852311
50893854
5557581
75281235
79745645
14809078
88020432
51199169
77608287
4357463
39788337
65566899
2542601
59640262
17835919
71974948
46962517
19571060
15310706
61553508
78834846
743074
53719062
18570031
14573070
20669817
54207813
16387972
72063136
81570112
73113691
47956070
83602230
91977910
67632529
82387028
28445223
70233394
23951845
9120998
48120893
15982024
16091584
87854911
54519365
51980088
38350082
72682884
1735937
34355008
89860883
17176652
2582515
15984290
14991197
85953586
15286127
55892377
67988576
44835356
3879943
20149818
26402860
85705488
34972983
6814711
73606704
19465846
87313129
17744937
78108929
8082853
45332255
56956759
68517087
89792302
59553449
55494337
1008814
58785403
71636310
35212192
65235227
52754099
89400949
37131173
3119402
38374523
83031782
15625311
16040771
43484455
55661416
