34157101
69490637
94447918
26356536
91490751
5197954
21843519
11007042
59875226
83353396
50324107
29135620
9604454
11191853
15327588
70062920
80310904
6871410
81450761
76378175
14383550
2044251
66549684
10659236
23691278
91559301
69593542
75779884
907132
76636928
73806767
84002835
87531638
75445301
43573197
76959821
50098879
81826671
6231352
39123550
40767372
19766021
11024006
3353336
49048680
78634821
52602616
39181699
48349972
31763422
2219779
40777042
66892305
8855435
8357652
3609040
34592083
44031501
78652567
92446040
93143001
88513075
85856723
186572
91392168
22070901
6890412
89435222
9208776
45595936
89848347
43599882
10429314
12389388
43925482
17882008
21951801
2032486
17219340
90260708
81962196
33826363
59702225
27031262
48097610
24762500
51627715
46355303
72180635
28612320
68207261
36635215
56404506
35521453
42799856
