32000878
18588474
33555028
26266437
33425447
81871296
13561316
28729528
32489446
92557378
87560227
12703569
78761655
85309034
39334559
3568054
28747544
54170304
69124712
21770498
22960672
31679083
12229174
21899001
91667647
27558377
66484504
67643352
139503
22282546
13496319
24123808
55532331
76021609
41764361
5841764
18769759
15160096
65689272
57838412
73609183
35990494
47099285
66819297
39010126
91343074
29051277
47012109
60754142
43572321
12515185
19081533
41729581
54451380
79420602
41985647
78977231
23606025
4902537
33075327
78791640
85467795
80873748
57296172
23970099
61520583
65624308
87820207
77694490
39198292
44156564
9270174
49420886
38863910
73369297
808679
68491198
79329757
71776217
23339678
7021323
81731403
33317218
16808548
20856323
91109533
62976333
64380469
79958472
26488493
36744637
43567229
11235936
17896131
52912595
7308934
33223258
30946907
33129240
72334986
37753096
45222556
79748834
64396527
1791380
68344141
7113877
10051035
85900110
599410
27890448
15244110
79514713
75266179
12057575
44555123
60341987
6833073
79499329
33238017
92092182
27547237
39091152
77013825
44094643
91725706
76776519
87703775
18239446
38203730
75358970
24097256
38164516
47615569
69300210
78938777
28077717
75127613
53733205
45676123
12000254
73591748
44217094
46768564
24056466
19489324
7823375
76188252
51873635
14854873
77951053
12023715
29210672
24862687
35963066
17616907
31796494
6117162
55779009
12232311
11614815
51558444
18531286
79186335
41939605
87740767
50787796
5916133
92013717
39194242
53529074
18118141
29918829
60731067
18543641
36524032
76533300
70610988
