37339870
85350053
59345467
79425012
60585404
39545538
24627190
56624430
33241455
54773706
74675636
68424674
27668820
27221909
56343607
16669306
48827895
78832130
73537612
24960623
68041687
11839211
79502021
5614889
60143930
45545483
31786386
14297272
31375295
63802896
91861058
67830351
79523287
19572104
62196813
76463984
42375697
76958139
29081333
62941526
10795786
6701145
72671052
11385698
747504
34076633
22162392
88171871
72347914
72347915
89141190
27028464
58727388
17124921
49538830
29105718
47227398
77553482
68276625
53588411
17003496
30328491
74817468
36467323
70282868
10523947
7456834
20229673
14528381
27795645
36308028
22906658
63140991
75318073
28678024
43559180
27114470
58951582
80636737
61671170
75816005
48509714
38879131
71146592
69878817
34549533
18318559
21908408
6308567
79139172
14004858
2728135
68157553
5915792
19642305
3472621
48718612
92201767
59056962
90179809
55480115
6197917
48342940
6539470
38019095
70465145
90791495
60135296
8879337
53836714
66257832
84586389
59817265
17769066
42651875
197650
57120390
17129477
19529612
28731273
10952721
44792838
3122625
21318650
65011331
9999107
82311715
65880192
9273410
30360020
83656385
73341516
23965186
50172829
11376299
62716822
24742514
9587030
12251214
82056688
91600622
45608195
45680837
21931432
15085030
1345842
24059689
36848202
40700231
6280678
50981022
84672761
82360080
85996911
8185416
68960212
89015514
10210125
76481402
4107634
78175096
76469918
48575846
76928575
32152724
42855068
77485246
37262297
69011870
62840705
14667910
48625912
67957698
3025253
2571220
56178576
14628721
73679642
29776605
32806794
22423276
90975975
86087988
65166657
26725171
45393515
62903032
32558907
28033601
34455381
54658808
42090745
64466130
80714859
91412076
77199230
73531579
73364303
72077133
52751412
44138295
70134634
16490562
10854035
72917447
2673231
21983436
41183479
67031259
36112311
19602429
39605990
83449712
62263468
54298398
85221026
87074446
32062317
70868450
45844690
79668373
80831451
24016889
74931707
13888392
33898026
75025587
78165053
62066923
69289199
6636059
67955934
9947800
15475463
5559205
73383032
9826578
42207108
85081050
58994706
33102854
75366837
18140719
83492608
26372413
36399416
55557025
12009133
2813293
7067619
60900427
52719004
32867711
79011726
15397785
19511340
21949369
49585952
45603320
16917040
2377803
48023005
77107948
75527960
59084042
54173042
48293469
59831374
5589122
52712143
84263144
12753743
78171491
72368470
19173077
14413086
40106255
45053203
87115832
67435831
26754042
55765246
1069613
75909999
67011031
30958432
65714210
34081724
46004476
15412069
41612980
42842419
38423862
17722034
51730333
62412131
72420069
87293240
69407308
48293472
46425246
70647439
71527286
36051137
29901112
77399436
29884510
5390951
34649626
84350541
32363235
91978967
48653915
68865651
50144321
21531141
93010558
55678614
13236394
13023265
76522835
48881033
81122969
28793648
59700170
68553445
26764118
57118876
34781476
20715880
76358341
23289081
64988481
23773870
63181929
25256722
80946449
57801154
43699141
1513030
1843677
52235836
8373346
68772633
78982816
35881481
53425324
15382844
68339507
85551724
53651561
68446791
59535914
54653011
84947482
91319014
22108598
46936740
82942076
80124114
91308091
13578653
75472559
9317299
69707548
37263863
60141450
61985209
37666576
11043763
9603092
69483897
10076857
47021143
43113304
24491186
31573219
51711644
356629
44265826
86884978
32164488
46744263
6655268
41246575
29939353
73903866
