36294546
20506287
35342476
18313294
71733999
52386950
48474712
22230380
44019755
22088651
71697497
67163018
54417870
21829889
82363899
2416009
85072914
21553180
22329705
75768270
48623669
93869469
88330646
3103297
25302275
3208561
48678821
21926512
62139256
13111971
26824336
41003501
6167296
87082711
39272632
90784436
74964930
90510637
37576194
37915781
30772867
6601944
72407037
42744890
42752791
24262982
23282520
23509352
33866202
79855154
12171635
86550584
31971133
7899485
38137253
15332029
77065348
28660935
43748204
88695170
94291537
90600662
74342564
36834349
41362720
12034624
90559369
624669
5088823
39255099
88270315
20210141
51976271
44645032
12660033
18606029
29664427
71992409
43179534
61457423
50163717
90583418
86598912
36546274
92793679
85916909
72925640
62428406
31957220
89262661
55982968
92976149
21899195
38314987
47650237
35718680
94264636
82532878
3775575
35445545
17267187
20456442
53162348
21138658
60429661
81922582
2478887
68836045
29087271
15967820
62350862
28884260
14365212
80966350
44109432
89202670
4837516
53453105
56470122
45472840
75615012
62906310
6219045
63040581
21137215
48307255
85313770
49389157
61180361
30514584
87493076
79303794
34394157
27742446
34797526
64013737
61826160
50303864
84823217
75323003
70513748
40703310
64508369
2550468
21236197
94285121
43287655
53578204
57145344
94587139
20501404
32962394
84790635
36744322
84702152
41831281
58235653
55593598
67721273
33594937
17738114
9641461
6301569
85652660
88037914
60694373
50800541
24536563
70240377
90883210
67598788
36272928
68542787
13359299
34529289
66704522
9348810
43135620
51298579
91955814
62687723
54182286
79251200
24587010
32899624
85403102
80048780
18911617
32563797
13795819
9492257
27163069
81332239
48911481
13483058
5951005
25824533
83957286
11190618
8786394
57674164
4394422
20614198
68452059
24815799
62906365
30851343
34951788
54891080
45514880
22865621
18192721
77889641
66922715
69056738
39802397
92548346
17974940
52136734
26612359
76267399
44080008
41584817
36712654
37259879
5649209
81955628
68593331
8076800
87619475
17313640
89486683
85944627
49330609
2683232
59829953
24844170
31131069
7026018
19567681
32848769
48880656
80088896
76478621
36232641
72812051
13466226
88095903
45376576
88202632
38029762
13366225
93976110
60561841
73771114
92837315
29809970
91506460
88863165
59561358
94122633
33501206
87941452
81027205
30181862
91052897
91249316
22077923
13830013
28528550
11772338
25987989
44127354
12705598
46742255
83336488
31030067
73106807
82926498
13366223
44720661
33892917
46924918
65207992
6698437
25581554
81388563
84363908
53727851
18167431
94662513
7842771
59984768
39694243
78024611
