61543616
58943532
52435883
27224060
263758
92548978
50521756
49888327
40574881
15609614
4165625
28871859
28895465
62773978
14961152
13662561
4564510
50841717
93885469
79985012
10969959
15700596
76889250
64745174
75311328
32397841
18251542
41349066
11635623
7432880
11435434
27456036
68383690
66528576
30778389
16888495
93526706
52316217
3729466
56193325
84655606
91619832
85760587
20404480
3438372
81258012
35729277
76458148
34667254
33917938
75937650
55753084
74309443
50834096
28905401
50981671
53853495
29673443
52652427
22782256
6838875
37793756
12636653
68329782
46129
43077640
35010989
42165116
56023337
72546923
76625217
61419169
7394523
28420221
6484504
9131246
23722680
33431036
71102591
94433696
78304628
62206224
17885306
64302251
63415930
73315313
11780044
50929937
73497148
61332904
48902822
41120618
66049113
13597659
67121677
33924063
534641
32367517
17539896
90916490
43487027
26936897
14284492
75883935
28032642
54336873
12650504
6913353
65290946
63340078
2399611
55925197
40598612
48174818
56002186
91993457
40710593
58610398
74240759
43382929
87830811
4029680
510984
75615375
54961335
4838948
4474805
87062518
32611180
59282317
32907696
27514511
9572327
28533362
79606037
77191322
16837912
79527818
42663333
42758036
81118883
3837956
81225847
39112391
43320132
90860501
27462163
47182188
83110603
67102388
91446037
22350524
53339702
33810483
40325936
66288468
40213541
39783872
51680526
84671829
29646883
32826943
87956268
29787021
2176524
79830378
65432894
68532787
13150049
88988394
55400596
49914619
11488333
4087754
66947909
32452358
54010447
28879301
94197720
25443498
7015973
5809782
49627601
30626686
79645521
24055785
83369436
3662915
11354627
77857818
65897009
43964695
27106472
24541094
47618374
63449094
89825680
73144916
1512430
15247246
10774794
263905
71041818
71800948
72205449
12067776
73916669
73761673
82395250
34530419
42479449
69021326
1474599
48766936
93185129
28706737
86664080
44130437
45408583
20882581
5645807
90763864
25263919
62449093
12832733
14005376
78653870
679025
40192431
80109526
20288841
71187763
72465800
86311139
28798638
7697580
46521381
23653820
91608368
31485057
7527161
30575777
38561453
56343452
45018621
48333668
58769149
1225246
833176
52627141
68990709
14537455
52145403
23967317
76765140
72907722
76305211
82793575
71479455
63135204
78174600
80586591
761343
43454427
91745175
37111061
77389177
67709694
2295315
49711104
85717465
82383534
58470605
82797641
40291651
61980115
26956408
27314529
54403279
81180402
79376430
69874298
41401721
11488332
65775867
10822331
75051708
77094279
77321186
30983498
78475561
92558157
91486203
6762711
10399364
43551424
14536113
10501666
56458264
40783523
4814293
4636256
8755724
38939140
37890019
46772192
55479709
80477818
4708896
81933098
51837391
4033693
49830482
4288646
77130888
31394852
13025781
2120838
30497383
59199332
24363488
86734353
24453045
22726722
14599345
62483883
12537957
27326553
91351225
78288498
32174710
22307983
83902229
27122700
46136709
6359421
3759630
2748322
49324246
50615871
1673321
46940534
23189776
18532343
9781348
5837384
30873074
3044564
21957641
62767116
86806791
55882566
20924307
25944605
58392906
80130995
56409119
43648982
52520016
58406348
59054016
28183908
63982669
15679030
83026223
17826378
4676733
81289179
76384
38455731
91193957
72631572
36970888
77786345
83806175
63499911
52170089
16561347
24869976
46833191
88702275
53290484
65919
61557823
4348729
50199353
45787230
38343469
82076453
79192569
31495155
36867142
52265811
91980149
20394181
49301328
41287757
21681933
81110620
65543273
85527235
58798318
40495402
73477255
7909840
47037613
56509694
71233013
50533479
29292993
49740714
87739853
14041855
60698930
13861517
88602571
69480032
55321430
77338787
80659914
55595197
30422453
85162612
7901663
55854288
83095389
61225253
30355306
71243394
61764324
36915558
12757063
27036544
79203579
79132909
2416129
30026511
27221502
58231513
41597291
62943185
62448204
21940544
71518024
12055869
75021885
49777126
45576928
5179804
16824479
52244288
38504697
70489928
26189567
55016693
41672034
47236668
8339206
84318582
89130205
52180007
28796846
45375756
2753814
6035583
83433076
93602322
60879752
26957743
40189207
76393542
58347108
75439613
80802834
37670084
43346881
48827616
42194985
46699415
53543317
6755137
51103043
20560179
82661899
84675215
78616316
40678688
84560651
83391107
60257610
32046457
27758709
43204551
24446537
36555758
81112277
66706185
78529569
22503829
49642697
59123783
69491564
48953148
53253118
