70818325
25136699
15046437
54008851
69799032
60587480
16792739
14422837
10068976
82216786
19530386
21424657
31828055
570536
19858781
26480962
90551532
62652956
91687853
83629891
36867385
39389890
29774409
13643593
64887273
20930154
839221
7294402
71150340
46740410
72679456
22325278
1920146
60214264
56508938
50008574
35147754
89482200
92373599
27630010
26313954
22626944
59552413
16093365
2946099
71463607
9075005
15258068
75296453
34554821
41478504
3040696
15857847
59096862
80794248
93700289
31820358
922468
51521042
11089302
56141188
79419185
71420061
83488394
7545742
90458132
93804507
50064961
18172266
84077393
63887803
61635476
23036440
41581660
92738155
31713825
32855041
57021598
83479364
16018051
56450354
27891532
76894302
6244929
42173504
49492366
32580157
10100197
20790144
49470842
36198087
38444938
47541471
15914221
65684062
62958973
71534350
16243186
28142551
95333
53731362
22128343
2408630
70517897
86720533
61638779
63813406
37404831
56976091
43548814
12529402
72965526
74728614
28561896
76092431
25385015
44472432
32803696
33392133
57886886
55386657
60763732
248433
47833607
44572000
74119001
76408951
53321505
34277974
75164641
3303991
64913293
43558595
58151942
84683639
25698765
73013281
74799442
81908209
48497617
40281410
47854646
14245710
76035931
31019908
65191576
78331924
36696298
48329194
79134552
18409879
85021607
66450496
82272923
55866493
68752437
10209353
65690202
52999969
13920438
14269049
58700771
55612690
73614366
11667717
35759433
6369420
79597770
497345
73055142
77180083
79051427
6954725
90713557
90557597
63967700
40699896
7089321
18160558
9513238
77510297
89239425
49312783
25070232
13338778
42128232
9544339
20775668
90923155
16935898
89655276
27274907
58422836
7945931
69187926
22564886
58092320
77717226
15259694
16736107
79221142
41499148
4588199
94488659
87783222
13913833
13503476
8659920
67831043
35512732
3016011
7185491
1094532
77624457
49571689
31947495
40033288
78310932
46903596
25063763
91067206
69167927
49727990
90882893
38323004
64452248
16101457
18768062
9834721
89216443
88656968
16330579
27578812
16460770
69819947
81766931
63167683
73831703
53600715
91375774
94145506
68318804
89588400
60754982
8406873
64636396
15859879
87643421
54953483
31956654
81073507
90349418
48683581
45623001
80631550
24983335
2224109
66679952
94008153
50207067
17864370
60246319
30168342
29664731
4777736
31204939
2492915
7563853
23633488
8569885
75310817
55802688
19426807
55368452
5067922
1879470
85070875
80582675
68140363
2615152
67171587
20079284
93428073
41303976
63029750
70157014
81359766
76667944
64572240
88656844
27992916
16731210
80783297
16391332
24691271
15439379
18935903
80332510
77023121
48915120
90430210
19958243
43205107
30514031
13634233
70114741
17744168
50296224
89891106
41761312
39687194
52535965
93230119
94245172
45486614
16488304
87504280
63187508
22213096
25192838
20412853
12477740
79172044
91069583
2674874
21909677
35025759
22558570
42930720
32694354
16390351
66096048
56202454
74550219
61444478
15713595
60003306
80252748
49416320
17436262
57922122
19183495
33486117
37341626
8239130
11590112
1099788
64333643
82356336
17380723
22673595
33637525
49018417
78096041
85559108
50700642
17034232
41336077
80856500
52309047
55787510
20713935
41580613
29579178
72406970
73990992
28860719
85037756
86403655
31183596
29574609
54997907
13618919
40395653
86458868
55809474
8503745
86285470
76768538
86279444
10748268
56260942
7461661
9329178
75149742
65068100
22921129
10229082
30559250
55182925
39397931
94374505
58221613
5287554
45526865
85675344
54021219
14786773
75273812
14406695
41005714
58179427
80543606
89679035
56407151
83239170
35970279
4935541
7031066
67953352
68042560
12615489
39810518
60982475
24929942
72493389
3268274
21058395
88044126
88390645
75881745
49237132
66204005
76188778
63266003
65822884
24913343
33308994
37048093
26507755
88018010
91633620
58655463
73238348
24717663
62456051
34772342
3044834
74720204
37895826
9537400
86285393
18929476
92471922
77929637
93894607
8834313
18117620
20709934
22848062
23913815
6058037
32469804
39629780
78580953
845731
43458892
55091323
41593728
19604576
16245529
4926199
17708208
26629137
61666241
16345148
90558025
74846174
43553940
74887971
24383984
55455098
45809539
70010628
34873047
5744125
50312541
49201951
17162429
34344855
78567083
82563990
50465268
60125
78002998
35275804
7882942
21713932
4199808
52676173
75700620
67459239
67921038
40678436
27973282
83806528
66805411
36672111
56980497
35853666
41031671
66999710
13238042
15569145
20131085
22217067
32877435
12930338
2191481
92385881
64062272
46252293
14241149
22634752
89676734
68616018
6519464
41069537
55733853
945709
5299796
49791422
83048695
47105326
28450676
79517865
53152090
29548550
32034866
69617649
26469420
8960980
15828366
25376517
69193522
32425963
38610374
47104118
48496164
28395356
66012325
35808916
57084085
7319059
44513831
32183618
38030215
74246355
73760434
90570383
68825146
31347235
16537235
87737439
93888616
70757131
82125314
90950413
47496929
27978363
93992146
81039916
81684696
53345010
64428942
24420528
69926985
23476308
57428626
84741
62708287
36338342
79138124
3171816
90983014
72972839
79782265
22775386
6115491
42056143
64742914
56365625
61171579
51548727
4674951
73171308
27909549
75252744
82642245
77695720
25048782
42908638
89203490
7512441
39671674
30457558
28107163
7998246
50708111
88944542
24145162
79161646
3322705
6106225
32842224
71098142
40959307
86866223
8908775
66369720
85346085
45680763
81406699
19144690
30642212
68659462
68659463
70566045
46344963
23188730
87831950
6163439
94611364
45518970
54789436
4559093
45573818
62982400
15135954
60034158
84224095
1003836
81032582
47325171
45730753
85846913
81195298
21099465
32315347
32428442
61588559
3961673
86855511
42151416
47332303
50130861
53490711
58790379
2362592
38003834
92128825
82706543
42119120
44382814
8659395
9638866
88522916
11901108
30467539
76133536
26440697
4480475
88958230
34861749
11275097
37970231
12834746
37027030
4539997
25620617
607732
77884854
41266502
76086322
89827230
69786736
6884439
8078859
79294617
44112384
45529636
88528100
1130154
49543155
28120548
21477060
57098107
84261931
45430457
77847792
68111895
36150848
14275745
17904641
31896121
29240322
25386117
1971173
646726
67482128
15398453
89380072
53964106
66999245
82948486
89333825
55771778
15838526
41179346
7088081
4042517
11157965
26916883
39908352
42340621
1306396
53808807
79381341
62063824
93898454
17378111
69322279
49332984
13872962
93532140
46816122
65809902
76453147
72963104
42378017
15727925
43137309
90665197
38374340
25384659
88731392
17617422
36137282
56702390
85089536
16104204
43970708
50442458
89596926
46439268
51427381
81110215
27142037
548557
38094948
10726300
48815234
37133166
50733208
52908642
29646716
54322034
54873680
85531897
6159230
6870229
63263787
66760918
45127647
36019637
25347803
12096923
3196129
43825926
32229421
76997651
68610684
34592272
26180524
16150790
44628464
12763202
41792028
36215173
794253
38941429
79608099
59519117
87501499
58733165
76202561
42510773
91630445
38384368
302640
61959498
73564031
8279136
86482060
32506023
47947519
16099013
48587045
34596087
2275954
67759135
33267118
24294270
57774274
59692329
26003792
50147069
59656739
45041950
86081427
22543222
12530820
1144833
83886668
80084801
86483100
49991270
68736501
83079563
7608840
6320927
75173180
38513604
34208094
74462278
79691576
2773095
79473003
76133904
2475519
67066657
90823976
51121805
33841282
66159604
92541566
64219862
26305073
47409425
88808983
77494067
73115690
84290533
67528168
69304509
57862498
7149193
49095957
91678971
58552542
80830964
1493994
78622213
68751820
32643719
17484330
57355720
38930710
1267954
64148794
86515368
20221752
89657030
32381505
20857554
49994570
24961487
40524043
33490313
62429304
93512505
75234839
82149548
34391521
1324562
15041592
71067187
78060314
16610732
33727085
7022357
79110734
87743219
65510515
67034407
10153773
83119843
49150637
50626155
51410520
28516492
49302019
24649722
93009210
49581466
72150600
84011389
75987417
90451709
13194502
80550368
76690424
55481192
51723739
72653086
84520802
61883125
89729396
33835444
2209391
31756371
30577552
78517301
8966092
71708522
75217598
2183260
48432464
89068485
84357916
20883851
22231559
49404282
30741965
50924177
48660153
69819442
6028179
89395351
62852247
52757472
70557407
25872728
92884868
54898330
75816043
80469174
80748052
25981384
44820362
24806187
37280674
81462208
68251558
5809549
1955999
32631992
62978955
24178112
51920943
91339929
45698597
13537029
20743714
44135131
39189159
44782798
2783630
39471699
17135255
78164747
11112066
21932010
17601524
17708134
51438238
25427337
34793094
24614274
91258785
88917602
46446176
30406182
42505199
38451765
11841453
18537611
21499426
85339861
48238954
61385305
85058465
15631856
27763952
4183339
53597069
4897927
42276405
65440812
54115833
81027784
32267957
56294429
28591522
31564697
43549152
18753747
63563531
26984317
51199396
33161720
73947827
25506509
67776068
19186872
64245614
83257116
26001361
38408302
64866377
37098618
22639490
9635293
78289218
76173711
31622552
80507176
19140011
8223349
5075415
22255447
46667239
37513356
53699172
3800718
69439358
61114687
11934262
29206630
4309201
71115749
43012635
20058002
60828490
28308389
14597470
17357662
48084482
19719886
46794568
18256757
37363779
54785419
50183374
77656324
42995660
18900302
37679526
9457172
42890843
92435154
20911284
1470354
54325613
87394196
32671284
32121599
64503625
61382783
33116855
84187244
6398515
35562867
62217962
21763767
50747018
77298738
50230859
56052217
22711572
35145379
31954734
39048671
73213730
55107189
71366009
51504739
28410910
8896123
47591907
10764273
78500951
79105856
30362066
64470190
71392202
53183979
32641508
92228789
93126737
79732274
22563737
86141396
34615176
23151401
67896980
46412219
67223991
27563210
5879381
30362107
4297160
29194330
26532372
91353606
14314004
53978537
13477657
49121050
56839255
7747942
88207697
64607226
55309539
56834064
31867323
94065296
40357856
20088740
62183931
64112808
84768001
51699188
79845295
77656319
50892958
34577391
17650997
5105664
81445732
18216558
65012181
86957093
968049
35271901
43738452
58471601
65851817
55497127
62085210
16876147
61653938
3396594
63137941
91154533
86346648
43905819
20124205
54816282
35331547
24380565
52307886
73376544
12890145
34082636
40292697
49802616
71880351
82460161
5352941
45970469
89001373
3215860
84334121
86742045
58041134
53245728
19308587
91651176
37541355
34148771
51569116
87166353
14906889
38070473
45668224
61769503
41619283
64975030
50212339
70515930
34134726
42649961
30960836
17414947
1263421
29221970
78698383
80383887
25157632
65806231
39294974
24918151
91596049
77410587
30247725
22680245
88609782
63673208
5660128
83651417
32768432
33308394
24587657
80989707
54332107
16467066
15171486
80172467
33432501
57452252
23013245
85347388
50327451
5907306
31555131
84500671
49032353
89889267
39265496
61782343
40774640
6543566
36470505
11923217
3020044
57619572
33782767
7836608
94326319
3502770
11089140
55203290
94413643
1479888
88822079
68156046
91870518
9613091
26723220
24512501
72990612
70000141
55269769
25339711
58133239
20294241
23910087
44282172
28262051
48738060
71753746
28204240
58922171
8469923
52598546
58464535
47201764
89330489
50677077
77012520
74110834
14597596
8784698
58401597
88427946
71595092
44842997
52280109
11303024
58805750
50066778
4525927
80122272
265817
59647396
70471867
53452949
33077344
21736420
22156927
16990321
11941639
46173774
69489169
83230648
46155983
21564353
21551292
161489
42584736
26908792
82011908
21847450
66720590
20363721
26026466
23792196
65956063
3273076
24097269
61227821
80885754
52139680
2144563
10296766
93331058
17907442
55883216
20203688
23091712
23750343
61308648
37767415
87050379
1580948
62765934
94446450
60804611
12349961
88612261
15806399
26387000
90874123
42531093
38136883
87375287
61358485
68257205
32176425
81107381
83519795
57635151
80902712
54820411
39906802
48290418
88654466
51617300
6193663
33767696
36085614
65894572
18907063
5671554
33018505
75329016
26913508
5226719
55456845
92968265
28782488
83085315
77231523
89499160
54818680
17792138
26999739
38071053
85827318
72505914
56065157
5990096
62921281
73943690
57854633
82197307
68917141
503251
74592235
32456474
54614386
9087336
25438363
1900435
14691800
58940625
34463473
11678767
57056551
15202466
68190223
21505226
39551711
42920665
88740361
12877057
47823280
14179845
83824027
21845954
32626557
58896113
51462483
30369677
90579810
43973031
25942278
28964315
74596101
15123317
37414583
88798465
14390602
69292847
48826198
49891511
6458457
70870779
16170871
60335616
17756113
83368096
28377781
61483484
60401598
29852308
36910228
62470175
12204091
24825351
61521523
76135507
47152899
64078996
10984574
56740271
26816936
47944321
78085425
6155546
18659414
37266879
12659623
14379224
77623671
26624947
63026915
93362381
29592041
85563917
17109909
90972335
31055903
23781676
68743794
88373086
56521455
36496090
80990803
35711361
81919074
50281588
3743917
86719156
16375024
6046378
34775654
82290854
16407945
50238042
4714019
876972
50533598
113828
34643372
19642108
41376961
7649025
84714691
56086219
90025685
36488835
84145133
48995581
43306840
83122869
58017992
94638387
30841316
41656882
25251016
79815678
26701921
12659218
40790549
82717550
76017125
91573947
22798015
67308684
4302632
40425713
55025520
4311926
43823906
45319171
93057728
45906043
68645224
35444867
30562619
62279472
74272729
38171443
71975719
48046841
44856259
36629148
35303390
17756224
77584108
55771773
71050150
37799436
31695328
69331177
32570388
10455052
53981756
22240130
67290010
35547655
1253856
25010966
31328037
22326895
54600992
2637182
35984342
41819025
44173034
23292948
46004713
17638241
60946581
54468683
68658932
52251864
37112069
57026318
92863533
47276394
5302288
33418495
76106188
30712900
8126895
39602994
18518130
30928205
73288839
2247497
6906133
75057615
35291219
71280931
5464697
16559078
52256
65998237
37121331
88106340
13797509
69333743
66343006
31005285
81585238
58459593
7133750
88893551
58850404
42733038
28245133
79928233
33739889
10851507
68929862
13919422
20171343
93790635
93790639
80475066
9028574
48055391
39670229
27881476
49862667
65464410
37756677
1858140
52313974
94599702
59562831
44196540
41183274
75548211
75635334
7021125
93275119
6115217
68766775
3139852
54557914
12357332
89666699
11960083
86914263
32357163
72309364
6437148
43664176
81067398
44170073
21737376
59540165
38122643
90875101
25850860
85121957
34455566
16227295
39896914
17877644
23101573
39271992
8985009
11161951
45496016
78008047
68291960
56685530
40344082
32708656
53259292
60112604
20784896
41330564
9231917
5105727
85708177
31357132
6713982
21636973
90197715
15576456
87622473
38353133
75570314
59189549
56671948
25046253
86835967
81816112
90596079
57095026
8585086
84716545
23449273
3611523
72313602
83495539
41538690
7637728
2268419
5701090
4416946
42456341
62733425
41705511
74594865
68809172
57296134
74515923
19681345
23794713
81602505
24954720
43169374
89693287
8205477
15685432
57077954
82691204
3512198
20396391
24355659
3324028
46247418
10156565
45249918
37220520
21727803
44550843
78736651
89432278
19374815
64526336
50851153
7736594
85586107
69723181
86413829
2504520
1507459
76692762
21045771
37716203
23772268
793190
52269028
41288907
10418324
13671392
63220449
12944284
46781717
54636607
54687551
64830058
44917699
64509590
48675972
30401764
19790698
58760090
54375252
47804155
80729003
27186517
16353263
10949663
61740424
18718120
50677114
85657245
70492750
89902850
64801863
52025350
59460704
49459103
94378651
89885470
35439550
29801652
38959365
36922710
13738189
70900088
3881915
77120203
17565248
12810432
70304044
72791049
69612084
18164148
35907428
2935772
50590018
78302755
50488473
68253628
46361629
46913510
84681352
19376370
2223739
57497893
88258276
54733385
57987642
14637890
29346892
25688446
65696107
47222558
12353263
14128483
93243384
92905999
86240796
13724452
45901170
36495330
35460389
7420627
26706162
53708949
10801325
16848224
85175179
16059460
53592933
89878603
88212073
83893438
20731508
10632006
33558006
65738971
4494578
69409429
23402284
50528952
69730280
25728944
67087309
80793704
54382127
9028513
36008488
47325176
1839454
27469194
85665767
71436243
85146262
31687702
12247606
94524462
49459983
78279978
69045410
27376546
90983429
70867094
6716487
25566960
67999253
71288046
43229609
91893130
77063059
53672235
90939152
6930777
34212543
4963817
29406263
58712380
12722654
80519271
78868134
29622842
80228277
79191944
44433474
21101444
26620037
29694426
25088737
10329027
43945
62019754
77396040
64733072
75649283
17965872
41124901
69932494
13191815
68818465
57984297
20398058
20397674
29016081
34573212
88979049
41808134
74585319
1675151
82107717
30044833
41700213
67204126
41079853
82118579
31456008
75961171
83017717
34470139
34683842
2573929
47215271
64327250
89598634
79805160
36590275
28891399
57557781
6445039
60864486
81597157
16396103
57660116
56151214
33768175
76056322
69544931
11140897
15119553
76127544
57050289
33700541
27015826
59480628
36319669
32519894
11721733
2070234
30913112
64736429
55522125
55713042
35839133
93247758
69211534
77199088
68051317
54483456
56210804
39490194
36979406
35558910
38757482
10276449
44147383
88355378
61872709
67095178
54219897
91414478
64932457
32910257
92887567
3733577
14258547
25198443
39384889
19470144
24637790
37091783
1668644
38688258
81066163
17672273
31279842
38288985
68529198
71301887
82584819
30646230
39433780
22488318
86443095
46665967
84756742
86500405
76636167
51421184
92746378
7906916
50074338
92656075
23730558
47565619
83203630
85274453
60543642
70931723
94507823
64116641
2157552
74892957
64180065
33106899
83297428
58271755
2019721
87192806
58805419
3427603
56433144
2356606
73978814
87894924
76943365
47289457
1247692
40076435
3945364
51537899
49930317
22641323
46983300
34494372
37321145
18163668
7233016
81740428
76111457
32665789
36425631
28086313
77525948
77785779
66189810
42652079
43149642
77495277
73605004
53202809
60230561
19590557
23397292
88106524
36320844
372248
2535868
32380707
22042302
78755700
67837408
50355313
67772262
31997973
82762633
3311293
74093492
57992847
19922299
94627166
32412755
70588423
1463882
58527083
45242584
77011786
9772558
14233346
57587588
58535334
45665249
42151422
42281050
35323451
8957463
10982327
77032290
4794113
31315735
46987665
42523506
81767511
69965088
73009986
86502075
93889917
10395372
5951855
92492409
50938799
91341587
25894494
7345081
49462492
76050061
55434234
79842602
20331064
16471640
47290191
79862520
17656397
13965100
22859130
64313523
69769401
18948883
25751195
94639346
49392457
35722444
44811252
47153244
88366217
88704078
26584383
2494605
29549353
93513828
80140778
85487124
4503393
43703834
20347280
88279931
12319378
47986656
92379107
51946124
14943958
75108776
45880398
67999221
48069697
85456600
30909216
93415766
5538165
75692652
55429462
27972600
5661577
20068049
1359825
36698457
28664241
56208620
19569415
2958976
6650833
72307192
50778381
36376041
65818933
4794761
40404805
18428189
7702287
68800344
57457554
17645638
31689036
77276117
48852390
3036674
44158961
87018668
89315674
65179742
27954864
89440455
28777115
75683999
24810950
92635651
26181234
12405374
33899847
67713438
50966351
44193898
25955028
22500115
59472311
58185956
16434576
27941608
26633920
17015083
29184816
17460132
28105938
4514677
33606197
27096589
8300320
3542380
78479708
57435653
91792589
53143126
80421949
63315661
69441187
80703326
25555744
4392294
28178025
30368666
74670178
91343428
73814124
67346840
60732444
41468924
39845333
77052096
76199056
6992443
20190137
78192391
54068311
51125932
46073593
24178577
79236046
69682201
87284953
72079491
38687768
1494835
39064226
7417255
16101720
53919682
88713981
38333505
46410565
76929456
70308232
73725029
63442613
68032802
43700036
73245345
80117005
88952988
7258737
34078581
76481156
38012387
31642205
39052277
43219912
88556066
30863841
3773057
31337354
81675340
14183439
26192453
73853194
75162250
18647361
38999263
5571403
34724904
43989602
8041886
52214192
93319199
43280594
13705779
59040528
82999725
61239789
58247977
82006808
56638096
26163220
13454384
54061550
7859069
33225063
42153493
39108487
89923498
21336072
9602912
4235143
40337524
44272605
43757362
42869619
23794450
92142607
63018512
6941941
18871881
71730007
90400806
65973831
19388364
70330682
75822669
12306303
49280732
10527415
86849111
28450698
60144114
49318055
43505888
91436515
5246135
76535508
72420082
12080624
25240393
52815526
73215069
41428487
6283656
28764159
5329896
7030082
83878526
82934187
18103868
57563253
58813852
29606097
83783009
4623325
26863563
25418205
42686871
49649259
35054749
86182336
6932858
33772897
76086550
9239383
4387264
101228
62836226
80935353
52688584
63281055
92771333
17771629
10229984
40668711
9760976
39428608
9020980
75319030
77584729
41020124
46532020
12879389
21352956
72790604
77907146
26551170
89845431
5707307
7508974
3302468
34181311
77269439
16559140
79009086
68048075
21198653
41969224
13718591
13322423
64943631
76291373
51177956
58633170
45762399
72041532
74894288
42509485
37852110
2282596
10056774
12250189
37598280
24129192
28273272
17073583
1526717
45973834
73318020
48080216
36404321
58350710
37279331
4587677
60663680
63023978
48042532
29421976
76389018
41115688
70073191
36278531
5366714
32107006
92425251
91049486
17722543
321176
26579419
61126661
60520805
41717064
6495757
14900065
57576983
22901633
40374728
20966777
9265445
84775246
27717939
33204835
38844865
84789118
88832193
67153620
30064896
73467758
16311116
91071056
10436223
53950219
22027928
25438606
36722292
60734543
35071392
60587610
7603316
32059302
24247613
78975300
35271438
20233047
26047733
20511793
64784712
36710783
83564904
20251323
82269406
69076258
82880477
7474091
84700095
34175737
84086781
61043349
94661351
24180460
2201101
91193508
77675343
77508567
4731943
61453922
64166482
11029599
51778674
77970065
93331063
49691105
31579399
18170287
8367735
47788837
91929374
58229965
90295740
67122490
19946332
23859807
66633182
41003065
51480828
91794347
55349819
40266371
37146237
85016547
33207447
35314761
75842713
67889923
78480629
6282688
73948918
86789990
346538
81979999
69177344
48334559
94079002
61983871
39635451
458029
5855646
64252023
48448570
47742621
64819550
81903566
76946229
60215540
40773155
1491670
20345646
12605842
17777767
68110603
44079441
41382952
20544477
13824665
24131567
72576466
21947606
63053455
42980852
9315889
9882279
32210061
91402636
20022391
36184611
77727594
83035409
37611064
88204055
67544513
11006713
40069543
44224548
49399688
16427406
63098516
90548212
28119751
78956513
71336637
21178706
10182302
83948403
43254465
52263455
94487991
58983336
66329663
77337339
32459014
79548175
39056545
93220537
94041853
77236795
182884
26281560
10559127
74544124
92280539
17900972
7078802
31135597
44834987
10446490
44728006
902542
45233308
20013449
37001658
22975663
54458507
10599486
58479106
48052002
14881690
49202552
50749570
55230726
8674305
83585761
68734392
84121579
89204154
56436994
87222817
75540536
68297424
24828787
38443277
79466881
74945381
76507903
58264283
86281202
69855860
64868288
74074646
54217644
59598413
54903323
61793442
51514257
23697723
67933573
79155962
25569751
7281721
87554733
86514873
69072473
75388223
25595022
72653549
75883442
32377810
70316745
91495805
53552853
20647335
93180351
12120194
6242886
71202669
25289514
3710248
23702396
69382818
41108885
80118126
34692328
79919314
74239283
26343799
70324202
36266420
54081817
13102664
54728045
53227130
34008370
69978807
31557076
89922718
38223958
87418817
28541157
41556959
293429
48588568
89431897
39579095
42667164
27448275
30911447
12960344
55936411
89112760
52492738
93672446
69293205
43709713
32249577
39942271
16864634
28979869
91697433
34944080
58238734
673711
4012405
73917144
21373905
53998088
19848659
82248752
31970759
32749846
60453325
75106919
89444914
60130868
73842672
17237689
89595882
62856917
12666967
89004102
80617478
19607798
54049347
74950712
32767997
87357600
86232582
13825246
4734137
36282772
1057150
69404470
84923593
48308061
36571562
89861283
56387689
15671599
64659118
53671561
52004000
81025415
27202678
4967191
81291898
62424705
552997
13369039
4154785
5071579
75374463
59954245
28164646
79890781
27693498
24207754
73730486
11659085
16190241
35960053
46970622
69021779
11058502
52771690
68506239
19143929
70200839
61947621
11773607
70845225
88052081
64359516
4367046
3232320
9942088
46310145
25469348
48347976
46910615
74914831
64052596
82387164
77857992
88492985
75047817
65643323
20955914
53372946
10799776
50843340
72983295
84008213
44238376
78967844
21982871
58808460
50173369
31713504
15164623
32509503
43902052
42775631
37760029
58764332
58123747
71589663
53677030
56843058
46855958
44315611
57650781
91389309
67210636
33488115
11475679
86003698
28579437
52227134
25745832
2676169
74238381
83046991
16526795
56683704
3562210
10565582
25929919
35530610
34975471
92258568
93904121
47312274
28925692
72123461
87905246
58017183
23087347
10114657
79949231
52985505
59182399
86698656
40512934
66177174
73674328
59968763
75719482
21768791
89163233
23291754
48613826
11603913
84196728
39804176
39793566
46815900
72627155
88024461
84471566
8734164
64029936
52470791
13847558
38314746
38050906
56735580
72323000
79223466
39288862
90116188
39630748
4237745
26344148
86579107
6668222
83708778
45703731
47658032
79832578
14123882
43987662
22431947
78216182
72961561
84565866
71247679
3631407
80342004
65470022
9813754
63922381
81030999
81031000
83546910
82119223
19952733
11199235
21837097
53163737
93032537
54638427
72264615
24815705
29180704
89706358
12146981
9155018
3387750
65935091
16495959
65852344
74307421
77961853
7494543
18828776
32887021
11279909
48524797
84458071
12455701
50914226
50014887
5097052
91580652
11133950
49836036
40729896
31555174
34659782
75290090
41910900
13328583
58146985
12774603
55540953
89420621
61312803
94466766
81928392
72289374
18074999
40460592
70150031
68724986
19627398
58625582
74016999
7427167
18480215
41373293
66704635
65316891
83288171
46050586
43171598
25463788
62598032
81517056
8033743
53004501
89134094
42069601
42848662
9135183
20654730
53474040
12269446
16337430
1338849
21596461
62214271
55392869
20994905
9433023
45989507
7979801
82767227
8298685
89804550
75033354
15070519
50366728
6678093
15497644
94215973
94161808
84027437
52338334
38884858
35865253
93726959
923161
8851094
61749180
7160770
28313375
41616800
36739897
91398828
15657159
37688989
86283013
91514699
19784341
39731939
85239658
33563190
10997572
71820834
67185850
29921219
19122048
35467744
81207355
81347165
10845897
41062354
80812056
31125213
59570110
33800502
91356218
36619051
55398364
43539956
18619736
88662686
91153491
29045526
88429773
81694853
45010578
60478676
12453551
5914745
32837367
28899258
83421122
9213916
70612385
25437706
42693841
49067332
44036895
8582383
6939965
85057767
82446694
39337011
80230845
73111957
29002164
65315043
42005805
52262286
39699142
26410740
9767055
23304114
13073979
1248302
50367034
63847613
66588079
13074448
47384849
91568757
47759571
92472355
57198356
5764836
79429433
49402895
70328741
83684015
36484610
62073058
10452278
10632030
84934830
88383426
91784185
75066138
68660609
78995288
85788085
21213630
72709858
58513475
18837281
7016992
71466588
26426405
58101231
89103319
30925254
60208881
6989357
35835991
74115477
38999682
13034478
62899860
29621963
24957392
87696428
5621109
58388111
21544773
82541725
89667503
58047015
90937393
73756926
63991119
57563824
63960348
84560
15626506
60584055
30548810
35330025
7838248
85640969
24665733
51717300
47194304
30648687
4486656
86687567
19208673
36263638
90947086
43617071
94308536
15235191
34229807
68038252
11668091
7296378
51765215
81083951
7982517
55340042
52603467
30028835
4187444
81167070
78136133
16399353
91976321
29539183
16330000
27691432
86941882
52127630
91421033
86813007
53711576
69513012
24306376
36799741
50694207
23677704
75743945
73775234
29117851
37790624
76871402
4177666
58461933
54534614
75564576
4091666
2624571
82640313
93409935
87119426
63915378
12975502
72153357
55542589
44583031
48116103
29622114
51931649
82541075
79723789
27990292
9684676
70908627
82931976
2887702
78281042
4079878
45585180
90655720
39982961
15224829
44028676
81400832
85743805
72382003
16883516
54687640
67171592
40216571
52875830
57962332
46260152
14166858
39772862
4328107
18829919
59266810
34094324
24540148
5965479
4993002
8957343
5805028
46420358
68739169
6766227
87737008
59380154
72932859
31471424
38615984
34648501
93255440
21478823
68603046
29695438
30042792
86379132
1079165
37965181
53365983
51415804
43760821
4710445
64257117
24287260
49676558
46039848
84538749
1290049
54680132
78137936
27936024
72059226
14736384
53653418
65687905
84291146
5212087
47606154
10473183
17665649
14799575
60841275
60224433
59120264
20373213
71938952
72449354
53078974
3137047
81522275
14046955
9623640
64381896
91462983
41387240
55397980
10747093
82314914
49195450
54448780
57867771
63431204
87691816
1678245
20841739
22199579
17097958
44278139
8877749
55127194
6810717
86220044
17216530
23235811
86504169
29158229
59994665
33263037
23128964
61981400
45605522
35636185
20306174
39785457
89267847
27407699
73649917
44940557
11851871
67560874
57077392
79518517
90553804
41485022
5126451
88845364
79653480
23880865
20382462
91466515
85102031
37738781
90393161
41747601
44413213
80758964
70130457
24590350
9956158
33829957
56230848
1926722
19210751
35178515
81260156
65956149
92113651
73755011
47730787
72205145
45606145
17587655
19332110
85659387
77548477
46539315
