54418044
71264059
29026673
6176075
9134721
72430594
69245971
9784418
17674772
15880430
76481956
38191381
41428456
92678796
38269227
80422530
48811573
32369271
5586855
54309337
554112
25980386
44975370
27677141
35552389
87825172
60616029
14292542
43373684
7718826
69451053
75041208
59658270
50818504
89874553
2637593
25171333
5093219
15420225
7727626
28722640
37914003
61811033
65351514
18513366
49728090
74897546
89637453
69092746
90749938
67184822
21191800
28123763
30650968
76779353
306558
73548013
23668137
23333610
22049743
80901914
65013300
74474984
20117750
6414574
18661074
52681941
85187046
26159972
55984732
19811327
69557361
33089151
41224563
55935730
83434581
61356365
82325064
85078735
73804012
54903826
22479451
4907678
40853612
83438382
4472605
11710003
78052091
28260928
13936667
65028864
41262791
69406403
23367001
57477990
9931295
42519109
1061005
85614186
26683885
37897224
46951543
80173780
88769518
39748457
55842261
8519793
15808934
33117802
17789478
202664
12538007
67432984
81452013
59049773
15069799
21294811
4329412
86864297
26489941
72130088
54807653
81173839
65936754
19135316
79100065
66430303
50070305
77208007
17091401
19595852
5431637
47810694
7710305
92367128
31425959
51809522
22564401
74899843
42542421
16963332
14722267
58720715
84206841
63999011
18040381
5851024
41519022
87797734
23687314
10979990
64119415
84429494
10517636
76479108
29567143
87058012
78409274
45969810
2920242
77710417
40410467
56262047
5071152
32980472
81794154
2082254
72761318
41169584
10855165
41215177
26846924
17627971
84431004
60702348
73189318
49771067
89752080
13061839
65240598
50506727
82894815
50471206
55454222
24934591
88462326
42372424
54890781
61891740
19724707
9412986
40514853
7155342
55557289
62386850
20507064
13954291
91443467
4320200
4317083
54452369
81358057
15148986
47173674
21514128
91149113
30013337
31698706
57093047
11571263
79405030
80494982
25665859
35347670
51944968
13330808
14930276
825405
38858775
6984474
13263460
70236821
41632655
66798410
32176310
51263152
41696702
52791541
15210972
88157260
34736088
69149124
59457357
62916079
49657748
79987264
21526343
62147617
52883852
5218674
76000990
24940034
43899320
70085404
34061899
74033526
89433647
66712557
63699703
88587543
92721410
51339004
20135932
25709371
59501594
2127913
6464115
40044678
61864113
20625861
40829112
16052089
10695324
54517333
29312502
1043792
2455275
3627884
88943169
40022576
23213508
38538660
42686209
8056993
10597904
83227424
59415362
19274438
75264100
42992266
64996294
89086386
6216328
54151690
2159717
56413386
73214033
55264115
10193255
54530147
13196100
60238496
7801542
71282411
16937313
50113007
45501946
30355912
88564176
31042750
33436057
83210961
4746820
16187647
15059747
43873153
52516734
8911849
47704607
3252688
35190227
64063585
20605027
24343862
39665703
1940433
25376453
54955756
77218809
84405148
58760281
90068958
59479053
12016821
47428367
23658543
52820277
56045955
5091056
8008524
48132633
56066368
71650232
4342025
92489343
23482598
67120873
28672363
54625612
65025839
39619133
46623040
34009023
17293084
25481476
47058848
33044390
1122326
69632504
5429812
35084338
74580063
34282262
68239068
67542529
2670845
20074912
31580608
42165168
16344353
84057650
15713163
68992627
47027013
51877304
37798639
15147877
60109621
31031466
21140406
64680388
49577840
36511512
60500018
62755152
20272546
63232550
77213107
31948793
59869679
76654958
813413
30394979
65480393
80790751
3997653
13684907
34309071
