62150956
77609814
78017269
88114810
63524329
3516846
55433786
34182506
67304939
13746415
78940681
82787171
59811345
83351011
29976431
35656301
42723953
38342675
41659754
37654570
60336405
2149497
80520976
68325478
54632147
33537824
21182517
93907795
44208638
29728234
91928232
84891141
38005234
28353415
35267883
12931040
75738092
45996629
18887967
28398983
52044952
7169549
18645932
12883248
81686698
21834552
72481760
7154698
67793915
21070523
49307337
35555046
45605848
85584063
86054112
6516559
33607488
76434676
90663249
44325103
66225686
7052438
33809759
66279006
62312070
47276531
79032919
10881300
23224870
15034448
73511578
64660038
13492335
18696878
34752139
60213234
65192098
94443588
63825441
85636475
15502769
87672374
83121947
29437145
17780464
82723433
59360155
6265334
30562670
38214457
34707199
24692312
