2706214
33214390
57169572
82336394
22547236
40254288
77999563
91840304
21501940
55426546
92462715
76675338
1068647
6630308
35129604
48132566
31127641
29437953
45792705
76777504
66617005
16991463
91734852
51114574
40716493
40131529
52615926
2764662
47857522
63738078
12974081
82837445
56962486
23510939
377028
16777356
39116863
51145387
55924363
50538398
85768699
52862645
32066649
25785059
9507604
29336674
30104420
13417200
53364739
87754638
48982931
42682637
59863212
78838167
45567321
60663179
32459265
71757376
21572199
49445947
79741879
78745699
12213814
84063212
69408577
82145422
63784521
83211562
7425940
6941076
78046742
21648561
2735555
82239245
20104809
87079936
12435300
18785773
90463997
34770319
26005810
58285254
82596537
4408745
18111128
60824813
39675154
60245789
63366111
57853313
16496793
84276015
92264958
56200675
67461835
19601151
68101629
964417
53998354
70764470
90805696
51162699
6199766
86421957
92441020
42694480
27114240
60503059
88968620
59047521
28813133
56044524
86601979
24331711
3133711
62724994
8101358
61930008
21570716
61552096
55260077
84493867
44180490
29812791
29012626
31976089
11786416
2419500
81344825
13676548
30218751
303154
73024391
63300211
76659655
24799770
41705913
1188435
41385372
85531892
4550260
26348297
73763789
18489358
14574639
33089784
6628111
76457428
44723709
65751067
35952516
29937861
89502372
36949197
7164962
18367103
43346134
14158709
25449553
70703751
66952018
16251501
88968615
56959954
21125583
56543206
19271419
32080832
78807015
73478844
546506
36616434
34206769
10522343
91192189
84154136
37366733
70770156
27396667
42364114
60016890
33783958
39671890
77198653
28230564
88662960
1740936
64282703
70606890
74630230
90881221
8415575
90495438
82570382
79840057
3782136
77356114
79627609
69924666
66153098
8026906
45218758
39268059
9779688
112638
30803446
60074033
51924755
10400293
12895489
81942110
29270442
73921833
63634056
90181590
68169035
64661400
41408087
19545663
87277514
75808243
19685893
39755127
10614470
35340158
28696191
7864114
68969701
85596054
43809971
47655084
43757007
44675508
2304686
13422070
85127569
63844532
87023267
60778455
9884083
92320547
32416696
87490943
5001424
63051609
83830914
73888247
71015565
15542248
35907946
44863911
23395039
72812198
6943824
41483145
28317169
20583816
734769
83555925
11959952
58058878
43703423
33075398
87943315
68116016
90122666
46146236
65372683
41030607
76667372
78632884
83439658
70091797
4594975
87147790
19880749
30600344
25346772
41227738
1737548
12814098
82129424
6846494
16011825
10633496
51201903
44214697
57157861
75923421
36919795
49446887
34698099
21309233
39769124
83139117
68959687
6892131
65179254
9062575
77406359
43672750
84386948
58116865
52623211
90430808
40798953
61879297
58704569
28685397
