77478842
57411305
93443339
70995495
43123264
4142259
27965426
79281065
34522756
58811726
35644263
12099551
37716975
10884405
58690159
52798084
44160467
58341387
39464346
3261204
84554706
44765167
64617080
18479107
77658919
57672041
90820896
55598807
7936762
32513412
30708181
93799878
78135304
8103049
69864734
17060948
26300810
6961269
17829845
52386110
23180824
50327374
86263872
3185165
81065799
46451077
9394658
84921385
43723001
89575107
60928952
33888825
15437484
87782030
22607782
224226
72115099
30348145
466876
4365576
66842179
80575033
6767003
9446662
43819675
77937481
63387219
82119203
33293289
230230
32711596
9940681
78172849
33426178
38260542
37324555
7503939
36069174
72617816
148919
48435962
39677700
84133010
82970602
67150582
43524393
61681348
59795711
30422878
83281670
29502703
50072912
41655297
22326869
62452408
31135479
54378689
19190580
61468747
35348825
11556976
53724253
44812792
65841174
18786518
73232952
32317875
90868273
52622983
43795633
88928116
70474635
