41201126
81968720
21029720
27530976
15925255
74732547
16957139
80423140
44244017
49309933
44539181
84276850
85143513
7675710
56195949
36872927
77375475
86509007
66871899
52668867
62194375
6890836
64145260
56156315
55199374
6285172
28445102
87987417
15720787
75632423
71322063
24552087
15722099
82797512
85474435
23853862
84385268
57895980
88265818
84261099
83813980
65139825
49069944
41386478
38073744
50607845
62192043
71338330
13800232
69650036
82219326
63302755
44641175
83472898
45691231
24098966
42445798
15176083
8804036
42852112
24637011
27927663
87814756
42279232
69949157
52813316
55135017
32990267
29931262
48289596
47150244
26560357
661539
4763030
25755651
84142174
46742602
56303784
48607827
12642374
42833320
42151689
57220845
32291463
4106792
89048855
37235889
5600343
72800679
53236437
84726473
57932157
957915
50544603
63979473
62066141
31794048
20711756
64846415
8520463
85056621
52264909
21197254
44576039
14976020
9710455
75452490
65273984
17139948
74360001
31810388
71049444
82818798
56833701
52260330
54710884
34856409
84163442
24488177
31101380
85008423
32251116
83748131
75847328
17198685
13291344
76877690
70888889
5138499
76697937
43730975
56290369
77757227
17952485
30670321
89974138
82238489
83197526
24880507
23633960
55032859
16993460
86796333
82995706
15594166
60136447
82126120
24213643
58293162
2137860
26506726
44156246
17225460
39412225
79240919
61023532
9486166
69186848
69318436
42813560
77797038
65777946
25481209
14039734
30593704
72073551
63883846
74406205
61263369
55754475
22830503
75562293
38262084
86009047
33183945
65187537
33618916
28856881
48662976
68159369
30881247
91892274
4627607
20438601
16537241
10304720
62369047
62357936
70946259
75431208
85413507
56299252
88219166
15950436
56775924
51125865
36200350
45162770
39373662
19783090
75148641
56646240
80494124
88940113
60356087
19937445
92626319
40311889
72859780
66534905
40535281
58814973
67289064
39780049
73280618
31947322
5804177
62521016
51215667
51419941
18023802
64362935
47823592
88550645
21907408
42947544
16212025
33909239
5219218
42022656
26644640
13621768
67050311
6526370
83614782
11484308
61228824
88110815
18136230
85554136
11709396
28606449
48866222
12771988
11515595
2500542
82055186
9179315
2927390
84492879
72646399
44512859
53711541
34333290
54516271
66465964
62486897
50625568
12160303
47702783
11922423
30445871
80801835
32205750
22865510
61622661
41688706
37400375
24816853
16697887
43594002
49158072
30612338
64814130
25190925
92521910
8132396
46586926
4270550
42847877
5668710
19068298
37363614
52939336
36633339
62321266
56354191
67323454
48439061
46826342
22043374
45245464
29545640
65329740
74872608
79197692
15529130
16799458
43194808
1839323
44878645
19167281
78672887
78461734
17827943
518859
78372840
22871953
87847354
11280774
10137756
29412823
26309395
27872877
74129395
30404257
73751893
41987182
14205165
71627264
74851730
51351732
21927954
36418782
13604628
77200758
44501550
56266324
84476022
67601434
51611968
84393577
12597128
68460339
58893528
22359545
41092199
25203529
72594452
92682984
65058912
89240336
26188860
82834720
30721083
82238570
71243701
71218005
59887147
4681203
49024472
65856442
30206285
13035581
59492035
44148235
13236289
87808279
31328257
84381674
68241002
1282065
79262554
73992672
59208213
58929614
70003142
82213621
50878659
59085034
14624759
3562346
45797101
19773374
78412249
36345535
47937525
4771005
17168755
82723613
4570419
35524521
71252376
61204233
79716597
41917958
80274679
90337969
71830551
22251230
43933308
12295970
1555213
1400776
79181596
69942201
5386369
28573239
30691008
83900321
78263172
85612392
49387262
2969124
6061048
61323652
47039357
57712920
9901475
26574062
57217810
29909372
66946830
42792407
79995242
44590870
32779116
46765234
74310098
31599711
76259124
52918998
57144792
50441079
14686323
41201128
74135501
46376835
15254204
65581938
21354057
17314568
50725839
60103457
38658175
71392503
52838664
60781081
56085922
3302227
14087489
53935960
80739267
77727419
49572145
53899821
72246589
4809082
50257799
85313882
53582801
212180
55727782
13585662
80303872
84884690
64918604
12500326
5393518
14752977
20960338
71331878
38417296
56431623
35505441
41758468
70651121
46845008
1613819
39181516
7675116
21912031
22656520
5050804
75406592
89865061
69046897
76026874
76713193
38752161
79227476
68735643
12362890
55442603
46475654
23112263
40421984
28467523
25522321
36154101
41175429
12154829
82740808
12022040
41919602
57835455
52298480
86903331
42820702
87311135
47997464
55429881
24732885
23370722
52117538
76536552
58562327
55877271
39388670
71424668
59043291
48755876
54086546
71553494
88761821
52498935
88342801
70421652
77952969
80741802
64398067
5926088
19110280
81859435
4506342
10953587
84078397
2181817
84927582
5907575
52067125
10388510
66286022
27756508
74693819
11308143
89839251
66070533
44704397
42442723
91587908
5315053
36085014
37779138
15889085
16899766
75951364
44724168
19636720
34193378
76004269
3536104
37533872
83303280
51718638
46979498
49454532
83606359
64072101
52361462
74659215
32228740
23881056
68854323
25371360
38701687
5884377
57766762
4378778
67558280
89067738
12697697
48542899
80230654
63865199
17375478
36624621
75821479
64288867
28174151
57838870
30431061
6780242
30832129
28352216
87170908
2616711
67438771
84648148
29721972
88280880
86987646
83993603
63806732
53524715
40831513
45901215
48573700
40625806
17869129
12428588
79355625
59666401
76643733
624756
76039165
33160494
56603445
7358378
35426604
25387868
26157711
4949107
42266979
91349103
70129011
42276844
37087267
3602134
72467382
90640644
51269439
41900673
82237454
51267115
55673544
71732122
13736898
57224457
24718504
86928561
1011888
84160403
66360301
26547278
41865418
77138310
43194314
21889995
39008521
86782406
5511266
13994967
37609943
49695612
33012088
32662587
55599334
83564703
45870752
54346620
53710693
77861371
63128151
18789132
73082274
14256902
72285211
89631031
38665456
222560
14611399
74352105
18285375
59164105
65804302
6240919
60740731
6492092
88346561
63384357
34409291
83125880
61844889
49029912
58650401
80479343
79127215
8010925
1480144
4062471
68744657
9539735
59985502
91809827
14185556
16346009
86213537
12117352
51113016
57708030
33725981
39049716
80615501
21619345
12669206
881985
57410386
16884275
19292952
10743985
33862469
72368639
26804420
74280276
62843898
44661325
12116166
20485346
26228408
16410148
20451806
91943720
39588647
80425185
82823065
55093449
7158467
64275326
53682511
37986328
13846719
49810464
68938402
77999082
5494372
53551953
61528910
47526930
41585661
45757508
33861835
61622203
52348775
35475447
39228014
82961848
47457157
68951203
84584305
32321041
22529342
44693875
61700217
30395605
76819095
88863220
68920331
25649161
19867419
1678584
80401372
50976392
63991493
88124201
13269812
87311401
36628789
91619331
68642896
13885524
91724528
49236442
65931383
72824287
2954586
45075300
569567
74362629
19663555
81840945
61734751
46437843
29567425
84924555
70097668
90841011
69949325
78104851
29563631
2112729
51299295
65688551
14076587
14550881
77825333
12530224
4510811
35675023
50169081
79487985
84853573
14185369
64426657
59173602
23701094
62887700
67192427
29400273
41159125
27078991
64769484
60590807
85999019
68646882
43881634
77557609
26912939
12672458
91017109
34916949
43727677
1718335
61720643
72751331
25644462
80639195
39197575
613575
56704835
71781184
36518732
72252873
34374302
28266008
42229857
72291716
49725848
16018562
49427531
55683585
2615995
3530490
3826964
82854203
32819842
87123928
47862878
25867689
20266764
1580627
81302717
91532023
69214866
53989587
44789572
88128995
33069772
89475549
6388590
29850160
80970354
7290533
46893877
44608491
51326468
55136183
57833756
54725961
15627222
50363689
10264295
40076796
57764379
31557815
35136430
2706290
79283299
67115966
70798840
23216954
56969350
70717583
23054845
76529239
8423869
58408862
83223851
44898643
56635809
80287917
16350633
23891187
44463550
23461315
11275030
35946906
46788817
2576096
15727068
86447666
42810959
89902418
33880965
33641233
51790210
65432603
65676582
61783662
63767560
64060728
30918219
2863593
42704958
13751707
15415204
43722096
52649318
86257415
16631661
18324482
41836762
58499358
47978145
89915913
64989477
29547821
24285298
88750103
38980508
56260040
15329884
54139817
39861072
67108287
16705449
72787519
92872097
72227609
80168949
45359332
14104207
53161000
6930105
32929605
28990322
51398599
65730907
16446478
44206049
34318770
32564471
6339148
86871257
51490351
89780788
48934298
57877025
16896703
67908863
1597685
14388296
19235329
78811898
46608965
44781810
51007254
40725331
67728812
92454075
17236356
21522140
64091935
90307866
92369129
59615279
68589366
42928657
49925973
18366476
13459573
62061106
55867157
77280460
27841071
52586233
20197485
70192634
2037490
57195391
30279851
56652260
7052409
79272771
30170018
63260867
73591144
6050595
47115046
55359583
41403570
5534609
87835530
82640312
23211155
80201430
40329554
13523837
