75412860
5507864
35057957
79852461
90008302
6158805
40609613
6353955
51645589
42704796
29748108
40838276
24537885
7052227
90808549
49644758
2359386
94155312
63490767
50958153
51532014
66545676
79078120
75910348
24558845
7977800
50400621
89330214
2385275
60704349
1923111
54609684
71282632
51338502
56294405
42593310
73955469
6124432
9247874
84781929
34630803
93364746
76954372
8425638
89822657
74339517
30441470
3017371
3968703
21559545
2569691
92056383
27816592
81286677
72086658
73744476
18907152
61499621
16289197
69346412
16925777
22225373
65354376
48926059
36182865
29012042
42532144
5893722
70548875
71333092
13375071
24184307
49375811
62374309
67725581
52122671
80769053
5278858
1303173
45841565
82643802
39059324
48420318
42547189
14292297
63566292
29654629
8782680
27754700
89639341
40397117
12076691
23716290
24425301
52420699
27824525
45651171
48016775
1964024
61268668
