20363153
86335871
58612069
22939314
17664471
28057811
47367025
79421643
74538465
56285793
50678284
7080948
86687608
64001669
48384242
77357106
12193723
25816154
57570875
77682819
85780641
36536907
69170865
68501167
28784850
85380145
48850455
63072849
19619993
11113025
3382859
34508614
59301754
23857323
1733709
35988437
87931359
83017036
8270558
24065541
3525708
57562085
15494453
50950734
55602375
61746295
65938748
24759715
26917701
43297258
16579850
68520266
6757677
89269537
86785897
74192910
3483063
61198140
29154693
64335307
19866300
4698494
38226203
58473982
66660808
10054353
12404750
45197132
53136311
22344060
5939744
43788588
41460373
8716461
56909578
43675712
35219438
13968507
23241896
88301098
50716092
57518168
46161595
92268118
7900839
13538766
41541691
31317752
92513849
78739247
24700624
41412413
77534799
81981208
49510411
72933006
8285096
67960704
30740698
77933722
44410899
60828220
41382295
59764079
53353408
92444947
68514071
75920026
81257324
70765975
31087681
15150468
65172336
87733735
17989572
85525332
46589468
66824359
1087885
61461802
92759212
53281131
17862307
85170032
51101868
47816950
62795588
86149711
61818756
61771742
54918948
5170800
75690609
85894891
64506322
59106002
6314734
47957347
90951245
48563927
8686749
32331259
54393992
7930833
92713141
9590168
76039469
6140263
92343601
72859352
53045401
17569726
82658894
14841116
804038
39841104
47126516
20482789
85359468
39392965
66837176
62555062
50690096
51958015
7029034
48954418
82431223
43456311
13033807
19165072
26691711
49532050
90223409
73644406
2351556
83894473
77163679
91125473
16376492
34383185
10977133
55162325
68003572
49096073
14040385
45131508
36158088
49439251
17472034
17502947
53885683
48469225
1273562
87666028
39638143
78886229
42326086
