51583778
47975905
2140228
27407371
78104816
45949788
66498733
29652168
85363432
70299313
15853986
32623312
92042206
1040936
61462878
43345277
14026452
68816649
67391327
27845137
152499
14512029
14642821
58600905
85272998
87689883
59398036
15368112
80990001
80045998
41638392
23767050
5725264
46954678
76535306
50035350
9286742
38872790
22719403
77408984
10069192
19867889
9143855
38698025
17574723
85820070
11167569
74238706
7971040
60030434
59717070
45248452
66453016
35573851
87704996
7809628
83960428
87240486
28511787
71979632
60494173
73392841
22413735
55612561
10918817
3464520
51316174
2236308
1517916
36932930
14315366
50180766
68661770
90812111
72822022
14821575
20938947
31910864
68291661
27980948
81646482
50550726
6058038
76494818
34035327
23912830
463117
1845472
8141709
26872865
58276536
15067905
69936681
71292501
5683766
67946411
852685
70412343
1936626
80068042
14576740
78985359
86497763
41803563
15067651
81778369
58998905
56325679
62227260
85381126
35279728
6657687
22677412
45186247
18997140
15159467
89419194
3149956
26770358
20558076
90554871
56036151
36599589
80115192
67974391
39897341
65552364
53148266
36232112
36583606
74214525
70291984
4388040
52726484
83799391
40436565
12293354
35316177
65285532
14170793
49017797
71091833
1878518
28908979
33731948
89607061
47066063
6683701
5500428
48764297
44049182
62867159
84803729
7620609
92905708
55158197
52244419
49844498
8630592
40069668
34322249
8477747
17277343
48477988
7187707
75969941
19437573
44831665
47182792
15268529
36786976
49373215
52676978
86234020
77898514
72571517
72593359
20972206
49296970
58100403
76623440
4887621
85383035
27716800
22218902
40747446
31290785
26593164
54160940
57633592
11694826
53609501
52204645
89835220
6619121
12240739
312946
16819344
14167816
3790090
48427897
21419341
89367638
71621746
7020883
42784614
14682135
73732914
44409562
34473664
33010353
14198522
64836359
6817173
36377375
75479453
70268080
33648533
6762321
58710216
74482099
69476878
3887447
7030307
42229275
54176317
69357410
56464812
58039898
28840781
84289204
85089106
57854992
71161284
25198816
24528489
77813007
