67822851
72325681
36520502
78773588
81737554
92471882
61912855
27059705
1340789
73291504
13918782
74893831
19352811
21830793
17467084
68620568
19220970
92254534
23610269
15394502
54037023
82197783
64031127
45329042
55751271
71876640
63188449
29737144
5746155
45803680
10982450
80743655
49973919
87585048
85215020
51673762
70686627
82868649
79775651
44394765
39754571
86906077
62145611
81325131
12291406
89696029
59400411
37726146
9666197
32182877
10987059
77708827
2185921
64487696
71276251
86356048
78820756
91730577
81576247
52578908
47906388
58170660
90542231
53176961
69054118
70620024
25457043
50832177
81536142
31232411
15119206
48223770
66950255
72492159
80022234
64551608
3725774
17653174
51297844
44793947
89389835
86343891
1481242
62876398
74764365
43580817
61295139
8486446
33293512
34960064
92392628
87827257
93791234
86047350
80414183
77908511
84319643
57176371
75337882
61049825
36484425
19102237
23548333
37034314
48589183
27349046
27493821
5137462
42385383
63399936
20593725
35177343
72385134
11712801
