57243286
14303294
12033874
19107265
81867588
1097849
91139867
37988911
84008242
50603269
42653185
38807963
91344962
5479535
71858911
12456620
83801792
20335147
57286504
11824639
44882605
89432600
416645
74342962
79388412
51482088
69325067
56845945
28628784
67740354
13383110
85100686
77597980
38860112
84688227
45583736
10310565
74341367
23959214
55438310
85371321
5462801
43095608
31259857
17096772
30901097
70484652
43281912
43567960
79426481
25030167
6372501
84551905
59294267
55648081
3639338
5215957
15974029
65270803
24646045
52421327
68788720
40696118
69553710
8532147
783958
19096210
14119834
33818781
93292841
15224440
55562389
4024191
3225103
62857833
23739449
81286594
16285386
33248145
62961299
11520625
39996257
41256486
19147790
15731583
43059340
14531099
43755266
88784106
72332154
20195300
86316109
52758887
1964030
21983851
37988913
21167964
11186064
6977578
11292905
46139
13970855
82806723
66064539
16147355
65028360
28874777
22211483
60693769
45583730
89002349
42134992
55060647
41693070
10324218
13239271
37466583
27926113
13903502
62740790
1799492
3729734
32823721
93099692
83052096
43990557
28687785
27208525
39313384
36145515
22087490
2911848
92850364
89549421
1274509
47183185
16634466
4303661
22018740
54826388
73580810
28330204
22517477
93268567
56722124
77014068
80904
55160288
91075162
34929056
64417980
72903712
34779442
6760889
68143546
35409407
71257255
47911006
53375699
67319644
53831192
32394870
58332314
71145026
63403580
45664645
11708332
68061807
13693924
50435625
55930978
31279602
51504263
19883604
80324119
42865387
19822880
59808328
63011661
33191223
35556143
63342764
24869744
58682165
45241798
41347047
55091069
66194898
78021914
57804088
54965549
5653360
91211316
24364884
82373356
80307990
41426639
82236105
69180813
58933452
13248464
6827465
35743929
45610029
6322131
34631215
56815769
11589071
73913788
67308864
62127219
79030782
88402990
54541747
94018128
2386849
46836077
19878678
5825031
145068
79403882
37315756
24994852
78271770
34488873
36356281
13475874
18700421
79985512
1461773
57573221
5182250
70263691
72025717
19118717
20769059
35631486
40782971
27512679
41632831
73553727
47406300
15616086
42858944
87695626
76451087
33478197
47239692
5616392
78770441
45847819
91994512
2082882
55328687
14949697
110848
21661886
36207525
39671215
64160183
43154546
44496651
68075801
79108966
61286698
