4795529
17318567
10249565
43247258
76065756
33035249
84873880
58004293
86892213
76784310
37448912
4562040
17534007
13682289
2692926
76956698
29345333
18601925
10052343
34619459
58780919
71477492
8702276
86716822
59985997
31284769
41612980
29391304
12182718
51394225
15629827
40864647
63933180
46843516
26649203
62145549
23773870
61668057
22965820
92621390
87533010
41018290
36343991
41635700
8190366
19894442
2738028
20058392
64431861
32630076
57387136
68157553
72347914
40286644
71277751
5001494
76740638
17235705
91563236
65547601
33049475
25014565
59597704
82930223
50854205
83882712
45393515
32152724
23640887
7082329
29829995
34675435
70046913
50384776
77559354
84489449
64971709
2955769
64883224
50032552
53942571
87826754
69306392
29151070
31276060
13205951
17167478
49364275
18829623
76691378
31413063
54473072
41556220
77426771
19931013
66910343
62192579
29776603
11014845
1019008
6922979
55896718
78527802
13964066
11307993
41967487
65827601
25280635
54764559
16762146
12004351
73337545
53701682
48942563
3782279
30991777
10952721
50824933
14297272
11531329
65480204
65714210
67591429
13444009
11172076
10625730
59969757
42908118
8879337
27461670
56962238
38692328
31545039
1669126
53734092
1493634
1141008
22268462
23811613
5026921
67946090
15287608
2807317
56498334
10289799
47915630
76666353
55128883
28248463
7735279
54439763
51348604
32527959
31121994
67966181
36754871
18800063
52928513
60851477
37096317
13820197
67634007
30742835
65166657
25851590
54000557
53772379
88632493
43029050
7991992
87293240
54798932
67169021
62852783
72637075
30069787
79940780
15412916
45545864
10076857
44317005
50585100
57562853
14361890
17315512
68960212
27682862
14667910
79773645
79323252
28033601
76467343
35592913
63799988
16593228
70082069
65525971
44971375
1683115
62021956
68339507
80922991
56997064
60135296
48535170
42371
22233264
17438877
54773705
72917447
91289215
31683800
6629897
22197785
65797505
75984031
10400085
74340135
1100025
52652046
82345423
41095424
28731273
5915792
75485567
3665957
78081314
11852593
55477284
73897473
69651735
72347915
74197417
33600873
14740609
85490244
89714158
88733139
6655268
54173042
60792839
35049414
61494107
52909722
3392981
52447452
49381766
39244267
26138322
65335813
87115832
61523314
35578578
56765584
4524057
51593398
73341516
86306564
66393083
79149161
6626785
48431620
44792835
58692472
23541362
88145272
82924025
68277687
68276625
32806794
27948280
37666576
71885184
9258881
33366379
85107457
39450080
65139316
43486237
80591488
66529798
29205807
56370097
67261136
90534846
13096747
38540038
3025253
22433064
43468672
75323508
67878964
5691363
31364659
80029865
54331582
15856788
55985281
82019664
8744415
26372413
72746003
25517234
24488213
88250719
85445276
46330505
62560117
85627109
86726320
68225263
27432847
36702225
90739014
28722325
37321427
81644577
21794805
1513028
14808171
58127899
52794040
72217297
7940381
78261722
66618429
70129672
78111965
63389578
11858114
50167323
43113304
74675636
46744263
79023789
21949369
57562858
11127914
51711644
37807563
88175626
12993792
58204923
23190755
10025060
46380990
73364303
9831285
53751881
43166810
21226737
61299898
33161456
62166194
39989909
60933442
14251524
85350053
19813203
