51685600
69698157
50491418
49874165
8503083
47598278
48197119
13465464
18709337
58302455
53029613
17347942
49330393
88622597
40788556
93873708
40492213
76296829
10795453
74678988
53969888
52142216
38326478
43222811
70345155
7179645
59866459
26761877
52899682
61081093
3232272
277062
70109141
79375357
26482720
7670553
86810542
14915610
24387073
28884719
33129440
21153977
60789817
20296800
28125734
28125735
61232890
90135486
87610426
60966750
52695058
37846517
59577041
20877093
64686260
48399884
86630474
54331225
321427
58442595
56799248
20180655
88902776
21047518
48776950
35226948
63988879
14399092
15391695
77905251
2269838
92492398
17993452
44760467
86712796
15959751
40284716
769617
63445645
84152997
93516264
6187827
11436086
40899637
71937113
61941701
92869902
47281554
48445870
21081493
14843182
66217795
4953233
31797289
3018589
4031936
64146124
74659744
85955368
17934991
3295078
64556234
41303718
11190001
12996840
18030649
51126723
14800265
39000289
90761992
48943521
1803434
3169248
29252559
18777630
90861791
43988354
37452872
32598622
54203583
78780734
54409868
39309699
84071129
17148350
18339664
69907431
6108113
46877910
75379228
82504383
15817361
2892979
39408056
68099631
27836521
23138713
44082266
24283446
45283470
76700620
58169356
10174252
19617097
83574262
48651220
91526404
68025516
92605452
1625565
29671418
52395220
56044406
60020848
75757977
68926432
63043055
35898562
9323968
51866132
42283832
7507014
32831485
13895502
22108219
4967140
71391179
20160644
66357334
32984763
49164946
7442010
11134379
60987254
89996119
24369338
70902664
32577609
30963393
4470085
59213490
56957974
77325380
73201243
8416505
20960364
91286781
80167463
83831154
90885854
65496588
11243149
89668490
55234479
23260859
55519967
92938824
8184447
36316106
76842624
90896019
36162433
11101861
14301459
74422347
89070549
51339805
9845913
44608578
39559430
66546268
51595003
55340439
16000905
70845615
14189185
46432679
612389
4270122
92662479
7566392
2109144
22144817
51571995
93806555
80660118
36515687
88097213
52603866
32869810
78170787
87749632
80402383
8917223
45381216
93131224
69668694
62784042
65575331
52057189
65331011
64274339
49524110
34570848
54251290
1674791
9220693
5094571
49348587
53921019
53075822
17687543
36489404
20533785
27411384
78284244
24622797
