30374914
65265112
53699178
42181112
50368893
11553678
29212135
27094356
17281617
50600656
64713610
39273871
15518293
6659011
53314133
14151046
81021534
92780669
25723787
34348827
58982300
77596879
25946206
59236387
1354551
50913027
87803876
80420997
11469041
38177263
4398437
18867307
51349435
58856062
78739849
26189238
55610326
5539749
10238811
33232061
74098792
65122498
89106100
63585341
78656838
16817709
91786800
49928505
67940166
45119382
56912922
13863458
50992790
90721828
27439781
76123873
72481151
56585259
69485060
42170660
76464612
31079264
71649844
18759773
53786276
44537846
24200294
65669920
72454923
91414140
27384851
5103971
61354136
92142805
47743432
89704900
15479156
40649665
44386143
71837601
18588866
33956690
13106489
41083061
89037008
18822587
26987275
62162404
68457085
37588075
53688637
23863792
64133653
38481749
9897917
90665683
58963032
71481376
43064128
105777
92715557
46500605
9669896
33760478
78246150
67920652
33793742
87160876
72967900
45915507
60714972
85117668
29849842
33456493
59024657
58931923
4091237
7026519
84793127
6620520
70111098
67254190
62501107
50389500
55575846
77406497
5794627
81073392
27265208
26889204
27921566
30238015
27645342
51988637
70706585
2334748
59038095
72700807
11346871
21966232
74991673
65255229
55333622
25797943
82445193
43543251
59839954
74068064
22603372
37333459
89087752
18360412
2650631
1564281
61935011
30027878
29370546
79519921
47662322
49312243
24244900
78049781
47223539
24217694
38551864
66141197
73097830
615765
54835945
53792926
2264551
25784262
75975430
14320095
32788049
78662130
42552651
70987385
18819602
72807166
6596809
67566368
17758592
5141395
48585876
48253695
7840686
90679393
48438721
40574312
37687378
23881671
53895566
40357911
65063932
87336933
73571481
31449464
82186121
37978917
45284348
73972055
68989915
89962860
33638862
20517054
91685193
75231940
71966621
64693366
30447377
61031949
70127700
13431975
55706732
84413749
3699452
1389344
41779569
68732955
46839099
88624518
45127450
33586270
67220848
78744551
65776092
74510806
41778965
80190574
87643972
40431262
35885132
60671405
28590371
13804027
10253567
371485
62858733
60843000
11958768
71339931
40831716
64444213
74605680
77537569
30973462
19285519
22590641
25257151
92377010
23081124
19485661
54253516
34265967
35083214
81302051
65525173
88854227
57922416
24016564
61532462
76372652
76800986
16449511
86378769
35045104
44954508
12866224
77363224
46100424
75937292
40170054
66595671
66221711
