86560774
85090671
31057744
89509345
86695936
77541871
22161438
45152540
12129618
15210012
20042283
20728249
51318252
13234058
59823512
64954767
82799248
59372947
57425508
33486379
24448036
58172301
58671454
37845799
54244057
214110
36730871
89740351
73679208
35065235
19816450
85956351
21544267
2363868
69254535
45060909
35137755
84098809
14634051
19155530
93729453
26366966
58676956
86500741
71610083
4416142
88830351
32614922
47084452
54001487
14893518
735999
3195979
26235903
53208238
24182565
56023654
2773511
32028050
10669730
92080203
40039437
81125936
30831011
54895499
68814647
22808821
80514235
15665420
25603719
53437108
56363663
15102468
82647198
86026520
10091747
19135836
80789189
57237979
28981500
37729534
3178144
24563847
83311316
12155045
1749055
33665278
82675018
82375428
45899540
44962049
50935631
64590143
87832810
75360321
77149880
84515351
12146787
32768263
81333679
34627250
27741000
16155154
91197949
29883270
35023148
93315624
9751596
62348234
90950310
10982926
10347319
15167752
78067444
93515744
27611085
4483734
79749171
51713318
10483341
32778990
15426847
82155603
74682774
62423908
73370581
60665737
81231061
38761700
36108901
23976083
64367738
55564770
8189676
16499736
37561196
56108609
81449117
63278690
77981399
63543272
74095896
89322232
48757234
79363803
94118000
35500515
46793458
24085220
20210210
27509274
65925675
88929322
39054828
73420627
49864141
81497088
37616464
49547069
17658475
75651413
91437475
58131421
84424357
73684856
91903246
80938904
84940120
81946520
78884913
75346196
6648592
10359406
8158706
6402896
89593695
45760888
51331598
89612502
46227405
44127132
9859109
44389033
90706367
40117419
36225154
36907498
81592996
49220192
62675894
52118344
58942838
60659883
26329807
32661308
54064585
38249953
27143359
37727048
43509878
87626585
38064461
42065090
71357396
8623282
52550497
81549174
5624918
54547702
16458853
28824424
66194260
26700642
52137838
26601548
23896148
52790387
21408372
28144257
49488244
17745426
4972659
25806873
71271359
21362994
72245596
3092518
41323516
62891439
70163688
17175019
50087649
29803339
80882794
23726473
76046925
32925069
76490886
56876853
16714720
7856458
74703765
77033294
37681569
40316803
44214853
11404464
11193042
48909131
92791629
52135778
94060793
65577191
32032274
57165421
94405496
86664583
12845760
45480218
44190729
22330248
37000334
50904987
34116157
85686484
62265718
66764438
