55904058
76207255
71440112
2529638
51870488
67873397
89438216
64614233
89507582
45722421
19092874
336446
52360396
36596087
39210655
19450483
38189489
17473820
10112408
67405967
23779633
90764742
21833918
79661649
70474243
57932765
80050477
14853888
27400358
74078527
16638486
9660224
3838631
62064687
72479369
6152863
77086902
85554069
14225635
67654065
51992615
90418641
40023922
5098306
42313840
66526820
76217620
6203992
65319094
8449078
13212965
66009360
90011759
15092129
47265747
70284073
36440750
50502010
91437825
43321876
13473524
58741937
26624846
22018432
29197116
3530961
60864592
42170693
16549611
59011528
58910412
41085217
52532910
31593100
11957783
71636311
1616488
22768704
30292484
79840959
40259775
20719859
60568926
64249176
6747694
18470243
38618258
74315370
90702433
16023679
8335109
53131205
36519519
69638833
43328416
4699957
77660377
38648010
44181933
13734935
1895090
16870733
17076247
61381240
92550945
2179485
66816845
27348764
3528760
72752222
67116173
74371275
16349236
39516975
83829607
71380876
69267737
28249590
51277647
18936921
90372286
67503881
8902047
42622439
83295028
90325240
53526535
89788307
68755615
31211008
18098007
73474310
78464779
47781562
25323229
24186687
2664255
33981215
26572266
76039788
65463800
51509262
82218210
38586718
88444364
21509215
24221816
35022858
54514656
16680310
80097759
86445006
17296514
76322153
81673290
6786876
52377655
59825852
59431375
8401551
74465434
77500130
89704145
76659401
81206013
67554435
2652201
84242183
89787645
84155985
4101076
23866623
6570426
21642623
5752873
35963817
92581195
2256108
40697596
79186472
8742387
6551909
72846767
2498095
36489818
29387381
30331360
71220260
14203398
70761028
48511076
55624659
25185407
61921998
8462562
52996287
18431937
16182542
85623768
76583541
32801240
64234238
82956582
19930916
83547266
92496141
3546925
48054333
71015258
30027305
17035750
35289736
19486844
10459346
2999475
84321683
76089440
90227577
81695720
16651523
36468248
85608007
61402561
37457441
61646809
29411612
11301470
81717435
71080553
71789027
83315039
9143011
82510908
60150631
90745505
36754678
21342260
38475073
83500462
62740792
72629330
87029228
33620854
9514009
46901719
85773690
51006457
3743214
20144788
61703262
17639484
43475438
13270338
68719836
15276357
85300330
83938049
45807582
79742268
78474727
24124558
51686844
