68333434
82857037
65209590
29224056
52613046
53847114
26069620
55092213
49835889
67776869
72489715
19377950
58223448
53347368
88909097
31523737
9013877
17929066
49805752
48169478
21949013
9389816
74508844
74846003
76961632
3770424
18301700
66066266
15650455
30497935
22916221
24796866
13387135
58438737
51229218
8932075
26567992
75945130
49781348
72930259
29546935
66249282
45169436
45902220
21889720
63500583
80694113
60393270
26910251
73935650
5459751
38852647
36054557
17272574
21245251
66317531
5264001
33733262
37705195
26895030
30408297
78983364
78004335
11967463
43192227
35142912
78457585
82884446
59433059
50866619
6985539
10823387
40718270
73731593
21086028
69912665
34803010
90515376
18933863
75553383
37422073
4968247
21665828
41565896
46986789
19359691
78324197
49898975
40433195
8266213
58223534
52973311
80032752
2382295
91907062
65289013
29420507
38052045
662933
61411850
17185116
87449713
2454050
68804648
13962787
3491311
693801
74868983
18539895
74484065
20059859
74618490
866974
11892553
9225159
35140802
4648233
38054791
7527659
90021542
2991263
18372561
33216895
82486161
67714337
63382536
66256943
78382348
66470066
774726
74291203
46263790
78955012
38795217
47440664
62113317
81757986
486331
4963764
6202388
22030083
15180437
73130959
46408171
79813131
20278896
1777037
46092728
68280358
38383109
13302025
36749485
61128797
73665066
39699795
70778367
48875131
52509340
79793718
5557780
917160
10172494
9298115
88432481
1899694
16697631
6734545
9516513
28508020
73102125
51238301
71962828
48669219
50208920
73104926
78866362
3185151
38629851
2696176
55670281
4215465
4215466
32227388
21344577
7102555
40985973
60760095
56904200
16947256
8977844
49462850
77621791
61730316
57277623
84023568
48472817
19585970
35813740
43683468
27070761
46647578
30397880
3213993
77683057
11295060
38074162
50406125
71216411
51302012
28714138
81147948
53429382
19275559
31388768
122124
63429582
