11350767
5282807
35049043
39393276
23872454
80982780
87030077
88373999
36700149
87730777
39732625
60513065
89617461
36193337
775012
6964676
58372897
37052980
32090177
49987690
39899655
37713002
31451638
88457023
24198979
55854758
84434968
30609947
89910347
2458631
1102883
19550752
73549629
601819
13877107
30551451
47111440
91617348
46578540
80864919
1669758
46725865
42203545
13819414
58599432
53343349
42517194
49515582
4477854
41376663
43101900
46179724
82809687
19798969
74903397
2178012
88190280
47784700
16778921
240255
19816092
72197709
52532339
92530329
56564699
64971050
88664522
71840765
49928774
74144801
92590545
10041704
10672813
62829374
37611094
18495505
58737978
31606261
87287439
36987236
48815147
82247541
36091470
40485633
70618822
92549352
43122477
68023604
56046620
32197863
90954335
3949287
8991673
50223284
7031722
18147876
30780582
8178804
7249976
10126221
1558415
57284148
53125115
82982793
54589821
14001496
2913402
72583045
35651257
56509660
8371546
40627897
76066689
12939856
45839515
72073267
17289584
21655304
46052322
23657678
10157268
14164758
52797148
91388029
56973528
36838323
15785813
89541333
52788873
76203222
57083437
15403949
83064280
54913292
87014617
80620417
13770120
38786558
90553496
63337883
45330345
70399696
4899680
48542661
85428977
31483994
86667130
56559107
79773137
89867850
14103222
19254843
12367659
41414309
78753558
15501895
76251308
9329922
5724405
51823230
27132412
84125578
61029820
63253217
47541932
85784079
16857620
24362461
65184671
26278741
40945997
55424198
69211867
89844234
93486074
62926490
76170613
86647393
33332046
3993519
86267451
26074319
83988241
18748169
87568944
29429717
94098872
45699466
85269222
30025979
84361652
14768563
1357460
37895334
89462217
44807224
22335783
55341407
50662121
9593220
64885770
53969377
1740377
8049086
66026559
62570395
28714220
32419490
73583820
68924661
54224074
54183106
56847147
20028387
14211572
3536895
48283732
13272063
57813927
73820488
86845158
94015882
86228935
89094386
18971312
93989807
4079214
2892919
85933804
68917802
3412076
27298423
56310088
22229594
19973181
7480200
66993166
68803676
26475631
15948277
6669714
61520974
67660712
26895090
83222840
64374019
94180231
84654875
49290486
50580792
83079600
43736139
41341956
84026856
32977927
8166510
51769949
34098706
2114309
401603
25239508
34694520
18886046
61157854
56009203
21089215
57573563
734464
7740025
69374410
3929940
4137332
6567751
73285386
31282298
8606480
17340984
88834211
10621745
76053137
67970178
23600965
65762417
3005557
43945247
28901314
50443290
48781305
92276286
54871173
83393698
35939749
52894447
57873354
47962167
82922920
27749583
15733516
53151105
29207687
76482876
10532736
33104614
25983667
50253702
56472598
31020485
7570942
50563822
44428688
89360921
91163025
9713525
25842180
17215211
75037062
8140030
57794644
61332165
87305654
37120889
17988504
27861924
52694014
60078192
49307786
7533796
53536794
87650421
54759012
72662975
20970551
66093201
36206753
75091428
27264134
17236260
8721308
38600734
47176541
48401582
38549839
81675227
4746729
80585210
41854852
51945333
91249477
39203543
51672730
43801397
84262703
56736698
54094952
22649683
4553097
57637191
47072027
39238751
47009650
22103470
30531821
35479918
75741298
1554313
68369045
79662804
12810828
49019247
65701019
32756233
51203861
36916731
23889057
58054913
69660755
25080271
52493668
24929826
15268158
74887558
9376544
93988487
80407480
45614308
43531421
80333174
27661736
51309836
37399311
13745417
19261311
12839778
29806463
89071150
93677478
26809655
58081274
30776575
66324193
50671591
3407260
57438060
10957397
87889027
22905959
8327078
50212233
80075885
59549301
74274792
48798937
5737747
82461016
23997239
82181459
44580330
63904429
6637947
54710600
57534847
20481877
64726627
41621418
1183037
93645873
17313335
52949664
45724159
65414617
81702555
76625558
91301587
38015093
8507514
32876247
5495385
92964665
18989446
33334278
474398
22728790
53068991
2556560
73543116
88909694
8491484
10617745
32489648
19666181
21871444
28995440
56829041
33509222
20973888
32554236
41707452
7986068
35155244
89124174
9713128
12360928
73261019
5279495
52607707
77242977
17307123
21746802
46866482
22489509
87548795
27146745
18381761
90122812
37844995
38145541
24675454
20880473
27029357
3475328
17762839
2722534
80771712
54623375
25331562
22701280
63589701
59911077
47821509
56114289
71798248
37711860
89630386
48640390
2464198
9512836
40479127
35330643
74632634
3221739
49295285
86513044
40418426
87048292
82592527
82668174
69034174
41323040
23182541
18565780
1061993
72911303
73768571
28036924
10551539
70526826
34130941
47166850
25338288
91620766
82089494
78140655
43052497
63264493
30590614
61090407
83035036
50052795
50428759
18041696
16415979
55523653
72830050
4347294
47951912
80286008
15735987
16452108
8646500
81837757
44596911
41010391
56461987
49124058
18782048
89611810
6567749
2361239
4642909
12775256
10561569
49257577
65875870
33438468
65481376
67081205
89818137
30806495
