75352483
41494030
79840139
19120667
40798428
34230704
71764196
47720704
396890
16338150
57301560
92512903
6334393
49454089
45351005
34460990
82360208
46137322
42328200
10696894
1545490
77639320
19451057
17847263
25502720
3032334
15431166
83345931
30261708
23980600
60515102
36639455
17574537
3802700
33166877
31148025
89753896
29451786
11937133
86821843
34829249
64019467
29113946
53151391
18642834
24067300
61185004
83390375
38198284
40075621
21579346
73348747
12357354
73680888
31256796
15797993
5663177
4883344
41026870
20673757
21440541
88925195
11317462
4400283
60720517
42173188
56756591
40564843
2492151
59086805
43432898
12333757
15705175
