50902335
68845509
22667243
63082247
74909673
77895502
89650586
3208797
765872
62531719
75236883
80168537
47271839
80956351
29392205
92990390
5935593
43632484
87491756
20218391
23499013
88401332
46772704
29932746
54500004
63806520
47825345
72408777
55267013
923247
25257144
69946195
41340829
54317283
42168264
79306996
31411220
19014103
74365544
22962461
40972515
40171279
18808139
89404946
60766452
83455595
44622078
22553215
17304360
50423141
28188983
37191797
58442145
90528605
85485231
12666856
77470486
30273418
6578098
39654520
29999606
5345403
76984396
88589954
58801237
5050064
37268988
79900516
62491964
77008174
56742175
29816412
11892127
19965808
77954487
12878068
357875
21252428
12401047
59974330
79064171
68045492
92055459
68798690
23723996
48915939
7176339
28945314
12341358
30938877
41437374
64759414
4103385
70967729
17255407
5283961
17753574
23646749
76352847
7013717
68591031
54029187
92298002
3799749
1724264
28687543
75693964
86028096
46844428
597005
58285054
2280810
83990023
64383931
41046376
23843957
59534287
35553483
64521138
62319414
27608320
28685028
47479446
49436503
33558096
28963824
5729518
86182262
74616724
49693013
36261314
23025636
39720899
33545535
27906541
81029417
17695710
32630109
28734744
86488665
50077187
58589997
1075876
50273057
30197099
69524681
19323652
56032588
32657161
40583504
91868267
3140319
15932784
82036706
2763801
69024409
75149639
8002097
37899910
79581973
9300669
54696043
62691197
12172255
52284643
86097732
57852415
74870689
58994141
78721285
3762701
90881235
78182746
67101352
54532224
51596530
51596533
20152227
10245148
92976984
18099740
16307904
9850900
6586547
355854
793815
91923052
13485015
35934253
62787895
64849091
10706569
26076786
23589841
59622628
80126587
37461328
56363901
22796361
17663929
63036329
21786531
12846025
75717228
84703975
89144330
78540542
77303888
86255040
79631445
71743449
52145405
13392996
68500537
48719698
46891474
43200925
23616615
66284212
90768707
76749913
69064300
34409307
6392233
85026025
35012683
37400691
19137216
10529367
3289509
