18695841
39626455
81449327
72347963
41279851
45105905
55571925
8823451
5064886
87901312
18236224
60039162
37586768
19362319
48507990
26851798
42876575
70715323
89528504
11580987
51067736
63548097
55960401
6304675
46384102
74641553
52967834
81213640
2035121
90309421
54999920
29723365
77951727
512068
9380106
16477321
37171217
68718786
91297225
68676134
69893075
8442029
7069688
31796955
57378746
69449765
36521376
63373376
84058948
84582266
24268331
42086335
71051672
62780447
6049831
81706606
83018585
77058557
82657144
70506685
76400532
25288599
83215778
70814705
58813975
46659617
45119903
46537812
4768504
74288771
28222170
15707192
5428119
29346137
51832053
57434022
31013834
24010110
83537317
86819120
87192653
612449
13055801
24229257
67262235
53674028
53333791
73443159
79899223
17631632
92942645
26798721
1896757
76139369
79447799
33734658
5635726
62143949
14206943
37338393
43072223
80620933
20464480
25793430
73453435
30851481
4470804
88211363
61341446
65632805
39485809
81161928
4851456
60354174
12876797
62737097
72920867
48642738
64398684
14613815
879048
10609659
28313354
86978472
49102733
24079766
38611881
23969684
90499664
10890550
12052033
77535671
64351919
25988863
28978572
11903963
22190925
83906614
31380220
92801074
58756657
78201787
5103362
17679465
3257055
71828530
24247913
8985268
35449576
6467126
32038405
50619695
53258771
44407666
46930079
37513254
49163902
36917911
92607752
48592174
49348783
48185111
84545185
42775320
21590318
71326056
81289841
84157275
84157278
13793674
2955559
11900229
15037687
23761730
4999384
43466514
59650341
1622934
87871491
31203900
67030904
17948676
18725234
40247918
74562047
28816798
44407624
67460633
13527075
59884001
75701413
32435962
32531253
19195562
31349670
8349273
10845842
78898693
42487664
25273286
10921132
7557351
48852600
17268972
3549395
53330976
17768452
92600594
74633637
28403236
71835057
43370320
57883639
80571870
36515615
59672963
75123825
29997088
52449796
76110294
62266315
20061123
16859133
74953004
41806514
22269841
73996883
11654785
60622907
6864160
72144058
66194907
92850481
4244953
54878852
53680224
8225515
36657162
6412190
91361382
73786223
34103225
41504467
53776120
41085054
50766826
71882101
53206521
25448852
66095536
65417163
2170232
89161295
53756905
26792278
28691781
8628924
4423551
24254445
83942550
83530939
61272765
62098722
37012169
31035965
44894525
92095452
17700388
66823959
10429157
30539029
92185023
74360853
6233643
65145592
86762800
2027180
11957500
32271674
73666819
69816790
78418870
74137028
76012897
65751122
55179352
6976736
62763811
16573975
84515321
84097272
52630479
8065945
37591504
28358760
80016534
60643724
22413602
39199630
36107807
44654246
20248877
17700847
28961799
50796976
60382262
34726905
47177705
43962182
87581806
73140901
60636000
63890447
27093004
20977025
25325050
73671045
47454003
54591066
58099117
42398494
73790404
70447055
22549812
11085732
87169187
63758363
67080821
12382231
66318561
51415696
22478008
54252693
84495763
58244858
62096592
72461569
69990344
9408806
64122530
50824093
5771556
61891805
33486571
69498690
51204387
8141798
524181
79873583
51127165
79206674
33366390
90892061
10775081
79633716
34327319
91060644
24763071
59444443
61693252
65240589
58930140
62024284
78049777
1089525
28508859
56657163
14353222
58271378
66388568
61928479
7403687
48245277
69549063
86658151
83782787
2145160
72203957
82492532
77812890
76164861
52521649
76699475
58599438
88666152
85954599
6575289
79082527
5317671
72002248
1362236
36417179
37177454
45801242
9858668
18630658
12595788
82076276
13673863
69525845
66356685
57049304
36427157
73725896
62409794
80518781
88019565
70653154
70356129
25236857
25610151
46216537
78509137
60827378
90905658
47993962
37042310
81094981
77711003
26689850
29737281
59521917
51651811
37085306
78108714
59644605
91120252
88975338
48737274
43392200
4016866
55492042
83467454
56292095
74723760
57150693
6905626
1296960
86132746
77861080
86215138
326145
58624281
29834934
66742936
55602102
58125112
92257529
12458364
91679911
14539743
39270932
38005382
49051090
30538555
18254344
11062842
404883
68645349
48879893
40170316
74863063
53650094
43495817
88859263
21863364
36601801
47010562
26313822
16318592
27847060
32872701
75036686
17767767
48174183
31518637
64741383
90653027
18801286
58731025
31721265
58409041
27133646
46397446
54425344
89518643
28050169
79212520
70473131
22804019
28612941
49874014
8310687
18794102
78232573
24833552
86790098
63901371
24539221
75157974
65414534
29279087
34452552
9061084
30055694
37909169
24579532
83610322
63966570
45132916
59952360
42096166
40180764
58508237
21839044
12487957
61426868
43528698
41677706
64698582
87576793
35085706
60849143
59568916
2728884
117912
63189204
89572538
50088358
7814559
29853538
11631485
67569042
38470237
70150624
49148425
92995038
3515949
3802563
17323765
24711417
13521063
87658618
33014491
72942389
37529214
53018066
75470228
11313587
58114466
77473781
12780931
59135610
66009487
28117172
5883354
55362469
69152915
12529127
36661189
75537583
48117083
90379303
7601559
39501730
7709900
89164859
17882600
35856347
76367242
26343146
18443899
36196853
58969231
26881416
75995543
25417064
88155192
28574858
81175624
64195428
9743215
55626433
87711425
78580082
87089807
57541743
24206045
61994218
23991960
41026730
72656054
39966878
988720
84470767
21363074
41395588
64848065
91248187
38913037
73201971
6098307
25217553
77183793
34009503
8446643
61761009
43139119
29590664
30814158
24494580
66492997
35836546
92460330
23530105
60134856
33844181
42365689
92376914
79570231
76708262
92657615
69146063
60778965
24107689
14309728
70524830
27479377
77373978
77846780
60375691
3595824
46078202
57126918
45537762
13673872
12964143
12400799
43000935
76156452
51007005
50658772
60833908
14639357
82141799
51393243
20094220
36337695
75318826
73684895
87702886
51308729
71516572
19090359
76010913
76190447
49803174
87825887
87828805
60430557
24731819
18133001
70573602
91565456
34957443
41000422
54903958
13178161
11793313
22183217
72577753
30758919
5438327
92408396
78030567
67066545
54560890
91894339
71283316
8943180
27964124
44116723
57894606
36196486
60242378
30736622
90298741
52160145
80654441
58409893
23806050
1874999
30107343
85784484
20651047
26101106
42630860
90894523
43280403
68801741
21103540
8117073
50824107
64008643
29932644
86441576
61501750
82251392
23582662
26768638
23474978
91046476
57028189
