49402253
4651724
86897173
78352178
20828579
64694673
32468144
2949306
30339866
120438
3463813
28233809
93913922
28174515
3689937
91476896
43808080
49158348
70973197
45285689
6289581
73893085
9125424
85813067
26769657
57392544
11254349
3319247
12655875
5775976
24622073
64064110
24716633
18707868
9881219
70905890
55896690
18459952
1574800
45942213
86385300
69477366
62553089
41576710
64166909
41820408
83113735
38260361
63290861
24701021
84659141
72956934
33735694
52320209
31515371
31795757
93843311
75200171
88019906
69916521
49229695
45699531
3054748
13421634
15745181
55313267
75489453
49041046
92343237
13740307
86864788
1804299
80941570
29643786
4026021
90209501
34591039
44294852
63277574
20597793
5712396
41546936
25069079
29873313
8615869
86440238
75357811
12510540
