75719415
77024336
25083331
3397102
1383955
32453922
1626436
9498172
35974436
8582261
60289813
74155480
6053652
58227534
23834323
23213915
72103658
36340586
15239427
55452261
5033605
49818496
81213212
70054429
15213011
78364978
15229436
51079093
43029478
82419469
81969974
88496810
49942168
11092674
84787303
21968735
8327276
59100466
44586229
64461544
54422391
68584631
7865989
56063564
21333562
33328366
76815581
78910063
62917851
42915710
2650711
44573463
3963150
77164650
5469297
92172386
6805041
4469365
66127016
61354873
24582408
35653515
64570357
34633198
24657912
13497113
82639986
15804364
21439035
35595525
990923
49265637
45476810
41967544
46018677
7686875
65272692
39009399
92152343
57627793
44821391
5160098
66613813
49698478
40282100
43826607
92755406
92951515
34019604
35948602
6655062
8170
70332476
42268861
14385791
77329118
77095151
87590574
14151005
7345135
29273044
55727817
48225512
25765580
42189616
66465597
84290390
66768737
85940474
14523005
32097432
17601372
35968657
77449459
86742262
67578551
49072443
49347266
69114076
55957268
18278859
15959875
10929725
48023447
67840833
42602910
70522891
45555885
36739690
87856133
80769094
13011777
4742870
68101376
