8047854
35207630
43235594
39165757
66864779
10027594
42256678
86508746
16820786
19172634
33259796
28103619
58578846
60924537
23233292
72683733
11619291
90027121
5685265
45159815
18219512
39080536
22423424
74237448
70731945
31248031
55544775
61922190
1300760
41920234
69204738
9123094
83360422
54262967
61785849
10124403
69458962
40557938
58800188
45598347
63692304
68096132
39894969
73778919
59090547
8424074
44348579
37852713
43911476
57110671
49533687
60283953
50417966
78258961
24881213
32944427
21585297
49987665
56891355
88826338
978652
81046717
73457028
17269622
35189562
37009011
51939606
92597869
2841745
13553378
56433729
62212591
45268710
55490448
87233152
30365864
80769906
37544385
53347644
19938422
60564399
12249782
91082873
11702445
35229853
46906636
49314318
7131736
22649310
48587797
6869168
71352299
26877322
73385255
14798239
65620448
84460123
3848429
64048001
467639
84183664
32947678
73597618
17711092
22872886
30503495
29661729
9121928
5917421
30657713
10523461
13592915
85088731
72190846
4844895
2060325
7274992
64394776
40533593
2527794
43424811
45734403
77637493
87803543
5161629
45880583
48341907
5577880
23525432
93003244
10935270
8926363
46120708
28955493
34093120
42180840
27914396
15415522
9331647
55065972
1203404
31829618
67096145
66237753
3962736
91289497
60585571
18526185
25800956
10859611
13181475
91870714
53668670
71368331
15352710
11215357
27922936
58481249
35514876
89010880
3239473
31471500
1916901
50080173
63355417
31012255
60753911
69277505
1351199
18723321
73128244
72395825
78929231
48085628
3910728
5795651
39920004
48256391
51464892
54462699
74784986
39531476
26235209
429236
48663745
71482447
11158055
25718083
89490225
88277761
25412032
55061827
52298890
4003189
23397820
72744180
40142937
56845478
36375713
64199336
80615151
25823734
93114726
2691185
1119758
22427359
80046002
44190462
36071376
84811749
55533135
16263532
94417551
28747100
62765773
60420484
71706262
71275089
21068101
46566749
41767979
17669723
94150140
20106999
8488132
29348162
65637576
18869415
40280875
67301844
2368125
72629334
62694547
60637321
70040863
54148294
84359876
49280211
74494012
63192957
65777354
76828777
48260604
57279979
60959885
78014351
50974634
75449349
28229861
44710525
33058781
54453089
32487294
77132239
54700941
27476567
25792539
92866119
27091855
7633832
54331932
534516
16741357
83243960
41754508
64075013
2634236
44101331
25882332
72457827
16081069
25023253
63226557
85088735
61471305
10969501
84336455
62953989
52437883
42441280
627735
73009118
33447621
6127956
23798066
55600916
36898320
45785458
73887604
34162268
15626265
50003497
30999176
21405356
44209649
5916951
68327641
70619500
90029794
11583875
82509296
94423067
41614395
65401385
69648854
71234460
51600597
14103545
37228520
39058986
60070062
10232494
32547713
12290652
8229844
8134383
58965206
44717104
63987239
84302847
60934991
75021524
7552891
16749636
94512656
25862462
1656301
56242203
87232436
42818615
73043666
27965373
78457870
3654382
92862136
4408314
83623586
84614545
80595079
27619059
23006878
29037029
46896514
47498469
72518786
44791513
68661571
54487109
33225929
11983889
86572405
38952928
25587646
44827385
60923110
79430237
58160332
40229563
62305927
57331942
45809518
92831516
80314837
10969498
55567465
62540461
79684663
52901002
35727643
37886591
53605016
35866949
65945899
10307656
93689895
67799117
3013193
15384466
33418049
56945111
10969500
986947
89082057
40120230
43314425
52653343
59664483
17602898
18051442
62436713
2707325
93751539
45910519
45920595
78578073
13851713
41243706
13291818
81365138
53482543
7817472
91417689
77627627
82206117
87253119
18991352
5071431
31873811
26409390
80778928
23953224
1746885
87007204
29544903
75814091
74326058
39740952
53334855
3966797
50077505
24109552
48216900
80012641
26274930
56442446
88724739
38999528
67738504
60813182
42403695
68573873
55097189
74683782
58749402
7108818
22599605
66755229
8502108
18266791
62405660
49614709
14541745
56570393
48573931
13398558
33637538
25914706
94666697
30130571
8179652
67487053
62339451
28491987
49761351
57529899
14882114
37840088
50358730
55835034
72306352
23011675
65709017
55372529
78231173
34607303
15189298
46216982
33998571
89283314
8331315
