86023602
87019808
46755254
64826534
37123663
23786293
51957282
71893173
64969098
55602161
49584362
86923551
42370876
82244487
38843524
38999020
1377874
76802724
60319670
75615192
9805632
57939363
75083746
29454025
52111419
20020157
41068632
79462943
86834237
49646850
15839402
3194466
51683293
85865569
2967449
15471201
87117407
2130491
64120084
61376925
93022489
16354318
47819699
20185376
86901619
48387684
6629114
17095287
61853838
35815880
54997676
7863734
33748629
56675387
30161371
82165955
79266376
48675335
1626721
40035597
58588056
51709999
25198414
15683835
84785199
9944556
55372455
73699418
15900135
6680911
13819346
57435065
82429792
48512960
86041854
16553663
46903397
20216426
25503297
49028120
14502815
40879652
49646823
39342021
83226498
56295338
39856517
25163172
80708797
30459473
27314180
5328497
69904785
84204885
48183257
7880270
14739241
50234234
78028247
48647100
92968511
11923162
8895240
53108076
84654035
17185552
32302774
83862395
1614501
39817417
47863313
55194385
39039398
49137019
59587328
2091095
73516357
3793466
58819561
48887375
59953458
6116949
4023053
44593700
49377756
91569767
19832392
59064938
50640511
17837276
83539444
51871582
57513627
8913809
17559559
23127797
48981729
55985811
33251728
9072302
39340077
92936849
55077920
80805020
29137253
51508703
89488160
3580666
34591936
51373914
19065878
82657821
57621877
57528110
5279663
62710776
68986376
73171852
25881879
19964067
30914073
69738241
37632519
437392
80352858
89706268
6730866
1988451
76904917
32705752
26712523
2944684
22597784
19704086
82258410
50286501
52770204
47958179
91102590
32302163
84612609
72270391
18548306
46985139
46973889
26712835
2096519
77004239
66634424
36256451
50902932
17772554
69170358
45602768
6243705
91853501
68516949
18207595
56707239
42866373
21931093
36335891
69970545
83785394
32243502
30738591
50725639
63624845
61369637
32785470
79008379
61562874
55963883
51822087
68458528
91982522
88043282
35828507
85598697
90496979
64662404
80592336
40323347
59548357
40403110
37146913
12714871
9574583
63497407
33610076
2623225
3336650
36494173
44285092
48337927
64623259
17136341
25735309
12509921
18127303
7133076
11204405
85195765
37381708
87745785
60860939
41183100
78239978
31537941
25255022
48164338
12617295
1363044
37315585
75546297
58093951
65807396
63894896
82117537
34412381
28764707
2194549
97830
37071284
43916880
54637825
63085737
6248777
40232030
20328942
24701607
90568567
68744600
84957122
52887566
80830352
69222401
36432882
57846939
43223554
81538332
36484783
91799958
77049037
6761358
38764604
48349924
59264061
57337544
36317378
64762787
8926553
37437481
22173019
23853543
60372739
45812053
90523594
25020553
85627608
25365989
67755206
2447888
51375630
78129482
82107617
77185460
85769173
72309843
81571178
71111175
73539480
35034366
27189592
92658000
18307428
90067122
79618110
30475291
55104902
26569377
32640286
22110743
21121025
8630240
68399597
85772892
17575616
32176068
71259894
59018271
69488894
68100816
65422643
31688207
51425843
78275851
38189363
60534875
14065720
50554056
49632415
70983385
40741978
69205276
84477874
77579759
55476258
33880719
22117646
56691378
31965343
37247
29916571
85989534
89786666
1296873
37688504
32749422
16368646
40516163
4227831
55394627
62832591
40395829
43313498
68098822
28016483
8222869
62039842
8133659
69200362
58935546
44933552
48666276
34632435
40259393
34632060
46059818
52369634
78720657
66888952
75755817
9853590
58720952
56926718
35444545
49681538
25999095
76218459
70269932
5098319
45400716
23854635
53137109
5002773
49206581
33885886
51072667
8900025
37769300
8697801
9919558
86730947
9635536
36454330
10067040
40085304
68330614
37477696
46543248
77232696
18443242
14384501
57801085
51119061
76886670
24726544
9548246
91646015
43580018
25814174
25058838
51769136
62839032
4747496
1645033
27728439
78944275
86595358
85882863
11949477
61130839
16543598
7668630
59858722
51705813
57519335
23812599
9054107
44652538
6618369
18835052
78943768
73468334
11056540
84132015
11409654
66367064
54669752
76742820
21809306
70802781
86817678
22336865
56011953
46224703
69551260
12462172
36181627
2524653
21347903
90098568
92214493
47217205
78289732
76138739
66938116
5029935
54156309
66577236
63243616
48034891
62622971
7025915
80575471
73342094
87424599
86277212
83821788
57796834
83464494
7182498
48026587
45143316
35662171
59682635
53353510
91687972
60531788
4375522
21728897
44685160
38327963
38167911
8194414
19316310
73827824
75349596
11143583
55148642
63432276
18492214
56033209
88309481
71587822
53408960
25489935
88128108
44188695
6569075
78634548
88375069
58214537
81074513
84452854
90312963
15557411
61289696
76993340
81766284
30843658
84723145
80532970
55717002
88596689
87352879
53440527
64869247
66640354
28644005
26289305
48371485
14661276
47478797
6529592
28314798
22675500
10452640
50028248
91605502
8668764
57200393
69372220
56300036
24407884
67116196
28217388
37108974
76988715
44992838
81252223
56824918
39412059
57192280
42159652
12539770
24407479
51769704
83829478
44237038
70703959
77186710
48023172
69255762
5441333
57863822
71809614
37453257
56913675
85755945
12305579
34217241
71960678
75524213
11491281
1110734
81745779
61958336
27192130
25053811
48758230
67444836
4084413
76939892
44694895
27679784
58647140
47175865
52789616
34857078
14052953
90179946
31548751
63575809
13882969
54292645
42659755
27372838
52803193
41041479
53524606
22204974
69125937
83646383
53888177
64332435
23606450
4711397
55996388
9255475
73272456
39811728
11787983
27152695
1415510
33556220
77378198
71717223
5355851
36059616
85027757
89587538
38344985
53641491
31100786
9261866
33041543
63147569
46496463
77933375
42401379
86677997
47730219
23450465
8077040
51329526
67511825
4106719
87107445
68953041
33080854
5258861
72645031
46845869
38396910
53375689
10510624
61532407
68630242
26385109
1311991
50596321
25358093
66145383
33438808
33397929
56292137
34896401
66389491
13147474
12451753
6852498
40151336
21703464
69733225
46729910
47274339
42850812
79968237
4596242
88298305
74458308
82995212
57639727
76911130
91789209
43739628
54490409
16378438
84048628
71114678
72552784
78735300
85485890
87968977
17775227
52069796
77992573
67906766
65991621
3677870
38626364
78954109
52481062
18782440
48962907
39268766
27567982
45977002
92060518
37043111
35226114
85950895
11072003
33813796
14945635
47717396
59332210
79037982
69162404
3728912
82963041
81728111
50809276
90307918
68918404
45426915
80813315
66039530
19069905
57745281
13445643
32033431
60826763
14770410
64052550
84807107
44969139
32992852
58705532
7357370
82633871
24387300
44475451
1513975
37338727
85914098
21340587
34807561
66125330
34132738
46708052
85095272
26032487
60819515
75339961
84878513
92594390
65212127
86303572
55860684
18579644
40337189
50408181
37106317
10263510
1929718
64223691
61296251
15976205
51551948
53748008
5612710
16151032
73200947
353926
77893322
34011690
49438200
27957441
60446171
7283524
45810925
63417658
68630414
66076985
631461
31445955
6206268
58020110
52069792
37997304
75897976
24856468
85775392
77730634
87930154
18762398
58505002
65810455
20097163
72092373
28632442
39447363
21635520
23026431
58249565
56798714
61370815
83478289
22511988
14960337
60910050
34861913
92745327
21482432
12457405
73214159
87708619
70763123
18829965
44641321
38915648
90393591
61397692
28521128
4376527
72844454
63343319
18028945
71220813
57148718
52189561
57099588
36372332
49716176
21249162
18386281
87343853
48514078
65764795
76728624
8229543
36496431
84483930
53351798
34155033
83603817
5576268
52080173
63170343
14517148
84527663
50209894
90453875
84116337
83996583
35523653
20517399
38110550
12576248
11244935
7612334
7999147
9780903
27255501
33862528
20122132
45514651
53681835
58789175
86969338
77368076
51009385
20063414
31261080
17526340
34282085
81721314
76201980
2599967
52053018
85760478
38707160
48028156
55959551
48303955
45267893
75313458
81980083
75577838
31306182
33692211
50571502
46176460
28770448
80519836
87111317
68905147
72863670
34828602
35065025
40917948
35286179
84202948
6703019
