1119845
7675064
47879895
92627560
8198908
54837590
80315047
27630898
90270881
20084956
78137996
30472561
9214872
62927282
14569216
56292694
19267966
28049313
62939873
47539146
43522614
30650218
4387047
26573429
28329161
6664372
41982246
22647437
24934936
51634942
89874891
82368258
35065560
55011572
16505394
48819103
23312099
50235605
93538424
5494882
40758146
38273851
73527968
1254416
861800
78021393
7045499
9833429
39768790
37552677
19651917
58993184
93647273
92686133
50436148
12691057
88801505
11859713
38551497
33425860
939819
43485776
68248933
26392715
75689031
50162923
34295020
58967421
91508120
89210310
69189223
57737276
70253568
53781735
67237684
44122982
683056
12441472
10816154
80764646
32189769
11814008
52806833
51352860
45029920
61655934
26583217
83424166
5450455
5807348
56492452
5872929
40452478
85138785
38369309
87054267
16257431
77132852
89639416
49130045
7152532
75455317
43300358
63664270
57783074
16461165
26701751
8777244
52698218
86218156
28968377
76793622
17480914
1006634
67464929
93510857
88885831
9904406
