17528464
39564251
24208099
2217928
80152057
7899189
19642322
28298618
46658979
75889918
57321250
78085748
65220383
42933611
25203776
13236680
18607545
23311324
29652753
60716824
21737334
2179246
8422317
64292487
56105122
20000123
44957609
26004547
22161071
36362845
43437456
69728843
27833805
60527635
1628392
66303530
77854535
29315934
30032046
46873586
53024678
38669422
11532323
68409517
80651340
60500905
61384642
62832987
7222764
5560823
56937407
34142941
78782452
92247612
31024043
46035165
67320818
80346837
58327835
69350380
29476871
91579536
16467168
54315799
54594348
17139107
55796797
74256049
43090878
54600010
47682634
21103795
72366484
68787313
87859469
27242924
47757077
27041419
72825628
35466122
1825447
9817964
89728019
28036612
18109211
65783960
21064724
88071765
92339273
32604171
42049686
9381860
49611980
47441747
69955990
8183543
8573741
81379599
27600070
50269529
70089688
53423196
7084818
15360323
217163
81514971
35568491
37671189
86536306
84356363
53446396
65480256
8904457
19347816
36588657
23303564
55860893
86668770
37441472
36808393
63891269
82744692
57537615
69659977
92659912
655779
81614621
30800281
75349519
87159424
91787689
90294007
4031821
73884391
65171847
7818383
43813569
27896663
41789878
83054077
68200372
33374659
60229561
17313976
51241182
738305
44271013
5222210
7409474
51860985
56815449
21709489
61718564
48390370
35893520
19398119
56841415
59981888
18624290
53023513
4135282
4360854
92806224
