6047596
58879702
17094735
85711097
54277797
20044907
87486897
35339179
23343449
37289885
2263345
11596961
2017326
38073378
28750121
65410271
51091976
13392187
38358226
42762241
78864881
28755213
57823824
70686295
8805824
57844843
42012180
42819416
75503717
55880153
83281355
4567080
2526895
50845815
31959907
8793617
34283921
54405497
46068299
8430630
8201830
4417593
67939008
43698585
16143278
75994611
63315301
80185586
52131509
25190010
27374601
86160341
10595710
65715529
45371713
44169546
21490017
57542407
32884527
56885298
54529644
25527554
22927278
43398725
14488536
2094974
72636825
21456765
3928347
757558
18754133
82377595
30265016
3444072
35624204
52653291
43491970
3294644
41929013
73423930
24255420
3209306
35492475
46986585
1639083
39581153
7442482
88930417
60019108
63812306
76097180
60801577
69217262
64650212
56498932
27336174
78822815
62482725
17742212
53547970
65095625
74942858
86496499
69597257
75795321
60426762
27638976
88984054
8635168
69719998
87184175
20911944
44493607
18636288
33952983
64437586
29935502
28924107
48753662
75411434
24089608
25438347
56720433
81065187
55356368
5864242
22009205
68804619
18013109
33364748
1578119
44445496
84841298
69036462
55835774
15952980
70792466
44203891
64132964
1379845
89535042
40396811
44430420
75124721
14057384
36506591
10016656
63056758
25139607
92966999
92011255
78082390
77826279
734765
734768
80634139
76283043
80554999
69435516
85045223
24378467
23436436
27934992
61422696
33405293
60929558
52838474
70395242
2728669
87780568
83627411
19357548
54952195
43424410
75214910
64417957
12754538
68461112
20969746
22992836
90140349
6030326
22056438
4394554
77308891
49662887
72010464
13163473
24384483
44987523
32355174
79597362
55678439
43847948
44825587
47474802
65635437
6381996
21362193
92332118
62170821
85029312
17919636
23405267
42520613
73324794
59504538
84415384
28848629
30479486
10664695
80794519
75532777
46448492
15325837
57250663
727020
15027554
46499019
6009487
35568407
90074546
28828469
39017377
89260876
64726272
17157654
27799366
6151860
5833652
88516078
65748019
17426580
2754972
63760997
59250708
92772521
90069471
60973872
48978313
89599316
5418084
63619170
75345077
71454499
64105147
22972639
66759269
79764444
10572853
16037127
89859723
21021477
57730918
57573894
42901026
9390358
30500028
30253508
91257899
47861402
74511596
28038969
22096999
47116502
53046009
23921968
42437291
8086428
77136491
74252866
74901281
