6114180
43740722
69795087
339665
73696621
34840297
6472444
87441403
53881119
3405482
64835624
22494254
75440134
16638003
72121406
20186618
8755015
48131024
61401651
2615890
90349818
9009602
19278716
87115859
17801359
4278720
83516056
20332375
83860288
37615789
64879828
9268369
16109035
91860193
21484903
25520206
70066395
62526100
67861051
54071127
73435789
62930222
24063848
77524127
31695290
91054761
88116184
25530834
50482365
36427196
83205039
48043313
21858008
84574390
9949867
85711407
10026169
76231632
34216956
63991012
88477063
86761212
77655388
41328176
20465852
31275505
687787
15926380
92380535
61232340
36425661
74358237
70403641
48278289
65982817
48747341
47603961
73126589
53918803
64599991
14167436
75636449
31957244
2155859
61743655
56830108
47608255
87874824
86083649
59143118
44530849
81787560
30323342
71795559
32090789
79299610
50060139
11759086
43045366
70919018
4362435
7098954
3144087
16642946
51353106
20404714
21775279
8950274
16694940
88506217
83096338
72510626
33110942
89215851
64991788
35844225
8905819
19282098
34584462
36993308
1709448
84285328
50791101
30975052
89429044
6642020
92475510
82133094
10941450
1549911
29861640
58927042
38628890
85207043
68189865
76865138
65479346
36424984
51490176
90355532
5387358
73443181
91301822
43650146
45479057
26227157
19198514
24814611
79163188
55272947
56560780
48885980
5761663
33772379
45362721
13501176
75319840
814029
32027358
84906291
24733661
41280915
70600214
13673251
69469318
64037408
494355
78562830
66510675
20714454
41088519
76501490
21566325
29896158
41814257
24736364
83237002
41387629
84611927
18620157
41891802
45925681
91458649
11747850
21085820
77141905
54897526
32098311
50244317
25197604
87985708
78477404
82379218
71623452
70596283
56165050
23780283
64996233
81763807
34739699
19213239
6523721
3400766
74419281
19943601
27144172
44027685
62873557
3237625
81860833
87079988
55456642
48717788
41924685
88543925
6708021
61118320
76620558
18318814
19939929
92546462
53375459
32048369
58686233
52176142
28923261
51096658
6935645
32580469
16653816
27993692
88472229
85403892
92004561
53526117
35517172
16693913
27058634
6534302
45481935
81987153
20534171
53899691
30369754
27937663
36447409
47173405
43391741
46547690
82603596
60214564
17621609
7627991
14763087
90534452
82047829
83085902
43359271
80072865
39713917
80204422
85644864
29392054
41681924
1593076
27744624
37045746
12838724
41817570
47970060
20032582
4014313
31303029
3307577
22065792
73701631
19772470
43429160
84172315
30766482
81094678
86448502
74409438
87010956
59064166
23103684
47360730
14882077
85373610
25213907
32441458
32452442
35523251
66448695
82758239
62512584
61923708
11307600
50713350
66883683
30635151
49326229
16158787
42872550
2902649
17150766
23110005
30597940
29637220
73072504
83783403
32263901
34448984
23031114
63391283
45712646
31027581
40164424
60332350
46695882
