69639018
70479960
72566833
70917234
28848302
65061350
62209512
45395011
3872930
19423604
69572869
7441912
31909811
54022592
14256220
5236476
16708492
261435
77042912
7062250
29775864
41812993
42530120
63051995
64596232
82998627
67213615
54295903
49490141
90039026
16744337
72534379
49596532
90962156
23692722
43190812
2279053
50704448
84767278
79981990
40769940
2058126
29169464
63112885
83613489
44251150
68847002
58101956
62784502
53315437
52936798
48298063
58104551
79155107
85028268
69270307
36877314
63045416
36008133
83285815
30876902
26459723
