42543770
82846366
38782787
38062931
43137574
10534334
75852156
85596723
53643870
7394328
44757759
20865426
17612604
40823128
80770145
22479188
22264222
80083725
80040615
57301090
7890574
11308383
71331632
59397157
35624283
43159871
41137075
57210142
29648330
45155158
43099332
25037378
63111931
65154434
26743673
92910617
68536261
81103386
22660805
42537551
2039483
5515147
52458307
24515469
35066835
13905275
83307490
39263775
84699193
27366888
20869866
48275505
61740202
18118142
36256964
56944778
5792193
37631195
53375525
44451044
92520770
4540456
89346890
44303102
46407086
12209654
85236613
82277903
3329275
82009732
2303199
86169668
35777141
33410708
80414052
17536397
13809959
54339559
45609648
34741709
333920
31540492
43451388
50134632
2236050
27928686
44501314
58589150
71976597
5684757
47921736
33047976
75015780
7841028
16809283
38751055
70714523
76686460
53452539
52939357
66781264
67568468
71729208
46005333
86234049
32066687
76136358
55019552
59235736
13064865
42775795
9705879
50735921
8284847
12511896
60961599
55539530
77324120
29318771
36148775
40311673
19153610
72846646
70828115
49079200
14064032
17910557
36072241
78952937
24266497
28267878
46238731
48100008
60462031
72369245
5896090
49551665
25438166
79158955
64473336
72529169
18539204
46604382
86532375
58475236
55982003
63126905
931749
14669650
56248344
25235165
31592690
24221213
30335551
59051496
13566861
80606417
26431170
49522081
64990992
80925887
20241785
38920353
8602729
50883071
235330
7121913
91665350
45340493
40296213
12030736
26258474
84206606
35060830
38973192
26338929
85960623
41944235
76998259
90877060
28700921
77136524
72464719
59222464
69213204
38314543
28074732
33522056
78532408
76962281
50081638
63842446
80752841
88230116
3366835
75109523
49084048
36940274
41324351
75393621
68896966
547863
61597024
62829630
35069564
56393373
53664000
74528063
63943964
19867059
46429053
20344408
45357635
61441518
68063035
48451178
31651874
63285943
66149228
20728399
30877510
79582345
6395123
78619652
74966153
18913654
27274558
62298807
55290989
24372903
36055895
33011556
37148931
63074074
8544536
10995431
46480832
30442966
78176405
28714176
54522450
3666885
68670858
47359356
2514953
76189460
68179279
2903219
45425239
115312
21985048
25150222
73091613
83601728
31136231
47876301
1369718
31571617
81840949
42754326
42451701
13254362
24976478
33428835
3413397
51021264
61932334
75024706
47420269
18244461
17564277
7134083
51196568
76822092
74916595
31908535
30292952
45475747
70335545
26266708
44502913
87180001
51340749
64810416
12675065
43254551
45913518
68969744
2760074
24012777
38143801
46628117
10631802
64216871
89789228
1464908
64835614
43383976
2757869
71217668
67990511
15463906
43282845
17470487
45814634
36005757
78358538
35852896
67885766
58417624
36862742
79468513
61771318
87424829
59704523
80072131
48908333
29044908
8663029
11643073
78582635
55547454
33045539
59830705
71814781
12328973
60907346
84655898
24011035
38672211
4146270
662995
4767352
78146831
83473628
85276680
46683695
29813396
37781682
23198864
49987236
62172538
25747363
72654475
60085872
92559533
74206803
34729920
4661903
48954850
44716991
33548635
10942347
14370636
59111644
87021715
78793428
74046027
51874878
2322907
67627398
67686191
85650742
15526137
81073784
64265725
9124185
20519422
2953532
56087638
79685729
58025149
30301918
25708074
15117272
29125044
20014612
34335908
56211847
63347257
91577422
70882267
12396796
42489872
37942011
53004784
7264476
91507555
10018925
54326536
47881909
65990357
38196635
55534343
44811717
63572405
4884358
87286367
5329547
86593684
14551010
66287171
17230371
82190491
17861780
30630334
53501524
81517917
678406
91427933
20902261
64306535
50955975
90782152
72211453
60154171
13528695
91528739
64120887
13904868
61412997
62349771
81116159
83958655
87528533
60089921
30421828
19293783
71309769
45938652
2781536
18427718
14201247
34900190
59982852
62675184
89524371
5207138
45745430
58053984
77770418
31321736
7411725
39819489
883467
29012016
42673705
16392702
4790778
76713058
84424411
23639188
55986108
74048577
35586730
71634894
67402828
13995337
45157124
23320285
31841859
4202601
13399044
15043491
34201027
23840758
88035313
19188122
79341830
87701255
81482920
16712529
72071241
1258979
7595704
65478442
29655318
88487564
52872087
92463305
48925083
83738340
19509100
74379889
29542669
12374592
14467312
40026155
83329354
9799141
17133230
67724773
2766992
91345755
36794928
24656134
21961669
75806977
63993192
37180147
22771595
7844245
81223433
24584855
23244119
36500819
38690361
34426224
49100032
24807926
25095062
72079206
90928708
91661585
29881215
43177288
4448645
15786082
28852216
37418234
44950106
21947972
10678960
81669354
29692798
73125417
7967402
25734007
30697857
33021645
66746884
38812262
4985681
7478022
7801454
58628074
49192632
76407452
59067751
24977293
53747534
54695269
19082441
5318139
53004397
71483995
13807100
7722400
46493437
72431668
15903549
17843181
2374398
21202689
37823792
81816416
17721127
23697796
57546022
23983784
43539616
81118063
90681986
84903408
43013037
89613965
83484609
84713953
76969267
60725741
17042910
50442863
46884936
53669600
37743447
91064766
57806906
16287400
61467565
87507116
36446062
1608729
74147959
34517404
19316467
54515648
39737597
76121215
13937200
19146984
16792332
19970413
10451428
72874977
59141775
75987178
71372198
29231478
92075124
85477387
89412979
28123731
5172420
17706542
1411184
92656893
1004083
4639384
60550256
45645261
86115965
11559083
87334298
80419860
23170621
3658184
33195374
84399528
76238297
76479237
51038995
91869871
87421251
54540964
39351455
26334365
38119592
14014387
71704
19765166
89600840
83760476
84076610
1614943
12033192
52932887
23802504
60690060
75491873
15830566
54730285
44268170
2685224
83708645
73660296
10060209
80119083
25377280
23520515
29032715
58672493
33146353
27381129
83851858
85736508
39083270
6971314
29954074
29834465
31368031
11079082
48171979
11846768
64686527
20180951
11274798
81564278
37845609
81294224
11327669
25945934
28033395
38829275
41035620
15984668
20723184
68692053
89598267
76974769
59355632
5083418
66145748
10050036
82328688
48113194
92250837
84790712
54082705
84485223
65876928
4080141
79823021
55875474
7343318
41744329
79407864
88481890
43508415
15127645
58942577
56551688
78538009
6923087
9688091
18322122
28690795
26221809
12772328
53634529
71810511
47056243
54010612
74699940
1874658
60822048
20401396
1454992
13569776
86886876
28364694
59477375
36159357
60054087
19026011
7986013
241992
21239036
2065650
92661326
23569246
90474107
59713947
46674414
74730923
64228485
39942994
65032670
63653063
78887868
81335417
46178822
83270228
1210457
48043501
14715291
26730364
80520473
440726
55914497
44136960
36657077
92999438
51198508
68869221
74369718
72763927
4405792
58928319
14292049
29336528
38727774
76184158
84920027
23951044
72954641
8884691
12326441
40776989
19532357
50842960
45880621
12702807
64353756
14145177
62138393
47565808
10208128
80255498
56570058
34360254
38777982
55016227
24678664
21312930
54488465
79143961
45869738
88686130
77242917
26044489
49716673
8913543
14638011
11408126
2423205
50029767
6165116
52684826
70203050
18002257
71351311
10360856
10409464
951880
11881582
56682537
51503357
73379169
85188213
70391345
82157727
47513128
40858648
61176865
29029212
71493459
25444858
8743984
51833593
73795954
39258293
51714378
80410286
40340855
55608293
30924477
39197629
27446367
86567322
76947828
4306619
8931853
12657281
29561234
89970084
45348636
7880949
40048228
89421270
8157673
22558819
79769031
43235425
92508378
42062985
23547720
85433096
81223463
52490311
30954283
78715200
15295893
24818066
79089766
89148476
5825578
11202728
1256933
6753493
17885452
65808714
18689233
19535053
40514804
12657278
42779975
40476304
30661997
86882039
65637046
34308535
15278738
30577303
75191614
43557744
47044062
4800587
43195796
81280367
65071281
15836400
51810687
55886534
13553476
92598644
70460747
87277495
80358521
35711524
22174724
29030224
10874814
39791883
9002129
28840150
29018459
81039989
40621157
85378430
11886763
60959937
49417440
91799673
45976351
68158975
51063236
15425560
608574
7068297
14829424
76026732
58685006
73814377
42844055
52850825
68071139
22415729
12855219
81498386
41405525
81347073
74059957
31206020
65009539
70289442
28433099
74822375
32281510
40558362
43719747
78262301
63555363
85639459
31019822
3130267
1350201
8345928
33700014
32690661
46807882
65165748
234983
44338569
33416816
82202653
46900967
19046887
40697
