10816017
73111083
93681821
62988386
87137204
16698899
73759811
64356862
88432433
11483215
31923264
83548505
92614633
63650153
32427911
22647091
40236281
43052025
48774964
3975575
1095848
56565657
61991701
27152866
33314087
51516574
72919776
8571759
17706580
68457651
20578878
81719464
1191448
36612703
30663974
45437139
44775627
11391042
50440290
6766727
43781176
28821425
61254765
92549298
85353071
48641794
40640161
12790722
22669208
11842450
7201337
82249308
80253723
7355059
94231593
3320389
43747393
76569716
39303473
46623241
15895968
71960976
3048396
1561880
80242915
28545119
89825217
40395644
74451602
61671577
2657880
14559889
77206606
40792946
77036731
55671076
77516298
30967838
74665750
88177143
89842431
82853563
55901125
32412553
88948861
50780829
23391030
55203145
50223424
46494387
55389478
64892430
52442700
55167889
72274666
27234375
29178080
28752356
18325741
17411004
16755878
3630271
22523493
39550026
75235445
91232727
54039400
26168844
2792350
77908223
88279443
53339318
41534910
28819461
16912022
74591818
72113381
35067924
47362379
20671179
31659675
15705488
69814658
56721761
71779598
81124661
86023510
85736146
28642599
28642602
9744317
62013804
39120070
75861335
8606168
85262507
70954413
76887719
74919498
29886259
66889772
31496484
93498910
20271752
31141891
7519577
14613216
39838089
64116722
77573481
63019871
67271404
59321770
33936961
29481507
82647141
71639587
71416178
32059354
35394031
16734735
72307894
61665216
84778600
89233890
44691786
67707139
45938889
55722080
20106805
21017399
83604993
54095639
83203676
87401591
72084422
89170023
44212379
53911150
48459118
36419476
17936845
66738348
12517200
30708145
21607659
93962394
93121543
80580475
5318998
28367874
58975376
56376185
67796381
90451344
57263230
90059149
39924645
40643197
256263
7068812
75461384
44195370
58724519
11617155
56568596
85054177
74511423
24682621
68041444
28240555
1899031
70071554
11710376
89707372
28506749
73571388
18420742
57686807
30811028
71587914
70521566
73670904
75282680
38553808
78119985
76774479
88832990
28574374
80293697
76217997
82500170
23118099
73304184
20901955
55134857
24114765
57080965
10212138
85248264
58224195
35814879
29905369
61916336
69485264
64470745
60260698
52128972
2322693
89770533
5771484
17229019
26605646
58434039
89664298
4748560
58547445
59201477
3112934
41789804
19648719
42993697
37106059
52137702
86779731
49555995
36612923
77177827
3394494
37197578
8870851
72290086
5501913
94056238
40054300
7883641
77293054
48156678
70194363
88120868
39175853
45452953
38497975
12486810
91754603
11847762
63204840
5364619
91071297
17511231
42305739
90288739
29025258
30764044
60873320
23463232
17239185
82709845
93372055
79156372
57716682
37442501
16071842
90447862
25985108
49238537
61378783
69165455
40220127
33490572
75279565
87254045
71304188
63163922
29905372
26148549
35482095
37676397
43807698
57346746
49324632
78011505
57486786
91103591
58933997
88944322
93266729
42611025
78564967
5965985
17520773
7248579
90960595
43688988
66389882
93811245
41727733
39860252
85849053
76148166
10851608
84358417
61186302
84319245
40564727
53139360
35409150
8315936
41213459
22800226
55210683
36853415
35513007
89686412
2681972
28127946
30213776
65005279
72227837
80258672
14641847
27011928
82918962
21543154
23676024
37352903
44510053
28363450
88654660
60322337
3792123
55522735
12376653
49000966
93841468
27513000
86455390
71036268
71915331
86076632
70063805
1543251
86277811
93492473
27882222
57162685
86872144
31521488
22335687
58809001
10383763
75820448
57919709
13449207
32613886
81094485
34890253
76588957
74731845
27304822
3943797
223410
61751700
89222864
86269378
85140197
26297856
43448217
54214861
35479317
19246397
81283638
63292499
720176
6444517
81767527
94647500
77407211
85039812
558914
31235744
93277862
62057216
74882839
53108105
77138694
60987015
69377198
8934812
64058873
47215654
27632814
33703530
68041442
9170529
84034528
25057934
93098822
31322037
32852184
35962440
43250782
36187582
70596548
21699825
26019693
93997527
18623621
91232538
92439830
22895206
30286228
10863505
9185404
27034243
35173686
90750160
7873478
882657
53114817
36403488
19322023
49282127
2810298
89957318
83127018
19072077
64799286
42191446
33105708
90145504
25041007
89791372
43834771
66209958
34034059
89915283
56589875
85173992
9238798
87676676
43036336
46450222
14891050
52331877
15888216
51966700
53837218
39022484
81813865
70109298
77859264
31689219
55716421
89321188
3386623
56718564
34111342
62085884
59415917
12833004
29029788
44224833
75966168
68543866
41359667
87890694
70800883
37716625
42666255
5524252
62684058
39608954
70472613
79519073
20765819
12291386
57609745
36335756
9760602
89583237
800238
13142909
9446110
18376378
2337352
62706404
74585785
8968888
69037209
9821173
39687914
3023105
17011940
34089064
57772019
93005868
87953484
43313974
78166256
57776279
1270236
67429144
28059521
30817379
12894997
50845128
48832471
16275820
53835274
88229592
34776059
30128270
17365389
37910886
30879663
93967289
70656343
20525074
16667877
84548783
21736252
60314755
93451382
39868350
78009915
82334145
84385360
17285688
88062751
20325151
13281932
35472245
56530623
48937142
69043780
34750720
91560964
77550731
93449202
13400000
60365674
59171495
52834571
60250558
71721736
46610399
15555890
10389881
26235330
29451672
79468543
77559997
10498172
39249768
26741372
8275297
89804924
30842186
