90349987
36263906
89411734
90285358
18098270
74946422
83995845
79210757
83151685
65837985
81066049
10447629
92558717
2366654
2206488
39997527
32372074
61277143
31631687
24902280
73016251
81450332
83755970
57400826
75154664
78695727
37607720
93691650
45118555
17667134
90675981
23438363
54859590
92020643
85675447
74664676
51461508
20392366
78681524
46012397
80900119
73371137
90527114
50289404
65190035
8361665
48626816
36696238
47223659
26679271
79461581
16067065
89713734
85427332
25410681
58499648
61070367
6339297
79925283
6223753
68149451
87874759
88261144
82955428
55313469
49294138
86885710
31410033
19801160
18123632
41125569
37127651
81830719
19874970
35040110
43211491
65253241
49417577
698172
86673488
38529397
83173764
83769309
