52942901
63032169
85079853
74841818
22547587
47710264
35176954
24399675
83207428
46706744
617748
64022049
68695606
77036175
64914224
41713044
29277879
38039956
89630917
54720903
28915941
62801902
51868136
80731057
397349
89977668
22717480
40078165
53023869
45930365
37368630
80413270
67040681
79096181
77676271
58416802
8698314
84620872
9213925
62658682
12145017
54121676
87793920
80000470
76382856
72001783
84625422
67498150
61245261
78300017
40818779
18763538
68196154
65118274
23118048
25955329
77445204
67860446
28931300
62039710
83102608
52354442
30226922
32818793
57736328
43098271
63829134
45762401
76310048
42518689
62307195
43688660
40214693
57737633
48331295
22342473
68389113
51625067
19513086
25476699
11513085
76106371
29675028
84380378
74455373
2733871
33703075
79370632
50058525
14297733
38733991
11953043
71167074
78123390
32339223
83497645
45482326
79840682
53101361
50655915
80815457
46221140
88906615
63340897
22892694
30372128
16609620
85037309
8946471
25027691
79527458
41778934
3353920
5007447
50521881
3747348
46483913
128451
2541551
56270223
8404824
14894834
7152570
53815627
2996754
19064719
44341661
68722332
42232319
72999755
15874294
73728630
91393625
9257085
78020949
1751223
25835979
37102124
40939927
57480854
76452706
87372837
36798750
32502989
86729575
16341310
77582237
28741782
90395582
73812245
16814185
41446647
6547410
12784642
35930590
34090671
35388602
53617294
28522081
26642977
84344649
17989067
75419955
22235468
82026351
53979898
65062793
17621070
75927688
49684071
83411183
13879639
81623147
46270451
11502014
11858243
39546108
89322155
88108876
30979569
80713226
2294176
85659101
77430332
30808912
18187921
62814359
65367343
91552205
67420287
55075450
