34414693
60808959
42887330
45936626
49047114
1654814
85871258
90910502
30747434
361277
36385411
22432853
56944801
16046662
28065767
82349929
42663983
89146207
73644512
36606475
29977467
52148233
3664826
6965430
65290328
39223908
86270430
6911482
41229332
33733004
58047396
5959272
86005790
914175
43639890
53625671
89752218
26683156
3078978
88519835
30153121
61590223
44798789
34102777
85526471
35163279
56967110
54393166
45360998
54590199
67097422
31349843
21214975
35625088
57034493
65002204
22050564
21198718
36488106
17888705
92131138
47627682
10935325
28589904
82245601
30913789
10570769
