54134650
42204646
10004657
18195158
69111431
63785037
85417246
29493005
81924224
90683315
9929000
50678217
20364402
3164980
1494528
24723788
56551404
7019067
16332936
47253262
13898309
76224723
64197938
80612433
31050468
37427498
67723485
80014605
76462365
87528942
89645345
53450487
8131260
39526843
47973190
25314184
7458221
12147688
81070855
43082495
76720374
24996171
64709172
20171418
31822352
35045226
1408064
15033719
10049339
30181904
86302251
30191618
16638734
28082518
30866601
27160439
36020396
32264327
88385692
34194766
54803689
49128817
69745942
76576314
65635914
5943029
56220295
79391098
71034251
2018439
48829295
64205419
17745761
24807045
2938841
10871272
56705628
27067719
82748705
43114086
39190076
55400223
89670406
75795977
78810281
5808660
56455790
58437069
75090742
59785975
23501657
78684850
28211452
84112389
51098024
76946514
39062883
17797403
12417455
14970979
61596939
2645227
13665292
46199522
36739532
77254873
50741982
61531242
15300562
45226926
82769440
92326442
80975254
75042735
85835383
78279987
87490725
8924442
71561810
33440670
88674261
61281246
90590529
52458503
30696006
28852551
24442935
90316908
25842041
47849805
39075146
48771560
1652919
48512506
59525352
17487263
51088732
37346486
24150956
74070203
72236879
19101249
39013812
20478054
17092878
78353562
42163889
28219309
4222424
83882421
71950230
86205111
57960277
56882225
63569990
65439932
40251008
12204968
58659330
34037162
3089275
76433991
27475124
36639396
91765449
21465472
9045720
50957170
11058491
35707034
74077019
11795042
26809680
81710496
92982345
92983070
4879750
73233315
80299966
57733716
1810402
75559131
3394209
85636701
65130338
77707012
90052093
63870131
45551394
89142743
61521264
22134467
72004080
90107054
40067688
29306475
53909820
78197816
4999458
3541542
82543638
92174957
83422298
29620833
15332173
3106948
90594743
32541843
89109052
60117206
13394156
12544394
19204023
81389855
63092343
71948467
81736028
34379217
6542847
11587657
42272200
50244308
75917624
60372073
24169331
68606523
10815634
29155851
34156201
77080362
6788536
70075514
49484593
62790405
67564551
85271445
562027
59970834
83759292
17789417
7756832
44494078
34485566
86588675
14826742
91404310
86612895
30985389
91932969
18929862
50668678
41810408
88390999
44490313
68758735
48432275
45993657
5220865
7984002
39643656
20398216
14662138
5532083
45839213
18193696
23333092
39218154
91176008
812232
4574672
81860034
39666318
22849695
57267330
84275902
26525320
71232565
7628497
6407957
79808945
14313154
31792369
37346093
89218703
75075629
9081793
65140826
78516467
54396323
45058688
62291919
27065198
31677726
70109308
44385011
37931507
92476518
33076639
63517275
7728599
58395690
75459481
90099581
82850079
14429496
72569931
31158733
70502707
19144311
27056203
71427582
48778587
36055586
21272246
51111163
21429052
6879094
48497081
18917367
