31515283
72728990
36798043
80634790
83893746
47352995
71429854
85838008
80260102
12339867
65501625
92066321
36808445
52221759
29660283
81747525
40871764
78490115
28252875
79147168
92466917
75329516
7777145
78930282
62326425
76342714
36190934
16621695
42219174
14368637
88077680
69781554
8242311
76375769
81754342
36073594
54212581
6865315
57366843
33946572
91412761
13922195
71779231
87787239
52557758
16802975
71668697
6301373
93566135
13552537
9371221
39721366
69618098
17958125
77128597
20077919
85667860
27944315
38045480
48884415
47959849
42989548
37270743
64799429
85502078
53146190
88324299
16144510
11716280
69098508
62429257
89885971
55164607
75114394
49201467
65828576
4096080
15431006
13747170
27762681
26401360
38885941
88831343
13434439
21732225
10596433
3205418
44136278
83708263
94447106
16662409
15192007
33175377
71422144
79735537
83635090
28919044
94386089
8101425
32793244
42133695
4659848
91679553
29480851
76700712
35556811
89487158
25547061
11769534
37362179
68693946
82849210
44386192
31065499
88137471
49045026
58711106
81091923
35669094
86907438
60427815
59311461
59982363
50146232
14357836
4053775
25650602
55877944
26711997
57950500
91203379
23237406
51726755
89837452
50570699
93642530
63148348
45784815
2608212
90162270
85914457
45250702
78423963
60307968
4396373
41672739
32891074
37277474
40703024
84126764
54049853
82248976
25104558
81514973
46403186
26304170
15148249
55388653
58693333
2215723
94141124
57528107
78428932
52358513
84885029
90638815
10405227
32718903
67603539
64863770
72258664
48872495
42382118
88912694
9513275
71350564
63407530
11127055
78277720
66753942
90383841
34941986
68012545
49651294
82404685
84659189
52964503
19476340
69629190
3827448
4423925
86874108
74814403
27135651
61027587
68366211
991261
55891814
63590023
26652897
65299081
3295045
12461504
57883495
7344888
80897448
51968977
76333357
91153555
15335902
68103225
20475603
91562436
37206317
64083566
61263021
91579369
42046285
65353818
65875552
73242594
37679744
2465967
38358789
56373283
11008716
34395262
28612773
85496632
20748351
17162128
91310045
34229883
5811305
3899432
14074124
694815
65660101
40020864
82060635
88529572
82573542
17291283
25388081
47522543
51539764
36127503
52510843
28357861
83533782
75200900
66860005
35651296
44657215
82808574
86581506
35524229
22690545
19993463
34552153
16598073
56858338
11995012
82204635
65077859
27083008
48654025
67050126
19405405
27333872
58199634
45157731
4852438
29683618
33387860
9711173
36079928
39300201
4287403
59938277
47853949
30516979
7343154
90695189
40364942
92129002
52483809
67447575
40289349
48613022
85111175
14179503
21499059
2114591
82153768
37544874
14947820
4858472
86243297
77524813
77936396
11896909
78592867
52051037
47706710
29371201
43094701
69979558
89320938
28506203
77792314
54956052
71227051
42221473
77917220
39057541
204003
83370808
7832733
84074043
74592035
90472987
1191716
20134271
47228437
68548741
62651370
10963079
7929736
72784251
70768035
7357402
82667664
46000088
7042647
11812024
24569782
83233742
66091821
75993141
53043304
90647452
61706478
77006779
34226253
16308920
9397285
43538852
52852277
5508760
80698660
46099759
15168518
91541397
18739374
72087621
47303827
12846323
14364118
24955148
27306313
72649442
25787872
28253145
65615606
46834879
51871493
58367876
81528580
49624666
71929808
32531014
51614262
81834633
16914086
49163007
4298676
49165723
68095570
44015998
87588654
70193717
63435377
1132308
61516315
20272524
70919561
54911644
19281033
22032082
70704264
2212545
10662948
40202323
4676425
89125177
10409450
78346466
36566981
23207947
62909944
64238901
58738146
1420707
17357003
27403262
63340924
58973774
17910056
55093356
45366487
40477854
69276994
5823169
94332185
92302637
18983582
41378611
68957056
92377534
44732826
