24772703
81112178
73550242
79371136
30389232
30120546
12770446
4501549
23537151
2412880
12715784
47569
52688597
22742694
18507044
87848037
14555961
41612596
11443040
64727441
15846433
19559355
19205620
18149352
72450127
87353667
18733294
19514989
12749774
21427272
70073778
82051795
6284250
26403323
36762244
21703273
36221481
78823887
60333634
86172621
92011242
5068682
15836989
44371628
24000523
47379277
17062172
81152160
86243915
65188924
23135878
49043402
60805914
75376689
13001103
12645547
7046422
81337700
20990016
92785138
13849253
82031246
51669804
11807260
26838094
9379206
72014908
43718033
65646973
33109774
72465550
48078698
58934056
36983017
91011065
2562187
75291323
29173974
1785013
78369635
88733225
69546584
47770412
31452963
76408378
86420468
69491209
5261259
71850280
35508621
48235340
53333360
14301927
1552665
66246874
89754745
72586092
89265113
