92504645
79540872
42153348
71711162
9514926
23530739
71366590
81554681
91017427
2359472
9035579
8490873
28149399
49169881
72697869
3878076
91876164
91876166
74939658
18299624
27964551
64988005
48046843
64885789
7915914
6329595
48337256
40701366
51977627
54220258
85327183
2689515
27576120
28434650
4302901
66637564
81897281
50758289
15420056
9395555
23920241
29048912
9913617
46729088
83678227
80321858
6916677
43206226
76212580
49606683
34149401
17113123
54918839
27270563
61526716
88555711
60291903
1437372
42292873
66266857
74107327
28181701
1581869
84702282
62637309
90158014
58535499
53903237
57380577
34880430
18520886
75033452
35445076
24932369
47946809
60936201
46374321
16519172
83432870
50826928
41783905
37400402
84090456
8963475
73576398
24096265
86023895
8945652
10970523
87391197
39923414
72715417
83667710
77529703
34148629
11351074
51552451
13700568
19606662
39808719
63625524
62027304
51054984
43670862
71859735
21808169
17486489
15127836
33278077
39826397
53482944
9988532
14527887
21291348
84967434
82808034
92874597
472088
36578766
33587396
67042501
52950388
6081152
75480017
84793712
84361043
51921674
36075210
18846237
63099967
5560602
11100289
44043584
59989435
84980110
42300172
88402308
14272451
50736018
38739495
76589135
81981844
17181432
83379616
14628333
77367667
72707780
54178628
82445962
37592892
67569304
48371233
48719869
29390976
79554675
602972
12537392
5520946
24441968
37782431
66975751
45860506
82972916
86243901
53928996
75910316
16690884
77010684
27120409
44032536
79478115
40936497
92878146
6301882
33077213
83867972
37134982
62626066
11602244
69971015
36823429
47717695
3025612
5885417
56841075
36691179
45740902
90115326
12406089
10920520
65999860
54454107
26477988
85646899
18351886
48377282
48660735
64807860
21390746
85514896
30297273
13616876
48664910
35689135
35938210
44469161
59776712
30344235
70972438
68254179
76909188
9033292
38113431
89130184
21034878
67847905
6541389
42744496
86367211
33531818
72515045
47385945
25589320
7594141
53112077
24423186
12972524
74332559
2297683
20245203
40661534
56947005
57843225
80187031
13917138
75513702
285667
12915133
69163510
30481237
83350747
72103621
45383643
63137296
19120944
88233546
86421443
16698718
5103846
14365681
52180172
54718000
5959918
50611168
92735565
35881504
