1392281
69222505
22496438
3403986
92382753
2429171
64140186
53758035
82982312
84067930
42227459
25877668
27561162
13253527
73335263
27587634
47473361
36069654
47218968
80388191
67150464
9828439
41857246
64022990
14375941
9209527
46955257
16118972
1575610
67665781
6634714
10569148
91831721
73396871
51150950
28711648
50909058
90807653
89146012
73699176
82144911
62529392
33523430
53340594
28357061
36397882
903779
59438052
69738967
28030048
5256328
35907327
18170648
63671726
87080727
53164213
32469227
30406818
18046106
22428018
40508908
24298888
91046854
38117259
65059286
2414188
49472160
51318312
69216789
31907471
69615558
77231809
8117266
70316562
2112023
66528797
13787756
47723355
68624813
91778990
57895647
77893525
23728787
9592428
92169095
37350043
75097206
91562704
70105051
40851618
19251057
70220766
8472958
46359210
51143855
89870432
76978116
13737306
18473413
17704873
18189101
79139952
27108748
85827385
86049591
7838257
79846695
1009154
82211165
66712787
84891724
53746509
40673940
53521716
13078795
40693157
10824661
27243358
31596565
76837389
89740750
88647074
71982609
65840517
54286947
73255222
33554635
57518890
62391782
78083171
34174324
1167077
21266399
6360497
23260225
22395360
9508624
40261144
33240998
56516842
17796463
62425717
41526071
8018830
82375828
71811702
76422970
4017607
55812738
48867128
40129869
58728374
75740102
64998133
39727720
20611073
61842238
24333174
52147449
55510619
65739571
24366951
71516668
487755
27679548
33739561
74336671
51748350
43481825
86330341
49662759
55045058
90666900
25436224
87700877
68056412
82658452
61055046
45894140
36254804
44766761
3629237
91863810
84013492
39597577
1151781
1151785
86690703
86748197
16991129
790567
