4525402
48535784
76591558
21148111
81712445
85326106
40499147
18054169
36662298
83638567
33607615
78179414
25522239
7027142
94518703
13547411
47464693
55491686
66249692
50633855
44654469
7246930
62851114
65629901
6032540
48776603
50608006
39208783
79715845
85799835
60721952
28312587
11431960
64300875
85511323
24049485
16785737
79242441
38019522
76884577
34476543
25941799
81384598
56196064
69830661
18094801
67781996
12519006
62952666
83871785
61802171
53474719
50048837
36537184
22744982
69148518
1787457
19053645
75106729
28611282
14266075
70026355
36066029
74436703
15354306
21121375
60710634
41467425
20765095
47895934
30432191
19798523
20332864
24711033
23580152
79738274
14087907
93761978
82103802
6648789
13537683
60895652
5079434
57056907
44640849
46963228
27061942
7227320
45959020
13212621
28038563
92707907
60199006
75626988
44581388
94572687
67289781
34397219
87317068
64084943
40849930
87319577
42924470
28869590
63656657
64930370
83151069
67754230
18690390
24492846
31836436
2264813
41171029
85440998
27192173
81768334
6326834
40474439
75553667
15046641
73601131
85112196
21091276
43913347
91537589
22709540
30507162
10570211
40748329
39277761
8756349
52039449
70291201
89164493
88273777
86899966
67661503
17499945
9359369
78772530
71254090
58352306
28344394
90593848
43396505
71498413
41834431
37231309
27729076
50247210
9288290
55953655
77277169
33677393
78243618
418668
94382747
71886832
24229180
45765211
32385828
84382573
94642237
47584682
67231234
50272924
82397337
2399784
26721938
80791801
18623391
40389975
43712876
53114637
51787828
89761554
17536140
88077643
71320855
80544195
74948395
78908205
18510048
78116390
16546967
15104224
1475993
27112416
4172110
1695853
21665624
81268863
92087518
17509319
60408889
87655133
25033881
87737227
28382530
54208954
89229694
35067823
77750848
72161232
120363
88682823
7553709
53168824
39117005
50689525
47897298
53233528
9509280
66889980
82371876
26145590
59674700
46997657
362948
54261237
91178871
16729574
92550085
2421993
72667001
77805348
28975015
23812857
47235567
82913879
38178953
45022625
14463345
10305673
33716435
48429288
69842795
62534593
65160793
24999294
56094472
35731598
39227201
90953664
36516348
28158719
12459567
61694123
44830272
77398549
45303309
39025398
80572620
44452834
35482840
61343086
23702244
61316613
60834349
82330554
49792499
93633456
10815117
44837063
66620407
36150364
62712559
41771451
16972625
2244616
27346886
25304156
3880988
76385751
21631041
75682427
76735414
16114617
78338038
43499125
44940651
54547852
39301169
84992208
61975999
45567742
81124363
60559419
7469199
22518581
40246469
26795878
58858765
79145511
69987251
36777748
82238918
20663216
17102281
85913292
7023020
45032789
78755713
62310225
86401700
56223677
69342040
1347040
11326851
12806414
47466789
22456132
93418202
79661156
6296920
61888578
32846291
60163797
91219421
68435956
51402621
35003533
1926511
68592624
66455778
88583715
10360867
67403543
17082344
29550727
34705860
13507561
22670609
48421975
24900214
64260856
58048880
8029593
56019950
61242214
4478953
55401240
40668318
65118769
81358376
64078947
51373000
26053618
12483915
76976187
92061132
33502167
65705683
54862836
15351239
32716553
11229491
37884474
70295585
26308497
32120177
82271150
41077918
74292851
58208683
31104944
16519288
38742819
48014501
21924448
86989238
5466355
93416681
7954352
44804086
68132773
82247321
63682537
84177735
71409268
38915435
19436702
50545897
85796695
1693816
71623069
20194542
87100366
55880994
41317753
25553654
19885286
51999692
49242309
62496614
2740239
80504786
6517467
93193106
8989791
72772340
34600441
3927549
85554337
40582148
18119191
57123025
61879539
11047865
25008323
60318859
2451442
88892340
33479523
56234800
42055276
76311107
14582399
52286888
40834510
14479066
83372404
15283297
5125396
50142101
5160586
22927785
4456997
65888054
35584255
69289674
7059928
15933966
41435170
65744048
19705903
84851815
91917876
62529405
70944321
50613985
7308155
12310437
29912616
85489014
47341367
23111773
980097
18368552
41252415
65449776
48060654
52715525
85865484
4398133
37792512
32527740
74975406
38742823
18526907
48447819
92570053
32423764
6822793
46954831
64388865
35131091
54322995
6921649
88783146
92937418
49007762
7907484
2046726
44805929
48673962
81242052
25128085
1678693
86904678
74859164
55603899
33032680
45624745
69823803
70284893
68854123
38253530
4944538
51004148
29341495
79935926
50222063
913488
41529462
78150389
4596793
