50747268
60273916
77138636
32859929
46945731
22485106
8728566
72830755
58628109
66927161
39265110
17936799
87030285
70994614
23140582
49898465
56908664
41020245
84229141
7045496
75616881
86773903
93614423
81616061
50941371
9946152
19620051
50782363
79481935
47597232
85514762
83063264
87901208
73747110
56102857
75600468
88881126
66092761
70253568
47277572
1584635
75427371
51528145
65119202
46913401
61124692
93427900
57569096
211550
83317545
1878902
50793956
61423004
60472191
56471398
4596289
24361751
78429054
79948059
75644216
34295025
77093032
45019449
4508775
49091477
69552578
48652041
73125774
23952753
4035522
58629409
29381455
34446358
31389229
43813140
72752085
58677305
78551653
90550093
15347225
11526890
56492452
51120587
64643139
48202179
36701193
80921276
15430277
3402573
91909927
41599435
83861883
19193621
25490251
41976304
30758124
74494489
72672717
86673328
53360028
59210471
94661918
37483790
89414602
61643358
91939691
56081327
24033749
88358634
30215040
3502641
47539150
50668646
17589903
65100869
24055493
39820181
215770
30140571
9014861
81101884
58967423
29417675
93596558
59635491
7353820
40109019
76441495
85422824
