43316889
36666596
24669611
58320336
61241615
50884866
54412848
6223086
91407090
74834296
84817751
25669961
64024141
44602714
50876920
79100599
10703696
82680179
12802350
69742651
82450886
25549185
24832593
79946002
4057659
52629829
14860921
79963666
27167453
63880403
46147394
61436623
36767805
4638424
42945631
79173431
46601318
81670816
85991092
64516578
61762642
4543332
6250192
13822900
81398351
16781919
90426481
48146118
65230410
69578295
46544718
18737391
52865903
7357029
27741081
74458525
54896653
13858391
27320827
44427680
43446470
42202799
801783
45455719
47875294
43750564
27604606
83372263
887193
41581863
87477381
83236657
72691837
46684575
5152729
6931907
24898256
27566567
605313
9211290
59904066
21893207
69236106
53700161
92983362
74783616
52658412
10545426
65589223
60424813
63427625
83770341
40161605
15413892
53851593
21469956
29699905
59905550
80535248
8478283
22361542
91818939
2285753
45249910
66063958
92750433
65110681
82216237
37230925
2943316
22671384
13972724
59199581
12249057
26796396
21512716
69020166
46916513
28135844
32540833
9634368
5060808
29810263
3976989
17725481
87942363
22535659
17888148
35406832
27491173
60819509
91308980
82559098
27527068
22620501
22209950
42380851
20052912
4988841
30930958
17675301
16539096
49681961
6094299
51427976
56586518
3901940
62724889
15482303
49984804
57120574
70308938
5381671
90316229
52923827
75113966
67991388
75478284
42859248
80315515
86027627
37847508
56636999
66260229
31495684
80388175
77213634
70262414
36413189
35994844
54826778
32084734
78832605
51953049
46043056
4930026
59152628
88120248
50252430
41522395
39240621
39086745
88223201
86705241
1441572
15347110
91898928
45906982
24203290
57449644
67523653
29298942
78114610
60424811
23255855
68555523
38236467
42682782
30709877
62287351
25265956
6580614
250407
20965261
60815313
85821069
47300787
28387036
27405955
80316884
84317073
7165048
31602140
54959662
24660707
38506242
6260662
80802914
52004973
50358908
5755603
87692091
43393264
54727364
75583412
90173041
86525123
44215911
22448666
23683441
5662976
21713384
21333005
22127390
22127392
81669029
33046054
91404932
85397026
45806305
14387784
91194696
43371205
3892480
66428742
35406788
37972021
64623946
15326359
43630820
60295845
24318398
27305900
23916619
15320943
7194908
2119909
19330306
62773352
57777052
56379935
75444565
61389824
59185561
85369388
47141687
67833536
73546457
36748551
42033867
77073746
64712885
54055950
69787911
83409824
61141952
26283673
43466563
1637861
35020540
53002579
79488223
80150129
45646476
39459033
87862678
1533116
2134938
20647650
76441359
31798157
62105289
64870731
64153339
2336162
32694011
62956591
92640479
40646731
45976306
68766665
18977441
68217781
4741414
58207742
66999086
14957298
42382468
82506957
91221398
46641248
75416066
735088
14141189
82453900
26320625
3490162
58407518
70902188
70944668
91255273
43529631
27705323
34688495
20583499
804573
7726759
26685315
63376477
24250968
33916155
60846626
1336890
22316157
79435408
49868187
55407805
18864756
89333162
65511203
52228759
44691267
88940770
27073087
87563453
56314304
84652216
6301683
39781481
82285729
77141568
34577850
65227978
57763719
9908447
25969334
79177345
34346985
10357410
45633201
80649400
43022669
67835140
29700502
21680200
649137
89641700
85620504
48319247
57741306
701029
7273213
6671197
32989783
25597476
86584172
35364764
43210041
74246384
76543631
58060115
19714738
25287187
66871047
32078321
35837963
85730185
74002826
58363382
40406805
66287923
4675734
91278230
66768684
14205101
11782129
92313551
79282202
8987954
24259645
65734821
36042801
8456521
15883593
85591180
86228498
20981942
77027735
32208829
89461052
59904064
60389456
50055338
45348518
64437568
27681135
40283100
70690347
87001484
68085814
71359961
73165860
67407719
9586203
44857060
9414195
40594435
57874437
6112945
31481091
46365543
46771807
44190331
36207149
25951260
21903070
13833235
3700903
71266168
88856941
36607317
38196244
47727412
60210572
4231356
71652295
46080476
26531285
88848581
69488143
54079883
63046875
78874405
56483513
38006044
17206101
56314416
2431412
51921524
74024219
11759485
82518333
88175009
8750663
82911710
16972584
85027083
54391105
50091149
77833458
22559811
66628840
45347490
13161191
53795555
62454735
14359133
92590716
71990464
66524399
67093707
66022511
18820725
46954195
4567908
86280468
74299330
5866489
62425441
62744900
69464613
14250558
13800944
27349290
12192854
62377321
29682289
77678845
83684009
37932368
44678077
75395464
27807463
80424903
69392508
54695193
29837239
4508340
83392597
61402218
68181270
63701339
11232698
54755795
43573313
24379020
79472984
11586584
2054807
92307191
51733406
15656767
68990499
82216234
34288105
59478850
19940924
37323270
66849898
47676085
90055793
11437240
17635483
11342492
92176656
23332257
58610338
24543526
18896063
17170801
67316771
90112951
18769427
53545996
7805415
9122607
14188015
22633537
76089296
47184647
90993524
54348151
77948035
49375251
39009114
22873915
67660637
72708793
89766965
50648461
76032370
9340752
66689837
36451271
22547525
2596916
87049232
47439450
46849699
22927907
59962883
78281208
74977163
6672697
9214284
383985
20209866
21995159
13863284
873036
80370187
1561326
12407829
29954475
71585880
21979049
39202475
20308489
78046586
68007715
16141049
48888874
71232288
32497375
75243484
4470530
56481417
76961376
34716462
86030504
71204569
69200295
70609101
53237529
89838769
12847877
33532215
2661129
58052635
9990196
55076184
5632974
53059049
72769129
42201257
88245929
86594629
74508376
38952236
16739547
69100621
11741149
88764668
76402691
77290783
67393659
24682438
24448733
20236548
49747378
25020621
12765594
27735148
77191502
57099179
18129902
42515993
31027069
28305511
12714363
16172515
86965002
47610980
81405028
46227330
33442090
67666600
45353425
68508675
80742192
13844743
20091433
10281371
50749161
28279205
67647214
75683663
17814760
53634785
19270723
31748946
49278257
2847393
80200598
71714341
41786523
90808586
44050864
50356941
14481695
91282523
47554861
43907524
82823691
12551269
46312891
89404089
57577877
17379503
62063456
51904991
92188287
8728145
24816444
4506033
67815169
34185429
82780934
12774789
23091170
42859563
75641906
62781792
75858956
75891387
37823891
90357928
232552
15415527
38539382
63929853
34721890
75603514
30608517
61135673
17406371
60408524
63953540
76915771
57053518
74744073
85055047
