31888577
57206637
26205729
92966478
81721515
91329164
75436494
32551718
28969356
63133951
36511348
18681966
27987489
22593894
27302220
25754455
74340612
47429581
51065314
75524091
6501115
14822517
60228859
23438706
33845374
91054990
78341654
45196298
22230853
46837749
41298507
64884167
75504088
26559177
70834783
44200601
57771752
75286761
18411959
83321860
15019482
36992528
2049914
32431973
7620844
41958300
50748887
2705860
28595336
87577835
60193672
27249431
35890849
3380838
30288269
49152210
80755118
15554866
6742800
73229595
43845265
38445521
14166266
17348942
3846470
2507136
44945826
34028358
78656125
14857883
15648645
93053167
45829296
58734059
79474821
9202602
83768948
22356208
41464077
45607433
26492154
10213171
46760628
12058906
36422948
64255476
62534701
13658368
87530043
11795238
78717942
34221055
23032029
79926442
36925003
75496331
79261540
39837857
54249732
39623013
13370634
55627057
27811803
69307736
12305413
60829798
58753517
51437906
19994867
43959104
36265824
81512484
47862405
34916004
38240049
27504890
53656803
33583522
12680586
28543350
64851803
70462055
73558401
60318579
82128402
81378414
47943910
91362331
67657745
22011759
91552050
44895419
49160177
80077335
47963282
64441897
20796541
18579368
49300181
58338456
77152639
4221515
88969579
47765471
60624023
26775023
75110410
89414520
72132472
64127686
30231389
54376387
74911376
40906797
31300377
48401674
52955837
70776134
