47962704
30096953
77347821
26038451
53804627
7686438
75146755
53816251
68988267
40430410
28872016
55564473
63789113
89193186
30891840
30665622
5068320
47827514
21365178
42345324
81475742
14818548
68744041
46519428
18752704
2436736
80118732
72710236
71882177
86737753
91526249
82197687
45802283
58341682
88810162
89545216
89809057
26864507
39847999
30117942
30773585
27023019
67106006
3042179
49834128
88532253
86477440
49427780
57429689
81540803
17775943
23750889
27323151
48982635
13289353
93022320
87247366
49492412
26789314
58877430
86150645
53858815
61519998
42426837
88398663
83356643
55175273
65596535
27543405
85696563
80391387
33292799
24709443
66875442
78502044
35421525
63526218
19901266
44811413
8767972
86779878
48825719
35843071
9425878
4314900
82727208
38399003
48902521
22777356
57523761
62394307
43086813
88580662
19761247
45217055
77705015
307049
3569789
78345949
195301
54980502
44637317
38246755
85026569
32951045
47778553
86201072
64987983
23257097
39759445
70382243
1400402
1760347
33429380
87459151
60195106
79873735
70885658
18304421
2667000
54089572
24221551
18272246
64466691
36368183
3337052
43815715
80856508
28211641
50289043
26571800
55376367
86002960
36036040
78658039
67781567
72441269
21605403
67105163
91011883
84532372
88221127
50604912
3613435
40028769
