4026362
39097209
43847567
2521314
17704885
51349572
42602236
51873122
83836691
55108804
3728830
45390310
42740330
23952102
18935888
57983965
37330204
35833492
34983273
9300841
18514828
61018144
38201742
83149794
92686914
69960991
85997519
89463769
6188632
83964460
67092652
60981280
20255473
40151820
62687326
11741973
79468287
90276570
71503527
15431527
85428698
51264491
75954583
14964855
63934171
20781764
88261622
81730264
25419751
30562698
53719584
71309759
51711657
882831
34367745
16464177
60659764
77287083
430491
65851191
13487675
40969726
22760139
49249077
57967717
81673978
78566399
76249933
44219568
61265840
66636271
45217390
2444787
86657889
33286151
1077761
36174797
76617300
69831694
101213
23382794
66549537
45808051
18247937
58335714
74234409
68361684
32903256
55236626
12965279
88193241
778929
32068701
24881156
25736519
79314299
58921889
47353514
83216620
19951651
87060802
52866424
41971807
20748335
62621560
7532870
81779986
42683100
25568852
71708410
10622494
90109606
41849355
53506199
78517597
73638893
31215254
43329361
50872500
39178485
92349411
39127617
74081673
49402605
87925336
74827102
51527094
3143933
22006728
87022128
32568930
10075080
86739501
16586718
22755163
61497995
52200060
20387207
81543012
7947672
77581324
76912955
35521588
54424263
87630691
87539253
26851716
35175129
55049654
10818457
50422976
38650834
55790045
91653939
67038211
53979244
11712055
8477552
61641918
12431898
62196167
17707188
25601804
40564761
1060418
31355301
91196103
40768604
58080713
5158979
33837422
43169690
13627924
32190520
52182866
21112813
83122040
2514296
77017726
69652629
7938053
58928518
36214315
65274858
60813531
39251500
82378453
35831988
33101516
53088430
53036283
85256649
45077961
75436671
33955769
55947005
35578443
17736998
91157318
44538485
88696109
72606802
26316023
92258711
83127961
17125817
6330315
33443988
2011027
1376912
56812576
68144801
56093502
45570225
87210410
89754621
48247389
52552924
77640109
59773431
88139961
38963663
80583771
11663846
4223133
12962463
84777637
36588630
44015745
60366766
77894668
21632938
25351812
47026197
35463253
2650877
81398953
21385493
26707552
86513578
42493927
32476138
16622025
3982732
47157202
66892065
62610654
41210502
27088942
32629945
71231878
86212036
15974406
5280285
5280286
1697778
16937709
71205789
76004007
3026208
43109305
26098325
4535674
56054555
53152561
77370977
63379103
67316056
79540423
84675748
80697348
84496488
46197544
80418322
85985649
28910090
6622722
32228666
76571148
13275155
29794131
9677164
27322896
3902749
16087041
25697842
45026598
27897943
56287431
27005587
35623304
42080337
55471098
17504221
81641955
47340007
78498959
6952875
80216768
10232794
59156431
64519923
47177437
16647455
51072674
54256410
74137682
35158492
33771811
39530811
12808162
59381439
50566853
44046886
53624106
49927728
8101380
82274168
38707611
44933415
64171443
85767505
27030165
32067589
46875800
21076079
67035223
63324734
51838600
48616384
61697100
54602425
86911266
77067942
23222805
75912546
15553278
16421825
4951517
27461106
4406006
5631973
44903787
41329732
89485282
54992319
23511749
69621785
26792094
49375579
52317032
86454824
58521263
34315662
84622468
39363830
34029098
36228676
67228262
90710262
65857939
91964922
18561108
50473116
72766760
71352704
36410088
75359265
8204329
67587921
63253328
47698643
86254912
91429124
14019643
18836115
30522823
23326292
23077342
39819448
36777597
45574256
34515701
9168915
51757518
25069791
21119846
4422553
51230289
13822940
13386343
55085366
20798621
23985359
41172122
37913455
13436298
400675
18585199
55616496
76265637
89654666
62704903
64983721
68477399
8256936
58064143
81649234
51629952
29440515
59423519
16282026
63407356
85604956
75022334
92079242
82003145
34146940
89267594
17349105
60962510
69219677
90728015
79359578
18533447
50165489
75513807
75784133
8057528
85805174
48398792
70226426
30462993
42874211
65064348
1499221
