88314231
20911332
74319495
66550872
54408131
19189548
78349626
72281400
87296861
20417121
87602057
8209432
43690381
44274216
7286098
5407415
76519382
77229584
37888993
38860141
82498540
37349312
83126892
49770148
81244762
75764114
65954728
13407013
83998341
65785635
11227233
39837957
79379601
53711730
63981293
27427991
64833900
78383060
89251236
67217082
17799016
28009282
65653478
52671005
6979972
50636859
37985655
21180256
64374722
75398576
68563728
5230456
18109939
15575146
56884022
45076894
16630020
49819185
39049550
2094060
33981359
29896152
3305702
19329291
49179257
74547994
65005973
62431230
86549912
84434990
12825941
7884841
47480393
23634259
86603497
74521347
78331535
5894475
78043853
64845167
84083324
5007265
36407474
31729937
31426834
45781628
54645166
24304907
50728692
83958173
55903767
53259732
30555852
1196708
77225846
69278696
70264915
89185348
24315229
90466758
41840978
19856880
74851483
35012069
35601009
48495729
23438023
32203603
77829535
65060770
28863830
38378538
9451760
51535058
78020576
49256327
30006941
61550658
51931058
86766095
52655675
71343729
33737095
53117619
39775116
14559295
70694417
93385066
27272569
81934803
21665804
24221794
46775272
90781039
69186072
28978990
28024148
16857344
3491003
70383544
33561246
41373683
42012292
19082177
70048920
29960468
26707028
10903622
19541719
66939876
32000293
20550627
36935277
85206654
5827788
2695154
14763959
5563708
56058506
71158118
70963869
84224318
3781729
26854641
92738780
3726230
26928593
86404013
81530836
10188308
61508833
27750467
83888841
25209242
26871111
86810471
73895599
2727430
79356152
55119132
57220650
14062504
57949587
86441417
60119988
85926494
73886777
39418516
17348385
6490900
75112473
65859733
47094993
19190487
84461066
43032377
10715363
66260286
19467891
65315861
67956641
18619856
27602587
80334968
41514567
47617025
36413460
4076373
63177823
25103018
80353301
45098406
37309104
3042197
78779371
64242797
93183971
14444910
66052422
49328333
74001390
45590686
67228784
36911902
39620940
89552320
19329288
21208188
43409430
3067547
71487683
9121617
31917265
68352676
41710841
40099215
