36427983
8522791
78962761
54822887
75320463
85799213
25963169
21800001
23844732
49921584
85610962
62396107
58738832
37625470
80906954
40586722
47003858
11696976
60025348
39887517
78883302
24715614
74434354
26090433
9993523
78642383
84507466
44080089
59695749
58706582
52244335
14392061
55944706
680128
38096464
54600557
18306421
15632300
49554302
51006016
68390418
70094211
84384196
85097831
1870900
12035271
31173272
70796351
47978220
57385830
90229047
78557585
43792326
5223174
21575525
87282019
94539478
79996249
54714464
46111391
5409807
52422995
26156723
33468269
25321899
78298001
33944523
21926740
55963816
58333141
86526536
19156036
10159818
94403035
87169652
61480785
4717709
33555408
56384810
84653108
34331252
16030076
58200926
35246576
91370814
92082379
89580580
50099208
70861448
74569464
31643468
73164497
15487677
3575366
2284479
52753924
82965610
34799665
19811835
54364703
37069875
89459662
42306490
79784882
9111061
37075560
81756784
18415389
37157897
63192648
3447275
82124488
52276978
73372933
75810932
45353345
40924935
58359811
36774498
47059502
29542660
34636590
27091859
11684277
92006624
53149813
29984367
51839857
9192389
12171458
38743784
27513560
21649099
3212347
91420535
34129264
11105097
1747709
75826437
20190553
21186236
64420728
4278910
13419387
68591229
92367554
21081185
86012592
4968516
71735346
1907859
27342751
74866157
89397474
43762483
3957870
27094792
69761131
49830939
17188317
40590265
92965212
49412429
77668103
7029896
1843685
70003888
46010231
23231936
51022621
47175010
93767603
65604192
64590545
41770885
18327793
32770490
81590257
81833381
46143352
63739188
24235193
58172566
13248865
6141747
84730290
22257261
51133820
12684871
6881338
50155373
51938604
73387618
9756952
36575491
60529970
35566955
45790906
56409676
75283851
64627697
1336696
3419227
89153015
18082419
57168738
74001731
76808501
88987306
59762286
8571200
69190211
74899504
13653173
63274977
17907551
27715421
70950850
55224934
22637288
11411769
80335724
87479350
67354963
1711383
23787103
57403351
2528582
14040625
3599869
37670252
