12540352
31895466
39233708
81206436
54142567
18159613
54144382
26488661
33670826
90106832
88162303
35412772
75640710
82540661
32478510
195852
195853
23291657
23979475
50316421
88942641
1734491
81328828
30998881
77545253
49747986
79983628
91208655
78758150
24502619
83164050
9232152
80724059
73315471
37809391
28462296
80853779
35446868
68392533
63138075
71125152
68557567
60489233
52252278
28139270
67556566
76246390
3795738
34376805
3599894
16322335
76481306
9535874
86642462
50226901
26089078
53063147
59890920
13277291
38688467
74625345
30174939
77989832
56604397
32988866
74317342
60026973
45012566
55743208
55557018
33785819
77415389
77496844
38661802
74820796
13958439
38303065
