40300934
16155752
42062634
27341870
83943967
39120292
73917774
37117195
19996504
39608442
15195985
33276816
17161655
88598002
2697495
80329008
91397971
9651984
81866500
59940185
91982440
4100487
81270060
12615511
84141844
70454831
29534685
84371620
43132407
92737113
34195144
76692383
66656173
25240359
89272063
76427633
9136588
56074993
86606650
59816007
29229220
2678645
13311989
41786265
36365160
6709441
25014549
1672356
78790586
50020587
81234146
41423470
36951135
63088168
11235687
14896316
26269698
54999954
33755191
89635913
5345313
45713004
77450447
2084406
71225993
68461610
79620309
61140113
88782900
26026599
53241708
26080549
78570964
68830742
35052937
88195331
58291482
49428812
60115623
36582554
8156288
7491508
17951978
7447887
21441343
66045200
76454730
33645017
19823046
92177896
25946464
60417983
17651669
69816412
86963912
38517672
50211021
30182608
25643379
13461266
52043883
92197859
65393477
23894579
28930707
82820211
79543176
68649433
63774364
43516295
41733040
50969400
69037796
37870124
11268310
56934104
51808470
51613994
12618821
75814896
62587751
4598240
82412280
91725481
27713605
69148355
74005286
32797221
33856589
64782087
62137414
11798167
49227420
71729257
70437215
32829282
1358301
68342028
87661186
33856586
69267359
10350094
38485612
32535876
36009972
75201419
63159025
22482974
70804046
77508074
22780604
56139068
34888821
62342464
32927752
94291916
39281068
39281069
30581041
54050724
67813894
63138329
71296313
56813655
61417675
11610545
76284696
76826966
76108515
22070276
34020207
82653666
61324741
92306990
51633460
7826999
91795132
10924997
1374258
35974656
51645293
36403290
10330292
72894727
94042535
29833827
82186126
87243227
79317185
45815737
36779373
82512801
84546524
831830
9477801
3797688
93678586
50947608
59876713
2192602
37004212
32198083
48822589
92793580
77868359
36480449
15583960
28538327
62717933
78555705
66941914
70475612
15382704
59370099
11502164
63359916
44041557
39409734
11000034
11242598
63019795
26696649
85549982
51399128
85775829
46898434
53467205
94258520
49008805
6424450
57666900
7122279
28807338
26992227
36018462
51856075
57153055
70807927
77907538
74339844
59460421
17873554
91082693
38694324
57873085
30145519
78053220
35340545
79005529
21566213
59091267
36012803
23539436
7220376
29637706
4855167
88968200
36149481
88561819
90575018
91277599
15839983
91870190
5274597
20450448
82116409
80993868
40623515
77651247
26982532
13097088
46875329
72398974
90065432
92193696
44577159
28059664
8462263
35319716
83325633
38107348
89595685
91294562
82428155
18603236
73862337
5564514
16723086
80408530
36722181
15311224
8672999
39981745
78939610
70201637
82380628
42632895
91349371
17153867
53690187
8756300
51867349
50398248
33686242
19325639
8445764
58043955
49416619
67049436
3875290
88176142
28249253
74886865
64844166
47585543
49054461
26011190
70712761
23249122
1792065
71703145
29917622
81186360
31771858
31415963
22470095
81457645
17873557
31849725
79036207
84631306
67125099
33149627
35909653
71418750
92562254
30186325
9079700
33479813
15175487
54690140
11319491
28446252
44006676
91179139
16290925
26431287
25247955
36551372
73336136
28823401
7133774
91086988
27354471
75003679
3749251
48798830
10234703
15521221
44873782
76153119
21401972
50435721
24416135
88546156
57265769
84790424
53133513
53207796
49942036
84684234
49875872
9193240
29822544
7673366
2702129
13387988
83531626
82587137
49239446
74773450
47664473
10102751
3572090
18336350
82253364
275299
40483663
11732542
5614224
9328817
