79146822
58254413
10319629
88562982
31181754
87717301
78592641
43741106
67437829
60473531
26420644
55700398
69419372
80989242
91569944
19124845
25444671
33290009
15298585
47981069
12443929
74700
74644381
48806622
32562759
91969551
53935290
24273292
52035485
6483740
21198507
92126779
37681255
75280289
9522567
22367392
41180118
43145710
20166103
26348770
30989781
17804670
90302407
81638091
4910363
24719384
80953443
90090944
43561056
90909360
67251874
92993474
34105231
20153114
14287722
24399434
77977659
40272280
15206721
46896104
78761984
48518488
52137442
61623974
31597424
56630598
92682051
52341076
89047953
78883390
49970195
23666220
31157372
50421161
19205045
71017161
72240540
79122793
5469547
49061054
2335407
78739902
38218782
91136512
77048412
76045813
22070404
60470969
46135024
78698037
52616888
32143890
81281985
57356568
51233280
16536239
76306544
6938729
29253929
66508422
22005635
276352
58996150
49322663
12299329
15616083
28958302
15825796
70085402
72470948
27698754
11123717
69138804
80831257
46713513
78321013
70758959
72973473
65656733
58253458
68896909
34837759
78729973
52711918
76699025
42577992
66779199
15064946
69531365
75242356
26090545
30575779
6591395
83580803
78083128
13468229
26160565
4192207
37902142
58520523
469860
41469045
21306651
38687001
58211844
49245610
7270282
43531260
23353493
60634640
72495
74659841
91512149
3518041
72711741
39340279
506355
55541022
32776529
15574154
17702925
28892419
25119949
24640179
59837319
349878
75098411
49846578
31573996
5159948
53832148
32164621
30666866
79139814
