28423530
28548606
57649519
57514962
33476767
69132584
72076765
88495291
35664719
38515737
79947838
46907124
82162006
29613238
52758592
71818608
26902073
31293236
24928402
65941213
70932430
30853829
65254832
61125550
73276635
14264185
1331749
6344621
8165040
90808092
47715866
24919770
48722594
20513895
63063103
867506
5526348
78903811
2955126
25778347
1495803
80903362
59945060
42078957
7816398
86081832
23814267
43127252
43965236
90594038
68724194
9912492
19933628
56155422
54824202
69409184
37470884
4663662
21531286
66281816
68906226
4248
56736320
28246086
91472000
33104479
15872394
75921845
49208517
4287297
51164029
39662181
72555240
92963639
30596711
52001571
27744186
71157639
88506096
1562151
69788115
14824898
39651320
28345560
29514927
86497131
39089017
130154
441607
48864771
73470240
43853343
4765163
80270071
77193821
7710103
4159723
53716524
27000779
69581643
13830063
8115105
67105068
61443592
7199844
63303465
73344049
74076253
25598800
61028318
73918989
7118787
60513822
54713092
92223779
57551919
25391887
64067518
80052636
59282788
46243800
39527477
10089314
25430423
10538841
935243
31949510
799241
73840182
88812736
54352303
76606308
5007488
16275157
26345967
75769487
3016825
89563925
20808810
70329447
51649732
89392862
14519312
21276942
45621675
54341073
82926122
46487171
83639760
14759907
18413836
3757462
92057675
80578486
81398379
42902768
85183683
11494318
83280456
52863689
46667975
33316150
20536930
92319333
59571197
80861505
41083584
85992678
9731227
83535189
41402644
70233194
55595547
67194855
37854537
14832789
24460805
5176460
19222352
82392880
28086617
87388234
63202181
64837952
5596409
80409888
1638659
90913744
55790317
17740191
29663119
17771905
13202369
71041638
26149100
73621016
91977812
27757728
422905
61303845
2645086
76957121
51084390
13597701
34279000
20510599
2434210
51968874
18861577
73948771
19202256
41023421
66914165
35657754
60778554
506751
49023797
56261677
58410963
91618554
82948210
60883378
54500080
58346227
89890613
233950
571204
89103022
42938644
77743295
91011855
22783446
47665050
5864402
49082892
70222482
27220767
10065795
54551828
47449143
59397161
75374948
82579843
74183898
77119157
17801911
25810100
41627684
52648440
9207217
82758141
48738973
91197268
36218900
2737965
67577581
300016
5456349
68470559
14670766
38980387
73398612
62315693
61464121
26720719
27711142
39233848
6056208
42990588
3484873
1357776
12400032
46777679
62629909
1743202
80254744
71144290
12285035
79415901
72305278
50665345
50718562
58107111
81694124
10216366
56856505
25030140
92627262
51230267
11868353
60034598
35724222
85776101
33500522
7758503
17799806
47969905
56021201
92436443
17762960
260621
38795163
73783816
28504901
43094375
76353006
17922864
57594219
15528459
80911856
64717363
57947931
6116918
20596755
66420829
16636430
68232919
62607336
72380605
41831414
8429495
28154505
7071558
90983530
3555904
72783668
8389931
56652418
60477741
50807382
64416805
28374344
85518251
33350799
36043090
48483138
29773865
29040179
28664622
6564596
92044242
55908939
19825805
33259047
25631930
64498499
52896248
84818597
89284432
26666048
48250553
60963995
34730767
2839237
65813193
77050458
40756486
37818559
46423221
74323634
77292630
66609152
28649553
88611608
67933066
91316856
24113638
80413946
30674015
23672117
18846331
36701661
86017827
88596312
74089282
18674829
32226398
26729470
12992249
6492629
5711304
89159625
4572091
68112703
16996652
82038911
13801295
79933048
46076262
52521259
86204707
57146425
56521290
13080855
89445754
27442761
14988851
18685479
62457683
60099625
31204137
31950739
71490552
74780552
80160354
1632770
11201060
18293764
74856807
88810941
5643481
60920036
60473267
79992691
39034082
77572424
51030152
19641698
3855121
41788718
28536058
1534568
33214333
47975681
83786554
79402131
29807589
83662223
58715955
64298876
45043712
10821827
35086490
26128222
