69512454
11607835
12724996
73207670
3853629
28800896
77358198
92841738
89662472
2274728
89647356
63057996
59042390
53226057
8931145
88950076
22188364
79392355
13057761
26401320
28811943
90731913
47839786
54374013
34779986
44619187
29150600
11761350
53563489
69135596
85563785
38550644
28698347
55061628
54269529
73179611
73522302
12325533
78430859
60057882
52444730
84264296
50218553
30410569
31995815
50815374
30397565
61434240
82478946
46685715
88266956
77858490
50154823
60722626
25035930
34939249
81350999
1396454
65391315
74222974
33770225
59946485
84365330
63507857
89488619
18456408
36259899
16702402
67589726
76160552
46948981
62678282
59854088
91903587
8570482
15581080
45935201
88667800
73707042
1245002
22441238
17528707
15755634
42376938
54641519
36140760
60727825
89313664
51484231
92246197
27190486
42510329
53778466
3724733
46141040
37188005
8279838
81358884
11775122
26897135
28767346
92953819
8734881
83550792
77934117
41589943
89015021
29126633
31908467
83332450
33262956
82345774
37762538
53124421
75101327
10336195
85396713
87252458
79708800
67786012
79037086
58642778
28870729
92929335
70808434
23551019
58197359
48410129
33291180
46498461
17834197
49262362
55382486
52562099
92680140
35996060
58364479
84581567
43372308
40411443
37977177
81085215
8259788
22725861
31356312
61346712
79036067
89017536
89340443
90523615
23976903
45850337
42328128
79533536
71130294
49047532
89350118
47972021
59328521
65818992
51731197
68896806
17036252
60536299
42912208
28265934
71679527
54804219
37583352
73426589
43177289
25711943
89246875
81153970
49324017
87277540
86553141
63452548
31872821
29086925
41267133
3992309
244670
2570223
73638110
40507324
24996832
15352738
73667680
55359736
33590374
57130515
10334076
39402093
26072893
58752124
70623947
47800831
49311127
64101137
25889475
69296740
89767947
61248055
40543121
84562848
51728066
52448960
15684788
27532685
80342275
44635131
74068774
80334302
3543491
21676591
93057025
42473678
85232103
1062496
26687034
79703467
81806587
70815661
15260586
77397465
6504520
20523962
77977473
44657096
20640840
3037560
44454449
73368567
29349424
93030786
14249011
11768388
68855947
56462049
61494666
79508429
2660606
84114343
1061068
6114582
35949021
21441461
42404838
350020
82752000
67201539
21861385
87929449
5730486
24152456
32413938
75765997
60273597
2933676
11501347
83009717
38402278
55023011
592832
92212869
56476297
45030737
35937916
45019525
64229939
399307
54887973
91709836
47411029
1705780
11042876
13987868
24428976
69644793
83142556
8291802
20147963
16000750
41540462
6850674
33137646
51186394
86485306
49724170
88340289
54084867
13666156
7170633
9279456
36271078
42535050
24223585
25370955
26186925
91122899
8089342
53314403
26226704
12089095
71087525
