34658668
74841132
45737531
90943408
14979143
71920326
67715489
10738569
61091222
50471269
29587032
60692314
74918989
86020756
58761723
75220595
42352003
84987272
70783872
39736818
25159990
18355389
90545532
8809552
17498686
23185116
36208173
23126645
17593977
72203532
37962081
8654788
70391947
73442973
36160087
60510419
4026575
38896413
57119824
1065303
66767496
40911840
26702482
65127798
44149292
85006818
36585354
67245436
85813147
85210142
25812228
9328009
51777812
18493764
66376684
25760036
18473723
76441821
76815242
61494231
73821054
34011347
49102944
89502091
73595764
80915444
82640016
63260622
56271273
58519392
17438379
40517924
42203563
8302043
23189362
80153593
91855508
30626175
23387553
6400520
23927523
31144791
81225268
32360003
61260951
68038249
90020037
21121083
10265176
34912886
54647699
69820926
6118159
8033793
40352608
50922349
34922375
27982036
250445
76649038
9118185
64373803
74576392
80171174
11227463
7002425
56100372
72480681
9420704
68735917
40018623
45980365
17422386
64107209
15713985
79229994
65671300
44671236
72990532
18339832
24533694
14561198
82972908
47946136
49417447
62976487
40217206
92542220
60633941
12193058
14628765
35609152
91491836
21359251
48993676
19036765
1482090
66802352
56291144
87268394
65363460
35769020
43804782
90596374
91341579
91693341
77891843
63354950
76367975
41156912
35294765
11792243
46755851
28366998
33910794
68743457
18428746
24908367
64152039
70382580
67595829
64809775
19985659
54047349
41906404
43081197
41131188
1464355
88785120
92832800
73768481
34484701
26020795
2883312
32322420
55914804
80954977
16948823
75269289
17956612
43734103
23968409
85006638
77639955
55535980
44037005
21301383
25284686
48772186
51402715
62453526
84319904
70457224
15874459
36432872
48132385
18966989
54517611
68648609
68904781
33427272
35733135
81301458
26768085
87343579
62676985
25546189
23902062
91441886
90601771
27979275
75736239
4508106
35873916
43966831
84714959
42351370
83179473
17969124
48246473
73339926
89297624
55077013
5225331
40748820
61671511
2074435
83235368
48838628
33089254
54288335
2640972
20014081
41284347
1105229
34262341
75150821
22512149
10733780
9696102
30857843
41969845
1670772
57248966
72026916
59123039
76231742
43182107
55038786
52533729
47638625
12874007
70670304
1856126
67723349
7188405
73522671
85849049
65865207
73445246
47012368
35425832
63591994
45577858
34650085
30163002
15405921
57751281
67892724
36350311
67864105
66698234
11921804
43593595
69467840
77917964
37993739
62445163
71537444
77312719
16709100
88732064
72580305
38289997
85792982
54823593
86185461
39720028
91503778
41923378
66232394
65985738
66453603
70136296
65675867
561542
51407721
27758326
55759860
33494250
18718077
44202756
3434635
8541038
51051924
12600093
61637012
73632107
77513119
4834740
42249677
44070351
70265121
15067194
63919815
87620074
76711596
70258304
32046693
74683246
59817313
62817527
49078497
92858698
57769500
62530803
31910628
74426520
18630410
88519367
37897405
92017439
80612817
56939376
80678361
50467158
32122144
8006638
67566367
9307330
70714863
84349173
42408865
7946555
77894363
46252181
31293535
29773565
658420
87784309
70351065
26206041
90343111
29128795
21142586
48347712
35384489
25999240
71387323
82664007
71064466
57872964
79739427
72323345
86072637
42945414
89397688
38641012
92712566
73325903
27621754
70257877
74642430
53872611
62400563
41086182
15795210
18200395
67425713
8545492
16513128
45014854
63919816
42315647
90308807
18304327
20216713
6530359
63429307
18366522
89430990
90349889
60839031
12276434
92100450
66632793
82306156
36131844
39142254
11290057
91474991
78938582
58362425
18843534
84492048
70627710
43333004
75433484
88267435
69242665
90586484
44211492
57632750
84077040
2400544
6872742
33213411
8411452
83550387
45553109
67477930
78294700
37473851
23284415
71400419
79757856
31889671
20051343
9634665
46064952
61685629
72313923
52437595
65742079
36903471
35700466
38335965
54805712
21529085
54405606
53106277
36603583
21891319
79903637
41814538
1355834
62103231
66855025
43291879
18735135
8324437
58762148
1258953
59315498
20251289
16706819
48497574
56382974
47927983
