49472691
63817448
71528168
72171169
39197566
46041792
80712592
67894074
30179141
40754613
49395140
57716079
28019748
64568093
22714646
50470594
91384522
14352230
21469987
82171874
48943681
73108308
41556744
4322421
12284498
33162690
8710245
58046999
56531200
52216272
82928234
57927910
35904660
46156013
84028122
46746381
43413723
34447028
13997515
27298584
24611056
82727469
73813825
10124326
17587770
58164849
79120902
38381192
76812795
5967035
22726729
78952451
58714889
88367171
35689094
6313260
55135964
43878049
83973513
51184804
11649215
79834779
33548680
2944664
61300615
30212058
6821802
31112711
57523533
42668656
92218678
77858484
41294960
69554073
14495510
9825023
87302055
77899436
71609945
54830910
7411361
4028128
81838197
34524098
67558007
73433645
32160846
92143330
44229064
63644722
32701047
73599093
70738674
64517467
61596197
29438499
14877607
41248537
13867149
68121846
