20421425
11552205
17089784
6989140
27256327
8367521
80323419
57545879
37059843
43552409
63374034
14668811
53631595
59093851
89646830
36598606
61939727
64679774
27847017
47916077
13096627
35187791
28203528
1615127
71906784
79405743
17174554
8390008
4003297
71201654
72133656
29605779
41832173
22106236
68999630
6762674
59846342
6413486
55833117
61343095
29814491
83029303
82734318
69237955
11593255
84982854
41296775
66931517
10685265
64337038
37410892
53200249
56182226
8835774
78568446
22049650
35186308
82954925
10689985
46680810
26568491
86549185
14399819
43826269
72428205
27107628
353013
31506966
9026377
33695280
29797954
39757709
89066545
62807526
84903201
12291082
70345367
44910406
31284681
33067247
80860027
54822998
87308497
53760806
80262556
32929724
42081474
26172410
66010355
37330048
27577105
37488301
4914793
5188673
74088844
9048190
71980851
33608436
28986552
31334547
9596078
64232156
76484328
36571094
84987303
