240726
11776394
64449522
56406230
42260641
13351254
8744402
51389339
68239493
62155210
26630852
61795318
1180752
11307624
54383563
29160074
48536338
27514928
44339323
42531365
32512094
85781552
24329300
40312384
51355232
84692664
64914218
59301021
47313196
46616774
88533041
4587133
74255048
67175477
66288044
62969045
3206555
35997331
3409726
80199887
89859848
1856085
8010848
59480306
79829145
43709621
73844445
64984405
1844956
17761256
46863885
42147996
14637060
11696100
77854477
36240922
42081096
9113132
23908852
55542578
75214023
42491992
70551474
28553581
29767019
31499317
76219891
51320740
85320140
20236251
92414272
28317260
67544583
48073774
70764530
64667666
70666044
69015169
48572850
62925204
26983299
90483664
18136658
48788574
39820329
61622287
73604177
87980969
85667040
14068567
65080453
59042642
13256423
66955369
34492046
43176640
39740457
91736469
60046991
79136972
34637438
23263943
37444698
74575368
13780974
91918432
14918365
69030993
12523137
84578354
91746380
42426203
15914839
21515908
25362412
15220388
3933616
67935596
27961411
3293307
63314900
26252206
17140053
33706203
9024619
14835134
36060307
24867270
17141672
45068683
65539308
51660868
9632478
54567046
68402555
24394271
37831195
11207358
18025279
41282739
15589661
12667931
47457156
28685800
42663455
26720785
53586807
70495457
81512422
33878580
2380146
16963902
33876923
42580491
46129066
30840113
91233406
69766234
79782848
83751933
64850646
16215909
2242358
58267158
25648232
60997952
81785560
37052566
21254757
60264665
7933848
66620425
33759474
52173709
29646132
50726897
38309937
55174589
85367792
6537068
30040071
10899129
21000601
17308121
12768583
51897157
79249905
32477464
6290917
72990466
71749919
16995597
54123364
26606240
72348146
22750858
53235476
36509855
41999153
1865418
87459309
34694742
43772200
83404488
11586181
15377083
90633817
84574136
82445124
61180525
37837014
31234146
38581247
31853284
22337928
19793917
81708978
33337510
14031939
4116117
30938065
17290496
81148497
77456182
37426630
44430444
64594004
31800839
35611575
46572548
42375586
16132977
49398690
44749713
62010417
19420973
28386489
32980378
87094263
68295695
62945094
66930175
59664958
78906736
63486486
10988671
3198611
90809869
40312888
29006138
78434068
69209666
849320
46562336
90088012
60499040
30736307
86724318
68702712
49694800
88489849
64693529
84167692
51310444
87187830
61203794
83004414
14068181
88289204
68210895
3526136
39277680
58775010
15995615
48565867
799228
55407269
77260994
31360642
60828788
10471104
59033328
71138653
54314856
33055611
68399991
81008908
91374053
7211155
40721756
11446296
92352842
53944728
11554735
90493156
32033685
8869037
4446824
86478169
51105272
65454294
3527773
4890225
51527832
15104672
56720039
15732439
67908522
35836178
55190343
8140002
68642019
22553142
80531409
92336744
92440347
5167974
16199269
56667544
81990111
79103607
32067572
82319969
27362835
18663842
92202786
59735184
76268540
38216055
34905230
44001228
13173689
60930192
62987147
85967095
48062841
35174124
47461431
36490064
75516743
44065182
74850954
28203599
84448154
19590782
53225960
70116689
42466611
54672832
73870587
82470570
13986780
19148982
4872336
74547956
61721766
85644920
1069677
27743962
43663180
48173609
80443320
63313360
30986984
42853069
58540689
19482747
49470329
40413823
20706525
53393686
75914774
14435178
28971681
3115325
57099364
59776081
30025831
43209092
47444091
6545699
34421928
41509814
89222016
69221464
82711557
23743083
14857488
53114512
88247778
13996633
30946885
72962787
15210223
79695752
7582918
61599009
73629567
92257768
84678896
86450287
80171488
40349898
17394406
53981549
90220814
2471379
81400341
43126646
14999177
32524144
36875911
57345431
27464366
81840825
31175704
49381068
83278280
26179670
73291424
13062455
71639116
51795663
62219273
83999275
37122124
9559962
43728622
72120058
53570734
38299375
2144071
28859757
25894769
62940192
22431763
69151972
22521165
27370770
7934097
41891173
9327422
58580197
66463727
85848029
31573883
66997100
65569160
45320643
80416302
44095455
62923013
17706847
72837646
87168462
13519520
2763928
12550104
72292962
50998406
19472002
28042034
52536570
55197223
57741401
32715662
24562678
15895907
2285612
27853612
58883930
69456431
23619120
70073122
46811013
10059837
53731378
3337628
87654173
80575034
74001257
18974103
8513112
34631949
82445030
8021771
58439195
16513576
16128735
89931220
25752890
75782199
21710573
84700458
72046415
13706684
18079092
7071317
79450901
66683009
25052496
84083270
2272868
83143222
374511
4834559
4685143
85553835
1315315
56007531
15488757
46285628
36720854
53930877
3062957
8324392
91531409
76563060
12388369
14603834
63491500
60010229
68391084
62323800
71024248
11926181
42288783
58341573
88153412
15624152
43931627
33980688
34523974
78924331
19613564
33168142
54653050
80704405
10103197
72493272
36812640
46927309
40654405
27741277
17223878
44015594
8483679
6608387
71569080
65176758
35909549
30304464
52304231
67227099
60965291
89975912
27473287
1527692
37806161
13926674
84068663
16315066
91831499
67286418
7450645
25468266
28231216
84858999
25283115
25371019
57758125
29058186
46669921
64792091
67606640
83361679
28767988
80687736
82318671
12286726
2860096
58155262
1678852
76461862
58569277
58302029
4481707
80628678
63330875
64815770
44644893
7254797
9088565
91897672
40599083
89593218
9386520
53715410
54484292
31671137
76831919
78437869
68811556
7875426
64215733
89995406
11520373
87313019
28169295
82489298
48169239
77800143
38110426
79846678
25735566
47433601
26036072
82371618
2071698
78538104
3107529
5939494
2753097
41974167
73185695
2435609
35249881
84389783
86616773
35060232
40781442
21045415
44493413
65936326
64826
22367091
66603776
91612628
32267631
78837348
32784268
66543008
90333951
31791433
47389092
67638828
48309720
26873682
53947038
21264387
9200121
67726033
83928861
52493561
16825637
73405480
1328061
82080706
11961686
18643831
29852029
34428110
84599755
66687282
14608239
2030415
62954412
4956389
21309781
32685504
36440259
76744478
88308554
281192
79266812
30837709
33509980
76829955
9534052
37126286
24522606
40300441
36214204
17991536
64223821
8685843
62883711
60603524
25630580
92660415
2006033
90028521
1052760
5308139
9764761
74754472
43587665
33025609
56393882
35559541
18188569
40042762
6947159
71994392
37096300
46872355
76698822
78478420
14864848
24417244
60232428
31993691
32794205
25990272
69063305
13717588
57909123
61936204
15598368
60975886
24771849
31241953
6263079
60764115
84164965
57577383
27136792
69277803
32579315
78436183
74516826
72224809
78108092
61391158
49320531
76811150
47578110
23205390
58539182
43375954
54300725
36128764
70044637
82428775
46295064
37049037
8796457
32244765
51038905
5376686
57665946
29681089
23311336
47006576
66278568
78166616
43504869
14739307
33998315
44802969
31653811
21602213
52366308
47939407
12044787
79440606
34731447
8629857
14426200
71748695
12112484
9252649
78203885
6668261
56306609
85560437
13637759
1620814
22108088
71019843
77415532
89725852
31549544
53273902
9855743
86528734
66596698
21937253
15576899
80641390
11050520
64631797
91407081
34474042
83253455
30818801
16991485
51646386
17356832
24234224
79948940
47357343
48590742
73182262
50211369
39316186
68843782
87188473
92111803
69768800
38663568
78778533
5781560
16437197
38188823
66355823
12739159
4768032
20177076
43962645
38205064
91646353
26973025
73932403
66661408
17313404
10336723
87247873
78363444
55648817
90355449
89179682
32561652
28291277
13835145
25196510
5945356
56896035
38031523
69215603
11544206
65830347
88536260
40623224
53309712
41956048
80479267
16009487
42247610
25479994
25479995
62484784
3412843
25392335
65276813
91707052
19028609
2961603
42246656
59851512
54785027
54986918
85039630
3744243
39923484
30792244
56079587
61319700
64254198
49231199
56084451
2027246
67397131
55394974
39804193
45821244
3167150
87237252
145788
83612518
79129712
29589591
58128993
64169855
69451215
44680813
70550953
87964869
45969277
41774358
46974961
87522738
27012872
83771290
19198944
48660388
20723334
90531955
33787938
31385281
3714760
92143329
170495
68928007
11370601
39343352
30823675
23646701
59796998
53842539
92399542
62601956
79051234
60873353
4469598
8178243
7829624
40423621
10359397
5343366
73750570
85881910
254060
5161473
60112948
70529392
31027465
9217295
67995474
47195686
49977056
43644308
44445324
12282465
40590541
36594172
45519930
44556763
77182002
69522094
85336900
5130680
38769735
5629886
45077140
41509224
15690188
40998494
79115780
41124623
78372811
92013796
17850359
90798782
7863893
68340253
47917158
56463423
59633817
41848132
8258920
14550472
63285098
64335825
54445319
68508345
85683050
55300517
82752491
52915757
26236489
12975306
36041331
80160165
36324558
32580449
33818622
23165749
67673833
15186942
51146793
10848855
16801295
85557625
54351723
26205113
60606288
11653227
47991247
61393944
45025215
21437511
7648625
57129671
24372835
64126074
56927806
76908114
30337426
23277919
10378946
85924515
32912965
38779939
84342040
40677999
12980481
78665439
22066900
67082842
23495629
34393596
44051150
2738231
86771116
15723404
55723899
35864963
66054737
84423033
16263217
20784277
29223328
85382128
16705104
