52374132
15894898
4212708
42773872
5432231
42245603
20595850
55278883
37989265
42556830
45733543
34928920
65209671
9680156
68769453
19535942
63883857
10945335
88025457
3504413
32040579
8142028
78439323
69544114
64041246
1433442
61116597
49848256
78130546
3804991
63514256
82260580
27397375
968062
73938270
15480228
15646843
76914786
53717715
27443837
4667706
6426700
37247994
75225325
37025981
13760885
26336047
78991919
35057243
16464504
63182087
80120412
3929964
75912363
73339178
87857767
21267833
78549224
37124032
75266214
28747521
50261208
89561845
92374621
72830451
82277921
55001484
73155309
18977679
87579848
93857086
58431865
22089599
91655930
40655705
37381062
72076639
22404137
73683120
39259454
82535363
91124042
10596095
50759750
27893271
68408147
13674539
18596092
13964722
31563581
84097713
16747333
81947512
77593893
21438298
8907208
84935975
48177483
80937469
49239847
16543426
62009375
49370898
83217134
61551243
38556136
86474286
78610721
81460706
70342639
4447735
999613
37345950
43908215
64922677
50584652
26790871
76400428
44968760
23271690
4241258
40948669
41974237
31919659
32854947
46425664
25776199
