37749124
80352664
24398101
1370210
86170829
57520289
82724037
57869085
34640447
14192683
27435406
6552333
19415410
91769033
29725251
79127376
41345953
73436247
64012144
13253475
85069731
57858556
35969945
86873952
60697132
78369654
54545873
81889938
27307194
42506040
77532162
13504834
86121024
32273398
85926506
85459225
29118729
31761077
16292981
32401824
32716593
53115437
46082495
4571067
36583123
79532768
5720831
45771897
47679256
56322012
37414842
41916983
92721748
52870295
40465814
16614074
795887
69798944
23853518
38321376
52335978
20125061
7564630
76604506
37932474
56576492
11002137
78547812
82524675
61448440
2294106
10982694
6552337
90823917
20081770
77280269
16195743
3001407
86093855
27417970
84898732
25188919
7141487
19949469
74332839
5334526
72337339
12702267
69022828
73604454
66336271
61254289
46780453
13754002
57892120
48108427
22365955
30947462
66189418
8748763
25164568
78141675
74552538
62939235
78650179
34029872
5939975
57870541
78796881
1294728
48096983
7945512
4842669
12062096
2410910
77031194
75839588
26253116
5530651
44457190
72080779
50743208
19117423
45542441
37658895
47003571
54521448
51544963
39403943
33071830
42469185
28295104
90071819
57939889
38794584
70496839
24896652
48579428
62110396
69576558
31725864
73244899
36694694
49693829
33048818
6596272
82114227
90678995
71816473
3515571
22073673
19909784
57474847
72754825
54823508
69362501
34324557
21097579
72432278
10873210
85475399
91855929
43553272
21195134
60631415
55426292
57824153
58479146
80840409
50560381
89666140
47721901
5824807
56642620
38664864
21435671
88102633
37198547
13403515
43841689
91328231
73048766
71513198
44907200
48945341
21536281
13141007
19863062
69700474
13373274
78486800
43694638
39367490
27380140
15490195
53423233
44929067
6948466
18958248
4761935
1618070
37557725
51611515
31580214
19256308
52958933
66288361
27152626
83444172
92004890
80420077
64485956
73328709
90198665
66088284
86919294
3101607
5491092
14815961
65909534
76136374
12517630
43570726
20278690
89584677
20386669
45964674
68592615
4705665
43916213
81298376
9544200
32615209
77868679
47071124
57375052
54486848
9070581
79087680
38734807
12611960
63709017
27051817
13087096
41460904
