18200923
80621780
94596000
36363507
2422929
79159592
55953634
51313823
16639427
77466154
80914876
17946952
25719599
74253696
46923622
6930148
46409164
94418553
24549248
50552673
41150211
75836419
76058258
45429583
2850442
21696172
68107779
90476569
63132303
93197524
61940920
49711794
94655723
6055765
28998581
15749785
73938603
49242145
53338521
8151587
86498026
67394052
31006492
66399698
47238283
86839573
64584205
28028418
45346647
60223366
17508308
11481971
81416261
29923943
4164090
70259276
67889298
36038687
67693728
66660597
86764006
18716175
10912182
9951804
81069399
8914143
27053619
35040763
5054966
25385809
26887837
37230630
82909292
6928581
73197649
67458439
22654461
29295902
17016824
23502066
57615379
14077407
11909643
33603906
67167277
63913402
92035297
49326288
49570782
81146762
61474056
88829332
16586052
69993189
85629401
14884794
2350264
35699867
30433975
45959230
47874141
49439831
36231353
20115232
57615350
62143982
29012993
19052775
65839205
49041242
24852219
41914916
7837239
94603862
85450082
57170764
49329974
36038688
40701205
56128393
48774971
25336658
23060117
59985050
64782728
39409637
57525211
59668768
7177850
9016204
5555947
31896392
21395572
27790164
17258812
91006213
86389457
10419951
67665801
50949685
25608028
32789477
88496359
9546168
77846530
55449478
89036723
82123693
22324380
83442125
11113741
16677066
2946879
19130459
38098010
17609074
34187103
54093815
64289317
49397085
4146052
60188705
64754528
80619979
69909101
44059389
47889882
43310576
51287729
80611098
4876752
75500949
42037510
35724395
15973756
41571638
4181473
13830639
78300619
77565696
58111796
83838022
3545824
44311569
77048933
56540016
29043776
25732226
32081349
80232215
1032510
31651186
55131594
91181306
12211802
57193583
82075231
32021036
7593529
7972517
40272158
55118014
39758654
19149552
32225557
34097015
44079538
77215432
12211942
79343607
56978457
56910013
78253810
87398287
63688114
20928499
92511192
4438402
23900578
51826314
86023773
45502611
28459559
39424343
53558850
78912152
54883031
51713286
27052914
46466510
44930194
40703477
74400899
19083621
86961819
57920299
942479
9881152
4677047
85032886
58922115
35843019
76979178
82929956
7010826
60995091
15375187
11275684
53283204
42281536
94480611
15448360
33803309
80123556
8145073
83109868
60444910
38648805
82413684
65903171
20451320
15658884
73645171
12180177
19722306
