60558937
67740164
87272111
59819719
22505384
57158180
27034116
41765590
21372285
45317926
31453889
87125153
71573453
29523131
37136288
51212162
76044157
71234170
16309733
64096807
12474038
59028624
57883022
48992188
82834833
8932148
44958994
64113925
13580686
83954710
48089463
13091114
66679835
69099280
75210185
67495044
42165684
25474070
6006191
60598104
4081680
58475672
36695034
78830829
6451417
53654738
24223645
58242442
74056439
6490396
5250299
13699025
64991287
63575118
32152535
7033129
4229638
71595851
72910195
58238616
3899052
1219918
90671671
22041274
7132270
35043784
9151178
53242864
6485575
90559140
62954567
91064978
74734001
30315256
68668065
46627748
8152033
67873408
6606082
13072606
65471103
64713299
33690186
77780590
60860621
43511382
17270215
76470995
24876125
92907486
26654295
90164896
67724156
4411491
85063202
87126910
45148832
80145010
24112522
32604334
67972398
46553978
58075458
82805864
38473254
27068414
38399364
54928047
52965555
20709629
92825321
64135855
3862680
19597220
76715602
33751628
67321424
92950852
24996831
86931214
77385598
79311877
92384129
69757272
82962337
90013894
4383897
74425837
51806867
82495165
41475842
12689886
44900001
85102589
52869415
32670869
93831551
68657307
88688311
30891319
80780339
30173130
18757288
84272143
66843840
5549110
56092315
90656686
73964215
11415624
55488102
53641567
9865473
49384221
21801061
65973699
63522896
72149042
68719605
19852543
