14137316
33285381
38235612
90927219
66799615
33185706
84151749
18637792
39896856
53238110
15902935
39452416
35273124
8348934
82046941
2092040
42978220
15922347
89762937
89689534
50204757
52673473
381538
58642070
42642022
64483948
53221489
82446279
17908467
59694455
44180869
90232255
35912924
55308195
25490883
67514052
5898915
36351074
49651188
17878215
74075039
22450153
21848357
43231894
11473001
39225600
66754696
79019403
13375897
25551717
41058432
77773175
27938842
61832064
83673586
74870877
14966268
57883043
93693854
25662422
9857159
81900588
57485242
25924466
83940881
57148438
39753414
8216604
52326932
21965658
55550682
81365208
16671258
81257365
77285904
77585954
41275388
5049474
65870431
72310071
41217560
15149796
51100538
85360942
88811300
9636472
89739901
83314703
667350
18426091
70120711
55906108
89013082
80554804
17497367
5470484
85403319
67802073
81626072
85258919
36800197
34081533
83918934
91503478
781641
510558
32629902
27306134
43700816
40247579
58634952
3380797
46129619
382195
46186159
29275690
86703720
56359894
48332825
26239376
18942733
16095928
54383464
13466436
43402066
89076943
45369220
46084674
45230791
15132788
87550330
54172674
44641978
47745407
15174224
9390421
21643023
13869471
60660091
720427
23647523
22504446
74126045
43950547
48615320
7429345
3923371
41590972
91671522
86303307
22603250
41167576
16721946
25826634
29025519
790374
29900143
28249503
83969682
12275974
55262334
72765324
32803333
77705432
65460453
84185414
53302428
54307111
4106284
88891419
31810750
55425868
77605884
65450563
46857831
34033422
25818097
86017314
62442235
69359004
46424958
7310901
61527834
50481769
32808733
91343160
47359295
22062776
36165262
88211345
10294667
9411971
10517127
42713273
40496200
84664458
25539543
85503305
22742157
8691467
54448300
64911684
10431865
34621321
64079696
33847866
17447974
57291392
64332979
82991478
91051454
74797379
33519158
88784946
48673484
7987300
79862399
16453118
63036200
93438066
58623234
63932603
36249656
84050910
10752075
44426834
56695933
20639281
80770535
10064392
27463258
31145946
68867117
22792137
33256276
12574372
56971754
10081792
49448751
2837055
27889696
14703212
25977230
52638393
2283673
39310396
67203399
36402526
55145667
5750352
61465602
48336569
22092797
42652820
61718101
4294743
36958349
94196739
3556696
86754284
3586145
93805777
17478517
80645369
19276168
24623923
19297566
49405702
80088017
58525369
49819559
42426464
70846973
75551986
63185812
63371003
44695749
94327168
78297540
70846291
17395557
55948699
21802592
75987902
84389072
43352937
