83580527
68911609
42442057
38089562
23596979
61391314
88381197
94461787
3701880
1018927
78869280
22270236
62642993
74218119
81298603
24626412
850733
51810929
1431679
5259638
70484529
44263229
8989287
56005147
35700965
63220031
13105342
76610680
26207825
31996308
32697526
27804526
23515927
8976909
6517075
76977442
81193443
25824504
25860974
91007601
62197936
13147807
10936185
79388358
93675909
83360384
77873251
66252829
20329061
39622335
39801586
63886189
8696494
27508869
42800267
72830561
75241431
39612112
4571841
37529818
6743230
80282745
20764417
37939177
29581884
30376499
48666780
70915901
5966409
33050591
37964997
37615132
70205296
34740488
74754836
57509683
90907394
82676628
46896647
16152299
70358587
894847
40500545
67998445
42960989
71758388
86515436
84473196
67962964
34735466
93465476
53610985
83929356
17575182
54356022
60600896
92406580
82306599
19227843
79814535
28749691
4963174
30193942
8138492
74368201
17200194
60186370
31640747
54399882
61571776
57586120
29973881
39316178
65424419
89860766
50715033
20038016
16628612
78788927
84231564
51650280
73694615
63943602
75989327
57249813
19742428
67714263
37654308
19736471
50960179
40485540
43503926
16916717
10516911
60362163
88318144
20132249
21152337
37607748
2740740
4701647
66185005
91067429
17131251
68874356
69577065
5808001
37760667
24111006
61895041
39634675
18293073
5465035
67623155
709217
50981957
84174661
32981129
17390115
49969110
32119624
9427361
83364714
71902399
24882985
34701848
38949859
2145101
68132735
57944975
93451646
49461065
55626196
36147320
53340799
77303619
90466936
21535183
53677875
87881417
8312416
75037440
55053917
56764091
59263192
2037962
24160063
63555272
66356673
67164564
47689230
41588437
77131664
48503049
68956375
89045534
15123284
52258388
62726410
3757466
59052790
50471936
74476825
86523755
67365039
34704442
8880484
55476442
28062030
75127608
51550752
64577396
79496188
54361965
28373482
12701691
6008731
32250917
94577553
68966241
77860286
13835687
81838084
50623784
73372583
65508449
1717034
85006073
24755289
50583063
19394427
77145343
55958921
75277237
80539815
2555813
68782731
66364682
6014043
58541267
52716584
57266623
78803586
26826024
41207034
59757547
84258334
31005516
70764093
57325809
39835126
59721249
20209375
8051066
21978493
83602496
26710279
41673076
40225196
18801967
16305769
58481805
29537
58782959
27887338
52796719
52497732
61133862
80098124
11571340
40757726
18930975
68847855
72485939
35989863
11972137
54356024
12992420
36785666
70104771
38598817
88533087
4990326
42936299
83437811
41878012
50714347
72325750
2736895
36211550
72180617
83683700
69179555
69764309
1530403
6357405
42766539
55359439
3801877
74311346
77900462
59651277
29979604
40049059
82257016
90325900
28367619
65495324
74810207
92508042
85628423
