42117937
17683030
47975502
16609823
10054053
51655042
70695067
69652331
78976963
45364249
84288680
55049805
33859642
213509
1296150
33309873
18679177
5022161
23748139
85923635
41774536
74806738
7495082
88075110
1231165
64289948
17342458
57718203
72742068
68904681
84763199
74714045
17906482
51552912
55847722
6144120
49373497
61135269
88528499
90710317
25421013
57286938
92007340
61387314
38289089
64205149
80204487
18563025
6426408
64195807
50949010
45336352
36747813
80910015
50797423
31618955
85460209
64243031
34538609
24405352
17455963
78672080
57523385
14411622
57748331
86857778
38767085
83088766
22124066
31216200
58978681
81830354
28423315
5520117
59599942
69648743
23213249
89447838
87988642
59061453
5779738
9766233
12503452
29624183
32975536
55311163
27436010
79136643
14652901
77008867
40906773
60717599
81485141
20819894
15344962
40470247
16285991
20284868
43322719
85846954
91621105
81279060
14063434
60641219
40079307
79372379
53483555
18727009
65003635
26049178
26446292
4831129
71559176
43079693
85712695
11806316
93046976
61103537
43540690
28709153
35451249
50299512
50682178
88420840
76786703
73204149
14630241
62725176
78853923
21336731
75187821
68818373
45367140
9596160
27452346
27037875
512665
47570933
5029572
6845620
33538005
51552486
15255998
5383783
2292214
62798708
92677338
29385123
13339185
44656273
36691355
19376504
75710301
58744658
6963787
36270147
40585198
12011085
93333680
13018025
88478654
65887999
54533037
9599524
7921127
23507237
93067503
6719770
69534012
26469129
54111606
47049255
87540354
79878601
29335738
90468191
5309656
74048849
67865687
54646757
59077579
23676061
69093831
71168803
10183634
6886920
37435195
49571641
32756658
23817191
78199150
8119463
44413989
48134288
9535555
59652121
14087068
93811347
40837189
69384995
68064384
91898000
91438806
68232347
56251173
68097731
31610387
22638875
80133050
3351183
89540008
40245134
78790858
15770395
34715955
42612893
27599054
24990621
34898704
42828520
25125584
49363053
89535290
55227603
92135697
26536455
34536288
11407535
66568403
68908048
50536678
275621
92260636
92260637
61980938
45057027
56490132
7154197
86410073
92216286
967268
88323400
91793189
55082022
58644897
43714966
34353843
16865041
22330132
1937382
86679890
35866894
23442623
68471826
61625188
91357758
44667174
8555535
68371376
11290768
83984945
33365203
48007052
