87232846
16558308
13628476
80831707
77330459
7738117
39621744
33631809
20494255
63551246
42907551
32141881
34628382
92340381
64113788
29993537
51746639
56997779
30192740
90777632
78195082
46282307
80851355
6881083
87137993
17738308
65729175
78450772
45826080
92236768
88825998
42477311
66635272
29625352
50487973
50018053
56163397
23789356
22118313
91563060
61781025
67512486
21313282
60060359
71270337
71982006
41718575
40815916
51063495
19515088
74311032
11267007
49477223
48106543
12226436
40009206
86504101
21315907
7771603
63295699
33111930
73172217
10492471
29587192
61781026
92583647
54513181
65207980
16199064
64709732
68728277
84809088
63431872
7979465
30857714
22500040
73939513
92875124
28914192
63908113
73244669
3917373
15460754
32299495
87997126
21598337
1072303
24288984
72520472
81416034
73981374
78743134
25483556
26838437
17645547
88579622
72673897
20770468
22866614
47630007
16998167
87738907
79798445
73366227
31574749
77671690
63311212
60958208
16563208
89150250
37549680
77347301
76669725
46205203
55183095
80398032
25773758
75044226
79095045
63465890
34363671
87927239
91556072
34701312
69962530
82387417
71813305
51109993
81059055
