799690
33567987
8375223
89326862
26648054
21649186
83073038
3567364
68326386
40811305
18390116
11845645
26271199
47866905
35115157
19537555
22083887
9225306
63558404
26804105
36383072
60029256
3383381
85106923
13110854
24452803
39001140
49267712
62917497
6443583
1674203
82016200
46117955
8482996
8561435
62915589
61517491
71506191
20168524
15128482
57122956
13308587
38236084
41248616
45659855
79470639
25975915
73427810
13985115
83483494
71264849
15779308
19555552
83459852
34428546
57482235
79210307
72390640
18247822
36410789
20106329
37818444
84757161
63123783
59572304
6888008
21870901
75541735
73145320
17831200
72348600
26703882
61981043
6564781
18181913
88417966
34555395
81166336
838109
2597630
21203146
6683386
28673205
47568960
46589173
78726505
34307822
47150663
31404608
42749369
31993849
30901153
91270371
92938477
58391798
63367787
21378235
5830617
4777521
30842708
87379011
69064588
49530703
73502003
82040160
23936257
53849810
75597218
88289206
80283330
62650839
41447544
3342828
7548138
12756436
41335028
6987374
92290901
8590225
83822818
60222904
49552731
67745206
10994927
27187173
91442690
60352795
20564018
46774661
5049612
16784048
32788159
49049196
10412432
36289572
28747748
63900005
6883863
64633856
56910375
77379791
87227071
23966971
18677430
36233988
92720722
79437596
27753331
66936742
61339860
69790538
40363577
48462278
78034561
36427758
88267765
50706108
43692050
17664009
15303534
16614737
27613511
1451735
72655802
79160991
78801902
4064837
89413455
76185063
4457318
46122836
68841315
40241435
54087683
11957312
65314965
18870825
18715615
11297001
82650298
16578073
76365509
41755052
62629471
81788955
48334876
86972999
50124345
63265437
78981396
20007014
81264552
81961435
2752592
66952913
57871487
90561410
65122005
91523509
90115952
88424281
67063142
84935852
59127992
65382700
40966504
71740514
54761388
59281468
29176634
87150243
47195354
52374129
50866701
9361307
25786330
42982433
81102115
82296937
31772382
2977240
48213007
10538351
16828499
68201850
50968884
20223067
9281832
60962206
63136926
85310491
79491325
35813961
75252862
64933601
90876050
2462799
18063908
29953778
26959296
70011826
88466266
35902101
64076403
63531968
91952636
88825424
39697467
37993388
18718365
59575697
25277550
85594298
14078899
32039459
77915196
22709997
56961254
91552001
20113135
17417232
73825772
51433236
13639253
23123736
39886230
17681309
75435254
35962775
63166889
75225782
14433614
17453195
92079958
78597818
74373233
14482783
14482784
12903993
28693713
91344028
69050951
17067014
3762013
20922177
4958145
21055956
23126182
16982312
76450568
81501128
40428910
78704648
37212728
87113271
39164901
10570270
57649167
12665470
10156197
81986793
13799171
11288580
60026307
27141879
15032060
15267911
76423440
12306556
81122215
52388605
59939331
71310690
6911753
3526374
70934153
21194738
74571216
91674758
71608236
17598854
12078709
30101181
33495987
83154979
59541352
22941052
68538975
61789078
91996929
78117007
77623902
43721081
43454484
11376383
60904022
34330107
30211011
14709287
74514415
