35971850
15808115
80817203
29109712
57848156
7473959
88185136
48770977
92292754
1249435
86102383
52034732
94611055
88264980
66885899
58215687
25531816
53861915
2713957
29793446
62204954
23078138
65704510
21512400
78521121
72629087
57479976
82800970
63186619
62582263
87249831
81367546
17152779
13044405
15319994
87840256
14932613
80872901
72154963
38392826
52570938
72702890
87766404
9614311
79414219
25960134
26003078
43397558
28675547
45503478
29171587
6491724
79583839
77244428
77969537
14845878
2376141
35501928
86469529
28059512
42234539
62092771
73469964
47742128
14654759
13092475
29703495
46903635
6088922
38752960
50769973
68046174
10921206
17356809
4269240
58121859
11991449
39806039
46063191
30846899
10128538
63903717
30543357
46836387
94328784
2921539
56223214
46494411
21032005
88251767
37903455
45432768
32656685
34841851
12625225
65209173
77592858
80408244
24798216
31156593
68834000
91349377
50420255
67019454
66264539
68269210
14113433
62840288
51947685
19777467
10155482
78113493
81883330
84737833
40098383
35993894
632867
60021718
56707918
78280621
52562980
52656577
86371030
17402395
64441497
10639006
398217
73118436
55408653
73640384
70591523
6713011
4140977
22055055
36924240
89241687
28684518
44749167
41420894
39435248
86451374
6908435
39512241
34414350
38584230
90273977
23575241
20545445
28837907
61029919
55401996
31868875
24138133
63949566
36063332
57077191
44324875
48675326
43146611
10028236
45931814
89843322
24590860
1928115
29291600
82751692
54508047
35688014
8748760
37927861
14336219
73765668
22842951
4873473
20831421
48137699
33626838
19023890
39495730
91625251
66028506
12684575
41755444
3153302
37070591
87458965
50465016
3684644
77252299
39444729
23680812
90591336
72211646
33651828
36438302
68323785
56998108
23830000
53374285
17386846
26640025
19921457
2861405
41219945
37925266
75928838
39390297
38869638
14028963
34538067
76802164
71861503
70843009
1299348
21399093
45435682
1063355
64720164
82724385
88448073
7179000
93068060
79995612
28583454
34523834
15382258
44554884
50593207
32508600
91788287
76631673
57649779
61609773
59960907
59746506
18915106
37343963
44908627
26925516
39635507
92857084
5361166
80369387
21728891
42409453
93727227
43895959
54682776
75755480
8618843
21582674
63399647
69582415
68485814
24959446
65551178
49678175
85460162
17884267
73400112
30418576
50152055
78884599
77808503
89765210
49964926
72197005
89722831
63235172
2412447
33478238
89187226
75681100
46632503
76048898
72207359
75688478
65899035
72033702
22550796
44384181
10976576
53524107
26291369
55346122
18117916
73091428
78508725
8876712
1752369
23070731
39326466
22805410
50657053
84088903
45985694
60716790
16944755
355763
93041453
61814000
61464890
26588984
30735934
75525737
72064599
86008834
25694842
35711933
19816465
16799284
66382546
14528748
56689056
3328594
17629205
68161982
11948014
71919201
90408536
25972915
55932551
65830661
73774331
19211216
36222505
81069542
77117276
88229831
52312834
84603257
36374291
10686057
68502359
10256011
65515652
12705487
12405000
88759038
10293884
12670371
69106692
16022988
6679818
25292272
7016901
32453167
15400665
49524065
66607390
68108032
28904321
22818541
78362166
33842700
48628131
13546315
74309115
75138293
25126084
63124900
77874149
362147
55671527
19226242
70503782
65654347
22303354
73710462
67543224
89123109
18049418
25401292
45892168
387985
48966463
25421992
20099080
36089957
28206919
12263426
14243766
21259243
28447756
94024246
63525923
80908179
64159117
68658103
11027015
16725266
61684303
81993623
6737908
19040149
85041025
40233311
20669815
68149653
12031677
15702707
60207335
8328183
64576308
24061855
38167282
67611731
65087081
79140327
68318666
56576943
75256046
29777818
47016427
75395265
44635621
52037449
47753487
60188168
25548938
44649947
55622393
8198097
76010399
1439485
10337367
64969283
14490817
16209450
41343168
89745790
42226503
72905829
76380585
24047083
35811948
16847952
5904390
13566249
67612342
80047627
25340907
64240077
25745636
23341189
39694506
