22031456
15064583
14011964
71280596
59016805
74141882
67578076
69550399
16829734
51954607
81245864
15505003
50793055
3745554
83625826
28477924
66450180
57401151
85668115
49775227
79887914
50079404
38893202
83411744
2263013
6110962
68455262
43666626
44641458
21803679
58826871
47570613
71847472
46922931
61597778
16359140
22752685
85632181
25845986
68991429
84213119
80917578
69995201
90048636
13505996
70549748
32612837
3242555
53474574
52525819
19049417
87022473
79035464
90031488
34222754
33876219
8397810
25256010
81151970
18859076
15082929
49733579
79145914
70957037
44989432
66020570
42710046
42710050
91134720
88902445
33012507
5070256
65243114
60313134
38968254
55454974
49440696
26628757
50372405
44702580
21265183
57669226
28778020
37608379
90799902
11380218
81230129
2092792
54190348
34432358
11288238
22235559
18530023
22386572
12186965
35201216
28934725
75761008
47763193
86969968
92263547
25237914
62124429
27606208
36194304
41727943
27462697
47393774
73182339
6349503
65746057
22180755
87024919
58712567
