44751217
45180463
58620325
69320256
65806332
78937889
75388936
80728690
55426603
16280932
28784342
28441292
60538121
88894739
80931199
85544076
8888538
65723990
39015788
9105164
27242722
1648001
16802932
18741568
32532385
23775232
45206620
240345
14845672
34885730
69197206
35996406
23477943
57822380
84751003
39073698
64157884
50760396
81743011
31924233
25740043
35972416
52833356
64255816
86758061
38599090
64491733
69724937
5542976
47018593
27847149
75711705
6028600
80738489
757085
32505032
38171583
36531881
56116696
8603981
33433764
10825787
1613446
52904509
38045756
73505878
476366
72448446
32469853
946297
54319513
61994304
64401262
57706950
2553821
89180805
67151291
50687688
85077214
