2621449
50016299
41800593
13426468
14608693
49294979
9431833
25214325
47253159
1865069
83246604
79999761
83968322
60560223
70493498
19833531
53686378
67824509
64729650
91781174
58170717
61519192
84943123
66769071
61751248
58583488
63285736
54488815
9485111
43242702
53427974
90431953
5382742
43156320
51803853
26338451
38834505
54648149
21879681
66362149
84872751
81854184
30024934
83084220
40105052
48014284
65996477
32949494
42644734
10990758
912878
73242395
34461965
21695153
64254322
56294932
60434355
1090700
59172609
28771555
84594287
77354463
34278358
88924503
28847249
73553878
8018528
38162538
79843841
31980825
8673538
34738012
80022612
78984466
38703217
21760354
66680565
957451
34456135
76062411
44939506
62387525
10918982
55277279
73278775
25568097
71482468
52618190
32804795
46268645
15244924
20994588
32455231
13503044
29499024
16139482
5961189
66496449
43336819
69399665
49391845
45883854
83220179
39768109
69671678
41815535
21816202
39134195
87096191
635670
42895711
16800689
90411100
83678132
11028105
3560954
66897660
38626380
21982231
27730009
82679318
91187120
40145941
17852554
7857715
22368472
48296740
47705946
39293139
91148699
18553083
48637797
75964707
68038112
15987384
3980931
50492268
45696589
24701953
11143673
45539431
73741037
66438597
29723754
34471323
43252196
23212096
57625576
31512669
31462622
94367706
73447079
89253895
43831430
71121769
26527476
67251714
84851344
62840491
32407509
16301322
68289359
27761141
7835993
24737230
80398972
40821122
81741336
26514330
20478636
44321145
47887056
41234903
35049541
70530760
25426117
23782026
53509301
64694612
19088391
17516345
59030786
40964258
79240898
58712283
82982439
32291086
53871372
73250165
77173383
62122900
