14597378
33576362
19527000
58622633
19206215
19720039
60332331
38738734
34722553
3279957
74959817
18151862
90436232
83850947
94387733
87519563
55017666
1510555
94591880
57211940
64679112
23470203
15034587
88114156
43501613
75158279
16037262
53769454
73843810
43339384
57838230
10066334
21560975
74415127
92461629
27332618
4504465
80790581
44770800
30572319
78273765
58349450
18566246
68473367
5335008
25605802
79621196
79218172
53583314
6009767
79596094
18365413
73513910
54601126
1440624
5691830
76312235
54055732
46219989
24821626
37382022
27882585
64285400
26182948
69417590
29832875
25489942
34926005
59840097
52401063
16807882
82937788
24332285
32365822
93413988
56373366
37421684
64289079
57955494
53289028
83897049
1249335
82671870
54458028
7263149
84258012
73162870
78388641
80484156
24520479
11900966
13374544
49703936
37007078
30863654
63368232
6564318
3423636
54775642
22649218
85882137
43061356
45785659
89803885
7346906
31550825
53535502
83125786
55179188
68216234
65865931
78029305
74560067
22548409
24271375
22678769
16735165
58910856
48787707
29116163
78428712
83670435
49961104
69090852
27686847
81640544
7646948
65310766
8794332
43214064
70642287
64932500
60069310
31785257
68386814
6283710
31763262
17987707
68081030
56275460
4922534
67955599
17957652
51022234
66417795
90388970
35856455
34999339
88374555
7801026
5375825
40587358
21912900
6996263
51035422
81237904
5364317
3945959
28942056
16453979
9878396
70943072
78041690
20697709
22017815
47426179
55350643
65886600
22068295
79905431
52412522
17825934
34802795
47913090
51014274
46640777
91105720
68586498
3802176
70288408
94197114
68123957
16729851
74541413
69729006
61351509
56953997
12785047
25186713
88917149
18255367
78285496
83029553
25898409
63455065
24913203
77332797
13441870
37768582
8637208
77999141
63530239
66557760
2664453
76550127
20879982
73787623
4639801
9865857
64375563
24883091
58646249
53813156
84444085
4853858
22461074
67819967
17648311
48827540
52043638
14647924
78524281
14462057
9103215
22478602
81508082
23181705
22831467
39344129
35280132
67572119
14156999
7291638
69481740
8192092
708233
86253477
46221308
65252043
82859530
1689720
31697349
36065793
35309876
50183563
58427842
76667786
85275515
33484467
75804850
58632653
34231410
92473232
40054873
35529409
77622034
75448733
44696952
24259703
75725961
76626948
92389313
79684533
33957406
63597339
91506370
25093138
43214746
25547904
43478888
79199832
48556161
53247968
4220458
12505545
53359964
23004882
4240648
31785522
13724704
71864459
24440984
60689540
30202928
46464494
33471910
42424755
17709093
8811452
51751767
71257253
68775245
59017877
41627853
67804536
23266694
14605361
55339553
26827501
23427670
41871161
81205502
42589521
29742274
54114194
33344237
86284847
68647457
87378706
67585957
9887537
69106141
86692752
19234583
12246934
30019631
23888489
5591107
89532417
59065994
64755895
11884126
18805029
65929384
13118490
44708630
56395247
87162074
47201353
67183459
64236697
24780928
25195567
78389940
92062104
74637020
6190282
92804976
13585969
78453113
26040923
15656493
86790346
25720696
6075845
63413922
75528001
62800274
26348528
86180460
58646889
30317242
80380073
53278787
39478665
67790417
16602339
92048904
28647833
47727912
3043730
2626805
45633050
21535013
72600851
76611832
51644022
68516860
75247692
77713
11358634
68662506
89147955
24252037
88817299
51912519
90143639
1645153
19629466
60183215
43514491
20539517
53288677
5095821
49456020
33524340
22163284
62122731
27137279
61467541
47886978
91584577
25955991
81119068
79329807
1987787
71248059
66856922
73727312
5772069
26814203
48995332
48778590
33703967
63611934
21515822
65502646
9474239
10763811
32410907
38787639
28910430
78254602
26108198
87005379
28910198
5479118
69140942
61621996
52880009
47745760
63172885
18102105
16704081
16191669
40108555
12902023
17246545
45194082
30219212
16852266
27737939
16167270
23717662
88819966
24693561
287436
35110064
33626505
32022356
90130279
60619491
91796171
11795424
5014918
27757209
58963154
87990530
91361093
14054650
59203433
69630509
39973549
829426
36100852
33269213
67475208
6731102
20371627
34777436
90505405
6282448
42589858
59823789
3975293
12259424
76647703
51323127
56760545
65316592
53830767
75935926
37355514
13658942
18756861
45592741
40407184
66485537
34517376
83944333
26071922
92446244
93097670
44773783
59615985
42993745
26175691
41269204
33370064
23421716
45143746
18467815
73636701
18260769
34802632
80164820
26784355
50972354
55282259
30556322
29686323
19715792
63452322
85373523
53333403
62019216
92776534
84787331
30858937
22619692
60036832
75653816
29740194
79916061
14872200
6704646
7647053
26643167
76161211
14979907
8539409
68428264
10085217
47094921
78755841
34951325
89781724
72276381
2160757
78210158
69763264
