87910483
56259030
92389914
55445251
8389836
89933979
22252772
11265635
20298766
55831282
25019749
80497641
80966215
7842691
18253826
35149272
74356694
27508286
73641156
64436225
20435683
55757660
30222148
73202532
6643271
58361969
39824914
22998212
70291291
58354143
64762740
56604782
16894690
12590568
57087850
14918687
79747992
58596093
21730408
38852179
23700813
17578627
84196967
4526472
65877260
69007584
38358919
84984009
78322471
744406
44273955
20067701
13963506
79220195
59202470
66929915
79004599
37311922
91683193
53714581
30426013
78587367
7949576
80475616
86263218
16061261
22116967
56127264
16199972
37347760
76095317
1201145
42017111
36774398
23748132
24155396
2191765
25297574
31675313
48184035
7281450
27260766
15754110
27722106
91277184
4022309
11762749
61912971
10394454
39425851
81558651
81413252
88810926
92980006
73929840
72005492
78060655
10367884
93932383
75419444
26148075
58761923
69520804
526766
42668600
32459570
8322238
60350572
62052884
30571337
46080742
1094121
25873494
93757674
81687332
88577940
45685686
10492831
70749681
62127807
3711544
63478592
10342683
12953593
33706602
43682414
16298057
13886655
61744932
36743805
20798136
41315577
2024009
63039044
41146887
61656130
17600120
3512326
7291547
16943829
51716213
46820178
58767524
76253119
54656979
47482581
52370434
52294446
66868306
14497653
31222554
38191855
84219355
43068239
78707692
6600267
61847852
18976223
58418150
72769227
965402
13271382
75294147
51711205
61206369
93602063
36940222
69783193
94567471
50103904
80342074
34091515
88210109
70156601
32266832
17238897
62313516
32764819
2363540
45189965
33736538
3573544
38109591
75663605
52884417
71625144
46032046
6340397
35168688
46022724
32085569
5711012
31040902
72417337
83907762
2912679
19276332
44754623
63196310
69755453
38694186
72022660
41815128
36850989
81431825
68408905
69162786
76993876
71342420
60503493
53325560
75329507
72103975
13597248
78037962
31188251
90992608
42074955
67406116
19457273
53512639
18011090
26890986
56496404
16018525
13404048
92318839
39625804
59557890
58681738
58837358
5464967
69082999
79813339
6669299
37782736
81845990
91682976
44270997
31528291
11774822
44176217
10861963
60514910
33632467
34363086
89989396
16831972
18849337
9574508
2903261
22373922
43221677
79133381
49942411
80072995
90398343
33390757
82669687
78141637
86451829
27817774
61654351
70952044
7040525
89133754
83155041
75067853
67116510
63325761
23165657
57223842
595803
27920499
60316513
93144228
81670660
56191590
94413658
92568873
93321159
10849726
20019305
11870659
32674635
78493052
45623852
88054529
74048497
87413685
10829494
24190687
25295067
35239903
47510606
52568454
82136490
47659776
46655005
50721629
38386209
59348056
24065530
7624653
66638965
74800484
65555366
37533358
26420786
53630488
35124621
34149818
59908478
18840364
93369861
44587178
81533292
51859874
70719969
67911702
13407970
83486396
1006075
46761207
21006431
43859497
52891114
17248418
7965782
93466085
19720832
30512101
48180455
78534006
43934438
75119283
2364448
41632960
21817879
86630235
64330662
30471524
62369785
62941011
3548702
12490588
63859519
43687283
61380110
31899449
46108874
65259052
3377465
81156627
26545774
81580088
28206817
22411506
51288062
70108094
93962751
36978216
18396486
78221913
15790181
38696775
42157812
57685049
15073951
44698465
19463688
92477584
26429403
19126237
78767219
6284659
6090380
22041748
56202104
73593544
79593113
49558403
11408896
1038253
59086280
15401405
27602974
16208799
27969285
81145790
30944611
66130258
32636345
73435128
79032240
5520551
5670708
62435982
77487108
56097307
26169296
38830603
27558608
9144940
80456198
85482059
19501183
54458335
32158286
83172484
12254381
80216530
42868603
48375172
13731021
29628849
38166010
85922050
25500710
30536941
37906329
46657580
918053
50938953
22195009
71851073
68042904
91431825
62768011
60368869
82220189
22628406
26317258
14974118
35765990
22367786
12469783
75074420
25997464
38991486
29171029
94028253
51985586
53949605
52489167
23351399
50157668
76819732
62278779
91808706
70290683
39071725
12167217
60516575
8181782
65197829
19577682
19620252
2440805
40923058
62129982
13737786
73938685
58848171
56150930
37319877
65131752
50351777
28462535
16505577
49892732
60652593
27088804
55809818
49491225
87597987
76267383
91242504
53604789
88714847
87992492
65734115
87262272
79478761
78488093
79762681
83960678
16957600
85868672
32686353
78370339
24640854
12945676
20721600
11627369
49122739
19152347
86688560
50517261
8671167
505960
16424779
30581001
81841668
81942542
8209749
74046213
73937391
89947914
57692158
79497040
27518180
10844261
13150637
7330002
19469047
35624330
3612786
48534390
65047253
41751763
85558661
25892409
67523518
30237897
77962941
44525331
3687409
83433365
14390888
68032700
34454181
87102337
53506345
67667403
93526214
83113270
28269440
55535565
56959059
73877620
55562193
46645991
37959161
63243806
75661653
3785955
61397122
8336494
47894359
27586022
27620732
43183429
74587641
9938206
86250098
72509358
15794345
61163
54829709
93348320
927832
46721209
3495706
34194191
28056809
89320984
59322336
80315821
84763149
10602023
49441583
7906665
51677929
58838641
65765484
40392997
84634002
72138266
75764825
46423787
32209852
50235472
50736382
74541515
32038473
65582506
30774823
80183654
55133522
29144511
58569439
72524799
34502040
88611143
42444884
40887454
82701882
22451754
93990700
78444852
21998408
22134842
7306346
42809425
60814887
12691440
45034425
4299111
71235880
84572104
31682158
46524883
68134198
24048647
10899391
85558738
90737020
34704372
4650526
46752778
81879796
90454440
4081923
20329450
50612342
81750485
67481312
44508538
88390021
28172204
21914857
15914731
55245815
91051891
2064222
24869586
5067929
86144337
45197396
25260747
30450185
22379874
31314149
21518270
58881321
28400824
89270710
6843084
81663092
41424502
43126650
26043216
41384623
2521727
26307216
89784246
54441893
36691461
29879809
41718269
69507200
83561606
67829019
56935115
90747572
61517482
53034694
46074698
44764119
47240561
42509343
52875407
46803121
41864736
12856996
39080792
66148482
74352197
13593073
62546968
61953198
26216916
30230242
64961424
8081622
55315062
8709079
93228376
11544185
21913744
45692007
25481286
59596512
45535715
92290694
59997678
83100860
52346393
51747570
63441072
31594341
91024644
15728605
18850640
83211478
28653973
37893347
77887209
56316441
17829326
30539473
19175295
70485366
5032520
38192845
46668827
73214731
59664328
55981137
49335823
7903503
9254705
25106561
39208377
93220296
86951618
15833276
15678143
36794677
6458187
15374056
81121711
29276365
7392660
57504456
78560027
31657965
75731809
86058073
40826897
40414596
79935745
51247483
48141327
50736715
66828985
36753567
38289799
63425903
10117320
57488152
39039675
22391431
78864615
67121340
45235988
10001335
45321331
47014202
92514049
38928614
69580893
4576580
43715968
78512276
69851933
67783821
64740088
93602180
85000072
69752959
36231085
2701224
44241906
69651686
75568636
71834526
40287686
55336596
55970790
92899056
40851277
4706223
69997070
78986927
15231868
54242348
31410919
47236784
26766885
88510658
73169736
29603906
63185529
93620515
9436684
36461629
51451420
69134815
54463156
58053369
71259797
37278382
32647129
3590283
56860019
70036145
4018474
1076117
86455074
29380214
90696753
88990684
79799469
85961203
39165171
7718967
71547995
75439874
47115698
15075544
19275878
33982362
23052395
17446214
82969157
28812249
65835440
12351444
65988191
19885978
11269962
65027932
6846083
44108759
12200018
36751395
17125655
57597382
45008264
5603593
58669018
18652802
36689374
48950744
341893
94393610
55535616
49550638
71433820
13860019
69046728
91692642
11946002
17049463
50965608
9578862
23548923
12303469
58739275
65735715
37848997
85614220
9078508
41068947
59784502
41428591
25936575
85913022
5186938
85519322
16421116
82540142
51308917
37394683
85884658
91186405
32460307
16303871
26576897
72851242
46803344
86013845
39977582
83448949
64584103
7491360
27294005
50147801
86241768
