44139666
42200811
18327730
31130514
88934431
15079006
69765891
69538587
19332190
54358195
32384359
66439002
61303486
16032714
86040812
27188927
43343928
71817173
78653494
84555684
59697225
75897614
45170456
53940800
46303003
16388819
41112019
52139320
88232265
5975946
50073547
14154542
75158020
21277644
4189482
83960652
15867020
15540393
6282502
31241160
33401251
16035809
62245003
84176835
1120238
60023704
31355984
48841852
17041045
10094153
66214060
51102363
10152184
54648764
21511299
35670301
1824677
21183698
41208312
2477491
49026974
5341945
63110325
83630313
39244544
58109853
34104066
24652499
86248546
85313430
25209989
61062572
87414999
91182422
58094246
16925892
79255359
73114347
30982756
87723606
16523505
49136114
88809883
5397236
59854405
69389418
61914253
85603438
36129210
6142572
35536678
66535223
9095791
69283707
