7496857
52371909
2822577
16738115
52779593
83596661
57063928
14643803
90044002
61464471
89940092
86322476
42478097
70981650
35727207
46143992
3630891
11730338
76728401
41346791
94208838
8211790
5052073
24239417
676781
4272738
18198920
18194250
32864764
60718167
28973539
625446
53744552
63378805
69183964
41674150
16732405
85094205
87306090
56302702
44618965
56932931
64727530
92583863
16517
54203096
77125137
86864445
77711573
52972134
31825010
90970560
40687321
81714022
20246899
85552781
45539662
9176391
6692300
5526364
4147459
76511433
79246283
80854085
9134192
92439552
70422470
6452895
60443500
43868374
2673318
78295843
68347012
15990110
25711463
68040924
89417651
77932832
26239532
53957400
32549646
73391612
27502979
56846698
58438479
61890113
64876709
21092646
46897416
25099073
37289353
40988229
17357018
29566718
56038095
79808155
11668965
65410335
33725346
19800344
62809013
88238923
71371531
70401198
118592
72718365
26994747
19150980
3920215
1409769
55286610
64347788
7681819
29903993
85290954
30242896
58693823
87656421
64795784
55310274
38766195
65988792
50954094
80630516
62833257
88959076
81011842
41225259
3793275
83207606
25427582
86988054
89039027
67103325
17520176
59984748
53009982
71932365
3602625
53718483
90895681
43689978
26133131
43509215
60897363
58482821
41473216
9381855
69213704
73473091
42066813
86987165
70227785
59430376
27063192
44181279
21309344
22666539
15356610
50639259
77140099
21979622
10238787
61660677
77650086
85461734
11375726
53941923
37878992
25928781
17852723
44338401
36083059
43419614
36808233
27919597
80145138
67140257
80227935
85013397
37693018
46817454
27367910
58560181
56665386
24257185
5779595
74145582
90273595
94011529
69285245
27048205
64591928
45835963
17281720
68463150
8843632
23255388
75953282
11650245
18809029
18836324
79390927
76659674
76380744
51772417
21666375
82057860
54079409
85519234
67134964
60803009
82198018
5585097
59507635
85936362
33288180
89235865
85200886
35385741
47263073
31262537
60254728
71030531
85435080
42193972
87604312
92471792
64207538
5434205
56304658
17044568
14991235
27303691
50429427
69558996
17103523
68060281
12250263
41306050
34501015
62240840
14893234
72153637
17380515
86577321
39042679
72397051
69817479
3451761
39213537
30633097
47231954
20610881
51462730
64551611
50378015
93721655
1641170
72772683
60340768
70063287
7996412
37411850
65122743
52881228
55473216
17413423
60088326
50624337
73331597
87064403
66359184
24924061
68954636
79473213
42232159
36870538
88722523
47536208
40921254
10600427
43368639
64598051
28500300
24007754
77463953
26045641
16226682
642765
994772
91456155
37886705
26695601
57619273
31682899
51135236
24463796
13228376
54438620
85267792
93876464
53512102
1371916
79769867
11841915
79118921
91129913
20503994
6353857
18880823
81612635
84731580
64607398
83164161
5032217
68503955
16568567
87061661
16352023
70822794
88344874
19144315
81911085
46936407
49256783
9381524
27114672
89724078
5402629
10007833
19417403
33201311
43327993
36706048
40166540
53574756
38406612
15296703
68931420
63953679
59887320
28372243
2737102
81795020
37235571
5763592
8037559
35236082
38495685
62215151
21778848
54099690
77321509
62330396
35435759
44227415
68354540
14783541
71461120
11973550
49798486
10891272
80925514
31056001
80981719
47912758
13004282
62480111
84612660
71802937
89390462
38915330
72872505
40954410
58135257
74586553
63626685
26211218
46671578
8650210
68856744
92250017
88699507
49459784
52882617
33259199
26332827
3926975
76773431
47904653
72034570
25398901
79546468
52517555
7516874
36095375
80690706
36343088
45137998
4132504
21518486
77490114
28868924
28376435
10652821
56496246
36768521
26213973
40204838
39679721
16145775
2781924
3716297
7226970
53501172
7348296
61777742
44993105
89369066
12075678
55367382
65402628
67785322
70620057
92928017
66654463
21845979
40197031
9608748
71714435
46419591
54206920
5203919
88372739
37679216
69231052
82389360
71047915
76788608
49353767
24414018
55835144
33748862
57790584
78873004
15876463
136473
52955036
57846722
32311231
56743129
78534829
75259719
20992113
61320711
30461212
86237449
8842089
52940084
61612563
66491548
33168463
74272582
10841453
6920162
23890851
20187994
91519271
77431644
86412284
75984388
6723370
2190050
86964824
77702231
5025348
36841528
68192998
52462770
12162386
15493342
59268303
67424222
13898172
5608082
61477474
13718892
89728432
51444601
66769780
51359427
79801777
84369145
76939504
87129008
10221066
85603938
63869751
80481859
71469022
85008944
32908144
13005502
82597328
44175543
86691961
30633091
78199082
19405607
91368234
47661003
52253371
79457616
60986090
79859294
77890825
83600996
27775601
11373625
44239356
40158880
89764115
21066576
42751151
49058783
89686815
38728515
23809406
54359565
92386104
27390165
21715997
93000868
51657806
18905431
87192757
75510480
40111864
59910699
58457488
38425724
6328556
37629619
70654416
10882137
21341409
91690033
43986519
2465010
27608023
18825661
80503482
50481736
19152858
20637655
56659048
40749923
69493316
60245558
17970382
61043976
6219554
10502043
86309054
26342841
76504431
62128494
80190927
45587541
73190754
20729149
6023019
24463419
506829
54922564
3247472
39277083
51621209
46862939
4902580
45987158
23088758
68153338
1343928
45956811
67438092
8136405
90432503
19171907
86137460
67662351
73668
57453792
83675907
60219108
20676752
42642351
13380899
45974010
42399508
64813488
30600753
36358317
2231689
78423660
60514059
91594644
34533619
49445989
40130467
57119774
31698919
48586757
32967618
27507204
83865981
84051000
75891005
4580746
11456528
58824790
7779117
83695021
442830
6591474
23677515
72100465
57381892
27850656
88296119
73151157
6537053
31665798
30268455
18109590
35081313
49555206
81596468
19369230
57951067
75573152
26665569
33083109
89770462
53068694
82452780
74624144
88809242
84275296
16151265
82500141
11523346
55736013
24350780
77981189
1402873
92993228
9167493
52104530
61099033
6701762
84764472
28494273
85945354
1914033
3075505
61586160
91787831
45654740
50761539
47890536
89988544
25210833
56515739
81711445
2099319
33449813
80165392
84456801
89303159
19402900
16733025
71547893
20983161
35188839
55028945
56400099
27624235
87872248
90694112
19957417
