62940708
22536497
30333701
45825319
20605868
38574096
17333054
68700202
17639919
65660469
76335087
85802547
51592712
17254987
50178981
41711152
44376696
18859827
83466493
84965756
58907730
31005971
87111674
27352630
14129331
37501687
46917416
8332492
54958911
30494256
57267698
28222489
39234397
59426308
70382140
21210449
82298899
64749737
14126492
71237298
7920527
87340594
575000
48534812
65095679
42186055
75032534
91485108
77991332
62927400
51526784
12824840
34967135
77273144
81361881
31352863
92016683
90107033
56474758
24535787
27900244
59114521
22155484
62365382
71063493
18304455
71202898
42554308
20045761
38147511
71709999
71543429
85147969
68229196
68015471
72544953
27942348
20324377
51523957
94039262
20873601
6457022
48767860
7306621
30944536
14152716
57688511
47844058
4751468
1016767
44220448
72055156
1644732
84733187
39786936
84678287
3935639
52795658
85156768
53917847
28778718
57754823
27847273
33273748
53459969
78227231
79501534
53349084
36746181
42320230
84338916
74989419
11978670
8045715
50144230
20240486
89026672
22443210
48716598
36849175
45388493
41468703
53678675
42756058
67089743
71131172
78778342
23081205
41716661
32519269
62216757
41832559
25499002
19688891
45702857
75345212
33849513
28475410
58203939
57396362
72650793
11678326
6763275
84707006
89456421
61234866
83759161
51533841
43433681
47727247
74171113
66660782
21141499
89782953
59935055
53294122
77876009
6810472
21913115
30314151
17265542
80205497
57185120
25656389
91410308
55767610
75935908
91755268
9304869
19804314
38461005
66189803
69936146
35781911
746471
57126111
87649008
53362946
44176862
37136586
26039075
65957501
67639459
7318794
11097296
89365627
91985278
8668647
653637
12612026
54700482
44649967
36131846
92439131
4744136
60623330
37264165
58682705
65454447
71435988
52245348
36184437
46020113
189727
73246631
71636079
3285848
48277009
71734868
27807588
88229915
83458838
6804194
7282035
83784327
44956859
22211150
80173433
67367635
16003131
45212617
3351248
81371801
8536492
61291387
33285974
90205519
17359788
19215576
63047818
66969860
81487604
30333699
4389797
44023780
59884157
32152602
6503904
48787827
12962187
79696846
23778249
66378992
40963272
