16203407
44318670
87311820
16785781
81492008
73876817
15988589
6376624
93803038
22901012
50516477
23648361
68619194
40533200
14563190
61993898
67893793
36697935
51746971
80928272
5377671
86050403
43741327
55706076
61498371
40430979
33555123
52070859
83438397
75229696
88697883
9527062
54350834
3397969
60360055
58964168
52088411
44856984
6092446
20897067
31893297
62487223
45770454
82456585
74860478
90418799
31787183
63173778
15072384
66265086
36204102
34565173
72661659
25970589
20748961
64248829
29840480
41348181
41348182
25364547
8851954
35535028
91130780
40956248
58348468
62880137
73882450
56098555
13902164
41189869
23343782
80280375
26518139
12855570
78118504
86973995
47490965
3754459
86307495
93834822
75533960
69146877
77829803
12644470
5644743
25773618
86359300
16693321
70539087
67559101
15198089
2187734
17129886
75957226
45885862
33797517
28344680
55500217
51828899
55232130
23349695
67552241
35877431
80908304
50788618
10667897
76712628
64353060
55100890
21204701
19013598
16076356
43185285
5691175
52079021
860956
72682530
63607633
47924007
28080256
37285954
8907556
55146017
21727863
50582530
55438479
70598264
13899119
7992249
89959933
80879937
16929555
40439657
25335047
36447883
35094658
5459690
94207528
78330775
87290197
29243349
58379472
72808037
19243742
75413105
18873894
14445857
56852113
54519120
15784720
87200492
63677545
27486154
71688443
27126209
36097952
55880834
22480643
52425960
19888857
93773336
29384880
63005751
63586491
19861523
82709539
46904381
18836712
23573944
42519333
43399967
11800527
84799426
58182721
73417891
6123511
53008127
16403953
34426394
47890459
10263025
18073516
2472631
31207345
52611915
53267980
9707997
39775494
41453061
72329328
73565601
15545552
36188442
35224854
30391218
31892442
59755764
92911113
31534812
64024748
31105361
36273930
9895068
63157840
62108216
32628067
65126455
5754096
60113147
43492241
65426246
90970099
56981217
87564380
41927281
79872896
94645639
4495959
10443695
74946005
34783535
93173201
36304157
2369092
5928493
73206957
38547324
38855757
38488297
58118921
38216118
40177778
84041056
8396199
37446779
91121535
65691368
21281939
55492431
79048364
58844595
54390566
63472220
61303731
30122148
46723196
16212847
87739837
21177659
86863846
92834519
33891291
79527392
66017712
43386750
3591498
13558956
10730390
56625217
3872858
44188155
8196010
74703083
69683949
50122107
35168724
19037360
26971744
27355021
62802268
81183605
3151636
86454753
962975
80034807
61165237
165352
85676073
85371919
26110344
68410907
42516574
48577904
12622711
18119458
26226365
43497436
52651883
54646341
50256543
36134915
92606938
85702196
7857209
54734014
65802639
63653671
8335047
23242782
4525968
87299445
14586576
43815196
68603171
75660743
25161573
74116234
49049377
62687972
86243992
35890383
2299187
74477020
55077848
59585917
14943910
59717003
72093916
77181499
12620898
48388380
5828955
14519572
67185041
48151842
88362552
4124988
86563313
35382067
11718785
34071737
19664422
36817664
57070740
21063215
68920045
68920047
52144047
83639761
54380709
47186349
2624347
75625532
13569125
74002641
41010057
56887667
67417617
14199323
20746073
83885091
87738626
26746281
82290926
46765667
41656921
82405360
36810665
66262928
49491276
23922057
37045149
25143986
78638325
21839943
23259118
12761868
73517472
10198710
25511317
64823361
75915586
64239692
62209504
49780995
84482633
62029837
6336696
53310369
82095113
69113710
74492911
88305022
17978479
85500877
25676429
47201294
54212220
56097179
9854355
36446225
43280350
73745567
26282090
12965833
39932353
41333357
20772153
68020088
24693162
63629868
1168274
43867574
15492635
46817513
77066097
52916462
66928706
76779087
44163670
49158818
29883884
2550004
69449880
86804479
80624731
31330618
23769941
50216884
30160541
