3989155
77224354
32788071
63182169
9517813
84026256
29255350
79700241
56205717
32053211
70886109
32053773
27772744
72123834
48909251
705893
59110032
58065877
4755863
77273369
24264855
3386468
90245626
12578283
47986087
66097963
14829137
71998119
35714635
57586718
51990763
56787890
72102748
84482540
16422926
2761734
27942502
58806064
77532562
85850163
38495430
67135369
44071367
46178900
54195257
61366188
49808250
13972621
54383493
15213746
86091658
81452015
22819305
32865869
35537628
6061883
47889125
10507173
23838008
41785123
40720496
19616441
68074030
40241936
14392188
44377564
12175986
25714938
9612929
15172056
80601501
47714986
80421217
20607375
85227349
39744816
88805541
37418953
37418953
79964662
27552574
34995359
42264669
21169711
61947224
27112043
76252443
12639851
28332514
31122224
57043372
4814237
1979916
77846152
59207081
53370242
18093049
31422029
18893296
13132034
92778991
62508398
36080160
41769345
31290508
63167596
22573502
50416688
25927212
84704882
47959036
63045122
91580426
50387586
10672355
86797090
84844071
45469633
46987117
19412703
36339021
65315039
8131867
46199860
2711200
20546946
21520756
75623834
86288530
26197308
21981999
44596268
48344231
33261144
90343577
88648977
17764004
46460839
51061247
17651783
52495060
56936768
81384584
68057556
21699625
69877998
77856809
61937820
88040814
44616524
53227566
5423180
88263097
85535698
34854394
81266923
16921085
43737636
12741312
55014295
1836719
78920177
2857852
56644008
3522590
68502220
35654579
73369820
29189642
81824622
13508626
66335289
37070996
54329986
79553178
68368911
66247696
9283655
11191227
49090403
92082722
40019040
13091037
43087878
5976930
89082488
14002407
86865228
27708527
87653571
23508616
46014447
62381012
78885013
12939519
23125274
43822088
1109202
79400315
32306426
62127151
88144083
23767016
81108564
82382040
4890536
35252
64026786
78544599
39236133
63656155
77225592
87785209
79499396
81245673
72172082
58658573
58100321
20564085
88862863
62300663
32078854
74587895
25572428
25370576
18930868
50923710
13580287
21950586
1707179
4363965
66944772
84938684
68935490
44828970
60515592
971462
65250821
66665676
15191994
60783738
39099484
53991421
33816267
48315966
45050628
633913
25566497
17889810
66721648
56892758
60499474
48274139
21475624
35697437
84343295
51788074
61683727
31921084
44716743
30996658
91541925
66483760
20542825
84612350
54397338
83491665
25784234
31602813
33871874
88725763
40540969
61524380
64379905
70132002
95606
83106412
2933164
39422087
67863221
69495364
69547809
51430420
60639498
6016504
48307616
16038283
12184253
27603463
40896612
68759587
25558263
41454508
32599547
6626406
59183325
36213382
10607807
17398532
48363132
25116595
40369194
55934695
71454785
21719546
87127424
48314314
8893648
56182581
76815247
74491073
59071702
22701543
79451988
86399902
23464273
73384181
81948692
32834579
78459123
12662803
31061634
67375609
82782892
26237222
37037027
67161083
43842137
65676396
36543103
73835751
10118372
26899465
20086446
81014288
92406549
26842959
87618476
87420619
43709970
73523995
33274768
56479942
50978097
80173437
24502335
91948695
75875683
77186793
73087009
56349381
17755905
73847089
35207692
72761385
76293411
67214778
1800685
14742745
68361839
73648587
41113048
83332119
5340980
26546950
41631547
43226337
70876741
57762709
79677249
18579971
7733619
77325719
64860991
3312324
71742876
39686768
41509066
8979639
77708420
79712165
83659689
8045848
57137544
19673083
24335747
18656219
76128941
46546625
10293774
84465630
75169095
33974121
71420048
17294722
24382665
25034971
77690893
14329166
19544331
68632838
43952180
57532986
41368363
48516852
44802241
25326988
9517750
61477171
68661939
87600026
92448665
39398953
48590297
18176076
32629333
24528730
25918982
49204839
21211775
77671061
92086271
67687623
79283092
52540579
40734451
42465076
54555855
31680745
10053113
29309065
50253508
71354035
8826148
39901605
46971483
27145293
32431969
31710378
81922779
40466737
31298062
60736909
78306025
89986024
47633144
44613167
90933449
7837909
37258766
88290650
86415546
88240497
44567736
1868201
61698000
1775432
27706119
21530237
2239723
36012235
74193658
27740818
36230597
1267822
2442113
72034726
9057741
45156524
65946
1579153
55541821
33899250
48599482
93019521
84044795
19532210
28971129
70442990
75617039
82442790
56433377
60724248
81669787
52747759
3247550
21838956
38151392
41586254
79788939
53732377
74200185
20086442
84503001
49296108
69893151
2997982
32504504
52035372
46574006
22471219
44832084
48607176
39832497
60025635
58536608
16566441
15004214
46554467
23676353
5041842
90346273
92367766
75225473
20101291
40882883
85149863
65772899
49935068
56809477
48940022
32720057
83506058
60431306
57253169
86737728
69535265
21235486
70908645
42054038
22992888
12639907
44919993
72349375
69426550
72405273
78341201
18729658
66582700
92803213
15223772
49924392
20743084
54667312
31913308
24104845
44560355
5461276
86833347
771934
42636495
75819399
75072639
55456704
85870589
24333123
79229807
62936150
83347508
90790799
75974135
71512971
17403415
39091049
58313454
39911496
80265134
28949733
20735040
78775714
22342984
39393292
16390600
43077463
43587190
24129553
43533425
10936039
44989570
71798105
35496104
7690335
57590436
31927668
20731011
83039478
55162077
85548934
83706697
13194971
50621236
12905424
69428918
63677735
37514149
15169314
71108245
69824177
46939107
11919966
1535624
46939286
20506249
42993752
4292348
5277639
50002157
1207405
36693042
58781741
44550554
26022084
64713106
17575518
81785398
82741781
