33679044
89228787
9861371
55536895
72600452
58455029
69132851
27841680
59110128
48975497
22070708
76327544
37876699
66307836
58888984
86047791
34269660
76489314
42611936
5014534
17561936
989646
37778195
90363313
65357828
56889676
81226655
3278350
61557401
51218297
17749071
67168364
22142737
10482319
6731627
32861112
71379521
4958563
48498280
4474873
51619378
28714664
81998193
28044898
23794358
75494931
37519762
32606599
29315068
64975139
94315665
11904107
61542061
696698
8092843
75420044
69842192
14371631
36029923
47217109
80414039
64466722
66216400
5653690
34740972
39106510
55969600
70845790
73191298
70218564
13778580
60255007
3927746
83475758
49260320
76032903
74678423
61981924
27957424
38105306
52034514
47701601
7717380
82393318
40277064
65924400
7027061
29693966
18644569
64479409
83525082
66372270
85102379
47660681
68430733
17952183
91105976
79196462
6388376
7240411
60458797
36559114
10687458
78965902
67854086
8258960
22261636
49214529
87458748
85527749
55186334
89126359
54770400
94507061
36124914
40694372
32582569
30524021
14283849
25842803
46015811
44860822
36802231
9592635
92589620
93634870
6377817
15513624
86505305
44521561
45458288
12645611
82481327
43701972
2659907
27569971
12650020
15715481
77175068
17935941
1205903
56962299
31080714
7446441
37218737
83674240
66729117
77335379
670949
69290545
8762427
10916492
29017898
62116521
85740705
53870698
52992892
73986259
88385961
49234735
32546515
83794268
78537976
41491890
91605968
89340965
38482764
40521079
28738574
49539958
79419117
85004133
6522447
73652933
92210333
83614198
4723231
9166467
2574324
61193211
60409507
69822160
61048664
17562453
87280824
78944900
30007251
69813033
9487955
19707824
33101656
56177260
10583932
62160057
87364215
27743628
85152977
4997532
64021778
75131329
18927518
60063378
25598206
93686389
57559618
61729031
54887132
84782794
54372652
57301710
15317839
24989009
47797358
35452553
79865070
70095545
60998618
10104530
24061088
33714533
31560014
88258973
92807578
31476267
30162486
10858515
48538367
83288300
48169770
87416845
54741945
19142756
17763907
77388392
82806067
59007664
63622062
19431673
85581002
7895867
8093028
92948225
6838205
92336489
76892337
57835702
78596525
75810604
16292283
44632388
46855073
9908725
82243531
41840369
85505601
64060104
20809121
50753316
10817004
75549212
59399470
94558033
73850971
83709820
36534189
67947916
92356920
