53042593
91041257
92527539
51178884
11180030
51441239
59954162
31692205
10313174
59931207
88468540
1925530
70613512
32233207
93564051
79723741
71618246
42875452
79694475
11173196
74077752
19261873
67175311
3131314
10235333
15632896
42086679
4699712
45966709
7076257
54396332
41572624
86452471
49592031
32525403
52277610
90855416
52272611
23472262
56748294
18073272
32644895
55655150
89387227
46924963
34217198
68585432
19144808
81060369
7721137
86436207
31407027
56989930
32558893
43901255
68425452
58244280
86268819
76398320
17283724
27551236
31968539
35323418
48992533
91211909
35768054
82039871
23081112
88181484
36196159
81493518
60135409
5229408
46042672
47116953
31590944
12735244
6901448
11908572
90599204
82164794
82032251
2896789
90684299
23159142
34165100
16777294
44477720
61362434
9740152
94028687
78304158
704760
2680099
22242626
22110431
20334603
49702528
55760116
47626817
89169015
25483080
42850887
58896767
33141027
71366920
73686868
84862618
42114457
39511936
37261867
55481733
30319888
33470502
53195913
39781107
92851982
31999608
31769551
11665240
63215104
80666396
85152567
63535942
66256317
89100646
71783155
68187529
29389230
21223062
42577917
53128068
30899211
82599947
49294642
85966821
9956264
51244729
40535492
61904464
21896248
54711425
10404985
92546695
63724635
33022821
6910320
48881302
52732485
87459012
14559450
871552
10609020
92099588
48561451
45602657
65691055
74297023
38445033
1542662
85498513
23850156
54938861
12131830
65881772
43183392
44459147
32467390
545134
60056572
34772334
22706607
43752971
43368540
28090001
45713150
74889963
53050271
59991356
93046685
91306315
76399036
28068050
45424469
70074107
19783873
83109331
76727221
50771259
13331886
87550453
17476630
64962162
51584781
83974086
52685993
2057548
6234767
81397234
78475324
13691556
32811288
23596969
85437210
75257263
74026288
47441656
36716856
59135532
17266979
47022332
47605551
12623704
14842818
60782572
32019315
82786088
88403379
23116863
9913165
62024148
26255686
82413343
22031949
86243522
16096494
45378680
