39388777
41836824
9288290
40474439
76274749
56236682
80144789
8412659
53168824
56302683
44452834
30507162
78945716
80504786
65347018
24492846
120363
17082344
66578716
58048880
17966855
58293597
60163797
75727883
92032456
85395813
25622784
36534463
18690390
28038563
65888054
87747088
32807045
39277761
78755713
63656657
1576639
9335480
52756766
4257415
19829895
62225184
7513442
7469199
89445570
51900017
44837063
28253539
38019522
63191743
77398549
82330554
37792512
43002362
45929629
88819210
85374436
20672061
83873993
24711033
45032789
9004423
22553154
89983712
37662096
89164493
41263878
1585837
15420092
700583
55880994
9121939
7227320
6680224
45765211
77460194
85130683
65160793
13212621
7340303
19921108
56877569
11431960
41467425
78499057
36406920
84851815
70093346
5466355
90356431
69880159
28975015
29470096
69289674
72772340
302497
48167585
67019378
14266075
71623069
83313835
84859463
33939714
49229668
84418747
12295441
11047865
6648789
24049485
10938863
22291927
22106635
37371198
87197964
58134234
85511323
7516946
50094884
34868501
67231234
77281760
22518581
72085597
29601195
64172634
64417669
22744982
29709696
40668318
47895934
62496614
45766013
56742935
56338784
55265422
8756349
82336804
24429263
77977947
45671813
82397337
42924470
62851114
22078139
14792025
20916687
61972199
85102953
41317756
19757115
23111773
68799869
26721938
14087907
51787828
87317068
94518703
29670218
76735414
52767489
26980357
38866233
38383800
41029322
25262288
88682823
49680422
35003533
59661536
48429288
36777748
78132671
26506180
74436703
5097312
90426813
18058978
54312435
53020941
7663605
91424510
91915488
68795637
31004564
84803654
31104946
91537589
39301169
3095881
11326851
74759935
24282618
54821992
21996942
86401700
21924448
53448269
28151422
32058906
75106729
67006353
36467649
7553709
92717001
62283564
26602012
16938039
84992208
70724089
41435170
69842795
31810909
93418202
22456132
73601131
86989238
36537184
19027001
28784366
1787457
58240184
9452920
32527740
3972476
74436076
79055632
35025611
61719881
76625237
19053645
67403542
40499147
528691
52039449
43960559
79031212
72034176
25473704
1054230
49817467
30999865
42895479
77031448
78112858
93858779
79661156
68358704
40135446
46963228
40389975
62529405
63107903
12459567
51769083
18972256
19885286
55199043
91037873
80938873
67781996
45464848
85999240
88077643
19693044
68854123
45959020
86809971
57453939
67751227
2789344
69279586
63835044
50222063
49146958
80073955
19513740
54538537
50722788
17317215
72408724
33556743
66992137
2453778
37943876
72081724
61549028
16859753
65705686
68435956
53627559
87795
7887914
85380175
56352402
79217195
49960697
42514423
58393455
56101587
79765125
22727547
65452659
2421996
24096274
78613790
49712368
83151069
16219790
4944538
93633456
93545773
73769659
17197670
24023330
46751194
79839911
91887400
75589831
68132773
43610395
34397219
40582148
88583715
46937902
26053618
82166533
7855832
73874031
57158625
88892340
55252274
80856591
90054813
75157160
42699058
14057098
48060654
24015613
30432191
9359369
52135298
72690140
73393152
50101992
82247321
75626988
29745082
76281934
27729076
31628523
65629901
4172110
60523307
71501706
75131714
10054291
61020781
20209184
26145590
36150364
88273777
51865983
68013443
88783146
86904678
283728
38742819
59380093
16972625
19798523
70346239
35272804
55401240
84382573
78150389
89388981
49242309
79714424
38392060
66419301
87100366
62889315
41252415
17606225
4608986
67514140
87931743
79738274
28315244
66249692
2740239
2399784
41627511
8005864
12247570
53717679
38742823
64226445
91150603
92570053
4918326
21380597
87319577
53532005
72656899
17509319
70291201
47584682
47897298
76311107
35947613
48447819
6826763
73212616
52585820
18814097
19304662
88357543
31378416
62119456
34416375
48120393
8837710
4478953
85326106
92478164
67180911
44581388
5376039
14781424
6617589
78179414
85260128
49272133
41722597
40834510
61501113
76782805
11139598
26646208
75920123
7809710
83264488
27239964
60374802
6517467
18413336
44547731
47699983
62479269
60710634
49792499
38993977
41771451
18961892
60869439
91219421
3325882
72118245
47466789
29550727
37951720
64678815
89165694
5125396
3661840
4725243
89789623
81242052
25812747
44830272
11919407
66869625
94055554
68413762
39179849
60630411
40299288
76086052
43176840
48365680
10360867
84965771
3374906
22742383
92747733
26717649
43650756
56094472
74866605
28670081
79505696
45546425
6740201
13384734
70865492
69639859
48776603
50689525
37884474
71115209
16158853
23300986
63311515
19245186
34392228
44805929
16802031
54261237
21878917
38915435
7907484
16546967
27112416
70712979
94382747
23022589
29912615
60721952
60950593
5079434
71886832
64767190
