59734479
59622697
92721905
33516989
11855341
41516372
74520567
40635063
80273057
42464857
8503058
78456324
52689839
32595491
73689026
55996360
46481334
17901596
55747494
19872632
28010257
65219185
26547723
54334539
25243023
26687699
56758986
40659490
22260549
66625968
81282071
64330821
60535611
5714636
67166972
91382258
17027910
41198348
4506883
43145583
84624208
33743971
6914140
65019370
53579755
50360046
20938491
63169394
3585615
78076104
10811514
34340838
77053669
88161377
44877612
47731888
63155978
8394423
84977125
6022125
90428922
28109015
69785836
15457406
35081475
68758437
78162364
19753937
41045595
85150191
66305159
13151253
24571599
1073424
85828768
10997852
50730305
50391098
7753079
50957580
37760860
60162114
66609312
8883261
52160806
70587322
59349569
36788299
91912280
69777965
29443945
24260677
29581053
4791703
69024691
24244702
81365630
67167662
67937561
76650394
44203063
89980990
54664612
48901248
43447389
63887274
894568
58622461
21074741
7294570
19050829
80508160
91260654
31001054
