22630295
80712606
75919519
4049064
33971496
3573280
74616950
54118744
87126217
7986850
53866196
82715244
12635567
63867939
48583934
9312761
82624101
56704108
45193196
24500618
84443327
11413430
91796834
72504352
84680437
5973267
25905490
90600638
68374505
79268283
47231017
70026
37601311
11228371
8862603
26504722
55445667
15254196
85290597
6041312
47234231
16198218
64135618
72552879
38956028
52229532
34405603
74527054
37895712
43995682
92834744
42511686
22829652
81203324
87921165
79786207
59470564
86937986
31493107
82311211
81908792
25051768
2318006
24206592
87964333
31025822
938891
49734402
57872888
40533372
74059318
41484926
27435978
6074180
72164628
17826771
16634511
69342519
63430048
80009714
27511061
69702952
67596030
36789837
81730321
42831270
36758988
60473929
84820255
44754865
46760467
74936079
59085857
10246632
24049020
50828044
70800773
27230069
86295397
51530536
54321408
8197223
5403147
59485991
48984576
8780476
90107198
63547035
81451555
25994973
46085870
10685513
51830569
68533421
28458060
58358237
15898586
63537080
24194108
8018334
91672797
5869108
14447411
72967110
40715856
52360877
35858534
85026846
32211118
76138398
51029252
91399933
85258140
57129869
8207855
60583535
52589134
9167136
63896828
27605832
32126161
31718240
6071009
2302015
37750369
90085852
34832250
41421611
47032497
4005793
1157752
8203670
82508991
40693745
89932194
14559486
38231654
64680620
4871805
78664870
28237199
57537676
84099009
12405629
33013743
48805524
38460329
31993468
55825789
53251637
31495652
28904741
9923629
13449091
57814420
37703848
458368
32285835
16441106
22425961
44981218
87974502
66750242
35646765
46691448
14329502
73350836
11470544
19376952
28231242
49300610
65905305
34788682
58726028
64167070
42233316
86981307
61535725
86678988
52308443
5165746
85906519
10069626
43037793
76651461
62045168
25666027
57326837
29826676
21519780
83862683
26225037
64162086
7244923
21196506
54508126
77927190
87989808
61230328
75626937
39296939
25257068
25279824
44938061
18918636
92333990
