41452401
17298437
47500923
2108605
42014301
51198930
75057922
79263628
49809904
46438452
66929479
7306486
22102857
33869133
44204043
52223021
83446065
61525623
90495575
56976217
49271139
86242476
54653464
37846357
86993689
60028716
60667007
61434849
91006031
128042
28782448
1929155
76620673
67250141
21084876
91269968
39290535
72491464
87721899
4447068
75421609
57417433
4432435
56542105
4305928
37288700
85047652
4323659
7046144
4877942
26034533
6513105
92937856
45085176
63095174
56640671
50219669
48452164
8321696
23518468
70099074
18626424
90257331
28200733
46185414
65061587
35094313
50902153
76946643
30303187
12527687
27555128
74210350
17772043
33200606
86468165
68628098
76842964
73917764
9610613
34376907
73783892
79441117
13214479
25497869
59586490
91415704
79786743
60822660
58258522
82527040
64931688
32423342
85223855
25841001
21009935
50748318
33071398
68986422
32962599
39588066
16434534
90461288
80511074
37711643
76164230
33143447
91564689
26584354
24283111
43366379
42935590
14759466
