83116204
83116205
18225671
535132
50844441
25772804
62169733
56913723
5397963
41150046
15950788
92881010
48833426
93675195
23701209
68575619
73626481
67119891
45451050
62858173
32280285
78885888
18549058
52323966
17339765
48033032
72327318
14195332
55237095
11437995
92078105
57413646
86502360
42872800
63804507
15917305
5715842
58844917
84421521
28302993
49505523
71218800
68752189
88808404
5750770
35780983
31689755
4928896
12927985
43445986
60798096
25500031
50262055
71565122
35392758
88632748
52543391
76816836
48793753
59745945
75883058
56185646
8804805
93123129
21326454
79638608
66277153
65734568
11528735
79329125
65875656
39047997
27396060
66512388
19619921
75641511
79107063
56804317
52554587
40297293
28838722
88014279
82239335
69350195
41343103
17717347
58580443
3523786
25607005
51324896
76005105
36355435
78691992
79479835
21711657
73398462
90459214
30686193
66360297
68667119
61024398
52384511
17511955
89149150
53463060
12327031
8144651
63234472
57925337
66515313
4387933
62403686
43285203
72686668
23694579
47377357
29026217
36999644
36960773
32401855
70487225
5802304
25292339
57141883
70978338
55556864
68217275
53473493
22736744
40781731
2290468
28010709
24902533
35296763
29122266
50663450
66235126
3858418
62353996
69754509
58090091
60465017
89014086
11467558
40540713
328256
54988684
44478355
33640579
70090532
41718541
61388726
78591732
40335505
23901504
68363505
32320634
21952549
61857958
84677250
30707828
44488794
45975742
71001764
57326807
89488003
77859597
69076482
45100121
8646829
54567314
80788474
83892447
37024519
49287285
49500182
40651147
36430855
66961005
94576290
4379082
57768026
19198947
74346676
93610101
10055780
33109174
44172714
73821231
39206886
43389274
51856177
90162215
24519850
50137057
40903696
92157718
76020906
58151921
59603206
15031248
21561582
60183214
72164673
61398804
1033485
78577829
20527656
67013843
53810081
93774134
37305721
30616184
18945335
31362073
58771251
70398600
4378338
65563010
46953847
49743101
52806594
9404267
74057500
36426870
41019238
59810296
57133246
9304260
47844349
23404834
57488335
39463137
59987420
91448375
30017371
20682713
58189718
17098601
34640954
84502221
84502223
88087066
14010374
85384646
19432482
42237912
68422401
77266077
40313219
29326717
76585472
89116930
81015433
39246382
4453415
39055318
50579977
6548616
53955586
74288801
5257975
32846558
91835229
74425934
1629954
47536917
3850708
68782874
50162017
25440007
3682861
32855284
90513250
61973243
12616038
43864143
56299309
68590238
36533189
66667147
73122090
74021914
40723562
7298014
33887853
21001260
91475443
6985103
29824185
4556409
63781343
14294051
7929723
83889305
20393285
81989375
73029568
16183540
79028188
62396221
38652503
35422297
2649036
78341119
65791850
50748018
62359361
23624551
72740202
26263827
37339504
13686429
3568910
88536725
26857973
57727183
55564948
92968738
77556772
27057961
32749532
64132945
31532138
6250657
9311852
2975073
31192199
25500499
19636689
78471051
39437703
76465519
62274888
52920628
2835650
84722334
60490255
1793148
18329549
36335779
46261218
71656674
53961496
17180517
3380219
39185022
64062048
88972075
80886999
60491915
30194802
9791837
58771807
7978971
23016643
56018312
88588422
58757688
77269911
43754432
17932308
12214200
27233106
19172169
24505071
24505073
17615557
21401219
42919857
32005166
39364786
15584414
54914022
84311389
32677800
40202856
18978413
84452180
19283053
72970196
16056520
36680288
54575614
86791807
70119269
3396906
81435415
87424787
67328753
76051673
25284978
86120658
43753869
62889690
26265642
6370235
34897375
93385457
10675167
66879121
2973016
19564964
57246862
31369402
92837258
6822962
66010460
37751801
57609168
21373779
12952672
5973881
63299954
69021348
7072426
8754463
13678447
40745317
11791489
18988161
15732489
51990671
71640907
90570768
90570769
75639895
82747437
51207017
14037978
79661162
93503408
66416278
25862329
17045532
65296054
26697805
11400685
13997018
78443957
61910825
42946893
41196002
4517544
21379808
74111523
80463390
3104485
38228153
51304869
67732084
94184864
49618940
12689835
27121512
53786517
90642524
64529640
54969330
344863
35390522
60260504
28329754
50366731
30126057
64668796
45350724
77653423
91122239
6493510
58481554
18942814
36303914
12405573
17106345
57910009
12989567
54910289
4140076
81732404
87677116
41414371
29928449
73376394
3677489
71594131
6353763
10080251
15948665
5911714
32317427
42629548
11419705
57103991
23632067
87419322
71030153
14570092
28622108
87989607
76538884
81796100
79780733
86709405
27840048
45503618
24313806
50484836
62233338
30029684
86557663
20095908
33623985
50668826
75156153
54380442
24889853
37582744
30037490
15185163
66677599
33472159
78459453
76140968
50001912
6744754
58384319
74982528
35096999
46171601
63556760
41864194
24036225
64818021
84032290
82431571
58678437
58181884
4755995
52498471
19127371
28609424
76507646
58198630
61403781
75785218
9775847
251016
61091788
62630501
32775961
37997275
23412336
39018982
230030
1195329
72538577
71691284
80523926
61089863
87197093
73947511
75710773
34659858
16329832
12213532
19686773
17631835
56285845
49335240
71679731
49104998
26838391
62366497
14009198
11906182
35226593
77288366
31747058
67766324
14269458
16351244
61181598
2063546
74908067
41000128
11611302
35842684
69302777
75340668
54014016
75028809
59216965
10135563
28190409
5174477
22882318
22034209
17699860
19441386
59397942
91101867
52566698
41400212
68767006
43844626
48917483
54465627
89674254
13859188
56672941
40510184
32582445
89953065
76707501
67884035
87426113
81068929
87867016
39138206
25964779
1239452
27024283
8585476
29098336
71806589
3260980
79854355
69491444
44300178
13579046
29436147
40460743
21533643
76010724
87816748
87816750
61615118
87411562
40116584
87667199
76541020
40787018
58438254
39608745
71564436
84009652
66138826
5268225
24073056
54639181
9175607
1833526
22878754
66671572
26069396
26325374
83393535
3803693
82515044
37425430
33588276
38258962
94255877
68000137
63438539
3323907
86313466
46072924
75089906
