70226024
85846058
87135813
14624877
48264044
86195147
52187586
57030012
78074844
21284808
90784819
32166086
83922017
92336724
45959987
32710965
30478343
44206520
38277271
44542505
28707555
51197579
6287984
83163119
27100960
26329669
66759821
48515897
10249767
14832493
87403946
55754294
67495832
92598712
29245536
85137981
32937507
89347439
6702016
28978673
92187251
28529152
78711029
10709330
88986503
90141870
78786846
23716016
9464848
5001839
15058218
19515947
39917174
43785768
71008884
67680832
21221411
10612094
11973745
90481681
12391148
68975910
74272753
34842317
42332686
53321792
11209196
81099691
21245587
42808212
49635215
14401432
8924668
46950408
21846484
89613954
38500221
4160446
25022506
20205365
70993775
88144373
37814467
75618958
70986949
13132894
5344264
4843655
17514643
24589896
19842608
9899558
45467539
23161529
32582639
79986645
37171020
10899648
76090959
91828424
13966778
82788980
23281767
80181291
54439786
53982882
89315040
47052099
45175191
6845174
27065116
39018360
35694890
83868905
37215565
25135023
13310274
54484078
57830407
85509112
32820757
11694564
64869493
73642837
85554805
70108075
49420784
33148897
7995294
3683873
27990918
79707187
59682133
26662724
72629282
68310168
4658199
11694961
7845804
27434135
27208152
44201923
34825065
5865681
650284
48210504
67374783
88803731
61056413
91167109
20034284
91043519
44075852
37109601
79686728
16696159
72269951
92181416
20671205
37806043
47293138
19134419
5354260
87094380
61162176
65033165
39757849
90069271
14970236
51392899
28369893
49400207
23183940
30540715
25384954
27843542
8348962
18992179
79988927
68714810
61745485
76934066
24540950
39973077
62844013
10724412
1104189
12830148
69627266
69229205
45690761
20040498
51396171
84445460
78425729
23222672
35287968
67464885
20502895
16369686
28169072
4717095
80172
2787478
90672471
52089993
11780735
59803653
27571924
70398491
33577931
92703012
67204475
52374709
49563238
8460429
47656489
42770810
27126388
24053434
5707163
31295082
71624997
16854922
68078998
16800540
75586522
80704358
25054949
26758408
30917090
55066133
67939706
65280048
79485891
44582711
56013013
19482036
31305995
36483510
85076938
39071354
15533206
77937166
18532592
43976016
77274220
55713304
49785123
64368271
38112809
32737834
43317913
75110222
3022991
24764160
66716822
60924449
45962964
77668793
4252582
19594352
59141907
33272287
21955711
58557365
32544692
7073084
62409198
35945255
1440777
86680233
21495548
32905670
1859086
30025013
66843734
61328855
66201375
52239602
15023252
75383928
45800993
57534005
70509979
21455994
6587919
4960632
78377851
12402591
30199286
55911407
12137772
19827468
82202622
82202624
18213430
66129480
79926413
82998698
32284849
89081868
87470514
6905576
4172395
25722091
87053749
9793582
3226015
92678452
92678453
23874821
88436380
15305350
45179624
55023885
30007667
56859356
17115119
45526142
8898453
61292391
