54959760
58618041
59569615
69012511
60014040
77959917
84257196
34240122
21324890
75026543
53315585
77296866
73705045
18741658
2779027
21980941
14587290
79478058
12602183
20824492
31455144
1457716
38438191
63566639
30777690
4425979
9019554
56754766
62318008
68226773
2322046
68068355
84007564
2785811
6305268
450014
27594095
56868147
13145549
53981596
64951923
72296601
80717899
63359024
15295584
18270427
30595167
85885752
62354441
28692990
28836785
69927955
44346467
76081424
23597922
13780843
10294428
77072776
19819384
86944628
