65272228
10728674
45174513
42286635
71224681
28082597
27056449
41190888
59585431
38915976
73629933
89135899
50704433
40835648
61552433
75175807
25767530
27089310
54903038
70817677
6015315
36627515
73479834
82384307
38218630
27588698
39299964
4917969
15113321
78125980
64684567
2035880
28541948
38824812
33540299
1867947
56329810
75175804
58127773
57675758
42093645
19861053
38050454
50078675
83293832
14809394
33265937
5516035
48506645
58479278
55843188
52536622
37765425
4137045
84621718
5567252
90297765
88947018
677787
49303720
90933248
71611188
28694093
32993657
45935191
71569414
81598833
12314311
88555846
8679510
50953785
57655970
47885787
2032367
16611437
21684503
64525378
46645576
10967194
38581574
65599820
