58920192
25707091
49984007
9114681
13993613
32791791
32308804
14619717
20268459
92508081
82395173
81268309
19479393
33096129
57346954
11475354
62932978
8230657
12687082
19504387
11781501
52289380
41748785
75944077
86258216
49975904
32414861
15234744
75876409
31674419
55901674
24352253
73109927
179262
82727927
60644990
53757546
79323896
41356768
2213989
944443
68085819
12746490
52682220
13444443
38244044
84177374
69431238
59125857
33872629
22140442
44271229
54528717
51700839
87798652
67079745
15183725
85723696
81665838
74219964
85334628
77015225
64998740
54498706
26738608
16478201
48716723
31996611
15571043
37566020
65876583
317151
26469913
75177696
