88492561
76710345
5861889
17884255
7750084
50664380
32390141
27346459
7491007
77341216
64646505
46770131
41893614
14199214
70290463
39115304
16972865
91069628
37128564
90857524
63479017
40045495
10326151
36015126
82761889
39742078
86131124
62144447
20008737
67566182
26888756
54956661
28846475
71858021
20357480
27596043
7474644
76632185
46150399
53485274
5789727
69788483
72872745
53243413
81059324
62973469
40010034
8462317
47423762
60769592
59480154
37807453
32541524
23336805
9401117
13237504
90526729
28160025
69876801
35507608
20684162
85304216
63734640
30070407
55671897
77753206
51034102
34647944
93051290
34885938
20129767
41935348
14751713
9052032
36001353
4998195
27667371
49581859
38693882
47509957
74659634
71241910
510898
77099658
52787820
22393855
80922269
16452814
67189563
34928456
62458926
52362893
16667408
81781827
44465003
89119396
67916556
64515692
57454519
17556374
48059593
68425346
15282893
8948346
27718814
12235901
2555838
65765309
16455084
27355757
12272596
40507010
57922926
78296587
4400902
42080944
44783961
80103673
67451104
50767293
88838939
77137230
356567
34793028
46093141
91933106
9125139
16947033
66570837
30973236
78475682
17526200
43788149
15824667
92383405
16979627
67081306
11045927
90714736
89606323
17166331
64864929
79275950
44951722
67758791
11409083
90376145
52068556
76542544
7731375
35621478
34074865
12979019
35363869
77930446
43749412
16416266
