31630704
89241067
78084235
78568364
53367711
4469898
83094316
19116828
10355974
81918847
56015289
18959975
66128107
54939251
84716247
31100255
46915124
17691815
19872800
773373
77612459
32401429
42010827
65397489
24651503
74962462
86536442
8836071
22735712
10314986
29793860
69191219
32431115
89855563
7945183
43660595
20406108
39874691
11676005
87886696
11818427
14763522
21989740
58077267
43423978
36228319
34546630
83626706
30765963
13002925
79457989
52110319
28205199
25032350
34707062
24805631
30478542
41595772
84722495
42069052
22361578
27297490
15996829
71544506
35307337
38392981
64189421
57450407
82520846
11173663
63918764
3586058
58774818
36568351
13218014
52721981
80477482
9406637
53750404
56703242
41956258
50668880
62118327
40383633
77972449
4547758
28149629
79641016
57720162
15175918
60797286
70672745
17418119
44894947
58390709
68734737
26206222
31847301
58682762
37286036
15317065
9959991
40572567
45985170
92623921
34350224
43449025
80925081
32394672
70896431
88192012
20934449
39282824
29804381
35051432
69199374
6087484
19251361
45460783
17013423
16126943
10567802
83285669
92361494
2052422
18892974
65317762
63065885
89118811
86919272
18578550
40594699
53791670
8419978
52892019
17579200
89125393
56599770
91555587
12438021
36864441
74101582
89273482
31610085
80793659
67119989
47500835
60021398
