41595108
42027040
41772267
80878638
52755685
36501686
26710374
51000153
67893722
29853825
10164225
82619526
42415842
53609625
78461687
29251074
11520261
28642698
85571162
53560469
67398026
75921885
35564842
24916946
33490696
93597092
42859739
73406382
35195464
44689958
58332629
84127066
24773624
15132258
72443073
48305421
47196285
13854297
62745445
34927327
33337817
5958307
38461243
90890585
31040173
70248017
26418974
72517094
82982147
3263694
78791874
22117108
83522237
28391461
48706915
92916876
88754530
49571060
4753858
34021035
72669429
50395915
10247601
83587188
19402660
65654406
85994562
60675042
68545382
