67823570
56903826
25545266
9135421
59464428
36308457
24514858
2747551
72589251
36282897
19393982
63199497
34997123
4623861
29230723
41512917
31673428
83237337
40213413
32345793
84073147
10261861
16211997
31639475
26442262
21934818
89010129
58958728
8988784
13236354
64166381
53887068
87216933
47959518
85376352
17113268
61869092
25101727
2962610
51746972
64665407
36604112
22678811
1576691
73711192
67697907
74930398
11211624
42598131
77200283
90905180
6934803
27544906
25865920
55895781
10613773
3531842
27280733
22801938
51693138
38705555
72744980
20452329
51020104
50636297
37588288
31725515
32548464
63070559
24502094
28708353
25681579
80879289
30629776
32868373
78467930
4078989
72129615
46090117
29600862
13388266
78170380
90161881
44044575
43805912
61580719
63165944
44513448
52979876
57243193
31064089
20375022
69109384
26980689
9486386
25723196
8853390
57512760
48870854
21871102
61587634
39192066
55458817
91445891
55761186
59153584
36333399
71231893
10172022
90960329
84453202
86853026
14573094
1196469
14444274
7735259
85817819
28306513
74432803
71937985
88119477
44803932
32874485
66857499
39556538
91520137
9138892
19553314
72911583
6501187
12527405
70489485
84541527
29409552
85397920
7639253
59373675
44450540
37072942
44024039
17495298
33588733
24119970
2013308
42583343
41324802
91558578
24020105
74012571
81414675
5543
44425255
14977337
13842921
88041173
58762580
27816342
90670121
32412515
65525575
57743963
43730217
72769408
44743657
66795541
33108655
70536354
72633454
63574809
1171661
90514297
86177939
6662963
82453502
21417893
90975481
14196958
29270057
49181327
71923696
51314629
52421496
64375431
63154648
73292928
41617681
70546814
92243718
63636217
12402146
42850463
42635936
32072198
52479209
17938856
8654374
44771416
70894979
14772806
72599444
19860511
72306589
19898220
52389597
6604553
80664687
41457018
26369822
26742914
12254950
67225830
52593130
83130773
23801486
5588144
2479205
22330032
69400904
13521536
25606776
6496907
28595607
91379281
81000583
10871432
48642801
3335012
92882842
766620
74196307
44037263
64049552
62657516
67046147
86668034
48627808
29116014
66298749
49749527
23502167
35227010
29089915
24782345
11527844
89239740
16022038
17191182
68539701
55427301
57137296
32023905
81869042
40020363
40616054
68229647
45531650
80899963
19311626
55176078
42065893
90127257
34624080
72131397
27824545
79194960
31260630
11947014
32385682
21606185
20750717
67750529
8998035
30398411
19125094
38229300
582803
64333419
28172151
17947016
7648949
12984659
54112752
31050822
32774918
41109923
58633592
18418139
12676736
4579081
70465349
82163364
1686984
34749624
58751587
45525705
4436346
77616291
68588415
52137321
65597847
85705225
78832060
15499486
42329595
14452249
92723062
19546901
40174426
74351200
47044287
24014625
75273343
91460016
13157094
32766702
50088997
60073407
31584805
43117016
3676855
28999454
78127510
60029969
43572051
7721894
55597795
25134645
30251208
11936335
52362520
46102382
50588083
80288060
51849329
14993118
32808520
68191326
77592479
14806936
75282815
44569872
48377917
54943359
18707003
25354681
8780437
5075304
2542430
39517892
82537552
75115504
59254736
21698081
84735367
42993447
9740122
5171792
193629
27328766
70678763
25551006
11200563
89981837
90663811
13556708
72350600
86946352
92654945
46183382
70250065
15518744
38198706
30512529
49515248
57374389
40116807
41640077
26210529
73633988
51573727
31634885
36249072
43983360
74666289
2167451
64798502
9437827
41603112
8565887
35412786
50401518
86170213
62926744
70132755
56962936
29195965
39250516
71167312
33404154
54683912
80467971
79546933
80596045
76275872
54793873
7902377
47098854
65196657
36479554
4117793
27980655
22900073
88711918
4844921
48421376
45196234
27663499
23298763
24804298
59876797
51163366
24682773
51823750
14922535
25561793
78415640
77622365
49343006
81377815
46257852
16716537
45915854
18807302
51956750
7144888
26780951
21335070
15541344
67102605
47016355
30618648
12004144
26029928
46247129
89655336
73489071
1615557
7385856
29220498
37478622
90480055
42688604
85645959
44205389
42770468
47400294
49770775
38918584
7355282
1386163
66916280
74525508
77283147
66049499
34686450
43005279
24925085
49967502
40044189
38837515
1068818
78848002
56826069
59368109
75646179
62453773
90864846
61315221
19031678
67488078
2829422
37076256
55956021
53897786
30420796
70772888
69054332
74764945
40496770
15504559
13334463
23840727
57176449
34971541
35005831
73749578
37923526
8546502
22724291
23764789
63573959
20014115
66594280
83123667
24482110
21429451
80984395
22534744
58050612
84748419
49412627
50412854
88715960
31344888
4862137
25958541
77952433
71359365
52772327
9431574
63389840
22903239
25559517
70317555
53382241
86127690
33176293
51891279
6722983
46285283
6353063
47605591
17863591
63050668
58271689
28654992
13341402
8411693
14082478
23175320
64300213
40895997
71126627
35995582
28084125
52707034
43242676
31072565
74123581
86238078
45650764
62179116
41707593
18273245
51812859
42202783
89987811
61899957
53013678
48850430
75543614
36746757
46203742
75979852
5769430
44766633
22882353
60599180
57104646
63115195
66600697
45448732
23302652
74446776
