22454746
52443504
49599096
29505018
9999880
60093972
4780835
54896828
10125457
44832772
50876481
18499872
74887182
65657505
70255960
77713034
66283199
83101896
55275700
76417658
55207710
19942815
23009741
36367817
15636768
22703413
84156448
83387641
11160759
84681806
60396433
10248858
86218919
38220351
30047087
61864962
80497813
46321808
44697958
80268286
12359055
1873900
59024180
4669482
70392244
39279031
55367118
63633031
64463534
60226154
42085038
55102250
46605602
27798863
36022817
77028485
6692318
59471049
87482699
67634824
7369803
49325133
23540870
58897769
70902415
41176977
71334141
41096803
51855108
77654183
39044901
48995869
80844088
29833358
49304352
80306398
34542119
59357618
38548507
59497721
73102032
46677771
84287801
53975699
82609371
74559761
21605405
61804237
35096450
7877560
63220877
29647526
87701973
2754906
73412815
83509862
19833584
76396007
85531512
45823968
89759735
53091252
91201340
81334821
36256586
61590310
87173653
45917502
49591160
73253173
25426595
61332777
49739984
10991225
19011910
31513821
57229480
10360007
72863634
9797473
26776095
88405874
39473185
81221241
90017488
88180535
52372178
26263196
7719753
13109973
77198392
27399080
82033933
22173240
35951941
73735066
76919512
25975748
46449098
61147685
91613315
53319838
51753072
60213032
38712465
29350548
7352312
84515679
91316274
3020626
40565983
39836724
59922485
37786754
90076789
84198229
2468743
74284098
29367132
28622851
58528640
71266570
24944179
16587591
22420074
84376461
60351559
70800460
3312043
77029432
91231522
70907272
45287070
93625558
40000451
49466988
32735011
90880197
79524087
88062747
80177142
86993451
36728940
55768957
9828268
73493474
89843581
92308736
37107843
66608252
51301075
57834608
52005922
11606776
