5168253
56295816
49858463
19115521
48812199
7428557
17724171
20909216
45789935
25350271
9218874
51590268
92564407
92878213
3576496
35433773
59657860
32837350
15691432
74253879
68333365
87213631
62964411
61820630
14783443
32806040
15863905
52023860
34482228
68887922
76106669
15697046
54054841
29499456
36420199
36903060
73663835
48284798
67647084
74830818
49947485
48392725
58342638
25754495
26488599
31713172
1444005
63021959
29195506
59121375
39144446
12472785
529505
28816283
66607565
91997323
92162132
92336505
87266690
33197346
53673246
70119599
50987497
40313264
5529533
15650549
6664073
32487831
81764175
25015336
66166604
31256376
20953441
81430457
18999049
32216800
50852127
52935760
43146116
21550984
56698175
64465519
