2231327
40443385
84554477
69697170
60595144
32307815
57297055
87121079
58061199
10242715
10647743
28917142
1677030
30200469
65122450
61485294
64759562
87731726
45404838
19301366
52296059
8946324
9423296
88591918
1253669
79587134
50124961
67381222
49146911
22974770
14392332
21319165
79240939
89843825
78900799
50820306
47708966
60235563
14185042
64410944
71987228
61400190
75087553
86839814
21103912
9529835
71607971
58735840
9072323
5254063
18197742
33852865
13729132
85643582
49874621
90947005
59451643
31483406
47694563
17439302
14993326
81964648
10872451
60870032
30629839
86915973
27739850
79677238
19935566
10163880
1304997
41166612
3647449
55928458
68896868
37823442
67937532
48429818
91036064
77564718
92980487
2626277
2640598
63132898
2097690
39253655
42855830
53739649
28760813
86405462
69342420
59875371
14052480
51946421
3075001
70379447
23881328
67442976
10306790
76317697
74354628
32051881
53517751
75874491
65230467
13525569
89865890
16527916
22327959
81946109
90665529
30529785
39044830
18091757
38724056
18861185
2691889
23631917
47816765
76359846
53383816
3385090
59401694
58699303
49196781
71274005
50639514
46250676
21726627
74619673
79712117
61148050
69161660
60027242
58440876
46386174
13995817
25822497
33039167
22863424
5019190
29086405
14593445
63313392
12242343
80188967
72704345
11208423
7223925
76921809
85235220
74336898
66284503
52942786
10167670
5621292
77244212
37950624
43458711
88473417
8270075
53284999
13700395
68135034
17576400
43582843
785877
84153856
45481277
927725
89069371
92941006
23783299
60961405
28508093
80587618
79514061
86163003
51612420
3614011
88438843
5245264
69866271
28539598
2302091
25999125
43246844
41746417
80589005
73679554
42792531
55126678
9363611
8609433
48720840
25376392
51497425
58591309
92391966
43738852
71629169
38561270
18943996
64278727
30932774
21768294
47259044
59814915
53857847
8946329
8701250
22605395
21604881
58167866
29252850
26182928
17937143
91360515
2701904
85836309
72441163
15352775
62175647
32492747
89773174
20217132
75450803
27802192
37312621
76726434
10896582
22254074
16084247
53508034
52712980
39140983
24427675
82289928
48655672
19318929
56962066
21298790
69634725
10478057
53961845
68567559
33729334
30678077
91439749
34534484
2034745
2148076
55409418
32248681
35927436
63919886
35879205
46545638
18037033
29571093
30527490
84123717
18703783
5775074
64165815
92706502
39296412
4802897
92975844
58710069
89207560
83512460
14647194
1329314
14956621
52190021
91601697
32523506
59990754
20472317
841643
70898430
46589804
92208307
32361751
50563237
70280028
31387959
55245005
17786983
51027325
66024866
517808
26252011
77068829
64550717
51324642
37434021
47144475
57471414
13695456
68269622
28843870
4963508
59738894
34811275
86687614
53363271
91747647
79771481
85288284
15783721
81843080
62392138
51183548
33182016
23465618
87463737
41447460
76436932
43494571
7617572
77460346
12586741
63718128
44245910
72040111
67624624
70440534
41624307
49977160
19958543
48837152
40313791
7058526
82332162
51099202
71786324
85290141
65798811
91517209
14532036
2210654
79465276
14356032
30009070
17724310
76215709
32591855
45608245
4877413
54876998
81892398
21256511
17431965
69285658
71733216
6981544
77327161
52154521
76641909
62174888
69731138
3133360
55391645
65000744
8855886
77125632
31729645
62454357
35789911
33915954
11079175
12829726
37135154
37226714
74897776
50971852
45974336
62008500
1919492
64227946
50579302
40993755
74109020
11633237
22710018
37015846
7584680
62890046
52400801
84193863
37092064
85082513
38240052
4652924
63302561
64094834
10405744
21459105
67975457
69435410
75205836
41797964
10339943
65494889
66913715
65537677
37280648
43435217
27970155
27367225
59917053
55254153
85153559
61177515
54254167
81685268
83349294
82239968
12328719
25525516
51465872
69890234
43742586
28104925
79166967
43908246
42110019
26293738
84687871
51660447
50031138
40209540
31688402
46490801
39382864
70833910
84265341
46073145
89918663
75953670
52698714
26370016
56445114
57638500
86007500
11569299
82646977
92098987
46667490
28438018
8367768
66799963
36996514
92865277
89388300
92720967
51308173
77155596
47968863
44339332
21230659
50262043
92691462
58917144
43302230
49819458
28883186
39489234
73476920
71965317
41966378
57651620
29800297
57847582
5529564
75352769
61695641
79783857
51118406
48027565
10988695
17453995
44779472
15701661
10944519
68367889
62745446
17900115
64217274
71206711
47931794
5992939
22613723
24554358
12579502
80922806
47346113
72181821
29421550
86780809
49860512
10076077
78616818
34227996
59351532
28098488
7560302
28401786
49938059
37493175
82081516
50484246
86622662
89854604
61835456
36659790
33036822
68203249
92509726
74074966
36592328
89954353
57174519
34450993
79892755
57422514
15548664
81884643
50632505
21402038
59401279
51294199
17823343
86449327
16879218
11307386
77678073
14612632
77969775
63085703
1439003
2390332
85221184
16618480
18526077
38828265
29649529
67483522
90719967
68443650
78108181
60241058
3730436
84016395
10895518
14545799
159635
50279396
56113517
84637469
48767938
71118356
42172700
21147654
13638341
29676317
67390683
2052800
6005218
33743061
22654509
89959568
2325524
8520454
72279068
66812702
59048245
23530294
24847033
18261868
50467694
71499753
11040676
52159701
21586844
42897747
44027832
32761244
61041823
89251675
58120848
172337
83767981
88673083
21098374
4871880
5298840
64176329
15227186
74970609
45373053
56429958
67129865
59466273
74744592
57060255
77219225
89707567
31027652
56617948
30770195
81062976
6120141
80369974
2855587
63017374
79937787
3736834
1724532
86477635
89723012
31276915
78428178
65345580
36190868
75120984
79900691
68057617
2033354
41243467
20669816
32129696
39247395
54999815
49959920
54776484
69836452
88277393
70318880
46798294
90736209
33624850
27622385
37186046
45760655
60230418
661198
17640839
79418272
46097329
86243515
76980097
90916154
74685494
9953951
55427277
34617508
87369671
13113759
10434146
45436058
76714359
58892350
78764525
11114240
60879310
55414551
3321957
41354156
28894989
26956435
29144829
82639745
23063941
75777609
89960192
90570500
57452154
4052656
6496514
22880730
63912167
34523852
92453533
22700920
78611775
21794657
27059368
15770814
60241053
49747171
50062661
87424911
11606341
5430744
9147147
40325554
36312199
6720459
38018082
89098243
32476826
34917105
23559831
76175637
57155211
42037127
53281001
26853158
23024779
24983768
73395597
8621608
29450560
34809823
74529590
30032898
38463051
25249646
85606466
81023283
56633304
43951080
35879213
7216266
52152277
25449650
89581212
45428599
55561375
64809614
68574013
37421734
87592724
48070021
31143909
72856617
35678470
78142107
73603308
20646073
9573510
40579476
39012342
34780166
55308482
24408648
17637746
64713734
82563525
3105929
16015414
2061602
14484766
55245549
90384677
91652080
54143679
72922139
7956836
23490221
16690417
65613519
58062459
61641359
4576525
41964215
65312372
13887393
51357876
32998164
80545100
88629631
53503754
47421835
72564939
14386669
9564996
83974433
37402514
41785931
60963512
19070736
87885144
85141457
19614012
66638275
12460265
27667991
24317846
44873295
70339580
5566763
81200302
74790926
30894667
85569421
42063517
6011751
92717381
71820127
48072582
355034
14509723
29766933
91624761
82610703
64099123
54322299
67379565
19426173
61730682
10395900
62276602
51416378
87689412
29459057
82642733
67671529
86767889
46822220
26111540
