37416908
94024432
26587352
58015818
44054911
48390372
2692738
469235
86589495
44382652
42423206
32306494
84463865
41070797
4030595
38034653
562530
51935253
49480271
34321118
82156765
91864321
90971262
34471204
67311253
56963664
22654138
84183606
57655163
54598980
11900872
14229936
57437724
40571557
31646613
38487772
81270641
36075480
11115004
92380117
66434008
40337182
83889824
43785738
94005043
69127281
60027428
75807047
59983546
43721377
1061596
92094736
44055988
21458191
66982707
40133225
16808615
31069510
77307381
90190156
26296236
39090999
42659040
63447494
72381560
6483280
83681653
22465478
19632134
60206012
80107601
41840597
20927841
63954665
5135121
79828043
65743942
53336225
51617535
29571105
77696781
4062987
132326
816584
30389377
81223958
41446819
43430153
46349076
72213677
93505054
35536409
24408687
87949194
75977947
15326054
127797
69882707
39872437
61584074
29853671
83794844
54689757
3851513
24271804
73480320
20227663
62237505
83980080
83361352
51935321
6583699
94448867
46793859
67483910
11935023
69764137
59852971
77066987
57964470
60936802
48995762
1794096
74875005
17125345
59566672
47491644
1006443
20918377
21770688
49395044
348245
50694787
43755459
11410721
91200712
48512068
87425144
12388278
22966050
19218494
80161405
27159090
74865066
69687764
3663874
11485955
30920508
70076800
27670040
32767841
92571316
13143091
57291553
21404458
6844008
41083207
32328824
50383377
50615950
59120219
21369273
39069717
59446263
63905534
77704340
53934883
69075290
10885684
89242716
73409934
30658210
20836259
13777133
74740852
64263051
9306982
65696884
22250913
52884453
11826440
54474197
91447703
60641775
59269476
55747072
19060270
63285986
26489723
12284936
26791002
23843571
10589807
10773969
94503545
11940258
88100956
30571539
40880123
54410342
85353046
14429416
11093726
13651882
53622266
45976729
54221847
8984238
65887971
82072375
43385514
76758650
1308654
89091399
21343497
37000272
6932780
46318800
13477784
70972638
34166162
94665992
61543429
43385479
20858707
31945874
46571765
77479731
17229634
70804807
11037450
55516324
68366316
91997255
80278071
67496891
49611461
20694551
70412577
60906940
41975316
81083260
45486909
25459442
26206181
50688532
71612953
94319078
29701943
11844848
66519141
37768705
53896490
61543979
26594497
63198002
61962302
10515158
54747374
14521363
65202536
89314852
76338130
72399505
55679439
90650241
7546453
80999966
36756546
42115125
64028261
50424125
79964853
50480895
54761720
58396573
26607000
78441411
27275203
40367164
61864095
81221237
67995407
15411804
54551461
84306151
38920713
35420851
78826490
60674729
87945516
65432653
90168216
15836577
90780887
26761158
3196397
42750824
10915480
73989415
93347574
9688499
73331164
31645791
42526994
86677219
70567943
91227834
55984630
22778982
43957539
24754746
30633834
4195298
72680869
60354771
60312216
68847738
30391995
10569501
51399627
45566562
89414012
19824767
91527502
91979161
36296887
54407752
77317274
84683773
12109668
42383816
21866609
5989566
65499429
24270261
20004223
92914028
13578741
20716032
38821831
18010587
36598794
7216425
4034555
82459051
39885742
50571359
40607528
59281256
87679225
45131809
1714427
9310628
27004134
13946315
84029708
68475844
86557678
17577202
3044668
88490595
34263853
33645487
37920396
10254760
55466513
51693593
13852068
8940616
21889911
39160083
78270900
73459930
86182130
16330846
12862164
279790
91611486
92450690
71121892
43686574
57425531
48928789
21411834
9383029
15949626
42827419
85801575
68178913
43096952
72241353
48666688
15143938
83169389
42860595
75969847
55600232
89448828
6291713
13890384
7413027
56770131
38224740
74064082
59741866
71457371
44292297
66615658
14403716
75856783
19325609
1060613
54426906
65862650
60997706
74153768
85982428
62641536
40551416
15352296
18843147
84256361
12864743
46976744
67156921
94624157
32728628
85486188
30386753
62835390
69690830
82531230
7735265
60932452
10255791
3584049
34860498
10901659
93011560
36638636
35971099
49872925
23546530
46260081
80129251
54740063
42354638
90250183
14204280
10150583
80327677
14280473
92994809
76229566
47462048
53465288
92118314
25416686
22828626
53172928
24806698
38749631
57545127
81319165
3464797
59360692
56095421
9025434
51467703
91155634
70048648
38565505
1896774
16491086
71693843
84008824
14600490
91335867
28857001
80843634
64419001
91089571
14291708
89304537
60724900
4621816
10903198
4541686
50401614
12543006
93743128
66876717
16372306
65116610
1949133
42547619
23922214
21538959
72923798
76515902
13946321
90527051
44887381
67062393
34766938
93470782
34442100
6906640
54963741
25938003
71312326
12036938
29771966
92445480
13641804
42005532
60181962
10201024
11149590
43954685
49136865
94031384
61041298
63053815
6496262
48753820
82824884
85012965
41223813
54968774
2323717
93849771
88346660
80152137
87226666
44690219
26409797
91982538
38304728
69145169
57100922
8205049
16396437
34042563
47634315
13089865
62832955
90913106
39711345
55440811
93515216
77627109
53980941
75181632
4728601
77441817
5135902
23017169
31649508
88737853
43349201
29534903
29717136
11077320
44104421
51514944
29587130
54338717
62985498
85189425
93074017
2551195
3422260
86372587
62843434
21194717
18035594
43616534
54807035
14824527
45686690
84623874
52113866
82756363
24154737
83778401
46918990
50777152
38655050
69809348
78406640
68633347
55484694
43413775
67631491
30399404
74205584
90183937
1111862
21950085
41041318
15774064
15774068
19070331
43288985
16351912
82176521
28066535
94194820
28237122
7079366
37427610
78067369
31161332
25127533
13266181
49470098
65255925
36572974
27426637
43152378
48352920
92927050
33130340
20467241
3497289
34186599
71806430
25538053
89307053
78348043
70232990
91988430
16746650
54031321
32651654
66958482
27312608
48519697
86954228
65901807
27597590
18900421
53001999
74266401
47363941
84573684
19787923
91909147
3524880
8476254
70581448
49325899
36749058
66772068
14490383
76456019
4026706
23196533
64082379
79737459
21828671
72790782
9277555
75554622
39110296
23646472
60355134
75659963
49081797
67815592
65946341
75826574
1736219
81997872
79877537
82150157
3943353
4099435
30811492
80567131
30576606
65641496
67058027
84153282
61916037
