21459440
443924
28980679
51810178
48033092
18748169
60510526
11059758
66934452
77114569
17852074
40610122
62263702
24244721
56461987
63443808
75629324
37224066
14837607
72293738
37422911
2109007
74075354
50241362
87311089
74448843
93633832
17861767
1906580
44699323
91388032
53969377
57495791
94275832
13611266
83102945
93621087
13800949
91349736
68425250
49124058
75091424
80286008
5089385
74294466
93550814
74467976
68169137
89690374
56995968
53109459
31994362
62641162
55017502
74966224
7559319
33443124
50147457
26964721
36010885
32341456
38549839
56893494
65702902
47534644
82461016
54530496
91620766
392674
25428231
92140041
94552058
67635267
52961930
47782197
45416461
62762744
83518376
94070466
42037014
65584690
90859770
64374019
48678379
28928370
93610970
82337275
51694707
75750277
2883032
51110231
92531129
37804593
37823047
52156764
51681953
9947755
53007448
4876017
26617601
94642819
89842043
3774440
84344240
54101416
17384802
11335956
85091874
63026891
39578401
24435644
47652278
10535968
15489254
70553780
61178968
74754568
34598611
93988487
31683281
4816367
71281132
9040759
54812003
21289333
54760633
66216111
60817727
81920706
72569073
76459471
21936979
9236915
69717991
29455608
71929727
39981184
47707650
91808410
39634346
58453942
89966331
30928678
41287925
3984989
50107979
728441
50398430
9918348
21068264
19017701
7071077
39203543
27634226
45839515
73022965
47176209
70824102
33755861
72694126
22175397
20871516
1851877
56139798
21734099
70766252
20259772
3821176
86894954
85004893
9536122
47057848
65629274
35524566
78644147
48564402
13218447
52983713
36074096
66114635
93141525
55506960
10070791
9909400
27237186
6976081
68315164
52324340
22595780
26524309
63603160
21048730
23087929
33127675
58546805
71670362
15733513
39388821
20880473
12091757
60533256
39888354
81240869
71379096
54634763
33679122
1007564
13789666
4980927
19848023
18462337
27270309
78197797
34339164
50563822
37168937
62091090
3873505
21521075
26962318
69563131
45330349
21751891
9281425
89844234
83970809
70398900
52961364
72908587
23415128
62999750
69211867
21904186
63772707
15539636
3021474
15960193
28361100
42003294
56208222
40945997
57440429
58372897
38616175
32720887
26611728
49021929
41854690
37930677
24075536
34930242
15239213
56883714
33784409
61743055
10344261
34910696
68598604
28160961
11858252
10621745
30123388
59713248
17313335
65452872
38391129
63605994
86017273
71343002
54720375
49621223
53125115
63960280
89892815
88847139
8049086
53645812
7449750
91314118
51056532
62570395
5224380
57873354
71229333
40798273
60826636
4101650
46791688
42883897
20177915
22509878
10948799
50815695
9189242
87739889
2495167
29275145
221371
27643642
23632873
10945776
79431360
5909759
76455914
43489391
52761624
62304429
52042240
48538837
42798647
71973766
69442773
74167825
6501699
81786403
58727936
19788493
66156727
77445267
84361652
60801159
66777563
4292166
31745105
34116691
29732788
85101494
56114289
87946213
27641825
37170920
89831144
62817604
68414487
81929054
81327918
37992031
91173058
66540279
85251224
7259002
48323537
92636564
77178982
76356518
2697202
19798969
72731002
25417061
4337591
81998363
32686024
75857935
30010967
90304132
37457389
94485411
26945689
4790861
43703204
43703205
27483361
30806495
91559555
75178979
79197841
65082101
31481202
1067096
33586620
43701013
9958722
28634883
77224531
73772142
77017408
80655587
1688666
42635647
83945981
9768550
76291985
66290753
17068797
90508383
60696916
22107425
23872454
27132414
31385326
53233298
83662960
13090489
34855026
18776553
21804801
43531421
8507510
36082070
59835333
1968312
46509772
48460348
31583356
3525204
54699788
12203526
34014810
35275239
21662670
29009754
86119271
29380320
12000927
39031381
87628756
42318116
64291796
7542368
15795949
47503813
64725913
20132963
75659901
94471908
43896751
3407260
18885994
46452038
6033476
94563959
64974164
68445105
18149787
50089064
71254866
56736698
67574496
28897573
55882896
50253702
73974606
4903839
32382071
65394114
18992424
67492395
67315371
76566823
89194612
68729674
12330061
3702347
51532593
45043728
78627611
85315465
49474562
89071150
23781551
52675477
41516542
80928311
61857662
59224433
82999982
46404279
30467123
8631977
56659618
66734274
46861163
51118739
37495667
27985470
11978902
57083152
46402971
40422807
22890919
79992440
27597191
12732316
18478117
88207514
55495765
60336995
73261019
30393567
62146615
86655647
87942657
23234032
460996
38758041
64590631
52156131
43154561
1067366
84262703
4459778
10474157
16119898
34066812
268861
71349796
31129240
16105950
66739556
37703159
58802199
87002344
16619148
71645499
13382049
26549527
3243832
940037
13237294
50749204
90154437
40197086
27746616
18200722
55461249
92406700
83222840
7223659
2185590
55478314
69596540
29945641
68376483
14386722
85917603
19812181
8469935
65684986
11835950
45714843
24820710
29806463
80585210
37773968
18147876
10056361
93662426
59656937
48449207
73906263
33318005
49933629
70075222
60733665
52302706
68944376
26536550
93583536
81340886
77045819
56665515
93585282
23831033
49515582
70061268
27151462
1281979
64503631
90532693
9593220
60641938
2114309
84579936
55819235
9791897
8280308
93976520
71824019
74516422
80575137
21213115
52908267
55766384
46052322
25342805
42679766
13765368
86319693
56773006
70867265
63259740
4644554
35782534
15711743
60260120
58718338
83736950
8887225
70109038
26262567
66877486
27249715
57350194
50069193
70904824
51765691
56549081
81047880
87889027
24523936
6795035
32080268
