25030266
28992504
91593848
81402868
84926436
5806936
21038459
31252879
32702164
6194634
24572461
43161825
7438184
81042953
70685281
67712139
49687234
65049083
39557208
10491847
61009413
608784
50642214
34438928
6483561
6209250
34940794
12463631
60917660
27907016
48199236
16806144
69332433
60491939
36812100
82133934
56230050
11151618
58653712
41770659
80173313
50286381
66452112
11738668
60534405
38267589
77903883
1493658
70472427
7925963
26375088
54381268
38756370
30456471
85088505
24574116
15459822
39515772
73736244
74167472
41699175
76160574
26287957
6574608
21889459
55312738
72313000
58328972
69822372
69399012
21685149
81771702
56424780
28083315
39667407
74486428
36516015
87476865
21384206
23584920
55945815
15907977
39053029
54300031
78866308
40691600
39174399
37764644
39004989
38957807
89010443
8107882
36259716
50330285
81053110
9119459
51145499
14302870
6345084
53665802
33779237
49946242
76060981
78858829
1996761
29038999
62566016
63835471
8029753
81467266
31625801
42797271
84972135
1965154
28127232
50733673
86317379
69564934
53805401
38840696
16027126
69343426
69755744
21330519
66722122
32424301
39317864
36793631
3743127
53699782
31301124
92319672
42223161
85136196
42978749
46629648
24808750
67189787
48716635
23173189
28747119
21685740
66834284
37136721
49974718
3401074
20724665
69833489
2879381
68779446
35366576
9275397
37153303
91778969
21935527
16054056
35222683
61683157
46729793
68537710
83232893
72837486
47360214
8889702
40290114
50887724
74613271
62463888
6000465
8517980
21489379
82639680
56678548
39425144
20332279
24280398
63862840
55511460
48957598
56880031
69795733
50977207
70359582
86732230
17973619
37207775
37096940
46408762
28239643
49147570
30942130
55071336
61963168
34385466
84751479
81180912
29550503
68285939
60097447
90811157
70875402
34188393
49673420
62240504
20168868
23612920
54416975
17535757
11192091
81183838
84388337
87296869
60430917
17590248
92388075
10120868
72965816
19156431
46796097
32331781
23432023
49157981
18271154
44099317
10113642
902076
12451953
35409073
42085723
79223842
92998989
80131166
33178824
32061631
15803964
45770039
752866
18762789
32204562
71640955
88226549
41942004
20630251
39398848
44389576
65694492
14021536
69809842
23260062
3722053
50294743
15030292
30243952
88442234
