51442072
39306227
29397842
48272565
28471304
15319463
35465452
12620040
42883457
6824852
30073504
45315653
10177631
42452745
83486428
40972533
75913930
75788374
68196802
27397702
86479662
59456248
37798748
45583191
48664567
25729036
6407336
24831114
54442749
54774471
68989265
52222035
88468
36584070
17917687
34478913
80333063
11228999
39421778
55310586
39192991
40639525
13400842
86679920
71674675
34922509
39250518
80604086
87493758
39284986
50342513
26694596
25565109
92211880
62602240
63350237
20779756
57194092
23312143
28179803
60638789
51523017
65931540
20392227
17656873
38444130
83440021
35754165
24556070
33966080
33073568
83724896
83443696
32967678
58940890
49255032
55956115
48301819
16938036
6907414
40749461
76560165
21591553
37152347
55633769
49440451
81675059
11558137
65339097
52512937
36051001
14578646
59039277
48050321
51777415
34837793
6982305
25778422
27061874
52845812
69727445
75039037
15463711
31178738
55028409
44177667
41279101
85694202
530518
9820785
76499914
52176759
85959009
59835452
14588708
37181223
64862128
58612353
65982866
39165579
1735820
7355085
3295396
32110679
39040828
33038747
31763804
30942969
46755911
2323700
34485508
44937630
32926499
59568214
91409334
74633777
6953762
57693732
52159919
87995683
88189709
30896415
45523884
79350683
53457242
45397175
87977161
75024054
4018599
