35426851
82958603
53721549
43941837
68915750
91073465
17131919
20805055
22136699
2500403
18888929
76107727
44947651
1619966
24316303
15413570
83968432
3223100
24919420
17673573
15791667
71718950
60443598
20104224
57382262
60383354
67674733
59776937
58635986
32574358
72606007
42266385
69355156
54139170
13709415
68122418
54920899
66420510
49871159
20232674
34598404
28601914
21509880
25449624
90557528
64768466
50037961
72615691
72960782
32780107
27043936
31132611
56887528
2726968
79476933
17139635
62941147
52851563
93673301
58356062
56872699
7819074
81946139
11887561
12617395
79596883
72476414
79866273
10592187
87827672
93910360
27363194
63774657
20983007
51258520
8402378
83279976
73056700
48414005
81913626
38758146
93365018
2179472
41922121
67473253
44836043
58478097
61959136
38540500
42050117
67448661
48126802
43447498
49768646
72965667
89789642
80418353
88065629
23305928
40699556
52882841
76762110
22974851
22738907
77855324
33950559
87788363
76927905
44105250
45013123
3599866
1074850
1074853
24168965
29998710
89731156
82370388
33820489
45348489
599329
61401204
4987429
44399608
12514709
63546768
45514171
73301557
42847845
13003976
56353077
77945219
4362952
16180849
77506513
9913048
16972826
82703805
26685699
72507859
61919191
50855971
45342201
60090281
21180700
16059359
77582647
5922043
69833935
82215438
24544943
5747366
86510803
71591678
30487143
30732643
72359060
80282077
11819082
14695203
76257881
3670683
9127955
50722466
80444473
37968738
70270255
74392087
19139371
88958544
21017670
67869422
79230085
90776030
40571936
77559802
21161331
58090665
68900481
