87827025
3459132
16809832
59586688
37871188
15898101
66238430
91174979
85229243
89889619
42289440
37808108
89264653
2693331
46116758
40640159
66772943
93524925
81888313
41845072
33701604
51236015
10745288
806445
75694160
49552580
32554815
47758050
40355459
37374290
40839014
67457748
15969562
38865849
61435689
43783072
40587955
87252417
25841773
84277583
42540628
30149378
31972128
44462852
67765324
10956490
59637130
41931149
91245079
39809092
47509296
89343410
18085865
6462646
42606745
32951081
62728755
58235697
33780664
73023402
84657945
10634324
47757581
45278169
66533239
35840974
13827388
20188389
7941214
52374261
54510861
39472575
16009954
67153924
1976657
84982139
76628365
5001904
21185648
32390397
2880930
53850835
72501901
67096588
11204824
49167961
66761708
51888032
36333033
54215157
74152125
57371233
86082062
13084509
14648336
3559655
50631770
8393373
72838492
2550102
90139837
63045725
9947077
91101755
90407579
14481745
41645013
64906011
43835581
47432507
26554146
9106835
20763764
23147544
66200362
90595248
51096734
23937516
55347477
68569501
22907318
37663451
52245376
43173294
16671051
10864589
31675802
35257043
62040300
19773285
71959723
36009040
79391394
12700521
42294275
75799058
37830066
12724835
53118265
30364180
86877151
6574435
24651389
34690879
61417475
69469675
6963338
37350196
24776829
53782919
33154887
7422085
13996975
85985944
82727306
92592103
13636287
53010669
3265434
58558222
76730572
62687309
92919608
85650446
14985584
72162922
79520378
72656691
55767600
28452910
20492138
22619245
85020931
70792615
4480451
45067723
27270405
25148739
74280675
59875328
1476463
37452930
36448083
55118976
9417303
31116742
23515236
80728392
26007007
13383653
13302176
4614938
5696673
58234808
30280040
5165245
30402706
47775120
378123
69061725
44865804
64918213
62552657
61508945
83656195
14376767
5306696
9375394
20448859
42136009
7839407
31972618
28900827
81632261
33834133
59043520
56446373
73410887
65540496
57818414
50988516
59875296
20676064
48704255
39071594
78148418
58746330
3103256
79363038
74364330
29545339
88941726
94336625
32851375
65096669
77756852
51204881
81115422
39819386
50800839
9408697
48529692
62822161
16334759
1089848
18893666
38217636
12470246
29407739
36983982
89712893
3599714
88028493
81593724
10098976
83855835
17073519
