27641452
23160222
5034751
52457572
46606117
49375424
61814482
37471890
448760
44412309
36161455
19861300
25171826
69037658
19860252
55313454
31680930
48397858
57497237
14903355
41308966
85637697
40732452
57239307
37265498
39136855
49098357
73295252
16462121
34622160
10100656
9467894
8509161
79607744
21909410
9447505
30723737
5109180
3691952
32010228
45245016
53835243
66296710
18810880
52025827
91866811
77958749
55714136
87001788
43340551
4104724
85937249
43508763
63748630
31818467
51729367
29036935
66382221
43029164
33625480
49399440
58201759
71130793
42993758
57224157
22312305
39090444
52315279
23487807
63951863
80834820
72267366
33362732
5205523
11206036
83437564
20846815
14104488
36938014
82232204
19500784
19705230
32325606
58014212
15997253
4182276
1271245
31435117
87623480
26710795
8058757
25289852
85785919
11228788
87263524
10617187
80346161
8395541
60342865
66629382
4462597
4217714
67090440
48152274
55532759
77319966
91982025
47404158
11941812
44086349
23790415
68531346
58933178
81738983
29569086
2415191
60300689
1100221
8429021
18182481
86193369
86900782
30664220
71036122
84025061
32592312
86870283
75397184
35552409
11163906
39271055
74906404
9246947
42839981
62780530
79889090
83405601
34206431
70173177
62403463
1664593
30352662
43961481
57091215
34095543
5626918
27018492
51431786
41081883
78432683
43357698
26174092
8037627
64675953
