47410254
67117852
5533659
91107489
27039922
8593649
45421212
81356309
8687983
12251280
22652678
29878200
92744838
61101634
56766543
59981166
11640440
91518191
85518195
56900926
76086751
74884270
17341138
23079296
26347751
13938487
38816354
86509825
63707430
47609347
57160423
25490395
91891449
37592395
17920684
37765436
62157477
92596697
5669862
80847354
65369134
23921523
12006920
30204751
85286983
11675703
124571
82260268
75546625
21407977
6743991
88055951
56495337
37235788
79151557
46255252
3484025
61558560
75512605
48852018
69028281
54813445
53769836
51512772
38175525
87270798
15217818
75715373
90841436
65820534
29167173
16366217
31682579
22575472
65766296
82568214
63932873
11664872
92687425
36308863
20910429
27233505
15796042
26235398
23839343
23427939
76742162
78731763
16435967
93565740
50275632
17746233
64365266
28914670
30266456
57016800
7693648
7913603
90591358
90634207
6866281
85512000
84902704
56006059
90599327
78517540
18186163
27231138
40092264
