2829422
76778450
16440154
8507612
44149838
42543235
58525430
2075033
39912437
11211624
31064089
12020299
77811975
51914790
73698841
89087959
92553299
39042309
80745953
37588288
51814803
43355992
50601253
17437220
28461008
37528683
65283520
36221083
34956432
78496417
50497264
13881899
52012425
30354977
51824022
17125029
12026758
20374757
77082230
89459118
74265513
67515596
61864805
15932860
24049739
58516784
53527243
85350484
91336230
70003958
90853482
87893707
4231992
1992361
82261532
73181932
35460840
29553936
13536956
49859822
58954480
56962936
43117016
15033730
54898594
48883498
78851404
46666619
54979553
18136136
27098706
82737875
38141562
5113899
82541224
6111904
70422796
38315761
75457692
37689734
47193187
21426495
19442804
17208608
19381951
43326613
23224803
51064366
15741549
33726983
14619009
58844633
42065898
32394950
64166381
25459232
26153591
13554424
36678441
41617681
32125650
77851768
64389220
68966423
52346689
63605851
31725515
43422730
29762497
17938856
19967339
46320541
32548464
26743956
85546440
2709650
73631579
14057902
21703740
90161881
54463082
4998269
68829371
61606619
40788777
66000543
55954292
45643294
4868296
44780785
35495587
75512256
56827528
31316672
20473030
74795527
6907809
78681795
20110340
81639288
85556203
57184414
1282439
31465715
39377752
48842023
2845001
32231011
15186772
90679898
59710753
91814513
38492430
13045410
71280449
55633091
14756292
78635529
82592287
12110372
71359365
25898442
12757876
36641811
7331493
13463583
38074942
14115685
28660661
71080323
16670435
67823573
52362059
82453502
31620399
60961187
8591904
34874846
72306589
14573094
53813652
73391083
50763401
57587426
9349437
61220745
6405492
46214933
44944555
1724432
6682595
45717622
46203742
65238434
63338791
20374415
18907877
72127951
45770594
23061997
51302114
77612447
54465853
60571143
62389140
22267639
14219193
24282629
13281726
1678871
9740858
76962662
3051072
23801486
24378517
64665407
19163524
67787283
30688460
24337614
23725844
37693109
10291249
38014169
92088707
9431574
49343006
76691802
42598131
31976834
43906656
48166964
15544744
44585700
6710991
29701389
3845698
32481189
46214641
7698823
81288807
66358583
52237566
68426896
13206058
24486995
59121970
89061859
80172442
50088997
76705487
5573477
76710974
60599180
25243272
58009460
44079743
73415982
69109384
25124094
67546180
57804351
59174530
73138823
35475391
71923696
51508097
52263775
25716029
2068475
13504742
4447331
37530967
32456306
67629849
18740363
23248197
37707888
18638341
71287075
53765180
81007277
11010759
18480722
63648416
25081714
57786866
11881362
72599444
38918584
86573073
65487979
46912097
48222987
75407668
31527736
72320135
24131426
29762498
51436413
21798057
52098254
83764886
87126533
55719437
39646100
31534770
22833184
62449958
56422461
51041917
31102788
5806368
30332506
55003058
45376493
87545090
59461774
62481881
29478444
86443855
69984162
51798802
82160635
73927278
51268104
2865149
73785537
42530114
44044575
35283497
27724652
63346666
63331893
44513448
22934539
58053869
49650739
59276595
62565698
14822653
90654412
32023904
11544050
41844710
82844368
62470292
44445133
42880635
26681734
28675056
91138884
86811547
39414063
75550100
70816104
62357941
24334311
77565334
14067151
51162033
60367378
90747370
90692008
53120859
74584894
79779016
47434641
30419333
41181347
41366944
86496370
5075304
50047353
58557631
54196683
44450540
44589804
4228754
85319210
63137047
25545266
15811697
5139239
29116014
80952388
86954765
86091742
54879139
4930868
54969788
37252038
89528973
14501308
67545851
39519182
36308461
74796388
91332487
35433981
42239435
54112752
16820770
56361771
22706636
28645187
67045772
80540872
90514297
50377336
42133924
4350897
63569953
29150625
9131983
38880327
18954569
52896053
43271667
4984421
36249072
27041515
58931904
54852211
46247129
887172
15971187
69512694
31848022
66378672
74401235
81734959
51100458
81340504
68876375
81716637
67563998
26768030
52125205
70931946
81770762
91454857
25888528
5729291
36479554
30239566
85541601
65366432
33647220
80521242
24502094
1196469
45520128
53132667
81008997
1797917
64757342
63154233
65210242
53078267
12082822
16012105
71464165
10029247
46201392
62008786
60057027
50541256
89819843
33990639
58010324
25253527
16668043
81183104
70105126
65733973
18058564
17984216
5386464
25067822
92511464
15995184
32367691
20922775
22973715
73103680
59760140
17924632
71028608
47016355
7355285
9259017
42591302
77565287
30256138
88099676
58208922
40705622
90137624
44888804
40228550
25134645
83015904
79727119
87719795
37072942
89493833
79341950
68191326
81062845
23383945
261737
25570813
31938408
965577
46542817
53066670
49910333
63720137
84734605
57942455
53382236
281626
59435869
92090002
92868591
64506424
88033450
73925089
52729856
52307552
87748334
67922135
78505522
13157094
43341382
37880862
82773707
76275872
36102728
3139856
14861993
21629659
54040806
21384412
11920290
83314238
35412786
72191161
69367151
91099935
42850463
2480532
46595971
43938752
90243261
51083060
68229649
2433314
12771056
45915854
54249939
60050301
27041272
73363538
35691780
42634928
50290267
78564000
90998650
35264313
44593717
84366527
11221261
92059895
87251968
88447104
64019069
4330264
6662963
90383584
92961986
20611192
32808520
91939701
82755961
54793871
73870599
27536057
22678811
47067073
18855090
35544936
46205469
16881703
82385826
7356944
36659990
60466564
52519789
73662696
74615444
20546906
32857594
1750368
48531378
12402146
32517419
26571973
51152027
80077673
45175245
42329595
58762582
44771061
