70467915
21580695
80272500
46029561
50201247
74188958
71917186
33068403
4961546
10096354
53407006
36144124
6878005
68617480
34389365
62831795
77675898
57673076
88404008
13975311
71476255
70542697
55218332
71590480
80619853
57815254
51250133
51528479
77211172
3604819
53358177
11827271
1899066
20174761
58124017
86329564
62631106
73703710
65620980
43162241
48043775
31616655
35290648
966719
71584367
89766414
47178029
44733919
69295912
73184048
84359488
70649650
19042711
13916008
26862002
15891729
22598763
15995781
3954593
42752398
35697756
56014946
16336114
92800468
50192678
5489959
60645581
67709431
86652877
23345894
87186826
25396221
12625991
54192623
81491519
93201629
45127700
81056441
21256420
89968251
47677160
63193984
94266975
30737020
34177822
16099148
27459916
17707764
53076976
67434375
12856232
73060661
70800314
59715835
48377299
31389438
65134719
41658992
64193906
86413096
90581545
46871652
75781249
27989066
59138087
9153793
14948382
10095506
67050422
47294585
43501136
21039197
30085975
44528936
75639309
75493905
790520
43972825
29637439
33955352
11512805
28724333
5822709
54203225
81396065
83348529
87535535
66835785
27760329
18231654
81800904
22210041
55078051
22619889
42478733
58956533
22741950
10980796
27613804
47655750
2373418
88267707
67907205
84998858
61387296
1898718
7242581
88297501
30783676
47641810
13471720
72745675
31175334
