45315371
57578384
4517700
92800561
11302919
75175634
41568755
38995688
90643399
17077986
73531687
25247469
67167605
5219825
50086340
3413099
5638751
85459183
59786438
70196814
41060234
3884965
27251780
21127744
40324571
50909740
91700627
55253406
52936486
21483211
71485995
25086594
92740439
77088113
85636334
47430442
82534333
4239073
55235804
62096809
68840138
456433
26637114
73437305
40210713
41743743
9528470
14370779
71710644
20185512
9126751
22123401
33377338
10837925
29146660
3013426
60285410
51413904
5222119
36830343
50489076
3634941
88464284
85761187
71138300
5107750
82434394
78918471
73882790
66717289
65660088
48507181
79186160
29395
79758505
61688824
11065319
48508910
64039355
60912315
36855098
19575899
52589758
68720065
43836938
6260125
48968839
68103464
86303278
27499963
