45674147
63840234
38774791
26882645
84443142
38829152
17650128
46725299
78278902
4736861
6351315
13425271
46751971
94040920
31604653
28429712
9605416
80551853
47496167
17511338
71944347
17139248
49741641
5943157
52857266
84461963
15082203
24636265
15715712
72628876
89814413
83063563
57762929
58737959
37822802
44680128
37960267
69982437
36886250
41440685
28857672
7399566
92058583
48416680
41365147
83064338
85669127
63381975
74742294
38059570
47372931
871385
82734359
20971991
45595030
65150767
63774368
34440128
57250312
36477704
11728927
70428207
40186977
7347757
6315036
63191178
5311264
59665604
21386645
9036270
10605328
4536883
93298433
62828576
51285818
19912202
60368031
19816453
61705932
32424614
37077102
87878690
44313549
2413493
66853047
63048009
73505964
81527272
71226437
59144173
77937231
57217315
67579617
57769372
78155549
6595114
14506059
5353844
19153598
74940962
5398294
54609078
29146766
49764575
50893555
83564841
90441940
78121327
6632018
338961
42415002
81962556
92061367
58009063
56836896
14796925
28857633
26592177
46167542
89572064
60567071
21430247
88219645
47151007
13221177
74872810
65651872
28570773
51680939
48881946
12178781
40209346
13986186
70171221
56451722
66479339
25427847
1252602
21821837
33790937
92576649
68026579
12427818
30299972
40606891
1047259
32945860
35445948
24995478
11656766
90544379
5790082
26355371
77420947
89430236
18275208
40177190
679751
38043237
13716497
47335586
34507057
18500064
49288499
65804983
73887891
66663522
78080639
79871314
23647808
17973624
3971059
37987110
70837175
19237254
45484228
59881622
89136249
65428705
42188292
87726405
66947506
81612531
82518399
92269013
83142614
87059917
88498725
83121537
55792225
59120123
65481235
2194594
61150166
89642135
11928213
70498192
45050378
13988477
80104784
63513314
31335136
89370169
73978621
40811035
71166395
38033890
62248140
24638347
46718168
66635099
58997093
20551368
17621800
23315387
93239637
93169938
77471039
47518227
4853139
39430651
89144786
5354686
31762936
90301250
6989702
92560956
81064587
76227340
16454983
35395949
22439550
48679378
34818307
74379793
93335388
81162990
15094702
13677214
55222865
51871085
53297353
73373071
48984815
73216136
64015438
23431662
48445742
72181248
87968053
15497966
30175950
30385486
23868802
57805520
52336762
38665910
30882121
79842326
14450531
81089803
23240584
254268
71250300
15168846
52019830
67835835
57798493
71551380
74740405
43719005
34974993
38989616
38618987
56889949
60753892
89823248
93048098
27591334
37087199
46722313
46478191
46885977
51074671
8608687
22474711
1872720
47253854
53212885
3438747
2749403
4641810
29815385
40245397
84391136
41035570
61958497
84877929
44014294
83590894
53503270
92885456
19568585
74604971
64754125
15737342
77966385
56130110
37587992
36127879
77279827
18385374
39446611
24553384
40218414
12758207
13883381
59476437
14532846
26268668
92236582
13605689
72387747
94158009
16143388
39640780
25025470
21168162
82352446
4453972
89263792
72542777
43979619
83641576
36123281
80246563
67007756
7836186
6040348
33120564
81332561
70116446
46170016
58530636
43892060
