9949946
1770890
13411051
3948574
88339715
49579237
81199201
8233175
30525906
84211624
82066472
60031377
92851685
24881379
3075427
33424347
5503049
54584716
33716936
57574181
77568847
28127158
55290082
75629879
22810207
72955817
69009485
13031474
77453442
28380939
41267132
12966982
9668950
56798283
58528805
94331945
33220809
49334232
27399111
48056632
6521438
57116309
62377329
51611053
1342001
68767966
14336623
51895697
3293384
19096126
89700934
77944234
34941969
46669557
51812873
65143892
76356171
36020248
32452957
24211977
86648559
6413111
49126395
39174787
52116068
37992569
70263783
62009280
58647620
18308347
42314362
49257652
17055599
81467276
43919982
54271401
64059258
13925281
24260951
50415372
13117536
93304114
13616922
39300203
73365525
1607282
9493930
1463204
38577018
49310451
66405842
73412347
66890737
9405693
27002204
42967864
31575444
23911471
58488259
29738597
83554839
16652996
10286946
70428514
32674199
89498895
32063201
94146734
81184425
18811092
48417522
23051111
24328738
78734250
8033335
84567517
10225628
37693063
74785354
20286705
53829674
7435007
4792920
3622708
57778215
78969992
3835970
78289845
19686268
2749018
14020841
82530353
37195568
93110658
17213924
63132851
13576990
13895362
75236126
55625121
77963856
62194562
40194665
40104825
16897971
74609362
28432596
52874062
82589292
23562922
66036957
34074703
54634807
83751311
10678883
65832217
93871590
44929661
71128384
63113010
37636769
86675623
43729272
87386142
4111660
29704657
85070800
28145988
75082576
20177512
34077759
45617482
57541192
61532874
34974704
87563757
38295692
46723535
36297297
48610315
29116918
34173379
23331712
51734157
26919875
27231738
49881596
46078107
11136610
10931161
93578307
94306432
89375647
66436940
13974335
87222360
73256415
11122707
58414811
12758968
7339310
60273714
30895529
75389935
86491012
1192498
12262903
28026794
27372588
53373962
62803655
37194414
43373744
55934486
88362376
1547684
86177772
11510165
80738671
53709887
78701055
13515383
58392250
16371787
91306140
94163705
47541788
3593609
58319234
21629214
55811425
92049258
92480216
26715206
25190939
60371017
48582365
11760104
79409690
59497875
24551859
24039160
31323988
26913709
67405983
18900843
30283258
93939263
37686454
11371573
80395737
48318267
39755978
19821820
315376
50311900
27697611
19452689
1795105
40922459
63838118
8408496
56877761
8616529
80576238
69348388
29559322
37684212
85874264
17690861
48052354
39436789
46963690
41227430
8002304
38946463
71306803
91652804
55873983
50398378
44865462
85468347
61278131
15309721
32310025
48427389
33276603
8553404
36482520
21124433
44359858
49701893
8475980
61735692
28601146
37642965
33732309
73306989
43355075
93475288
83417197
94326940
39404574
85629816
25963768
58026024
23522052
18909694
45424743
85904650
23229956
38561921
58684655
77408945
46309558
62975982
34728668
9805135
59667560
67447474
5788633
78323433
50946620
66473465
59477997
34091132
26907540
63528309
17535348
4390500
36780620
16882790
15784129
85548207
58842761
91346581
87142885
29271349
49840638
20558120
76771931
59842100
6078183
90894318
86927565
35492294
73590586
45703635
58140825
76342853
45544773
