14709833
91869972
51366569
19608766
76711290
30227511
56571940
83042157
49471437
54867004
71147925
27449
86148922
28247579
31318864
54733536
25552171
59166524
2851667
14580291
90527202
56395898
24779478
63329112
53288160
57902726
43315164
86116708
41810111
58727302
75195034
69512126
28767148
21713279
45662609
71749608
27088085
14591236
14277048
13594522
1370482
36498507
16333848
87183273
80213944
5534529
55463842
55643031
71118627
93080023
76841300
67304435
82581022
56907752
40418355
13898924
69529980
27863732
44768672
35352805
55716816
14817100
39544928
12296662
87123946
26017515
19536006
55096790
53536992
66073645
23418048
28461195
13470172
90901969
56258311
60525323
57650889
52290785
4778767
47638112
26699098
20780323
24277098
57084501
91038806
56098109
43045399
52300040
79121003
70285140
76049447
25173899
89100638
60609358
39070744
68145844
33260618
80579068
60483883
92123733
74425632
55337353
10929464
80945152
47692118
19384207
32815832
79334845
63114339
12015319
84344307
27777269
27947487
55284184
75270959
79618541
4124274
79897771
59793254
83042153
44486484
47828968
40381913
57698226
42417995
88193752
59990521
3843127
87737866
57785407
87729570
41801653
77382282
32738147
19005239
3109332
75730214
16594942
44734431
38889665
34837426
43264529
7256270
90888267
14424750
71622559
18960016
31679821
86010157
80965782
91935209
63459826
23693204
57631795
62298592
662897
57122590
25712796
12649558
17148568
37589172
22946414
66571282
50866335
81016276
72000441
68431764
53047001
20102855
50230834
10849024
69601398
66108934
62822945
74350545
20559114
45504661
17952409
9395171
53093191
27624189
53410309
28601516
4079391
61432557
7189196
35350354
76225855
8107399
22926113
56068554
48730962
86976574
81967332
63548334
41158428
30203232
65893526
14559698
22903333
15662475
5691714
18563301
19604563
70070136
57313899
70690460
33533788
31112658
79801036
71617159
2351450
7544552
5352688
88933628
64779970
47150244
70593772
72318343
2444376
62356093
41922142
9830192
77357281
52711358
5590881
79883258
87777417
82439287
14763947
13686830
77529000
80481369
55320279
43895093
19327119
3298435
23180040
79192507
4284509
64610498
25361089
54565004
54012704
62589382
46845985
12514528
42464431
53641160
89425883
63929016
85891544
34407434
60296247
53055887
13389134
1150495
90253964
59615666
13477703
13361722
71090681
79382065
6091320
23905224
47845471
28518169
86526330
5348090
57727144
80956655
66445507
67372708
90500312
70674485
44272708
17367014
30178481
2619398
64711819
2533493
86705010
87455406
59466751
82803908
45016152
21626399
54304678
70605283
28193563
26895967
37711303
42209265
89949435
55765082
7661973
41939544
19125895
55294360
13511632
37213201
7714385
70239471
50566567
13977238
30495567
56709749
42752077
77716673
50740832
51545862
63083040
11842470
75803576
61153555
81296111
87660564
50747500
46025169
39416405
89146098
85854108
82375384
43618616
79738977
69295750
353730
62506741
14868268
77143279
51196067
51681567
74016329
41726059
6522656
46517975
62048645
66991024
82420491
73035576
59866126
14124783
19168103
47616079
15536172
11718162
64044421
12276682
8867844
60936266
60770619
85384810
3189285
75016005
60549066
43649778
21909500
64995261
14581335
18822827
74300535
40954508
13455885
9118875
56318366
41559529
78433809
31945385
26315181
66430336
80870007
81872585
23537053
66569779
44539443
83648597
10611646
7544980
86969434
15519104
87887333
10212037
11739870
48374747
38629587
43758715
91255062
63191384
85483062
87795093
11073908
89320797
20603606
1692821
66742251
12766393
11455195
55006373
56089569
3600225
58147067
82822289
43800807
87142567
68221316
63632976
87431335
10125599
84385185
39978128
77156522
33560446
73592478
2940432
27069570
64674418
12036705
16854959
72855280
73699766
32182431
30196909
69527258
49009769
42075780
158177
42075149
34493969
76842087
15435095
45160521
30464749
164852
71435931
11741878
19436269
66082430
78329589
58377317
13772484
81977198
40219873
82697333
40328950
2438995
87596730
83073627
63708389
44638538
16764205
83096520
67258977
91993777
15866147
8618192
63664727
38030773
21200985
71631737
47638298
4584544
79517254
69791970
45108454
69726858
69745908
24782957
81958932
79845000
70723305
80520784
42823242
54682372
79371008
79084972
46661448
23272612
17283254
8852590
77475916
67423943
16606376
5184174
7232071
52822114
34392716
29071290
45499373
59289531
78595783
4710033
34749993
73468898
4624509
49548732
3621957
59426538
43646537
62746563
2879237
83744642
58701320
61141618
28500535
30001567
71440584
759830
20605731
786324
51320370
4023427
19333108
37337330
24522925
9329545
93066221
59885273
68501072
25888501
21756820
68705210
77695759
26012961
3420117
43569314
3569859
33341873
42056495
57749731
91863487
9413140
