48807357
65602035
9202729
81561595
19461282
60680668
34746990
78862063
47281135
8196730
32179784
78458498
45492086
42843607
82298838
7619846
19390441
80627997
78425357
51600164
78287260
49453996
90182267
77334594
78039115
41077995
38619272
6599503
88702507
30346087
64966612
64773071
14807400
58771672
42894837
15255490
52113153
56656273
89587664
56045343
88900305
17894974
74169545
9933353
58347173
76819779
46310505
33609812
66451211
1367942
39121822
53551944
56401721
11836548
74600610
63718300
87656833
79505295
66479216
55811599
6062775
51871603
20953752
89839932
28718485
87098466
90855494
58052974
89601022
91659549
80919346
80919348
29137091
52904508
1631519
14950193
25119090
28906796
90521319
53873213
3271135
24619002
72783553
67583817
72507992
28641298
60443743
55289340
74503814
54918273
48188675
28541461
48838690
87306816
44612442
22322631
20452183
3138297
21123050
48037182
35070674
20462067
68257049
52418389
66291413
25555086
52444681
49068468
13651277
79473249
25105843
3277711
83381368
46624901
1228385
46541728
66684243
71914718
82572019
64538787
33066203
42460029
42412988
75185344
46237904
9115077
34993103
63499475
40654109
38875273
986824
84074770
59665041
37797431
43615556
73677306
60057558
59600210
25843364
76305489
49215009
89884237
29372422
42702518
67375684
24573851
72585474
21299336
58658943
45479318
58485589
27578757
53194141
25448115
19908102
27298716
70933885
15003531
16233233
27473341
58212032
76529458
21145199
77620254
32714670
49489352
55031947
6847061
30856951
64793353
48409292
75542096
89619380
84981723
82341232
50921598
31859761
25011382
85102712
20255663
62875293
60003448
60893659
28125691
46729752
18006688
7154624
24589894
33520659
54213280
66946700
60769264
57513059
10409806
13101406
69284168
22830684
72903699
51117208
13393560
43639261
10840392
5439789
13478424
91179028
60179848
64309015
54875107
81573413
65567928
24657503
8140411
59240464
23593747
39343382
34789918
13350074
10740649
7061448
42649025
1816664
22455705
88778926
68484044
88620598
63191302
69393471
73104538
51461703
69935175
48266539
31707166
88459561
90634477
17661556
92517182
48040780
18488863
90809594
79542283
47218447
90564237
37464089
28236687
50242486
69391316
