9515058
5288472
70190732
12971765
86844926
47816182
42721638
682947
82445771
2178586
19914432
61325378
65543723
2596071
32415654
11578102
25423926
24510677
38781808
730947
56207640
25809751
56372970
31909444
31979184
63286512
47142332
27839737
26713801
42712259
24786220
27183107
22365063
20296532
2798091
64377632
75861838
1248780
61498331
64587651
29177594
82069628
34216875
13369062
81534079
43477343
77842378
37635774
2573595
14819156
47680592
59634995
39380482
62270571
58004991
65941991
52335696
14258852
63931525
21678698
84628982
78889136
27895257
92856978
82626772
18507053
48349399
78765997
87743981
3188562
45506839
46139455
7366802
54383771
76062761
60279192
44087624
31468747
6931811
41601473
18497932
2559016
69526802
89289333
7936236
92305654
29466140
74332269
31027383
19970144
15249931
36481237
15112751
14158447
43518368
88792358
6187001
30195278
69760951
14835055
1764128
30862207
44996195
65902483
73245866
75459335
14522823
23735885
5801203
92594405
56539265
35088865
65642767
24714483
63635976
68693294
6613428
50789976
69247887
44857782
23187665
50373283
32241807
3492065
2623409
25112925
28194888
14557203
8103574
69823828
69991224
37833734
86128926
32714616
3719553
76392628
73314756
11437284
33615379
48341198
31055150
31266318
71481921
4814292
72767976
4148595
47578294
25022060
50378377
35274469
28557265
67237195
79543628
9144725
70704797
51727145
48151224
59394668
19737812
83676124
55440515
70443692
51444813
62047862
42280946
42102001
30542333
28711076
82983603
56050133
56110325
32716515
39980578
70998551
30336518
30931360
27880843
64893408
40096231
761542
88447055
63514288
42607764
24038545
5320260
64327048
9648836
29579935
72410956
54225523
43679467
41048779
21850369
82195429
56951197
79160871
92339662
81630807
90942782
81446712
5332124
1424959
2235404
63316549
1627688
9781283
20305386
68061191
23546428
8103571
1347777
64066607
77809016
15241560
12554742
32334287
82021519
68329679
13540542
17089393
31420952
18809092
83105977
47702994
13124911
2719658
72217614
44622522
17560102
26467800
75215959
16685862
80763517
54637518
23177876
65205230
70618306
16222122
91138613
63590407
38385094
32910759
19898707
7418041
42119462
57801818
17276024
77796179
67414766
24505956
85252771
76069680
10634414
28066688
11673170
7200744
36486146
25761134
58748430
8026402
19002949
26234493
16909658
28414719
28830325
72231038
33820832
19325394
89234773
54041847
45592397
15920645
65224367
6847658
41765683
76461327
81794951
77745759
12521694
63958393
798693
86149667
85250753
7691834
7006183
73226133
3166782
38125038
4614447
80131942
65843370
34605279
17598300
36687679
13334826
48678568
75875972
80952108
47974099
25494413
4767037
25967444
7573839
53276716
83743429
56539780
24529007
77103102
90763785
32802888
73583628
21143452
79262101
46242851
87885667
4991700
12476176
89906634
19083823
69599875
70272710
19361566
22896933
38302297
27014399
87287428
7056778
53980666
28760654
29819319
2626448
33634323
81226043
31413892
59998948
51540737
49030565
66783618
77544260
27288535
20375204
22169290
74409394
16137520
8172562
4442696
59972901
28248740
83767389
75138490
28248158
16684898
33696417
80095599
8978062
88584666
72379873
33691893
39291043
52312904
90377067
75102470
19026542
68625497
28170696
68806718
56330615
20479092
