48541069
24633482
52383262
46381755
15480458
60380613
39953584
43068733
40230251
93928935
92509951
72100285
86871091
73134370
10358594
23083009
82793113
70833561
59909018
55736257
92226104
46618103
12583198
37537020
11043793
36757681
46788538
88657069
28914011
83430601
84207582
52423721
61006362
73740164
17344917
84985253
17228308
48817623
13777368
20081129
17820946
204351
77422892
16598896
21872846
32231380
76833819
69143059
70545827
91907011
49431365
43858404
13480178
40950254
30950474
88282444
85182923
64157592
1748622
72011167
67177129
78237543
12101346
21452514
7536716
58787520
89992503
47904752
35389921
42324866
57245387
21208672
14787804
53189886
46371140
55090467
28195357
54371473
73333756
49806251
12616480
15599550
5458883
20117154
52436946
40000315
18565912
90465431
85844193
42173505
35203645
83424166
24699033
566486
81202007
74530585
48782532
94365132
81807547
71596912
79083125
12460436
68161167
20859304
52695143
7174016
32610981
40492915
92335059
45904955
27368664
76228443
91523965
2633899
83294270
68078426
15659535
50697757
76517575
26235617
17147538
65616874
63580096
75559335
43396082
37449492
38151787
64087466
30893406
43732943
32486339
24584083
49404979
16356453
27799766
