86355461
19775236
73957723
76919753
59803934
6706322
92013737
14086908
26210071
47195048
12122534
64506976
20998621
74302260
25520867
76268991
63830236
61728930
1488860
44251360
50504195
66257291
77019317
27095582
39656775
30493407
61309129
80170362
16896029
63246228
42257551
3037394
75543891
30844314
73732200
55382170
50317913
85226276
80443124
72973132
51817865
73016373
78296163
24409498
68792112
83498576
64997213
23670725
28802601
49437241
81221567
57797973
38128536
67586491
49737916
10234102
92853133
22559885
6021597
8061661
79360766
80219303
31570119
47175786
42553923
21862192
6639711
65112424
76095550
54562295
10991115
2373066
28582935
91970464
57054638
62067823
9033697
9302675
18915970
1753688
34185116
58084264
31723814
31562041
52179080
19514709
9662118
50507630
46323373
89907847
50460933
51157129
9212163
51660611
57286462
45560784
79782059
24572204
6562944
77790891
19623924
66988933
47841641
11499504
51244546
45662547
13895566
61051484
53418100
41945083
10452086
52081581
10534101
882462
38088923
38046980
69359716
64644933
4619871
91657945
44204969
4819224
13674560
92408132
4231870
29044697
20192534
85402278
36884350
56974737
60071471
59397919
90820492
1901930
92066125
11148416
12700305
22130249
71301055
50759590
14483856
85684948
79043464
69513507
40440223
71252835
25406222
41401970
22536826
55259795
78839133
5317255
94285722
83442841
6211678
22502536
279573
66269609
50265006
77861461
80742120
66104250
3349220
2525707
51888143
59982529
87439347
20065229
40167723
70328498
23466181
92285077
34154068
60315588
93571460
68338420
52070641
15745142
30489169
65844917
8128403
36649278
43735632
32983432
37708573
11000379
62415291
21451484
47340285
79844275
71952714
78466119
