16977859
374749
67077639
83464127
19005110
83382207
7797404
69962672
79382053
64814321
83963116
29965923
26079452
10278070
72383189
86477633
54806255
91679040
55804719
9122412
44714364
62009478
46936545
13300612
5858108
89737185
74953281
15231490
81402295
255560
24297335
46307181
46344233
11132548
44165304
70298286
43091341
22086177
54776902
16779431
57593688
44270371
10342082
38612300
2914778
80287714
46414845
38427496
5342315
25622332
81216761
8838978
38295781
1575626
18978993
57661010
12840963
89484123
75383357
91380676
60272516
20843370
50011271
61225935
71844165
54327753
80344060
18124798
36770251
27974989
64010422
83108502
14137284
