13351364
1710410
56804819
75800546
28524884
49741641
82416518
92798376
61150166
39484639
1732506
67835835
29368584
55462511
57762929
83348645
42284988
64472558
43215183
82734359
28429712
69485939
88849156
89391163
17363830
35408342
76422433
90340551
9533055
69982437
56162906
12923708
48445742
7836186
59120123
79055474
83799068
22614414
34184123
79466972
57751340
9817581
90119748
29815385
3942572
61958497
71066754
7434727
83001906
48679378
81519911
38167628
64147643
45484228
33448896
1357340
54660036
14450531
81309349
66148101
58359612
26355371
84873441
29555635
63381975
60567071
35957180
22690654
679751
78278902
89430236
9036270
14986614
79572487
1521039
3619955
93239637
7682161
58737959
18892710
40333287
83569929
24494529
48881946
74448526
87917722
84109197
79424376
68218461
58997093
51574822
93440871
46171688
64589297
2395908
49288499
28857633
38774791
44515763
74379793
22618837
86400870
5483029
62729898
82554124
77955028
2782746
88498725
93398138
89572064
72542777
29146766
45797526
90180017
87634119
74943446
83810034
90376404
12758207
10678732
38071409
58530636
21386645
20979683
32945860
37095059
91221155
56836896
86331821
13857237
5173749
30299972
4948140
91136947
41966633
26268668
7461404
15848566
29470318
31434187
7006631
41694878
23868802
2743376
74164215
26993166
47335586
75597174
19625554
39251509
15870545
40393341
66410246
31920485
46752081
56566521
62472466
32882694
80207965
18942209
92626264
10811607
54658720
44014294
21251563
26729740
21138035
5136836
87423670
37101434
46722313
43469628
22474711
40177190
29259483
47372931
70257078
32847885
54541982
56358435
44680128
47435962
41365147
92008266
9412232
81064587
92556774
13221177
5700637
19153598
90949114
25608512
44020339
84461963
79628555
9943978
76715655
70202484
94040920
60683036
12714214
37184963
47286730
58931840
20445144
63792069
76449953
63418206
9288350
43191243
3438747
34818307
68212568
92181636
48563615
87716211
50893555
9991105
66479339
48447743
48647862
87059917
92461251
39132328
20319507
1309600
6632018
22821886
60383750
7660210
45674147
67497874
91969182
89028989
27386080
74604971
72181248
40872125
46014968
37822802
70007743
51721317
66256767
20971991
870890
79579234
54847733
77439260
46167542
22032716
38356229
45910452
85145483
34696256
1047259
60467701
51652480
84443142
80246563
62828576
9992721
86063191
84861167
91658490
71030550
79072870
34671260
81962556
8896651
61693549
31245858
60168346
50077360
40896819
10605332
82188452
56230282
32462969
14796925
24636265
54609078
86881140
21430247
24646764
26003421
53302288
32635842
66988177
26592177
8515273
10361213
87555959
24823061
26291022
25195472
20499982
87726405
8596904
17337979
48094628
9653670
47469823
33120441
73527801
78626637
90374992
47196982
85925542
46885977
33586930
70004343
10697530
8346741
5943157
50386933
9897036
65782276
71551380
61568927
59881622
9751012
33921421
9876859
43737099
8906194
32850572
86394565
93820327
31820355
58380118
20438901
70428207
52219553
15497966
