27771071
51414949
78097254
36924375
37945244
46121912
31555152
60382258
42459470
79474429
25331506
69012692
89256550
35409386
28952498
36854642
88610395
71405784
23205307
87293827
11183029
92185207
89310383
34705413
86107682
89241525
21536438
77343912
67454379
17595196
79664812
64246116
51141932
34334158
32306253
38299056
46223879
21424887
75815387
54573787
80526524
60772741
72364849
59821235
85004893
8140983
41572261
13181055
20878728
1817832
56082975
8201167
79018971
87646016
6141280
31117769
70689419
77523881
9661021
29723261
80566579
9655596
16758573
57069494
69321045
38112425
35423672
45854660
68528948
75149973
84184652
86947541
46315787
6922333
12528103
2937571
84133685
51408335
73547054
2307050
85537276
30021401
43482405
11452010
24619033
27895749
37444812
53952134
979483
52831844
87904356
27684591
4000577
56296771
35075015
80780725
