82382233
88551229
75172341
71093363
41616977
39295984
30802776
25310256
33426776
61078504
29120445
67196115
76367234
85657631
8540398
17735683
20725410
45113213
41369025
45033452
19393857
27914993
59601381
27257059
25314598
74131640
72321167
32079655
5564077
23536743
25185159
58668865
48189524
26404629
68321113
79044350
59183834
11634025
25610244
62725193
54243663
66060176
38966315
39390592
78384845
40335362
88158232
53868876
1036247
29675020
72737214
86044702
50154243
31295165
84156311
44262485
44771514
67693211
60768423
10332887
79024032
42339862
13829621
27907628
23090369
38601103
88201791
77776919
21822536
62660999
31405286
49104609
60555589
76831727
71635498
13524655
79081628
16115606
24419037
8594900
15938907
69763654
65881130
89673011
24408865
16676594
56030622
92802558
33493883
26951854
36679156
3708760
54633675
79079307
53896844
29885571
64605398
75990246
12544702
53860856
14003355
92605141
8612567
61007840
9548505
21187538
83241314
29847465
87947669
40663750
8225014
28708853
17025012
50469126
80247174
63578230
50013252
77566526
71979637
63831047
17757867
32559809
92161589
92923859
93060065
70993688
48826312
87251399
39315396
53005455
69548107
71961321
66222947
32246437
3261648
22440159
34982791
83922543
57419257
55393618
30108283
57609425
19520625
65352019
70890448
86816916
60710976
5788350
55076991
38301845
81098659
62975130
89067134
31388234
2812697
23709203
93182532
36971672
61942266
56630591
13405879
19318849
57419598
39005725
23483047
68128526
43746471
85474249
83132807
69707758
85049715
92739020
61368124
19517245
80810069
77940780
48143178
