81178684
73156588
73270629
87992525
93571328
1177715
47147004
79770569
74215715
19682465
40252722
30845628
64770663
53307986
27985318
53703698
25289131
9330374
4660151
66732447
60759608
1333096
73272430
47503218
31793434
10944239
90806050
8475932
21216975
50339798
12587243
91654467
76949581
71591170
43134054
46429586
55271487
16082533
9858730
87327751
91745758
79765955
34385131
62021433
8783077
80659847
43855935
4924257
45454505
4393329
20203291
41811378
86345413
47404803
92359391
58533104
15325668
44181347
18506084
11785773
30366884
75662463
48793186
92744424
40897812
59221881
39510091
26188686
15568290
52942706
27002938
84163821
27718350
32440197
19787181
9022630
10723129
77144820
85938162
174714
89154707
33770116
76140707
6501976
61026612
90006084
28829925
12048135
91465357
13954115
68501607
77256448
62470988
29846971
5756362
38257232
12741247
53988685
86692636
18095098
42026742
92952677
56295663
60019850
18842104
85578028
8843976
81441080
90389071
15818397
10134348
37220782
91437297
48967697
72288211
