90313144
43502873
17432174
93124875
7606768
70789893
87918920
56038946
9304547
38790298
70264856
74672704
29083068
84011127
3720445
13022896
10205979
45333704
30171851
38936057
52345550
80733601
9279812
17163424
78210720
61898558
31904447
47329343
73781755
88523354
52630339
73064523
184534
18387050
1548966
62224838
66254823
62822029
37787867
82834549
73382721
50093185
2890964
9959352
44854630
86622020
32347126
64090793
26431817
29613370
75284383
19039928
68025424
47212773
32557974
31146723
21631866
43736950
22134428
16335335
94273548
67944801
44863267
58545309
56649785
86526034
70054240
56675251
16184192
61157188
64765359
28162913
71103873
51913837
29025812
44882825
50117582
37823241
91560778
40215716
79446653
86220011
26693916
56820148
77809898
13868562
23582373
14392275
31593870
85773357
11575387
12245126
59952143
91855685
3656721
64419391
7983257
27730575
62162734
29841378
4193092
60073393
20768333
642006
66311471
31695439
9887672
26985451
40753994
31222654
63601115
35284223
48457129
5897197
33925582
85373635
26575110
40215697
2407321
7602033
18483251
89161902
85153016
45699220
51308058
40031922
88314156
9049723
360234
18457071
39579891
6111180
9926566
62093386
35127365
88404815
8779970
72245960
10303523
76125712
47171982
53409480
48059434
86259137
58947411
68356944
88731874
78748858
27577488
25557135
21448934
62853624
45309779
45760011
11807186
44564779
7616646
47300916
7028882
88616148
33135872
78191926
72409214
45881439
82080901
46729695
37001434
49056074
64641854
67896852
78740424
14283167
69383513
28492001
92140260
25233825
67078978
17876666
35108428
1989056
41486196
6235597
69273
51503725
89887457
22715600
27374797
84424043
4552130
45660932
55738368
40849453
20803051
47126304
93583080
10099076
40930976
7925501
29195489
47972074
61874509
85241362
46125711
39732518
8839208
62538376
93858781
67936827
79246529
51956488
65113824
24846665
87447232
49935108
88440566
6361479
25764783
94472034
40711581
78837393
56827303
44219125
29969926
70227015
64549396
26064081
76737849
10559435
12312023
60427273
94301100
79888466
71115270
85087954
41507347
16473853
4323244
68496752
12213681
29407007
87909505
2423729
2672568
74420817
9555292
28356380
86166058
68731721
14435421
92987704
29719251
55751761
844036
389717
42729033
41659176
12799406
1923915
19816921
37574108
29223274
82555511
90185123
26450041
49599733
63451368
76467501
15874797
18834858
25800860
51204804
41479694
43797688
88360521
61290082
5256227
92207878
47983022
27794489
45323116
70107254
51421901
6372769
44208815
83274695
51759914
68435086
53407118
23741830
31155909
81815671
79801995
39849546
45723061
33162522
401094
85484772
77801872
91574292
57337467
48620757
82815250
67793233
72213412
69330715
89290387
51366646
15661472
62228349
11347966
71220904
79975500
38798570
59551747
66319470
91913919
67716439
6740146
93018405
34969764
14976285
28893363
82330939
81741292
37968314
77153527
88702980
21075303
18915019
18134639
80487926
11888864
32537676
9867210
41554845
24608000
34707696
58812311
70171086
57985800
59509861
64865092
42808473
44382132
62117746
32602185
65380402
56606758
85246018
58443619
70113561
3440691
63200741
15661476
6390607
32811656
35282387
56840692
50259898
63045698
20470831
56981677
60385796
12753130
48280713
7790233
61739459
20252147
81155641
83976159
87252245
81065579
21801612
18742079
5556435
15208476
10846841
77303540
72370287
69501126
46338925
42506587
73100018
38550997
65851867
88119920
9104717
58690099
55126902
291540
50938971
76293390
59049158
7904981
40046670
93151636
45276751
61670097
70330794
61739492
6085134
76778114
78226166
45103624
40347239
67836521
24445532
79331315
81325377
82283857
64656087
1520557
49152304
86625105
20692658
91963913
90465492
82381677
37082977
65066506
423334
57089783
84607328
34111958
26601237
28528778
44725076
16022706
51538989
31466013
