65804326
32307130
33246947
53388520
92366769
59444427
57321706
6040148
1296584
42539568
4369991
90386272
70487793
73455192
57184433
27916190
2669121
76179783
35731146
80483771
27536575
41513112
89196169
91615337
49456522
55243484
15121687
19708063
32664530
53315006
3169246
42071343
79199786
70279712
4723658
47606241
72968834
10811799
90292518
25661325
39297098
90551128
77522937
826814
57202715
29535534
26327462
6078352
21990789
4209032
59286091
81635846
23211141
34520112
90458281
40712146
91475511
70438773
37332378
49581757
34033019
67170863
58809964
47671237
87323840
92427256
59095451
23539547
79305085
53221502
25603594
69879109
19341127
23410858
70204194
58188550
21723030
86817445
58338555
85806179
60063198
25512428
33870834
4925306
53556245
51993080
55659721
19814764
88072663
35269659
55865071
72357411
41650788
56223277
27534465
20435209
54594651
5532001
42200150
21097148
38357623
21864433
68508948
33669376
72871526
13287589
28838690
58541966
72168664
520029
45693722
49078061
61415829
92171791
84837414
8132629
56505790
11850401
37458255
44663514
57952624
44849831
36734098
89761001
39205011
60795667
52012543
83791931
5912241
82480971
66006882
35804994
70685519
15602782
28273206
55636808
63799484
14523067
15578044
2453016
22564154
10592595
24078416
59537724
76289474
28992736
15319149
34177497
6207550
9911118
83283785
44775075
14972925
37439181
61479850
58863947
65562283
35520329
38514585
46849031
31246509
48475086
19477650
62959362
16691792
41967991
63494154
45559341
25129629
20521247
27732591
90370535
42983775
36612406
59364233
26151290
48854742
87149342
23897178
37712655
75976049
10237484
90041091
26695121
26695123
81944643
55750880
36840945
4444978
63338285
13047996
28928909
27756631
88543164
27570035
62176675
87030950
64468594
40507606
76236445
47624434
78671373
30300535
26474012
3759333
68232125
55442593
87485989
68487759
74680506
41687262
49986428
67083746
31315117
46290860
18071239
53944798
87224229
86756183
54391911
30352815
45053495
81466187
11601071
29407028
8474074
87824525
14176704
54494101
26219512
89163659
84344971
87919784
1354899
41172478
54460592
42499765
30634386
69165318
39536688
28114586
71853971
70145316
69937967
23919809
23919810
74523200
2428092
13233219
9457237
40145976
55910941
75674758
75367357
60812439
19942130
49210341
54161801
22721552
69050367
92974600
77369778
43691271
89626760
41835291
87427089
25922379
12818542
2040321
7889472
82091072
12638430
51934364
57203905
72095099
33409898
72239122
34400092
58430033
39856158
64543346
30823778
46391039
79251827
25688405
53814951
62410174
73344536
92087823
43220811
37907838
9122872
34382207
78829526
34201652
8282946
3872967
21818197
15888397
34864992
3296049
52798893
41254510
63606345
16798014
84135888
47059988
26924275
56994484
66837712
36970732
7519628
47792979
5928756
65878600
73547253
32688095
79452575
19796006
90280558
79130755
51849768
6243489
74892261
68426866
10466369
35113816
2979835
65047364
11121955
89543318
46619977
43940168
80098062
48594841
87885193
24429429
23283603
30926401
77380772
75028646
58983289
50657754
78233509
31366243
28470866
5469657
48602724
81212133
49168732
50384566
87771098
34528149
26690434
71658492
69137706
20192660
9363182
28607092
65095547
81938863
91362142
53339833
64108626
64597053
37696746
54413858
42027090
48050398
45115742
27979536
38502125
90119716
73681261
50415549
3072140
7445000
40836906
5805157
71609997
56765266
28848444
90491406
53953492
70712420
54601095
5184932
57213879
75312516
51263639
45704918
24986815
7584076
20995110
12574500
15343135
43060864
5868688
88832479
60149849
54359213
66547819
60095689
11517854
88478720
89890597
57255966
12352971
49300945
1610122
84715290
19935994
21960789
37076382
51021468
11279633
36284363
66299123
42994472
83193247
2028887
22702351
84288248
21030025
62831233
45219781
81794073
58699917
65579502
71069968
5889206
84357518
14947300
80493713
76944591
676054
70882584
84299993
55625665
47398561
41247601
13792559
22878936
26769880
5867791
77455287
77387590
61563256
38258490
61218199
50224228
20767597
29847556
5416246
19752418
38077472
27391379
34609133
64680083
2152208
41359432
15490674
63714224
1080705
21894178
72772303
8238363
29656457
4936359
55511136
14682342
90416443
49734249
83425590
92860082
28237526
49389591
5529825
92841766
14420112
83143692
15690741
81320068
14261867
47893906
80663808
67946077
17335339
44634382
40814093
48346688
83183417
54745757
10945657
77708646
51329283
81670392
52981894
3987106
62489017
77386215
49813458
57706310
83038775
42151870
62804122
19964997
35096740
56744632
70941367
15115387
68226315
35363944
14519912
26206987
71984435
27232614
65511998
61916490
9161622
88082762
40548474
1064955
38745153
12525595
69148875
25268858
66876431
86325377
77544652
64946355
67866160
11304713
53415821
61245364
23025901
1910000
5457636
54414324
85874568
76197792
52223254
68889191
8784849
6847535
34363333
21427983
7606712
24919000
89844967
31592848
23379841
76656309
55008768
37430337
43826573
39219681
84347481
70972913
21694286
5055238
45048678
61900698
991083
78769558
67067946
69382297
35406318
65189592
91561477
2659883
72999008
27355283
13027990
30086646
37288429
9445219
7313973
29906060
53476421
2821212
32936589
66483916
91918326
89351444
74710855
22877890
68033325
74065911
69874718
55942232
33660111
48848888
92253131
60038883
31878923
18139011
28787707
84769419
42001762
80058658
37088597
63654564
40965863
36316087
54784690
57151633
62888164
88469996
44914802
6382363
3012626
58448236
39379835
37136961
86142621
19646012
12596778
72965731
55231994
45399027
68967456
15814699
54775876
60925805
86992605
87878200
3917411
27542450
4090734
67952106
76475351
30074028
38390552
47020117
24126427
54646214
20170928
35712924
46329980
76406329
27570749
6717117
17227276
52355845
84627955
91977856
28624341
80344429
18188402
57089123
64675344
13138187
5663428
16813872
4262921
29783120
17713668
20265201
76903049
535804
39513262
24745799
70775825
13964937
5851670
71132199
84730577
51769689
25881628
43676860
33758242
2200830
6560705
48268778
30676995
64128487
49602957
47487878
16414685
50316095
27164273
33944157
34197920
79249384
44056936
27956334
87976673
14853840
9927090
55824395
35391686
78189631
91233785
73156275
1779617
31849342
21732134
69230762
47068202
79104777
46182563
14138183
35324239
80537447
74766534
88585410
89342270
13821889
84337546
80528969
19512866
10649016
12926121
59033493
52581575
32750267
51060783
60086567
85169292
46822606
18300478
19672608
398760
59384507
2928261
80963081
29924650
92696816
6518354
34759899
32672640
70977117
64068943
13605863
53022735
43409704
283031
38358884
34825625
62183612
32381705
87399271
75350318
51837701
89757232
84741021
45091893
29650787
8032143
58386619
75453641
5020592
29164463
86642716
76866495
43357412
64410273
80481482
38107794
91392806
42967282
73951562
76761986
40519092
33979540
46976552
2023449
29421190
26099164
91687776
19611827
15210193
63333317
43748867
27758645
54295509
