17398158
58476335
35844732
70703737
21141004
27214191
44963080
89761453
77397570
11014419
13298656
60898122
69506527
42497017
75789636
42413663
52594671
17098582
90082921
86982321
38767108
48867678
2424924
48040564
81469486
37147771
63393075
72882611
44558647
64169341
7891575
58894855
27209807
22154616
54904265
39858515
77636878
94494977
11964655
45994851
67219438
10622781
5653428
90592624
7456297
66359214
10887554
40938406
53406215
34404552
10193381
30775168
49405537
94472990
74236817
36055666
14465222
67974912
56550159
56550161
80905328
80245938
5934177
27115227
71486478
59281666
33442740
33442741
23676050
35789659
438952
81160812
46235528
5029561
82562027
18678242
86835892
74056088
91869528
148242
50880952
84700196
88613682
30466783
63836004
49939196
93665938
2394919
39641010
38038893
49014144
76582323
42894656
55742096
55137337
37971332
26722193
49045080
56954623
40485099
70723330
28705816
47332193
17471962
86393806
87944965
14543562
87051643
61456924
85172248
83582645
32332309
77881015
52451355
43142991
13069051
51682545
81040427
13372962
15149899
72985115
6181280
59092250
59561604
120467
87724191
75167920
16862751
49491480
26011694
19339564
84438526
3724463
33808892
68455440
68553257
88694348
33736318
79170296
59493451
66171429
74114166
65845433
74295520
67765305
2242500
35563360
372188
46028659
85668950
29827870
47586151
93324983
16655588
24197698
29859814
10582050
70549333
49281340
42639609
68087318
75277251
82102115
75115735
38969778
58593164
15648474
33620687
89640486
40920018
67117890
54482128
77133866
68146107
3342849
22505081
904499
8404267
79163419
73795326
89171119
62578487
50429496
27396320
4775636
57646340
8196279
57262802
92954385
14603928
1553687
29206619
24584413
10599149
24582871
79610090
16602988
45786596
42684056
61932033
38894691
92186924
23163464
19942626
76975095
19876413
42417108
35373767
67884477
75548431
57007748
74644517
44645224
48262662
57276468
60756162
33845086
90616039
29604538
11385903
39679833
5584408
28667353
83038400
23255511
27518422
11375634
58192208
26029029
49201008
90297929
87672837
67322498
5731053
64642023
54534639
64104865
90089991
9767788
73942644
30876737
64726329
2483377
80181258
69022157
3662614
1113756
53663728
2721906
72306783
4792640
52998361
81550885
15912871
55776451
38845652
19012924
51981230
31958427
82299762
13618390
37837114
52757156
9148537
2651423
88905135
52177105
61616899
36803458
72071911
1347423
84795489
92728074
38951285
75804085
67474942
16287364
36781908
84843127
25073208
64660993
69292141
6038176
24923954
45815464
46868716
7920658
20794459
42500681
82748100
38449478
71212139
61421874
89540170
42040691
32607736
49045062
58984496
58386746
68485086
43041195
61726656
64390132
61197095
45014979
34954504
18150969
15612045
37858443
37280886
45374811
65295902
85640651
71474954
82440791
61458261
1487007
54093413
26258069
55451060
94234469
10930547
21496250
26957774
88606098
8255026
16655509
22216099
67996156
91077313
31676848
62617180
74011892
77354913
54792585
1410232
48790678
87576137
67932712
44241739
62344162
17677314
38023597
93531819
36922797
12517865
29898885
47237913
48564579
81655779
44488706
27621604
68281042
20410660
82913175
63357792
23984031
70853622
27977962
83032461
77117115
65593446
62033110
72685742
11879219
63150499
42990825
87331620
48914067
3427674
94436768
67750066
7743186
94556719
85546338
65376869
90112096
788308
37423522
92869433
20449164
47777856
72451808
18107166
69539050
94273559
50959320
89581397
20940136
48917319
12903766
52495674
63775017
46792548
33935177
52386006
75422877
14281115
88443332
82468078
69062334
39981693
85162228
78170993
4288144
72431221
85092383
89671449
34233684
56838724
72471065
65277796
14022168
88145223
3198596
74296020
93881336
52624445
68531095
26484934
25690138
50025474
84523900
14495629
62394083
80200045
51839822
26007065
84351814
33526507
8989488
10047955
91022779
67246336
13014598
44718112
7531044
83769788
51810688
80953722
79988862
27762084
3550100
58176162
51735034
16922910
24724991
74966774
22444874
43415713
48106761
38683330
68605801
73220554
40841142
34304475
94323758
43583051
74874905
31316069
50319014
4881915
82991561
11346436
69091172
69556277
42024068
27610236
19989826
58481783
82151043
29031249
30636071
40423726
5702474
49046041
29722005
82577400
86741374
53244753
3920412
19943785
25901475
26083204
65824490
6098778
65439231
87241057
79586758
27519362
72702017
62657830
69734794
2721855
32941679
59495714
77097775
51504504
10482031
22600435
40728323
69794024
647035
34149272
32605498
33776866
52279400
57917785
4738346
74849756
41435138
28032472
68549289
85681482
68683288
38103014
13380636
52220757
32125686
87179713
59788478
22424327
40064142
48586826
90119587
35096859
63179993
87419692
68104125
19006024
12180473
59663225
94653588
14689092
33051872
10939127
64894136
58841041
41931858
7051603
41134928
90193064
83834368
86175989
75497035
8671417
64424074
73392493
27251585
7063707
46584485
65484450
10120607
43160400
47127916
9853703
54610387
70017680
64403209
89148543
51600349
94552538
45680644
77073400
59497697
46331889
89644869
10660347
79653204
25785978
49012163
73285380
71781612
46102004
6312309
54661777
81870250
15600330
51042670
44212963
81134862
90099971
62219291
90994082
47522570
86696099
