60711595
78666117
14546478
6637791
35446714
37111005
6621538
59868117
7869232
35577597
61190193
53772232
62041873
9944665
85526762
23065476
39368420
36678437
60640619
9830006
85226294
22579703
22769735
10454224
41475810
3501356
84726446
14835725
5835869
80112321
13137255
87918030
13547858
46002412
60463362
55470956
65535370
33050329
2664387
77603706
14688500
2980565
69910021
7968523
35392624
28599199
39225668
18250856
46006173
66863732
53498460
32100431
24349862
85116162
86876295
93765676
76869694
50132066
71480772
84325930
28606735
87157842
49523287
29962777
10929915
88707471
31204324
39271916
89125459
21835404
28611647
70710180
78188053
67032055
40529199
93442073
17951896
59979876
44390788
84412301
71649743
82473917
19092551
22119654
53524284
21943788
39099818
93999776
79152665
10807981
23973126
65347084
22723591
1576269
35091288
10451775
94339788
80414159
12160468
65146140
57667423
47960034
26177543
28811440
47778271
43751954
25172836
13004559
67781644
41411689
24819298
26581292
30625366
13036071
88218650
18785719
86330119
52726472
73091285
35211375
69715334
75442298
51171914
54134773
38725338
28717233
54780917
24248861
79159696
28101310
83270816
42674997
81543290
22771204
2687590
28546927
33368594
74578318
65439886
14941930
23553263
25389293
59348961
36159579
80061111
33444633
6472610
52780598
40520521
76851595
94368346
46071220
48030327
4471984
89667351
6262425
29061993
59264481
10040311
62160801
59431201
67286529
50596196
68916165
68006430
23020143
84617774
6983638
65845742
15870869
57127359
89758935
25601392
72219125
34634085
50819488
57976337
82881677
26753559
38337030
35818706
4977599
9995461
93815166
40670392
76980063
59502577
32965180
85579519
34842184
91686964
33330727
55825095
86510465
10999282
3144024
17798115
63472393
62221465
54894342
44435047
87888287
75876830
22082181
94468333
32072662
4643178
2403097
89478916
48727300
10579446
40702448
73081988
76391638
16073703
48831426
46011948
63115472
24666471
69527564
72027530
78652627
40701621
52976349
16358803
11882141
43861150
32617066
11698483
56755486
80625219
87356344
43150992
13402835
60890327
10792081
42517280
29795416
89796274
54063924
72005466
91555840
25864360
26469123
88593640
53611527
31764787
83392520
43215146
19066188
49369276
21401351
75515561
50127918
12161689
21855908
45004853
28128921
83965722
47752579
16481407
14325389
69366495
20783887
42403703
48318544
32844422
94457266
44366235
44362441
13846747
77852944
47799001
62222761
