50856689
5506626
47953716
814211
69400536
25096906
12467061
60468683
17706185
77005638
37839088
81147578
36766863
476309
35955935
90461050
39648051
12420551
70856763
28737873
91098499
28395893
60309190
28104577
91653327
43376131
38451707
66094347
66113025
13049313
55873476
92663737
44605159
81062036
15158836
55173745
19603832
15991392
49986885
49722739
76846099
45716145
34676038
1037777
3247319
9305258
62943949
89697007
73707143
10660823
1468373
50581440
73126504
1342138
67043103
73987017
49149587
72957392
52475101
48739534
38911451
2144055
33702962
24196355
40965387
66786887
76518049
59990215
28781424
3821579
74564771
31146945
23052663
30947832
4883255
32493829
62857292
32991231
12887405
67171200
28434478
3041682
11385534
38700475
71678225
58340932
11626532
66531307
57864512
55897118
28740544
39897701
29461406
12351184
50158054
63948871
48150229
57461008
85323393
36762273
33228200
84901857
20541354
45362808
8880423
31222083
18804821
46217449
76498107
88602303
32641769
12077962
52133241
15783718
27886298
1712699
27082405
89668649
23830080
27171344
27507590
82320257
39267575
56746395
5464953
23295409
31976765
9954786
50687418
22555078
21042455
17473259
81018901
52779383
37791787
30864318
89262232
21570948
92042677
72922911
67934352
90515653
39301071
66963376
44166343
16264646
22282943
14788328
47728499
63886836
19435976
