25717513
31830959
82188233
1712331
59743653
63182949
89977352
27737299
25778804
15036952
17807630
60859567
1610090
729397
86969849
4817540
86240030
474907
76837935
36535733
14765517
21989208
7173966
83247238
16261754
56658676
33950790
54468101
11259152
49401228
1116590
15791526
60520678
3242815
18477262
33796501
83093866
91711541
17419341
29357874
12672227
73513635
84273134
75325372
6274062
17342269
82435388
15339924
21456241
10924567
27089410
34051384
13518007
85688525
59314142
21590553
9140099
86191074
14209918
15160346
89927840
66923878
58274203
41108079
34492390
7521245
93596251
65319503
9650617
39731399
25087345
74327761
93331985
67174726
44291338
58385274
56643130
7770342
81543962
40668754
34641612
55534092
29394495
36814722
4824588
72570014
15414256
50558284
50251678
55052199
54631115
17516213
49730484
4033772
48534723
65511110
24025293
16910917
44750649
52547943
2398430
71733836
24022591
83394337
25694270
11656948
32853431
4220220
62508580
81506351
77866669
11136325
65669782
56314890
88746506
12014251
26058916
14498762
33913398
85988885
73311646
85568980
34214696
67606501
80093516
36687045
25048042
53591510
12444535
75247239
7627832
13070643
40734040
75578526
45371996
24784538
23132209
36043232
79656972
58750205
36211033
24839977
20587693
52227002
2486216
60565550
55717435
84171070
93070039
36985858
56795903
60542332
1492200
17807347
2684208
58711218
70729238
730118
43243628
93532170
92578175
23898320
59810454
417992
12596832
55125830
65952492
43304486
22275560
51011037
9805730
41975467
56145781
27181663
81037504
44492108
35160166
92721291
37537874
40391824
21336939
72593747
63801692
42159990
1631635
24899444
12078048
23658288
200860
40385466
64275451
28343387
22958343
46841787
73683682
59106186
66861678
8886063
83585736
22888049
58546456
20120744
64099977
81768931
27228994
50436769
11529226
63217354
35312738
63936523
78130125
65997401
52711887
34207851
25005976
45012220
79792539
46078779
76149787
69574916
12619621
92537506
8551048
2610973
40833743
15604415
67644076
16686737
30999854
78124125
41599943
75883302
44835041
53639112
91680813
25945793
80710594
47352827
39253405
58586081
26395130
23591185
34103383
76009510
93281616
58859152
60955958
84735110
32284451
75649938
2071342
45009755
27073884
37274310
51321160
32081056
70316286
71562155
72734112
91459167
64917296
66865794
15562311
17291259
4531773
90711412
71809261
17748837
59664852
73374897
78243598
63813662
27678081
5937590
58339522
50653064
71032574
29068552
8168882
25339641
78569031
77299897
69245915
27796701
84178
23103467
4047633
77659173
75972715
43717499
88362023
72698512
91534824
53993691
12591301
7902757
31882112
59937934
70665685
72135582
3722761
16255516
38926279
9851539
3025999
85685395
65490883
91742821
76731612
24693808
42143931
31934125
91765916
7314132
57236627
11628365
41788044
28344347
81509521
52197052
11996601
20043295
42451093
88431083
31364581
1360979
90647616
85848761
83940790
33237821
57238406
94001241
56852063
44369733
20774591
4916367
28401539
52060681
53443350
17418082
47980081
56611822
67984000
46424596
3271529
57470250
38378956
45449058
71613743
6866252
6556966
79579687
31015110
10854781
2535199
39467972
6054968
14587014
57415613
17363839
2890910
68628476
1440661
30397325
79909030
57948593
5234616
81441344
24008810
57541949
65925581
14086553
78083349
34367488
66826558
85307697
93566914
94356721
89788590
39501823
90862687
23415708
3839073
5092486
92451719
66552831
68599131
77714301
12537189
16344355
94146262
48939762
54688488
43291760
61396161
15039424
8829031
7459652
82137759
67856860
70873803
85555200
61342285
14619820
20119182
42815424
2559255
35901686
34313250
61510595
71896429
30757587
72294502
43782785
54594754
55738211
80486503
68700460
28559004
35212865
547349
15728999
44975793
54775974
24846835
5780645
60927066
32397734
6490855
65210799
7029606
65287448
53164854
74584744
56832065
41564544
86740463
59506188
78669891
22039065
22025754
13498901
34895100
1306466
1188267
5059625
55325729
57063678
8442817
48315624
37036611
71526678
79869975
86600259
4610370
63749642
42535736
70345208
75053246
71758573
62411345
16002625
58379804
57135247
78140008
45511344
66039389
7002765
65803228
8073840
62959103
82939566
24837460
66488729
44764228
92942432
2672357
38886974
11188046
67667792
50434395
62735051
54741110
77014248
34253143
14609860
48145125
2471854
53117400
80656433
27992477
45477626
23654579
42287682
18497765
74175471
25993584
8021076
86663457
52851808
47913552
63326540
80798540
18558723
54898972
67876716
38222131
75952135
28549466
25410524
87002164
79933003
27015383
23658324
87731863
27867264
8280660
55120886
34970987
68523270
1335325
61234770
57783821
51852043
49501715
6774627
15383251
42477214
61387195
59545252
92985369
71686292
92344739
60721688
81313241
71419777
92835771
84270925
60989816
29241056
23084546
67185719
23568464
33482192
3525621
81583000
17326081
75384517
54666674
69270566
4113490
79605994
24193667
90293160
52310271
81604337
22689424
7593994
87923440
93261680
46898973
68945395
14675001
51113124
8349548
56408719
47300339
77678884
7740200
39630621
21878776
53255671
33578522
93466667
32000494
11739562
8069317
66421822
81359522
84541094
69395417
78901253
90786514
53716075
69104133
37125640
92961432
30057608
70906434
4626639
89296731
64728650
3189086
63900561
22196403
68947499
93705951
4465925
87652851
82305420
75607267
63650235
12675003
21670983
72167639
33680212
42801057
54936057
5715056
53771794
9816173
66080517
65365817
24143883
81005969
33338698
42575232
18023210
63503924
32818251
85663801
5245161
39817032
88869709
14040593
17550333
82152907
17169039
16502103
76662338
88424862
29227784
79791880
14063695
69293376
44369560
717021
28175839
86690104
38878836
44949724
86036939
7472482
11570842
56386685
196706
43689735
82836590
53056442
85170173
5265086
13738173
69605805
32563489
18710669
74267769
87590333
81064250
42204633
62684488
34487221
3177953
27250429
61962911
24280425
59264182
57052423
66979626
44055785
57009822
61063720
66668902
41933172
13556510
60084334
53207276
24304004
43639826
64080086
58551253
56122777
65686636
27112311
27257185
37594403
59921807
87223680
79990012
67007423
36059918
17617298
78265756
53703633
37805746
93773803
18552843
50691785
77048650
47825730
39802915
7605099
20240121
29733718
36276119
10953234
2754540
47707346
78713321
88094678
22209723
79299203
73222172
12194895
67847637
51279742
42963359
66061862
36082143
48544701
42622837
9710773
63313793
49550673
85913300
37532879
90587419
88093028
37293125
49259185
83369469
27063063
61498662
78440639
22461289
79687483
4533119
58936165
47660668
59001954
8541883
87150797
46922055
26658111
24903468
79655536
46620579
1629773
60929553
46711119
15753397
25040575
80903286
88571311
84390576
76789779
12023471
2320821
66933065
84647763
61127787
4611173
28517873
53036381
59393263
11367104
89391035
52729503
23544879
41250828
4902997
35692503
58260215
45061662
27007273
80903892
44926705
17575283
79937439
79845945
37062817
13166918
89098842
41496967
38582536
8177650
37078556
44880902
59790430
75903408
93290126
35948354
91253623
15622377
37463022
54835585
11815192
29592837
51945598
34338693
71651503
65297864
24361632
41532915
21420848
51760954
93196016
74573494
77727410
31505544
64552099
45986637
60360835
63860997
5462511
43032904
23951613
681921
25074953
44305549
81599478
12299567
29895102
38219520
41394535
59846693
62214597
20033973
4152327
16256664
24914993
27596918
82237265
66389409
77979310
24936694
66309270
3820692
56115477
8182061
14785410
91110598
90624421
40725584
57043851
40244242
38279085
17049856
68340459
34315749
38665993
3952346
47779913
50421926
66012059
68498756
8515026
38157489
74468448
89108934
46366411
7370664
90783831
9816996
12788638
26199320
58486607
47956590
37206816
71334429
68524475
35314443
93951561
43196423
2848384
59135755
66989247
72323332
33901440
32578731
26029144
47313821
44352240
11783099
84331365
81696946
30417758
21346088
25729663
59097837
25615663
44789968
10753558
85684066
28490584
69093495
2263275
51782709
77426610
59156727
94414042
23874143
46077818
77212721
40585476
74802521
39348755
53841477
90999909
55557724
4276761
65173222
56902476
22393173
41135138
69434713
49610805
63679643
13427293
61772041
1082410
44204066
31328108
63187458
39619631
91459411
62367207
68406378
12018062
92402623
76894266
68719269
79310648
39412251
14217080
61974927
69250154
90909200
49539660
4549058
27945520
1325386
67946080
92061038
81118896
63005359
36841261
11115214
23262704
71937982
24645861
74070649
35813711
8255417
74332471
90918608
23940384
28924187
53271576
51285128
57062118
13202557
31867475
56278817
80096472
57363062
11364141
4653835
86864344
18858635
86667202
29217868
21223270
26404524
60244389
61415808
78313136
64436938
81846703
13783049
9953110
72994384
6938205
36026203
60606611
27424222
447717
3694501
69722475
35518250
72413136
73290231
33417983
84920671
75055568
71169655
72643809
8556220
62041323
14119037
85367407
29223081
16736654
28950477
60156229
59027167
90417404
36637201
13306021
66037364
18502504
86338023
5265742
27553207
62696773
8169547
80331174
79308036
37006108
91129037
23458668
70960915
43952779
20602408
92854859
2354888
76154461
24723868
82410066
49331445
69098672
28714763
72779255
34030293
24226192
87353907
41449361
21830940
20094516
54400095
21485464
93601927
88835291
58769674
33801347
69519870
74072962
86007556
69452156
74712963
22003876
1704272
33548155
34585031
54525424
19362113
72155245
3975724
34860073
58274199
80053652
51814888
77573890
62716454
56124002
90023980
5658879
19242668
83544469
14382426
72515159
63137945
34679386
41397922
1027770
49474287
1889291
56601806
50425297
748181
49073309
31653116
67733653
36664618
91552549
14863100
37664462
92524150
12326398
19119076
76570110
6067447
34997627
34105714
30672132
23770002
86533010
12894264
89507006
4434815
69712007
63837969
33321193
81309592
42250028
82945521
56449259
56022750
16197762
11894753
18179149
63980143
47674183
71257035
8059213
8829635
69836937
76313691
10009202
48469308
7169745
71881865
18510792
49815956
50988581
75500882
23401764
38332661
17705122
14338523
83781764
22710481
32365331
7350619
9392995
70252120
3090702
20115481
8211077
58206751
89773658
24036330
75231557
65220061
51891367
29142498
72903486
68629215
17054460
17453464
37361673
83921318
33322614
85819251
20813995
45483019
86939709
26173206
10444565
81983219
19549632
83907591
21138989
73952616
79017975
28413421
68263771
24544476
79033583
55194355
27082478
54850335
94563162
91388511
22839789
51397628
85661191
19877450
67896862
31811589
1453734
409851
8949468
57662962
39377222
94576422
84599734
3147863
18081263
36523079
43034715
44432699
41551353
37797042
24904069
