23886902
28545046
31660363
85429833
16981891
38175269
8714864
22401940
675498
89630468
79472467
50759880
20098977
84682781
3338942
35187398
4498019
82141540
50355211
52313243
35005031
71162590
67993111
45546085
76197210
74164212
52775881
21035539
20888598
88972513
33906856
89950055
93236033
44036598
11874
42764335
27520733
88789676
94276638
40401798
92644300
39474036
70803840
5937634
1603987
84811507
79468026
93841961
58108098
68321410
7530512
22715829
14242699
67064209
28258430
52392330
57485257
70069030
62301472
62933426
38788824
76531704
51613505
61480787
