59906415
36185421
33172883
63273873
16831470
76992198
27297606
69391571
68658017
15694313
11915390
6450287
21319160
85331335
14412352
43118630
75858288
71460127
3478596
92158597
49672246
61600083
48124611
63624866
9371265
5422960
87059972
42597339
83332434
8199185
14245349
67593468
47442159
74059652
55643726
43182309
57054033
26299448
28503719
63074950
74086119
47114761
16921629
20385439
31999037
28776701
67710671
30074759
13904161
88092803
17316219
57530212
33974856
16971742
1368603
27520919
17630676
65173310
69087654
19198914
23000079
85968314
42132200
5828189
2552059
14319397
21493499
50007501
6758633
79648605
60350266
33533818
29650604
30002905
43481932
71398993
73470271
78434444
13129239
60768850
90829171
23536933
87772321
65456382
46629510
89610248
18207091
61213363
72026036
6567476
32205444
75162407
89209922
5162960
7131573
88728673
14849081
5169116
11434782
24968585
7212224
1096815
89006656
82388113
72924892
82511084
80619963
55138114
90740632
4768370
17180106
72899214
16767442
31895423
71686764
44833583
23076412
86384647
5457419
12436407
89396700
70382202
19232662
91502244
86518084
54250396
34647784
5478623
5702318
84320415
31163585
19168902
26986641
22261738
55261592
32698216
13295841
65220745
44053538
54467120
83739245
12346698
85771693
70291696
17940495
33198977
60909163
56332722
41030419
82996012
44190128
4202768
59944482
15683270
27844629
89458083
76509858
22922086
53443808
78253931
37040478
43545259
86075001
14595670
15594056
50573435
30099346
26928182
7407601
80774709
31551315
66978926
91566862
25825253
27058493
9409692
55582607
40080251
13474376
30829088
36502781
2924995
32470649
21148819
83537970
51993360
65751225
83959411
87415993
15501205
77182202
26589059
52582283
24943379
31180919
91735684
10622246
89745861
73141766
49759873
30922957
4825831
15381629
34013869
7997929
70591712
47126512
85911732
17502625
47564011
72181660
89789378
4815861
25905139
58919664
71548509
49008099
27790957
37287526
24658306
64535550
45749118
32917285
41576761
16362562
90750262
87609446
23469274
35120014
37408625
87791642
27580433
50693765
47723297
1281916
53555083
10288565
17483769
66078382
56608031
38163223
59105724
14395848
43188358
870434
53526499
28211789
22108425
16472997
35590215
32397436
6122851
72870926
25082330
21948508
37225038
21001344
23771336
90326548
65904770
89469037
47379484
76373029
39342538
91984405
59715211
10374998
13659333
30724884
91728169
13556819
28896008
71834231
82364996
82101404
39006
25420293
33470219
67243286
87985792
12946875
33480561
73193863
41974293
32324674
39950712
85546926
20793251
52386885
63573702
77718510
48412080
64731934
67099681
10652973
28571695
74891724
34267597
49127689
15546700
3735281
63730626
59945198
88231861
31302199
24805506
26659971
50489425
942129
46192372
15733368
25108166
46309478
19084698
22161216
50502682
7647947
61792623
37936416
8184376
2296910
39592250
7195967
28432483
59575085
2564793
29754400
83000259
12371050
92911268
46194617
68840507
7592168
66823839
47122710
5717244
56614995
242926
57460004
84587349
56352064
83312429
58540765
70703871
61772666
16727569
71063501
68482340
78016674
68239236
70595018
61755740
32252965
92520867
71627256
80819684
4517248
