52410870
1297526
59667528
70551340
79834069
68427081
45191988
26219879
59261093
22585024
35263965
48211224
84715964
68502260
60482538
39496228
27487494
50880832
9686817
26262970
42210578
29889419
35024761
9555506
6193741
51458464
76065219
45579886
55001265
81840209
46860455
38509366
91985398
42718298
31242560
24085646
57503380
68388312
77122205
7540893
67729189
57083436
1826665
10323976
42524223
10980945
79350905
76173762
22150719
7709128
42547822
52656719
91103786
56358903
26520165
8969532
39867528
18375555
44846575
40721133
48409481
5864725
29982939
31461802
15918874
72288549
49752052
35349097
58465734
31335678
12882869
21573788
59596712
25093062
27408272
11662244
19258885
91203925
50444940
83108087
8193078
77992749
53052893
94421537
69421737
17842364
38287883
51493205
56004343
58044629
21738685
58453946
61598648
25904113
43406048
50788355
15806734
46698706
1037077
91182221
61389562
88020674
70183946
71940620
89557924
6652751
69202827
90037956
7940793
73563571
79451228
76775513
40917437
34312189
80295127
13700328
16143758
23692268
44092447
55824317
26009193
83969162
65203294
58503489
30358284
47317399
69015399
66468427
7194509
55889899
68359819
86627527
8735924
3542918
17300789
53091075
72886106
84507334
76506442
86899106
34201313
15485676
49685617
31680862
17039322
43187388
37505773
16162361
94554935
40544033
29622763
27997355
19729705
68720191
9620119
94307466
71873676
9625016
9625019
27603142
12256389
84781360
76394063
39249001
2536035
23156467
76581745
58525899
