76276067
64159314
92608201
12293167
43437139
79965357
44634995
91346272
13534222
57253777
5619044
17694887
91443644
63617058
13670511
32037850
24166217
58567268
19940996
9581771
65177534
72610626
79096061
4179311
2507691
55319744
45931659
8281997
44186488
85531031
7112652
4533947
60924154
53299595
26108887
23605815
3653534
41963889
59414773
76698181
49612406
971238
26521309
84232886
46383131
11959892
71100976
68143825
79740737
59899446
23287912
16875211
27272029
5186453
53990078
68801486
25766536
46685508
42478773
16106479
21326617
72895430
56117455
78346255
76870906
21682456
32087712
29843559
79408907
89021621
36155649
53345458
83767387
89938703
32457216
87698351
50002549
92851153
27292467
375528
92358407
42077637
26357111
16446964
32186903
17379246
52245809
89059210
27343588
21725370
64996922
48432132
63628618
76424205
22688109
60345140
38164369
52677828
31971191
25076321
87921120
22357072
93447294
61577885
67905211
83927694
83409244
4879297
89369163
67501989
21148098
84992362
91825709
69872630
52129039
