70938761
10193624
88212036
5742046
83554
16926494
19467237
55100855
36179423
74360144
28391967
28619013
69428289
56274607
89736061
74894592
25199770
93938474
73879743
1367884
31415829
15831833
40019573
49923181
79328483
11488496
76903937
89969373
61426017
61335309
86246292
12400660
53077742
67376300
48633357
69786295
47223903
36431727
76114022
8592142
73477565
76440790
2145862
7324697
65194196
25351538
76101617
56710295
28513877
1163899
54932716
94482943
19896969
84419030
62886504
84645669
77786303
26660260
40560632
7906429
3423517
8854331
82585181
37080705
25437977
12305849
39216905
31014913
56513013
13858586
72830060
69344769
59606766
55138518
13262188
65760472
33457477
62510873
93023863
25444276
22440820
9093929
41966279
2308950
184222
50148932
5345342
76727105
63495735
28183971
15690023
71560443
60174952
37203506
21713563
66029724
41632678
21898073
21716891
1362079
25616908
22835319
59198397
67010836
14894208
46081828
8812640
86191437
37549797
38573469
78486683
45848243
32475855
31673608
38715699
54502679
59041220
78229232
62274246
42689658
50190851
81103737
47484291
82003548
46239874
85971777
68006995
24556085
36487932
6033200
82085390
79663363
65499119
88093082
78008623
56894818
2598586
60658787
91530593
51747721
25949620
5898588
83989091
7241790
2742348
81321167
62747553
64905076
63385539
50511264
43164161
11628703
26373996
18447520
69026794
38618306
77875522
22332279
27470406
86390814
6874185
58325422
75737659
74218938
30117871
63093278
19248193
53788831
10394442
29486876
76759429
52591887
74890562
30849412
57709479
2633122
55322221
72264399
58879933
79072519
23749072
3436094
87749599
26146201
5483367
20550305
41145898
7237450
49244397
82691238
34298173
453804
27086224
25111898
55389809
91151384
51054749
11060698
30117632
49219299
64161082
19018542
80628386
32859549
82807394
23300001
22934110
3353075
67091257
88793261
24151220
71057384
33942307
59394758
41097710
52166947
54613072
81462731
66772590
69744569
34568311
12779551
54929851
26943450
48552075
24179673
1011963
77153461
6098964
6278008
7223099
37394125
21176067
58421752
79356007
59405793
69822621
79210062
1807952
71337154
48596801
20485058
32367394
39298957
87470427
29691094
52780845
14913944
