25530039
83251750
8409415
53941010
53941011
76851624
33722626
64816577
75002734
64669629
72426750
1631482
4088530
13380232
84829229
32027854
51908818
65584370
46930563
83940072
70713699
10365225
70754859
14052909
40222638
51929817
33775276
46106109
71626950
59338562
85631248
28008392
23780190
46730727
55297517
76500529
21268847
83074710
4012989
29669626
86509440
5894144
74373816
37494490
45357638
66096960
92323885
37802302
9478651
64768443
22399295
52718942
60366413
85729150
76738259
25637268
30960423
9372994
79767661
70211151
21970108
37854768
2652668
45455611
66356467
32378093
72081850
68410986
82392740
69686461
67822719
72734773
22181910
51030206
66284651
90960728
24615298
75767471
4254057
3723006
50980106
75559338
24068162
4102459
51314048
57656520
84898654
64303661
21870375
48593247
61919744
67974665
53159443
52858668
22523145
72550260
13880387
16905908
40399851
64957402
82155093
11065703
83832366
91620265
9508623
17950318
80428494
71406180
88845046
1345321
33740488
3541100
14972022
40332938
47445478
69481150
87084884
21453382
87603727
68326195
64213380
77182837
33646946
17956428
62211608
55763824
80423296
6101956
57053455
84948445
24007774
14206705
38167600
32143773
82540549
32493028
32649142
15571581
37584584
56252728
62398189
13593391
43150662
25843476
50667328
6334021
87398627
18134774
88478995
21178721
10106807
39613190
90271833
20362040
21685087
28403195
30805380
12431905
89130192
10588362
36879981
12379259
87038417
34625033
16723016
37704355
11284139
62175293
79335484
