56451454
52527840
37627379
33182455
10158108
41507680
41507681
18539958
21543970
90254506
24644721
20551320
646579
76485487
51488758
33127192
59648421
31514296
34148555
83285673
15576406
24076327
45395590
23056669
11000127
77946038
47441258
23199123
64828642
83299745
12177700
35494681
65190998
85997870
13327996
30245141
18419600
80613607
39584606
19429521
14674168
11720580
58415338
1264876
18510644
38514318
78921761
84316271
28365104
34496059
83241051
65415695
87972192
61963981
43622900
80773261
67629265
54099822
39949246
41963804
63550413
64138881
92753143
55454624
92580676
80285062
83011060
11735437
31744179
34333115
5497273
72188084
63660234
28779997
56166358
17810063
7738943
82280282
11461477
47921948
53912107
31775058
8231573
13936388
53769323
14708513
90435632
51833299
53429473
60400744
63051845
21136086
23605397
91156020
64997439
75682224
13998664
8290248
37490990
22493016
41856151
43051703
11665666
950882
83027333
76354118
19059904
74359135
81964376
55059959
80695000
64910714
16024993
17396848
64173210
91198700
87131795
20583536
48940529
42285745
15029538
64970520
39023962
24180831
16430871
17046304
89127201
77713613
11317294
21839341
80564310
81501047
3050641
46112019
75184238
15266418
77332318
65409250
71183465
58026969
46488904
60772876
71252781
36258332
12500336
62383384
69449861
87251355
20944244
37580809
82688047
70420075
2588476
71299077
23989743
19530970
82401136
76402137
77783660
16953448
27417467
21467772
7687437
76932636
40775849
2387046
4676285
4657712
1874107
21517587
71133732
57315358
22018426
68468300
11824593
76301067
17935401
29068992
39016097
91101575
32169292
92290120
17140912
26242917
40128588
30526813
28516786
10687623
38944085
72609145
89837472
39807089
52031398
21533905
46325813
67099253
41598992
8069361
31207424
60592837
6572757
13309356
18103161
49310970
38754635
15272999
49850345
92138759
42446743
70101047
72167596
89715159
1192979
90042273
80802621
21139603
82592525
91450369
89778886
65074868
2873686
51985594
49529458
10893611
54495048
31492578
22708819
48559092
22275311
25854018
75327888
78784679
71541861
30794706
68568144
87115565
80837894
55659418
42322007
15421868
57031980
33810504
61508427
21272295
51989144
74476232
10524530
30964127
33883189
67230301
