63533143
57437358
70459629
25331190
34238843
67706705
47091962
28083588
77198315
54512391
35709795
56702633
776314
92992976
79862908
38053256
40519766
14297782
91991363
91660927
66127554
41286655
36797991
17996394
70776954
69673520
23648075
36560659
62173295
54233548
16033098
10753813
29625793
74378825
60292616
21412665
28726471
5478098
77699560
41423061
47332145
48896605
799015
31289260
2304549
56100398
6201281
94525795
14331040
11288920
18877395
81587960
67537579
81642871
5625830
79826196
2581851
84553066
76489097
11206172
56657617
50706576
206507
57185422
2511805
7400996
18707105
77587488
7463171
23831036
81195738
83289514
68951222
69060920
7613680
3796368
57686913
22289869
69673523
71816245
84171890
7509366
85858222
22949471
90498440
37054870
88786787
26285723
54226313
21659599
22246675
42914162
71367980
55775645
38473944
41722502
6681255
63429810
29846985
50527296
17338423
64904980
13973293
28904216
6228237
1000662
78105798
21373064
72849617
24540194
87677090
88570028
36905406
49918344
76294764
36801759
2921282
65952516
64932160
9318409
41110633
86583650
70050128
93710417
65753846
77217503
37718421
62932484
40425470
25715584
56826617
65909695
33081200
55141672
85631509
46406767
76294761
84550828
40728347
33814274
63817746
92901628
43566692
56385211
61242409
92579009
81769699
50594360
72334167
92481374
336238
