9218240
31009351
86663205
15708196
18877853
8518004
2263472
3955941
67635044
53266986
62903611
64895506
37230248
30494037
27473002
92044642
83559405
17455556
68714163
71388981
50621301
55282236
15346413
36584393
72458130
66254700
39628463
39447021
4840693
68145725
75244546
90855964
81333208
15237337
24791163
51791036
8356329
51075897
35266392
6958226
38279709
48272419
3561557
69015164
9665336
62628232
79070008
26940506
52882709
85169990
42649203
47391715
84314180
3906716
45739130
7947084
23490618
91837732
34576398
24802642
47387670
20708902
56045349
41243521
43229137
25719709
34332779
81044482
12269896
77186154
61081748
23342834
21600675
17504581
70119373
18913496
89277913
87417258
31579052
87949930
52662450
32021349
56184019
39000191
44637361
14119523
56233926
48097788
78441858
20711263
28457458
46934435
23992694
74927998
63530833
88722269
57746473
46666820
69152488
67578692
72191875
33974702
54574375
37712067
63414656
52088345
66244891
53534104
13480144
50005904
37896789
35833573
33283775
34882975
66764957
5685405
55172133
18614506
49309896
22950857
55385752
49514150
58490244
33345249
61694911
5321484
89011929
75568286
47121610
25544736
83401362
60510566
48771628
22734244
67660522
37934499
44392654
1092007
20551343
8356650
70248777
68943934
13213942
91994727
63168688
62857683
56870275
56214243
31158181
1871485
81116727
84304950
32557970
70952
16728869
71848064
9563726
47666895
2806851
33170434
60747182
59027868
35972814
41136257
8694008
51735027
9964813
65730951
47233613
75922731
24702693
87528679
82319373
85364642
1220341
6039922
44373957
37266121
70466539
22425021
87818630
23491508
69551182
54994666
58287363
76336647
21523790
81927778
75760567
64952051
73807055
89754483
92520565
52088179
6240862
92728729
55873723
3479385
60646197
24520703
13000323
20024580
43984387
46052732
86470777
9251207
64646463
69163253
30609269
30526844
30526846
36517810
71641142
55427539
68471580
27667171
61441106
38697865
36539374
67945552
80453173
43479834
1423771
61475984
61096011
74694239
16390239
85987989
31762678
11680699
57090317
56569761
11807851
592379
28579016
62453327
68893203
56512828
51633185
47866591
73978576
42888191
58725822
10609128
38987945
11162116
92451577
53515105
63277708
12921451
27531399
87583834
31577773
29604951
78612359
86558576
92318405
30908197
69742735
39198382
20816315
82720487
93059158
54958082
85019517
66391972
1108942
45362014
37943018
54211621
43559326
28498904
3737783
53740963
20539965
80526783
61237742
71153509
78402507
89955569
65147316
