46986576
9608217
166654
2474142
75857471
33591141
38171535
68864599
41746313
3224048
21257342
55556021
76251231
94542921
15476410
27794982
5983394
26628078
9711509
54800068
36506100
1334487
53511115
25431330
58659471
35076488
72897024
59077247
16819327
38672977
78769586
5474286
26809665
49848017
2856447
55252179
65875536
80692743
72043600
39542588
2641923
16300668
84421577
28997011
35275707
46106037
83656304
79387728
42272958
79862868
28000304
27851412
57293075
21245252
13668271
23279240
93413484
62857610
57829747
76775312
8933213
18757018
62718199
10085569
64432364
441296
73708457
22984705
9734472
30996124
75141296
61429758
50193449
63776242
25384740
44269510
61653059
77498589
73987090
89640478
19729056
67928608
92220971
90873422
2923255
54954215
83128752
92298856
33331524
61005417
5394092
47955110
19292028
13638232
82286826
88292960
62951490
48742933
63446639
87354509
90087076
16081218
28049071
71379737
81792285
66003316
32199271
17628798
74124774
3678761
93567542
19566003
18621224
68211521
60808522
62880383
82228206
8129777
91026687
25353068
92934180
72912253
71600804
21488874
68493681
8375153
8937590
4906583
47003668
40663298
61263413
58966286
551579
90865588
86573871
79441777
81807882
63101882
94038140
32241482
1533796
79394771
78841
61739364
88152410
80965416
73873284
8038089
71367755
51297690
25609321
44402837
77073057
40362804
3732498
46958885
19085241
24454667
50022782
47736535
32415262
23410593
19742346
33813775
88635272
84875175
31494914
47178859
608036
82094111
18651791
60104128
45280877
10245394
80021764
37251432
88906083
89315559
35631064
62958326
61926638
50268704
92118371
72203165
83803847
51341256
7468778
65023616
82513545
46501906
93890025
86899342
14061910
43482643
6350022
75613043
7787418
11751128
40713430
34805026
50695379
71942735
69035401
91936149
33651012
7462813
54946785
11421710
59542472
62178039
91218599
79176595
48761061
46294887
71088119
21726328
92201997
51520165
18280851
88213671
81948296
11232681
24391951
42320286
58022617
46395973
82886870
15843592
85457902
64010484
5692767
48253119
75196231
41399374
62367394
5432436
74647221
12746352
47363861
494974
33453485
52923704
74676447
29952016
22071656
42724477
44472331
9022872
32333149
34298633
49985458
74524692
64812326
81769926
18392358
2960957
49400933
32986046
39893821
8212962
21444052
38121006
75995328
82082419
29233459
2032109
23471738
83412669
56994654
77345881
65709204
52082942
15428510
27340363
62510089
84008297
43536483
70515720
76996345
36050742
10727473
41860592
8964215
32111185
1696469
38259954
31239765
25647293
12151105
10774553
86613668
15022334
54939427
3563918
71820180
27188519
3357190
78840737
55228839
49184106
33698791
85523210
19061215
14470303
52621703
24039874
12207412
70723417
34300586
74894163
21990464
24651585
48774386
47405376
22279082
42053098
88191210
51259496
52861237
8609305
29510626
70270540
81590781
42902328
43273807
11682413
52162932
30135641
58457525
9260658
31586187
34244187
35196254
30607997
61606374
3887282
23101075
75699646
41126046
22797130
3808147
85760818
47165353
33815500
77816031
45103777
68345799
15440146
11347511
14965566
65926135
23570941
84979634
78660352
47559049
54759874
36939293
55869044
27834126
6779804
34335151
50014567
4141996
66838367
32028565
52691196
67401524
21682804
11991817
54978856
42479168
7073574
80216390
19132804
2889077
62036025
46290350
14058315
16160777
67831507
40561563
1885951
17604283
17273576
94449746
94175609
35116404
72877316
20818896
69722487
45637279
45510120
93059642
84755777
83859541
69228952
3790156
13094659
35064071
64461483
25736758
78101717
234258
28307804
70804855
50665005
18313936
20125899
17264887
81069265
18373909
22986361
42970148
75294369
30460859
1453663
93235408
53082838
51816551
14338522
57492419
91621364
730756
18685209
5592547
79575152
2566960
40430135
58818573
61739394
36479564
20317231
62106964
79304949
10880866
72017709
80871554
85693348
7187586
33458360
8629041
67446225
62565424
43995518
80904265
56863495
65258043
70952463
11716665
47187649
26251806
83316928
94268483
17877931
69829128
6204967
45106358
21594545
8588550
27121428
20606878
67364208
6977650
8755013
22402560
55797038
83443673
33531022
20556934
12244934
7640063
