45422849
72794656
46268321
62917035
49679547
67782570
10208237
17551260
67419061
56833227
21764063
17233345
75921481
22639011
43339050
71808279
79154477
53972640
47471807
28964240
9140080
42916662
8053446
66693084
21676176
74758191
71435340
69898901
89855610
8606679
51799123
85003551
19881788
39368342
28595335
68869850
48637980
13985475
70435359
3123462
76817089
54416599
57119790
80068976
59209906
27790887
39742218
39600857
73736753
74412365
74968166
67446182
25872729
49208761
67043699
78994672
24331636
32736450
41493448
37462515
90749394
32823659
71994713
6305804
19785123
57212682
52574284
33413821
79576683
40562849
53944640
41168025
78097246
82245804
33261764
63161527
93880975
82944812
57174687
62371732
28761449
57864642
68070982
13312200
43824482
61565278
75729942
85839853
26454955
58446945
35625881
4265281
2232125
77025213
12204302
39808073
4721161
84736619
61720864
72873285
73697705
21165529
7189263
32476006
46794682
41676682
69882178
8782854
71630897
16719812
72205503
51170804
17971591
24924580
4042673
70979547
20270732
27268743
58005934
13098895
7049026
19169836
62639650
30675817
67278565
63000032
3891405
37095558
56639579
25783189
24017444
77461021
22039778
48587504
62744439
45060179
46055625
35276255
42819627
85652052
89736354
50746395
23317287
63123712
26037080
73584227
38063140
18900363
22129617
55129429
51870712
90964839
39258156
93880706
33495846
4412518
43608583
13799130
31959873
51445702
60638696
94331784
10968525
21392151
41317421
19340759
55862231
60283303
60461610
4231495
43663605
78902156
28016010
74707523
80669073
4236842
16594085
25698526
20472316
92827290
17668404
21535255
4451310
94357730
7512918
62524259
60553996
71877826
53676663
55007347
43155004
21990414
62059328
25733710
74977331
29218148
68406148
20231280
76901160
82772056
67970471
63214157
63927671
32468310
92721328
6891738
93929327
86485763
88595199
89578449
62615916
55439543
24970030
37769483
10337313
15258444
7017635
78241557
68772915
44868857
41766367
15199169
13896219
35016181
64955859
38451853
64851210
89022623
82328525
842734
83160481
71571244
44167573
76553647
81403887
33197960
21472357
64882519
53795297
19847058
64563037
81435864
44685504
34095689
31528050
86258552
26258554
42868689
93292575
59167616
41435097
74605149
73447153
20549667
82795706
57202121
66585096
24235763
76910125
68766542
51208833
74540237
55179779
24306111
30968312
5690556
42726689
2005955
38607319
15864324
29759136
45416797
80765397
53271952
70583426
75953230
21168912
59034690
78524389
7045877
12179818
31529674
54240913
13123550
23833004
69104760
46280884
59863929
39917198
10435443
7852539
29314698
2678591
25225316
73453327
90409419
81401902
4593663
49829418
88280329
68917028
62974815
36143548
51797765
28877496
5094520
63073432
21162619
46136542
60886525
17512659
33121003
86990924
72749777
36945104
81535781
34667820
85742751
74583250
83952142
59545015
6599412
3289205
45383271
68039807
4161733
37168232
64670557
78581143
88011977
74049740
20269305
64547934
76238675
23230404
61774908
94191181
78666514
54249273
41057995
3965565
32625503
66771855
7455342
65569075
16347009
3779878
630336
51963760
60546977
54445822
48732174
66305235
5777823
24179070
63673804
26799169
43840745
19074529
43504505
25145856
52240744
37574168
74265838
43987642
25874882
15175445
59302628
80051504
13802038
55313266
16361796
39419053
88699810
76027826
19988262
3685896
80463099
62052604
57446514
23679442
1459674
59022831
88245839
50850582
27207023
9543776
68309029
66469156
39433012
82047616
92118356
75942881
37349035
33936650
64122910
90585746
4301240
12356298
75145806
91922146
83284467
62636029
84824478
37580188
57918905
17711358
17711361
32737612
24262481
48265300
87395346
28029928
89235465
89575959
36795140
36505058
65734577
43293091
54599320
42599710
63658090
88436361
34220684
59989670
94179080
40117730
22660989
19468269
79693652
74604706
89680442
55132531
51872073
91468660
61932183
15355395
91860546
7817572
68947469
5056375
51065107
32927728
38401360
5414366
12821142
34217743
87456202
48407899
60457753
92406517
20659429
45159578
91168014
47030375
86934892
77114673
