50677387
24741200
79802970
74353994
81180013
59575283
33670939
37530880
41619408
43327177
71418914
64642718
50390106
84380012
34574892
6674413
31264582
73360726
48177714
3542510
60677596
49877902
13447040
35844624
87570381
77994556
2319960
58897010
14760147
60817277
22024981
282781
6249224
3402516
30627334
47120516
86087078
82270612
43585655
83708640
59134969
44698777
68293318
81338455
67990738
32825805
43076738
71115598
13611915
79435028
64927530
37328662
18479114
41995664
32018093
46911366
51408528
9895021
58088029
64316858
276983
84513088
69677108
49676228
18775021
91415278
12546557
15166784
81917446
44640584
70914867
43055714
63905175
40451090
25868731
78161741
29685616
78990737
82646171
67311442
66601970
32856150
92268287
67136371
24681448
12658213
30464656
91958900
45013100
65596042
6910740
84366663
92150138
86173444
12408866
71057751
25989402
16415817
31991556
8793304
84626372
56684551
