68406645
17337839
50061372
82669469
60818520
48429204
76129100
20529419
74135238
63366028
32253961
57891657
77505424
69167178
84483777
43342678
25481652
23164989
20575372
20575374
67278173
56347535
89218368
46728578
69805268
79417981
79642275
63734687
40880622
882705
69672041
32972545
57453490
83311696
71180022
53983313
28663236
62475834
90957393
72104962
59840596
34410371
35637981
72169798
47373900
41124954
8540091
59381318
87516069
78746187
27631045
19940210
25603803
22376003
21864248
10067972
17542035
26428962
25263084
71251169
29312818
46686094
46576028
82600029
69197166
77647404
40182757
15014151
47110208
18939619
76720245
31880831
49793249
6310121
91720118
52355444
89265252
63577520
41131373
50224667
19339726
42819956
18789572
70920676
43232361
25129827
38927343
41448905
62862176
43672747
19490635
75348747
54085490
71991598
30061541
10585203
24567631
81919922
68703491
90352686
54142219
31182715
7445865
71687886
61737596
50120181
21836325
25288067
49361273
91064136
41200125
26562741
33378308
28479685
2959131
75548239
81632839
22106225
52702136
79423449
30716652
51106701
74422116
35820042
88106057
89026835
21619101
81016629
63381524
80114440
16773444
59447780
32253958
37128937
11543802
91208455
19637448
36334775
35548925
34559769
76332600
32445409
87356006
24978008
34866649
53164963
18840335
24603501
54172000
35435740
41963207
8540089
34477075
72276662
32815432
81021037
67715160
86667690
34251116
75874486
4479667
78669719
13887767
24234506
58246210
5985010
69556331
8344425
40639079
16935106
17034924
706098
25473055
27161874
24648609
13694973
