11283746
43475708
50364113
7139864
12993890
9457005
72356210
45603105
87035452
11369139
56796926
25494856
52720633
20572330
17886991
41510341
43714300
72293421
36882272
77310313
77732373
58893362
57184801
45527664
8932651
51742223
8336874
37290716
61596295
5807595
59963938
6075481
55997807
34999570
33311889
22701745
42557356
63186940
89978152
13420960
3834036
44044310
8636479
74872461
75533818
92634080
1520850
34234886
47702771
35403036
71308937
51381607
8288605
78790872
268818
19236920
29888711
53384800
11397166
38181119
63124240
77094306
69523357
62399348
73343163
60340963
34187024
33789810
40316520
29745939
46588119
65001457
57354356
56013666
13738072
51385207
5615973
72165946
27536408
78764272
25928515
16999514
91905073
75734153
9803983
17921439
80366342
70272450
54819151
92989534
22985467
78663861
19141269
26907370
64746874
77192639
42915451
86788098
1716256
41074304
57320564
76955423
87639960
76059324
36574215
18705991
11211845
81021117
83838047
43445488
41396841
36050096
30784272
89223023
72855854
12663415
5449264
18640229
9897115
73694048
73928487
68573766
55441472
46584243
15343117
50481411
81677739
49417173
45440736
46031189
19436877
42017837
76364875
9990550
67520510
10325337
74005512
68340742
66285310
47102557
27752848
32791652
2957407
50385678
41193709
89892168
2500876
24074948
55967854
46843716
41910191
56483838
87769398
5282317
85494548
28385206
77269307
61472854
