74897592
9291529
74715188
77265526
25270879
81018039
53343238
29609166
82366018
14660551
45307489
76796064
41872857
58167578
70311546
58941463
42331599
26735723
93628114
14790536
59551153
22161653
37793927
45573624
47248765
80765992
52478935
19544926
16471285
74507828
24657945
74209112
21425254
82459753
93325478
143966
9980790
7624175
90002281
66526221
6808592
48758936
88458934
92521468
8283060
57007163
70271082
79603072
86306259
48782059
89050285
23044199
3644984
65789496
39337051
44994363
82320381
48532303
51942611
61295566
86194713
21788186
58587708
51942846
76972230
5364769
45462633
18078799
19492034
25074774
92866820
62308949
91854932
47298239
63128868
2141065
37375847
30536058
64632356
16566273
32534894
88441125
5115480
76526406
52836658
25215635
67992538
54640315
64994959
92307749
30726107
9934062
31656699
13441166
72455828
42085209
31130495
58541252
13998757
78688951
56330859
20087464
11476236
23406556
11883426
63683250
37726610
34454024
71003763
92637853
79812412
45026910
33868365
26878779
28410509
11998947
68587889
8100834
56999404
51233073
58341811
8064003
7109375
18686910
27476951
197380
83631222
7725316
13344910
78479880
77397058
35180948
61497876
6091953
56766781
