74045831
88293156
43173021
32376208
12194160
4511276
31863388
49864792
18307712
61727441
40251823
7524051
57355079
71425606
90741734
40916888
93846900
61524184
43298081
66226285
91921036
59200511
84792142
89583656
984886
12790886
15774104
5913511
86401158
17556198
30588517
76522907
7796013
811323
87709110
90972386
78320589
47728557
86030774
8727157
27418613
60189002
64034861
62715838
28430118
54030989
85262759
88993717
3061015
23001690
9925456
44855951
57053145
79932516
35755791
15443519
77573908
74119809
66850808
55341129
65196138
48408645
69920285
59189364
67352271
80580142
75340649
25966408
40242018
59385184
90580400
90580403
67540013
82520331
25302499
45716416
36635086
82031779
51464038
