86572483
35389335
82205131
64514973
50806134
47076714
60550434
88050869
30633075
65189995
88231305
14289907
28041819
91538373
10334846
85380287
80102726
59900766
39891151
70633870
19316799
59822816
31773846
18606078
85192845
20017419
35254603
89736465
72425415
2684860
40781973
80268483
47982509
67720943
3354939
76486354
48562231
3001790
19776657
57974614
74427896
45645941
53742276
73767714
26386194
73109363
38502410
999290
31770000
27273005
86340155
10872107
52819216
7407176
53250474
37848537
61713628
53578964
75178881
36219942
17176846
7521417
58605897
81445360
27546584
66871907
3716613
82591216
77218409
71783421
65874673
41521160
79919427
14827726
20598416
47761577
82573863
42263888
89577915
12528327
86559009
13272532
84640239
28641893
89031169
1226230
39090788
51782850
68318602
65924039
65184059
24135371
4990297
36729910
23121296
2836049
38999152
16484011
67179692
89765217
67181135
65562690
28930218
41770383
6406521
26845203
2594791
4501715
23094689
23838835
18807205
30918836
38973251
86820830
89691055
41016814
42401430
11463050
35698974
59404053
14842270
35013132
23041803
24414435
28094915
35856272
74032516
79214936
40781969
19622631
42887305
16967768
57197575
54960105
56432228
66939047
18515579
82181641
1167751
38221956
41286664
2455245
51428251
88915290
80587318
45478476
64962558
26663098
33432944
23487378
10850785
52840709
15908490
40186469
82159198
55744778
61413730
23901419
26306940
55350076
71998339
23583587
92549714
82646623
75767130
9106004
92047769
35912810
37286845
74497116
59709908
60196209
3310154
64844239
92637302
37232602
92682061
41191905
11435167
43169773
71735011
47097347
88252759
39986319
30393142
62132502
18430551
91796032
64500882
50856706
7596263
32925787
58625524
55524994
67734387
59958443
16031935
68565434
56933267
64967290
18909622
91632210
26130536
64041701
71223783
5631689
60818098
82102867
85322731
25884199
68655263
16018485
91959991
51867729
41897101
32601364
84506337
3121389
49360800
12465567
39404585
65192009
50277126
80421058
78854772
16471340
28447122
25052586
60288918
59828282
9348768
37834512
41147062
34748064
66329950
38804106
3327893
53752730
63163630
70537135
49200468
10951304
47813244
2992422
58627791
25317453
53347126
44124705
62635858
59790875
88754801
76922223
58420196
87964998
40936781
16294398
83687044
72527884
19337990
21454762
23901418
24535603
83629543
73668577
86457964
2261061
79109203
59808730
13375918
35256144
60770410
45998630
19166833
9262106
43054531
14887145
55521628
53507134
12729990
42781167
78564236
44707061
42328755
29462845
31712250
81921660
28616576
21118609
42706242
59595397
51849370
65626326
41972754
23707195
47899769
91060297
49918300
27485606
92581670
82914028
15774693
81145080
38614991
70068477
47509838
55997343
65320399
22477703
76862478
44097376
6991387
54656533
22404652
32190214
14252489
51550997
1738037
3789815
74972
44566739
83654557
26455225
51091189
33296027
28288306
81408272
67595298
12077582
80190854
77455082
56780333
53752735
72282744
46056317
14166901
43415385
75986725
24602911
37258769
19927710
20669331
42395406
79008704
85053306
49233699
2789871
47714170
88962270
56079900
81645988
54925608
43178907
80569050
66133177
8546506
2085874
52723470
38266215
26754472
30562439
21500919
81489774
16379006
38549078
49706210
30545745
90274774
87853512
27064073
40717447
38954384
51460326
40554157
80174247
76402147
19804114
30706421
55878879
15929614
13905003
14463177
82135565
1028476
34229108
4632177
55443443
58976873
9955751
18046721
80591502
44255720
44255721
80072779
23235773
208938
47447040
16495694
83226502
50543768
78394432
9891109
70621646
51828275
9212076
71625204
2432742
