75413118
71724985
40795185
31820592
62583752
43112101
94177428
59974604
76605017
84238753
65873211
88786626
51406599
24188854
39642129
54110919
53219542
67740761
20250670
84625596
46462991
43557887
72958868
36194166
38980416
53656579
65096229
9687747
51012362
89653320
83632497
86149375
5854248
14987379
16418665
26037615
38156084
65285598
65186673
59565548
54083976
148090
5464480
42895461
9910919
1643530
35755116
6786392
51540940
62677500
63283111
60598040
75886917
24053865
41399611
90687381
10003703
4942736
79066157
20519208
83868842
22722265
79118121
64100140
3872727
76976307
60128267
36467950
8395309
10278426
11731127
9903134
84483263
55306642
36643421
7794373
90109877
54396227
24996726
78884308
52137483
13688111
61424812
5160874
74535461
80985938
