76409685
65687362
24307440
65013206
76212952
88224921
56510910
21369763
73262362
73629039
37649997
27915718
73075365
3399783
84181646
26028704
34371567
74509343
39719732
22595906
89305998
40395748
87471111
47708645
92180246
51580828
53424135
91680024
90923761
37678682
34634834
70051007
66432024
37392389
81614172
89999160
83917546
82377825
1817217
46439618
27608768
6880837
16540566
3615337
71720049
65830898
12749713
59243497
83663989
44806650
17061977
92303878
50618104
67346745
78899581
68257792
85446469
87616138
13761144
65528880
9084184
85867080
22976822
17666109
90991020
93312690
16579340
67426176
92037793
46666213
32434272
91608267
90977740
5601612
45511182
69814015
13263951
1930255
4675284
49021123
68248909
27434564
86598593
45320318
41507743
2934281
54998701
28039412
93175705
48236924
82388011
13872313
66414119
2144690
58389187
79353864
1926697
36106208
15615005
39684600
48284459
58333997
44924719
704681
71086369
87493750
17914947
67300345
619229
86462823
65607065
22306022
44089986
74293416
70098563
50285258
11936529
33122895
77335232
9773587
66985766
5230359
31697906
83107208
47461292
80954002
27928417
83961832
17883793
43045019
35638787
46444844
79086185
69448450
76875400
18871648
79619339
19543796
82749012
40982312
5203053
9491217
23457949
56033623
49448880
34805226
9041378
48667697
48292745
29972950
39485659
27904382
57401531
20765017
11022000
40302197
62190739
62251188
79451403
72383352
23621406
56538769
83731621
37066668
29658594
40293286
68849663
29261003
45616878
61589351
91451417
32945793
628997
91811407
48639310
17726029
39587780
65439939
81782108
38525420
44762931
81357144
44821749
54506791
25082517
82479186
27684104
26306463
452853
458260
28012290
14956018
22369037
10475543
56649624
64063080
29772073
3869217
64772248
21115359
84457050
59342426
30968652
94229826
22805664
85440896
50219542
3615332
20403184
10904772
29531803
53736056
60004847
39825095
41055242
22837455
58485997
18292772
75031549
8020985
36953710
26829342
34811056
27686975
83316130
63840347
91045160
10301967
1647744
53842004
56138069
42844288
49964687
28909330
15561351
35859574
83971443
55751661
2195899
