8239256
56440144
3489831
75791311
29093088
47989692
36583546
1689339
9224323
87497370
42505656
90682786
76324135
90718369
18222219
11288990
42533773
541449
22862132
27698774
5024899
43901936
28781669
81800157
8011107
83621283
58132487
60190201
75855654
92503938
18195400
3588137
38790496
20793403
88531778
56323191
32376011
9244397
62234880
47945710
91443560
48109294
79789397
65534287
45802617
92759512
23552077
89730477
12589374
15373669
25098758
18411181
26010870
42500391
45842787
35290320
59293326
60120553
52714555
74287330
62519019
19281562
28413322
45802265
62396359
60239363
17372223
86643452
61060505
48950737
16312081
88176914
14052830
8231223
64858719
19487769
7852262
83684200
53595
68774779
88859458
1109022
33205385
15800761
28486980
3914005
55420272
57386792
55812415
27562554
85825487
41542191
47198305
60593982
93028157
14473742
24787150
10337604
35703414
66934846
15755592
83307663
86939172
39005953
33394841
15994044
33287915
30541293
73391598
38745501
14906604
91155136
76126879
35870230
72212921
21386776
4690462
22071355
49816508
43045313
84764171
62807735
9993889
23181961
63031544
39326855
88395085
58956024
40239262
42533210
64717911
8893090
54577357
43934478
80286393
59557014
85227738
29748010
64899375
55692984
45214124
84126424
34545900
89439101
36267004
81808345
9655627
47504301
65396741
5866592
9958733
11843324
12223948
10726798
54310578
56760268
54507565
4542524
30922351
71943594
18122387
21055903
37732585
17779830
19794376
47367601
45701541
77093114
12242124
62720104
66028687
45099731
27412003
42446893
71656268
20465765
73796712
68786855
8569471
47276960
11048176
20614201
25982045
15912845
17903175
23303897
77511132
87785458
75460226
11401433
3151230
36593839
85208107
11763171
73716917
75350940
53392375
83206899
75512783
8062931
40657122
73391665
88967717
82607220
92278325
80923192
8439635
86593407
55189988
62779649
17152911
39344360
31515900
7629960
34368681
10780140
42925822
91809361
12997375
39578449
26254506
45749123
89939896
38329692
3271049
90219210
28018468
46245741
29285598
76105817
85710821
32682535
68695754
82126864
2394743
26118951
3016692
25947967
76344720
50877114
49155893
55149370
69260241
41893662
22198097
1420202
64383005
86498756
6839360
66553931
23178301
76857087
22238906
89503658
50376094
35421438
65284652
9086423
39138764
26598182
70683215
12740349
91242729
57609507
40937354
14702548
5335165
53220454
63085609
35215211
35585753
62068503
71978987
6924745
65709757
30846098
42168240
18690591
59941661
23026510
13313683
67735357
78101188
1141117
73841141
85235593
9393975
24407306
46265127
25531679
3086052
52661104
45184334
83381244
34884555
90444888
79659299
14393508
36359263
30942879
86043471
57820470
83352514
26945933
8748008
34283104
59107096
3817905
1094998
49835422
72730249
53789493
43152460
74367944
59522228
20628500
78474052
48061855
24141212
43033967
92241624
40851531
54643962
69176033
88140165
84287703
55577999
50561808
32949771
34288382
47237165
16314316
49780264
111128
32369967
30674385
59503485
82904945
49992306
22616379
82470839
77032728
57769007
81758330
5274308
12928111
64392020
60405774
22072010
85956574
66694694
66594400
47307170
73530006
11386125
69592435
51174002
2405665
73459188
27414045
22664937
40372281
7025694
86252555
79893632
8477074
75303423
34299469
50012669
32750258
67701582
41247457
76670752
92144489
66035211
82914114
87917527
88664536
35731283
28122293
48559854
68672518
1756758
69386573
15818432
55614786
65385268
40202873
61685524
92491672
21357281
1808528
25913470
20844710
77450140
15216506
20421654
89951308
59215586
47162763
83069886
14740973
33452707
81283794
56510726
80896792
35906252
59713690
59084090
