42581072
69845177
68667818
84567320
20640209
14475933
65519802
4697438
44835026
38717095
88599838
74244502
55960397
77267558
66508150
91659685
25593840
42384773
72166447
88953853
28434370
19442875
81517797
50735055
9187658
67103436
49182161
66374887
22909460
24156964
56977996
72966316
3693446
34298011
50166606
65467329
81350524
10312660
30265776
35412506
84851517
40250742
2273626
7835795
94506152
32453076
229557
55893031
70721389
56606015
74574302
41650321
79628114
12958700
57243505
44469093
17089909
65777958
4174289
38379599
82071433
61264282
12791531
40582613
42755908
79682268
47985058
11320227
76258334
14546495
12654418
26786421
156952
10010337
88147256
60261427
3285191
68802335
52540103
2906708
66340451
81219271
3091703
17537899
1909254
28557240
49588499
90123490
25299747
18220960
41390177
90749351
29820507
22162238
72758884
79987484
47752445
34014176
39578655
12106776
61926572
71546364
62339832
32654254
21080302
75887456
52720173
85210189
36657364
45863227
67371153
86032528
76221441
41684749
41825115
87485533
94448870
28743857
78638484
26696695
66401324
16402329
37015166
63234811
90130843
56218136
43725929
25399042
20006380
16835957
12398978
3940152
12522665
81480982
84180775
30843702
13426249
52773776
23074327
26492494
11692758
82749624
37803902
60904613
10264644
34996742
81266543
89102497
42191119
87102685
26169396
48402231
35596501
23284735
91247274
87447657
67814681
68384252
56264533
74593181
78263406
55801884
2509669
22822940
75626914
51585286
66463664
27646410
62324068
81668663
12955853
82948125
89980073
78551357
92989115
1598144
92141
48825624
1213523
85683731
80034041
19625179
15217385
44315052
39163225
34138177
87086011
88255832
15434845
69514514
66399661
76748924
4064217
86273925
30349818
11147767
69379640
74138618
62859082
12853909
82257731
6967036
8019429
30011471
30697738
6670114
27789321
45474149
84766736
62558517
21067714
81380874
80536369
2824026
91888997
56598784
71954257
6576484
53631267
16548861
47155045
54203424
92172012
18490318
57618358
49224713
25188111
54293372
42199409
77229193
21130316
22059977
3487537
15816813
17998615
81338078
62254584
18096148
34187661
58952325
92993
12789411
40412841
4742987
13407454
6301176
9156178
1501476
39448735
22811048
43684553
63915931
5627469
43021558
88769974
44488915
88172723
56885840
2648414
62032222
30135004
47366729
4199864
93309084
42586805
4517376
25413877
22991642
29005206
90428622
69345938
39352423
18024850
16879564
66968188
10208222
50600375
45607499
61984459
23017467
5235344
30292133
36123482
75829221
27922855
25714585
29165124
128016
35970122
1917415
55982866
45638155
19099071
52499137
31398711
31900847
9929006
18229716
33725881
34993880
6180814
29814267
4438777
74213927
91450200
51993923
40270839
36415231
64824814
24633352
62149911
50545804
63201692
84888595
63417743
24181040
30846306
6250679
86923045
19532106
55805967
87487765
72455780
36987033
20597697
50804806
22594367
9856842
28203192
11966213
67535002
88418659
64067844
36288621
24147335
35622537
8249311
34545490
28783295
25472923
88206046
28780450
54686219
31487573
15138715
16263147
18556694
72760913
87576926
33906327
70039436
5120928
49303473
4363343
62883289
51993184
7939940
84515356
81689395
17482503
21534349
63753295
77819943
33288535
78908620
92081328
50356947
42861445
76403067
80355994
85519820
18245537
5540664
85139561
26723059
22930172
41038944
75534819
73372214
57275652
40693919
807656
16098914
52007859
73121367
52459277
71249269
92572997
41637776
10629395
64932686
37552102
7336348
41598775
20132590
56347931
58331348
4200820
42295419
8144813
53004275
26000477
74238881
31935770
57729567
54461129
38785012
26378734
79098955
39787032
2526789
90854501
85927451
69856287
9809572
25195985
59727264
1148007
51573903
38829745
66619087
13234163
37261114
40182812
1599082
953089
82303200
72845285
43828597
80040713
21177383
75527382
3259948
79403224
59914312
22136417
55721936
7915709
44145861
84544323
48045555
92242769
795726
7044836
83615854
25487721
19276975
69649763
56825125
59448237
71842448
87073224
83224791
80168702
71519300
49559840
86030186
22264737
53351483
19296248
44808490
29240705
64751943
7360342
16309412
33217083
94397026
40827136
35036075
88248955
87106953
87688183
49083550
69872134
29368011
38368030
92024102
72473099
43995946
88970235
88970238
41241366
90252157
29048800
24976029
41834745
4085529
15961897
93837918
6822109
62859392
21217574
85172645
80859605
78527872
44613578
41259406
76817831
82616861
52559754
40533297
35066405
42343105
12046603
2255656
17088018
52148101
11931937
27367445
73422065
92932540
92395474
3450004
22482332
58352227
73754118
18069233
48077742
68332218
75615425
18456762
23105582
14670017
6822144
14091995
12615033
28293540
7929815
50825782
48781639
77964406
18270440
45815177
72220029
15591519
51677987
53550934
35001332
91843562
37603655
76258306
55981391
45428816
61732255
64331376
61430423
28394496
73760369
48401786
2376929
51789049
89397217
11265896
191048
20997948
59942453
25639603
83268240
73605904
28344949
4921061
84298866
32110752
14436393
15095589
76777217
73503156
20301993
168122
91968090
74651142
42802325
13825279
5374057
67778435
20596358
28341799
83035802
73274920
79586636
2066605
16969734
21432199
57503117
83531120
24869284
9923961
36258008
83995185
77928505
75204311
94360985
55211439
50832532
33735840
25195152
87010781
76585890
1250105
43217561
