32228740
47612409
42510074
77475200
28975211
28498605
3037718
7832773
58648754
77264050
5979938
12092265
31697756
86650131
42546811
11885958
88164249
58395205
93944184
3006419
6444578
34012175
6979223
52055815
11388146
73499529
1202431
47007719
76707405
64582381
76045261
49277054
67972029
21222754
6907857
31661666
81473825
64489729
78283245
81763141
20370247
8544342
55592958
78532079
47676794
39329511
19727129
81904076
12992558
21181063
39567389
78832512
82307409
80224987
70289459
36094023
26889522
5583922
68825749
58899795
67564917
38642599
80066511
33725564
87244749
72464012
39751798
5772729
65203746
7518317
93641537
61140648
67468060
53245797
657822
22190621
41257804
42377263
71903831
12489209
52564943
77292629
2098245
53530619
36177002
30273196
52792536
70088678
5640267
22132024
43369395
42118229
35934550
71587329
49742696
57765757
92152704
12577664
87318554
12404787
579846
32630927
46201681
41048986
11044662
77293531
81839443
78543344
2163829
23026444
85173476
51981667
34660181
19962578
23479539
5225336
686958
1568777
26746464
1424596
91423258
30404876
64695682
57952359
65358736
83662471
29758877
52654725
23403492
40292686
85095656
31960698
65418992
33866682
10912937
92499060
25686974
77763366
94542874
9305221
7904889
63050961
76113760
54404159
42980205
93541007
81047894
56043806
93481709
84190493
41046800
41364209
38168532
34466733
3712008
76245192
64420766
60838621
34348644
11448212
68544757
55880424
63176984
36220812
77096744
67598417
4455512
8632009
36129285
86048831
44698161
56754833
90068978
55864709
59257593
32411898
91011915
50517212
9393164
9737736
84007313
81436660
50699440
26335398
10099685
22360509
38347947
53573563
26456890
2848973
20430736
82948054
88116315
79259128
92888204
91496130
45553382
29900168
79035148
7969194
84570488
11119646
62488028
52662968
34655020
49204363
87550664
40792540
24067301
25531644
21574609
18815011
23191886
25931164
76849974
50339807
1879126
4674653
27196294
91273414
77051052
61984597
20595908
63072914
41139924
54252112
38643428
62715069
46970495
54919493
66882896
34797896
27703001
29097559
5090884
83481028
50853264
75354829
64758471
42945001
59809607
78814501
43495919
63866028
54219587
5945143
41110335
19781343
61165876
57373039
42922148
8950716
87090595
87805628
6394177
54135132
17447072
77274670
80813121
3200214
65358854
35485783
41744740
52272682
37776923
93600007
24734647
4850918
75836203
22201777
23401050
837735
76946976
78860148
1276948
15496139
10257900
33469789
9372267
71915745
11373265
47392450
29026952
16417718
43923115
84153516
3182332
74692902
54061427
44848053
78121251
20047723
1585596
78003545
13097390
76339141
78254980
19855862
52632933
673998
27853012
90162874
41553771
33921428
56797382
62786420
5598586
67444916
86057406
25883696
87443411
48329819
70637040
47137996
5665033
79079428
74835418
12625378
23168170
88249381
22215974
4995276
66240231
72801188
65970155
76028881
3303061
93015997
87565038
39752495
26111456
55994091
55823063
23973703
87331644
57364721
66486205
48225744
49324096
36463768
86633114
49702592
80455661
47356134
51507138
23215523
38351557
77801473
26611
7105250
22514189
63472747
36120577
12791083
469011
30085831
1108990
80980270
37690078
34669655
25374313
81946442
16261509
20370215
51338306
5718070
56709729
92796648
9220930
26300698
58399134
74709430
