28266662
44031733
44044277
18583248
73732464
84158579
10305195
59970712
70065541
54397451
53426244
30688157
54867125
71252633
42255758
66351959
29951010
10184110
13455974
91528531
65561174
42084305
80112098
88688104
52837715
53308746
63075149
63811755
77277698
82762008
74368361
5294836
3762409
34538847
85014443
27220608
65885755
63179465
11125001
21665990
71416554
47305893
78214270
16406058
39440754
18245233
54731278
68494536
18431074
8107594
37526026
44780184
58442711
44491929
61315319
58100867
88269361
19797956
33627483
8804792
37499435
5238761
19420288
88472469
2219037
77095747
63671645
15747732
3453778
88839113
84319869
61477167
13055977
84936774
67504717
55900170
32168936
56268759
16195023
6979216
57515776
87520258
10856831
12743357
51349502
43166702
58824632
86327165
58479151
59163514
49274642
76400007
14556268
16737912
36230050
78943612
6780906
44879149
17884668
48382447
69182758
62450338
13548995
83224036
36825497
26740762
51826538
552639
51796485
31283037
9425544
42500794
74766919
45020655
67132444
58100901
78090368
25476784
29150649
58134825
11788549
84007988
2157086
65762572
25670982
85747256
82528705
90852461
2627233
61217009
40560059
33069163
14806229
27403451
62761866
35542068
66054793
64539428
87847518
55073030
40500479
58156755
6672290
68113092
35026704
93012441
61124232
85153753
39953543
22100395
30861560
43806982
43111688
14498555
66781338
36965799
45147348
44597550
18371193
76425588
26571424
7434412
9309344
36342810
31646181
71077640
27690037
66857568
74381043
77407373
53515189
86421678
1030341
7959447
51956218
48592914
65525878
16432221
20555497
62949281
73703184
28494722
59976096
57112740
87984557
55622263
45947987
72593463
65076835
72335170
73266492
