86273731
32183519
58485328
40604118
56684126
18687679
73872092
52199111
67746721
77121811
3977710
2976716
18914976
29471263
77122946
20693319
47034501
60130426
29119751
61951700
35494511
84995994
3275240
34791222
11911721
80891793
36144673
37688217
76616973
2307821
62028904
13974420
33075500
84689445
90968331
74379440
66598126
7780068
22892010
18952499
74972072
23244048
3292571
25866485
19601002
51355647
82555769
43282379
26057819
85421655
23517732
6887146
60148552
36125871
20998332
14317818
46521021
91031954
18131728
50211171
74211088
17407878
51249489
37470774
54945527
72587777
49509978
36825956
28113678
33758222
55277966
2787093
11958367
53164570
24007679
26522758
49444420
67956306
63351919
30395561
78446595
56171276
1107648
61457243
45456803
49313965
69812917
62373932
24084088
7143982
68689108
29338948
31276285
45561892
68066757
66479870
70738190
36216247
6526292
34449010
4206230
51360523
10015017
1042494
66032373
30047331
15856348
72553019
60555304
53557640
82402873
70777995
22872730
4279318
29414175
7792258
55717180
