67100122
29117980
86124892
25223950
18939948
22381276
42527433
36908488
15064409
3198211
38349796
5553526
31283331
15071375
89829643
34084419
83000385
8735139
22990581
61976955
73496425
79091840
24386698
89081882
81011867
61897054
7225116
83497988
53639337
40779814
48055497
41786714
24812718
25245029
25018906
23735458
31118131
43554434
46887040
10070823
7345277
729810
25110442
24287671
4094333
77983675
63502660
22641488
9224948
83426484
61814589
74855468
14825449
58052754
18088437
33203425
63502658
87847189
52551741
26796625
28184914
69046264
61609993
88303233
73087285
62112658
6317091
72222227
91853812
32308789
25683037
27805956
9240443
50623601
18841086
28293247
47692955
72210775
67229408
90665295
246334
23411304
25413575
70639461
82066933
17155767
68696700
80766051
19920343
90546061
48145379
34233182
80957376
985823
42641547
77803432
18441735
39266825
13549071
86646907
86699315
83642959
70132201
70982359
20128651
69658744
30502714
65095651
14708084
464403
84662450
70091965
81872193
42860381
4159162
92134517
64029821
21201584
46743845
66286575
82814527
46986473
34326791
77614349
92779521
85750259
37407016
92494659
8171941
29959915
19022760
23218320
77205931
89610378
65932422
14945332
21237967
84267064
9123799
84109274
79404100
57803678
70924459
35286790
41703054
72598330
77227817
70281651
2198159
68105982
16390572
27670613
91480313
80970102
89297192
55038629
73652128
26639028
