49290549
36147016
30005472
68708883
34422409
50904463
5118892
24528048
52389939
90543316
67934717
67303284
62781074
90046517
93071803
20715523
58176185
47182727
15616851
36715247
82395636
40665640
38506344
42019248
20235778
3496102
40711419
18348678
78292825
92961852
48649392
22990661
62059724
89047884
81072103
84653228
53416424
8015160
30580903
45564166
26995457
46220610
91964245
45422459
71468994
9870292
53993756
32535744
20294361
62510458
22214597
38925025
23159263
13567291
39432618
35054469
1480543
15719916
43808021
42112498
87962687
25217649
63715402
29097849
70168499
73553959
91324214
88045539
7102251
61210141
48150185
22256279
75008201
75693864
60513697
17892404
68338228
88007032
34857559
86073996
70387958
3410582
84649547
91459104
60134528
78847811
47294658
80396793
22546897
80645728
22018804
5980438
64468571
20533549
58366045
65384515
50007411
87185667
90130798
61138630
17231947
68771771
29021054
60179503
71897311
35763053
29926889
30533265
28049922
56558065
18497021
10454699
25684729
8504665
30752281
47352696
26782311
88260423
67203391
15743333
14612855
71429732
43487458
59406144
63995695
31469442
47867462
13173744
84843500
13743481
25737653
31812513
16895027
47650314
13139710
54569215
46255595
26326780
8471141
74509673
85423805
57701976
65810338
42645930
78938527
28768891
8902017
63355932
51304900
12101716
54772544
28719211
68879951
82960228
25526065
18927903
81354909
46805776
37444357
92986373
85161152
22488214
74380465
17612391
15503762
8953481
48342288
25425178
65327437
47044340
25622939
52449430
3586626
77166393
34588422
25878278
43825457
31911587
79429666
79879733
64975454
43001317
88228618
58830657
13298273
74665801
17659730
56496322
59226332
11449844
68093319
72089779
47112879
82030858
27176968
14149627
50791909
17426701
60370236
67306747
45868054
80946660
86626462
87318831
62076456
32548163
89493022
5353596
48927817
72915911
73619190
30290484
11796152
55296419
14204430
10997654
63532744
49588473
66164310
69708017
2557512
34500129
71079693
76229776
61701208
40418573
61254671
86171230
25243912
86332520
52588957
88921249
30623197
88690386
41820416
66875819
46078103
61730852
32817092
1900117
17049727
72352431
29917173
35696970
52265100
27699985
22665224
56202191
84502935
2794250
34981657
60881537
25167667
70174470
16399736
20457186
56219990
54068895
82911785
36131372
39612050
74308361
32754616
12192768
15898931
30270892
71993000
31180413
76084217
92403455
71886632
78594630
38205820
34969656
48493530
77898244
73110723
77532285
46178777
46189444
86337722
79382482
45195747
57940829
50892602
22849833
26321833
49516410
1680146
36185050
6526213
39836824
79963543
65291556
50095148
64318666
35347983
38491233
49770255
32995246
41909320
41598965
40712705
87905423
75813718
79242984
29390326
70551706
40331033
8237504
6722334
40882766
83342121
88402067
19715308
72908320
38088001
80894596
43165968
22053271
82296831
76196909
89315847
86730559
62825226
54112416
10776316
66671857
64764241
40863375
17786899
92960753
23916300
1274459
35428240
63469164
66335189
74445696
1391855
18625470
80459324
54274534
27378337
57683306
21254806
50404871
53396153
40057188
57574538
11679537
21541715
33218899
82113235
92753534
4946820
4326619
43087258
81301630
31991508
49002229
87011886
71784421
43467767
80379664
78124185
29030160
67308385
79945994
32083477
57832764
77410301
6101547
3458260
10608876
44285235
89555160
67396712
64244877
82044228
34593746
5269441
28327166
89322387
85584340
40657486
45819983
71091212
56278811
62219262
2841166
9554497
17843435
65700833
14405148
79322986
36752007
7748392
52721307
16815540
7736387
49991150
66706036
71002847
976183
79409907
17450836
88337998
77286884
82894765
33053749
33195600
55671889
9778873
48888319
3283306
21762693
57323554
77976886
36502922
39651902
55863880
67767411
74027505
8056925
67431981
92926108
54105102
21578635
26971492
7664274
70645272
6395368
28474040
86827046
59690244
37556386
34355597
57873357
48114821
6760060
10250601
28677097
3124095
50618759
44256183
91005085
81683639
37328652
39606654
39066667
50780717
34599741
55793154
85948894
74724365
20038799
63742460
41359235
38342647
92329763
36846964
87746790
76314252
37113058
73667065
73997652
89786623
4796076
47212247
7771406
42673141
43827208
54087578
51808198
65915720
72691520
36821288
41550372
72536876
81950331
21339032
26965514
45757635
64977453
43365008
60719109
63091725
89522590
72703687
47051545
43467763
83994098
48935662
44698636
58021854
5236756
78574761
72712216
31127482
43077971
31893029
37566275
66146129
1929657
35259391
55956059
91480632
76574627
53892195
18659996
35479244
12592814
51433667
44496023
25501689
7186594
55313820
59712567
74815645
45677718
28655485
19927560
36074324
1036591
53139112
31417868
87510794
46875549
90480421
72354866
55903159
48713008
52338353
53076571
17540637
90064928
1785221
82533428
37558
50245453
10823825
31413885
16240120
11121971
13265963
25257854
26078803
3142171
44849132
83864110
28113127
39338759
58021991
250605
22997654
55841171
8489508
34483628
3196933
71655032
18663260
79939813
41729938
70331248
32326326
22697731
9934406
63605815
72654149
26603904
9158873
17724946
70925416
27773825
73131155
11853677
83856129
2545712
9732981
25776185
48782570
12760249
58595709
26445774
