8263765
3160561
41389901
63894826
48434092
59582407
84893021
90697351
27048643
74356660
79316227
61336928
61039067
70053572
89246652
37512050
23818183
59318266
14068046
3789909
85640984
91934674
49373634
8563252
86735252
79125328
54318760
37092761
76022167
57473790
25869141
19032132
33560497
70228821
86471251
49326
35080121
67006580
82158017
30819552
45144081
2643545
81431545
85856540
20846288
34901547
16663063
94139620
61887019
78875661
53154405
17115306
8001777
19357154
72876621
9762613
39458819
26658265
22877591
44992163
85755687
83335364
53001929
28569458
66724937
423383
12533173
49223012
19592714
12498528
3262377
36966060
33532056
50352828
2650458
50032257
81843866
71591309
51117193
41782640
48499820
59262667
19193215
88800840
21995141
49952498
82843831
5418597
33040417
17657044
1076041
50334029
24019814
7968953
66572926
85086626
82884786
59044940
25142612
868930
85764072
90793270
92434593
35870611
81646240
74052045
85240268
68376802
79055959
50601761
62488435
40230645
42092884
61495984
32230828
37359164
83471374
63676240
48302485
47990551
15449434
6564047
71970701
54200648
51395158
37208927
27620921
73992124
28855461
47160273
34034678
8400141
87690446
63564655
26868919
73997767
9545499
77794346
64781173
91641166
52291230
91054687
74663065
80737478
86184738
90151544
83644285
30732226
50453679
81583163
56872160
49166250
43625747
92535370
54554579
67138183
684145
13802344
57280642
50642787
62582061
93329744
25356622
91083608
11924679
80261620
91906562
76684207
37685895
36115899
63786135
48890630
37942496
26572571
36343736
59044923
15522309
90516702
