269598
76959751
54414171
59530715
81102320
14761048
18908251
32865022
28460973
57413231
58948905
72686916
82812332
42508670
41653253
43211852
7665494
65247763
77077363
16581142
90255393
21610564
59606028
69866019
17747181
54071080
88363310
76494344
55812506
30684475
71051521
55786165
93858114
92630623
3715612
10783819
21481589
72308560
92483800
94628399
45847190
31439948
14519631
5756462
66753432
18888545
65564639
40963345
47797552
60925453
20453856
85667472
15035164
13026600
24651534
46584936
36549785
2988170
15387519
76858431
5965836
18584071
82394922
31236900
53006787
51442195
86847456
37049130
12927494
616933
28445348
70189711
60021358
3411800
60600370
83432572
52588476
94056066
12583157
64072269
94082269
79309823
66998794
91972589
37716283
17618750
64426878
45926679
84057413
85479047
7814178
85364331
