66782451
27105200
76371874
67338635
72517667
56144863
12576134
68180457
10315119
52891287
24859282
52383411
84995589
70132585
80358774
60714334
5860382
40757026
74684418
13517168
88082600
58387876
51077946
4161889
27018513
19327812
56178857
68275450
38758050
66606857
47823067
21722614
17645638
64127644
88767401
57293496
24546867
54485095
89041930
84265387
67621195
60334381
407755
24140115
92818671
62697624
71731467
36689301
48805182
82005358
23803874
83777725
7418453
28124142
7482467
75552555
25797111
88380234
37512060
4625684
28970498
17622080
49187844
71693597
62473790
9165559
36331926
39961381
10779682
24136083
42784500
76828005
35134399
38623933
40379982
58331072
23707142
20631483
41188248
28480433
82166351
46246055
21203813
87605238
52478086
14664040
86109593
62918722
39194930
71736804
77111144
