49123119
47856106
9983128
79407584
8779303
80751457
63831502
35938150
41574987
93047250
1628841
52466154
24316774
43296654
75014338
43892660
82418383
26789130
60313897
31115137
5144734
42938215
53352712
52370335
58165455
19626815
28318538
14813463
13381399
7208925
24178836
2754701
92483404
27724542
60823108
937993
40889004
3951721
60779157
69410080
42563333
21160912
12057671
11159929
7299288
48316909
25723634
66481094
8144864
80060722
51145726
87539474
89652889
16954920
25558895
43832977
62964601
56613024
8990477
21577676
63880324
73777155
60498721
2566279
19874072
22735792
17220562
49058285
44358307
72162199
68855240
5838233
55583198
38306324
55401548
69700739
3672705
15541778
12095960
44154697
49055126
65043880
92976007
11415229
54410006
85886231
30323517
54616716
75816100
32993329
75362767
1918591
76374065
11584504
72132828
79431898
32987273
80547172
23731516
64925757
40509195
72495731
41528422
66232533
2970232
21577704
83153830
92737452
46590257
10093375
18377536
3604008
74342026
45575426
9189005
72812330
19280842
85181877
11352599
5086400
12514940
89263968
76740779
91637373
13242379
11484824
85269849
51854680
84300359
3381791
49329355
75117141
16619026
10827477
34831028
49426260
31401615
25247238
55104291
26636601
43942333
39623613
70099740
78111317
2325320
18885116
80051345
85596420
93009229
86296912
21905555
21736493
24310674
79095479
33256256
89275281
47394872
49843367
64703578
49200944
88335871
86314853
69832353
84642145
5395633
38292548
86619725
62868275
4877277
35967690
6735650
55333740
88774313
30247286
29677452
