77523584
45957178
10592454
78506535
75829907
85934546
90783987
44713325
13294347
24337143
88133874
70317305
34011787
16863458
51513764
33204627
58724848
77665069
86766388
13460007
32236690
61104733
94449141
20009065
2537861
81427701
51500447
69465086
48433938
78552640
29198299
51565434
57110837
29416097
30741853
78586782
617691
27781227
79254839
69841888
29058633
90784674
30470463
81169185
50592137
58356419
24264026
18763944
72629061
14130554
56054537
2846787
88465458
46324871
66449498
20315978
690015
56219722
65216199
57507714
29959906
34802623
13904263
79154217
39156244
90492353
34500722
17857612
62473474
13270216
53493413
93646908
1063026
56420365
9088077
67462451
34955687
1221354
45632083
33558678
35391126
93390884
9779925
32119612
13954894
45702325
46338671
71502263
83848005
66410972
6320487
7461365
68334568
57526193
52300582
11917035
57278691
62357250
33538421
77698759
87301364
31854335
74916410
51172520
76516853
39297200
81866138
24406639
30242566
35210111
53484566
18360077
69841885
20139268
17627394
30632090
82933669
43747617
93550521
65594404
51639033
32733833
65562061
52309748
5757462
39205452
43182831
54989904
32955112
1814230
10385389
80105144
66820329
32086068
45334729
48507999
57498773
32827294
84716961
81169003
77768939
68311830
50811690
15512951
39832348
85642696
68872283
4417387
33450652
70290933
13195301
70392201
33822802
91609906
86265459
27763572
63021244
94079387
36410463
38522806
23356691
8608031
83572299
53630423
8975218
16326308
19665825
3903558
68635947
14815117
18641364
5062165
79488684
1417548
56390425
30968587
92023535
60755396
11033539
83930707
25988416
69865209
48612314
81233928
22429156
90985428
77065961
93534317
66680019
71147718
5752651
49496276
55261503
25537544
67340448
9920394
5438829
38063311
56114518
90496883
82093949
46846520
93013022
48114277
52555989
12424422
74244132
85430436
44821884
35037143
61379430
4509431
2418018
72777482
39891224
60841367
85989824
93977943
26405979
52445667
30023503
71196962
91075488
48730332
21259852
49062014
86601352
50026271
49226367
69882290
28921325
55003893
89091083
60998338
14185797
11682516
18616536
43045265
51404019
70374019
13094493
45839264
32808044
48912421
24591300
77368046
41414716
2315637
23435578
36203382
14912461
20294956
13943199
9023078
62970657
94307609
60563461
91349084
53076684
43021818
47685125
49763613
33371005
32209731
