59595330
77777368
997295
13045218
19107265
58028904
60167242
25807714
41334656
29640152
24262958
88860983
30459309
16289722
28361370
9250110
10121327
84008242
64741950
56736682
24450794
71470281
25688848
62570075
8803026
80468142
30593289
67935770
58579155
39046969
82491889
44882605
324150
74723082
79645611
57688987
34976346
9763685
44727889
69105275
51810121
94110674
20862545
48149769
67965418
78893251
24245890
5108042
77737346
34401329
73357882
65834508
75176173
69325067
42694409
10791616
11826602
77941063
53026161
40106895
67740354
48977818
65180926
88052279
90841736
10324247
37620452
43478823
4295453
56576214
93159794
46335707
27636175
57177163
80595766
35472357
44921560
86540886
28487535
57459023
76622527
53688132
58779991
12124522
77329546
43567960
50040787
66712851
28541606
40880679
25101472
38418069
49189955
70054361
90830307
58389280
58685937
371068
21621673
3003091
81576250
65070026
64867981
30475295
44440620
53085362
60119185
43084314
22961000
35648106
37499232
43217085
2398485
18580174
75918191
68171942
77158144
11244035
82584359
43759380
93603104
78267022
78694040
5219526
25197896
60048745
26598394
38060228
3225103
62857833
35694229
49461220
63326389
16464044
63928270
64164067
76476907
74436361
81994212
23261842
43762352
5589140
65452715
86716599
35845485
70524009
19853816
45096050
62734705
1323238
54626582
34169168
45303393
7002407
51986321
91998614
86114379
76842613
43899191
66622885
11039169
37643060
72892485
79876204
13585617
25947181
4095277
51357043
16996681
26160829
21167964
21492057
14710637
12195893
83392038
5870584
27844618
11295689
73988378
57926847
1564134
89895463
76032076
15960603
64535671
11126229
40789191
65929637
89617885
79563998
50692459
71398685
28874777
1144299
14751622
36412166
10022774
14660491
55837678
93121716
5590872
57997193
27852146
3566260
41042014
33556766
68330749
66974247
17399654
48229203
24867549
3729734
18278096
70953969
52587194
30955947
80918898
74575772
33791252
34348021
480591
17364371
90143444
17031979
48950674
2478364
81818773
7674017
10817385
64598560
38070767
20504052
43140678
85032899
62369772
2000120
38263363
36460018
23046319
58151353
57093502
34929056
73134841
37603543
84445052
35409407
5929184
24360729
15817156
15817159
72104543
43001768
43319669
44393223
85969123
39219359
42488657
41007318
90633114
57788331
81884923
31570158
1014353
30546032
40030489
81760550
57353541
64315770
42481045
81150323
800489
14853754
19493776
39270139
61255596
17558684
89294895
1984334
37410577
77642006
76113603
8430462
67634990
22676992
76162440
24292683
59632014
91820002
70279302
40124587
35556143
32882629
25249781
62427838
16000876
20500872
23142756
57437142
48294819
48219675
18703591
69687330
70541137
22974383
33152490
83691944
83691947
26656213
26656215
53898501
48121152
15939264
88598617
91092992
62141005
33966219
40565883
21043446
73490323
55049328
54315121
53423313
1259546
54843607
88357785
32738190
69180813
70438656
90968040
13029101
76428183
65022408
56903798
40592941
21496979
54211931
49299207
7390536
4618729
84121305
41398584
31261290
29030837
114286
10894306
47694288
37560761
72128782
79183391
12160842
8635491
90813614
22513467
12934855
21943713
76813244
44480594
2304526
15579118
179929
32601036
13948232
89159937
15031610
41058513
73030162
36727351
32880479
45274217
66825960
66381584
89727780
73309469
84071349
78795487
7086591
40092796
55425435
24994852
46814410
16208251
35899516
93576860
68049791
22856247
20346232
36682923
5537262
56816793
29025341
51076179
29204537
7488035
17046955
32417005
3750139
50338099
91116991
53682332
4013003
92111658
21230240
51909703
87738839
72343078
72241215
25506855
57909031
14416008
75028403
52926254
41296864
73726132
60335973
40159794
73953692
62877991
31841715
75060289
30273987
79633885
85643865
52339326
54066123
32416224
45238148
38486311
92813335
30344109
31051242
7320155
81235900
1165540
74263895
11205596
67101712
60877339
41859053
52609852
20735254
25218230
75793339
16432761
51865435
14505136
