44562024
50807176
9115102
71092544
79523961
35807589
35235123
42826854
17122912
44386830
3224745
77287612
25262177
84506643
18574871
63887528
8770086
46119333
22428825
90236278
37465347
37715922
41242018
46384526
18545969
66062301
5050919
58951552
17291295
4058641
61109383
27435034
22513117
72543556
55347486
24143175
83463011
52550495
35087666
38495018
18745304
91604766
46287912
22077589
33741603
24487993
4634698
32656840
62677090
57598831
89182270
16506276
46681318
5387231
70492695
48373047
56228092
61751943
85052998
34420861
56523334
42388497
5288354
11211502
87778639
14838130
28834281
28000832
57711823
85754542
19586830
738646
32265796
57451970
89204613
64691686
31764541
60195961
91341133
29678014
44617165
22293508
43671377
42796939
71480212
15263413
88134369
47296722
45708839
67701848
30850567
6832849
55205847
11095827
5860151
61945288
22328526
27224859
81501526
52141979
26516721
55758780
24230237
71363527
43586149
92926783
34656983
24392312
90974206
33802933
72123243
84993036
321387
48917564
17246553
89925018
87272051
56322292
33466021
35171276
45769660
49989108
78910067
4873825
20179199
92549935
30216811
1954623
15190324
15288999
21405005
15840775
10833761
59279386
76770646
38708007
67131360
17666688
50316476
41446305
14423846
88528050
25711889
21434050
69424330
39596344
78870104
81314178
35044768
79044062
14533268
77680391
50916939
33076592
84404408
5675078
41524866
45269338
87297817
19840817
2835051
52916660
53864955
92470322
214997
91646051
27047600
64582652
27112321
33738457
9014363
24261841
71891293
80712040
70915791
