53656806
10217596
60451131
76780682
10527407
30698067
89231924
53739910
2374824
51973159
3834521
31941640
69478869
39453388
80811620
33904995
25636342
42441010
64799473
91823159
39489489
82372913
86630623
55140877
39305535
12194510
46985306
40646029
56920803
65801182
78194715
9485251
10054861
41827789
57384842
61659944
20966288
25861248
20289542
17245437
11199439
1954578
89700651
80938945
1412833
86216245
48140502
40834703
38941527
89403537
70273703
81503703
7851368
36662509
77365755
88261569
1891734
80798082
59444924
4769924
82073278
41178361
18926391
22025027
39865694
51428952
11566493
27724941
17637196
77891092
63172987
3385867
69110684
36493156
75233787
65996288
70466123
34330912
78203200
61281199
9485247
75744084
18008837
12761015
55787701
1859056
31413661
55507343
41578681
11747703
67212689
37084680
73092907
50619161
90046983
20003955
76757159
13377823
30514722
37951425
30616827
67101782
84066246
91224488
18845420
61918789
83676767
3096960
9468383
81471346
19486174
12737911
29716943
68709274
21843201
57779828
65288824
79343280
1613636
10785299
90552396
83857850
10251119
18738661
