60575373
76742520
59666254
1874304
80363736
71553614
58821535
76130009
44068133
56837113
64625142
11706367
40572259
75817572
47444819
4542520
10534288
63183490
74356393
77577904
56413409
56831053
75762814
76243584
18887482
55056620
10064116
91496379
6161598
72200110
82595198
66426594
116184
10456238
47618422
28577084
21716801
77200237
64229174
8723644
39863133
60497658
65069497
18806681
27671927
44678460
59829587
53711314
48532907
90332316
73622768
47235708
48055516
27133921
85250055
52639886
36419030
5248941
90392508
76448646
88348922
71379687
19472338
14445669
73970508
43058585
72758281
9447046
93057098
65209941
60028978
32425882
47478459
81567530
71440131
51125619
67376932
32698888
4666217
63298763
20447607
81357402
5283096
28439580
69882651
42115573
67860971
47969449
83667145
13943331
61967248
43812669
14430533
56763628
15913545
35568978
42349573
34041699
50276568
22811494
