85220398
30800803
90734396
47480910
32283390
52013244
14345410
81487327
86608086
48021221
18783069
31036711
85226246
18899766
8244763
39197986
20782760
21550107
43322696
11167171
28289104
36722201
30477297
20824513
14385596
82967314
7146927
9301871
11086154
85970650
1418643
53069230
63543069
6426576
56773496
7166745
82668352
24701254
16245410
10761153
4547121
36505110
65044232
92713391
77505637
13546656
23239659
14115747
43434453
29754050
69788747
65120908
17935915
92271482
8063122
427231
24277603
43306146
74256504
49218590
70785942
58630727
37696773
19918871
71587752
82131159
45373518
69237165
36616477
18221246
54143049
4432477
28367242
55740065
51883615
16370593
78458733
72050394
49944080
20164210
25424586
76519484
89085041
6390983
82391080
1808131
9916680
51867052
9362294
58667334
12071299
44421454
61821128
26948678
22654412
34377681
70940532
5349061
3159686
23393289
82331438
81698702
70367862
41167940
29310800
57094366
1055804
19661539
32180030
71799987
33610244
60857605
21812678
38203612
54303184
35412178
19766269
59066411
81994029
60583467
66923707
23065629
17525657
