55934952
79720972
62176442
24265732
34637620
29178568
50543330
34757314
32793433
37804429
26543375
23038395
63119774
38095739
1450612
32897621
38468919
53683299
74581560
4546946
88057042
5545750
2337355
92341612
26884653
50393866
50112137
89306185
40528822
494015
93438628
43452553
93328627
41121315
81827338
65011732
48526498
21900369
64322394
6832243
30194615
37405925
41126774
145571
20191163
23156926
20996473
46882123
66173747
58280367
58547604
46570924
76162906
83970370
82957268
24637169
31037032
56403039
39559220
75171694
40447645
70983844
59084816
67966330
88135704
88135705
34887670
1569431
84793497
20089983
46040471
50521030
84382185
46085868
69122500
39192864
92481565
71823441
91817042
51890314
79373413
20119881
12566456
14696257
1873827
9222456
2185903
81012751
13413712
61573265
37007192
25020937
25347032
32735358
42768663
33114568
59649944
26926551
15280177
51458580
89017307
72424164
74858141
23098132
23578088
58640128
85096881
19327146
13712675
86074955
40383499
60596117
25116835
84431678
26837733
50488032
32142814
12905271
5103549
55922766
4664187
56802016
16692951
8585048
33484282
27203311
662695
56131204
34781019
86964084
70884444
32198248
28750969
64875386
32629049
84793503
45988681
87606905
32562421
26842884
34510808
71167186
84084334
83918429
85109833
71707072
19639284
33305435
61277737
64804529
56931410
53179930
26021530
1809492
56163175
43783062
24342691
41990661
37728662
75182532
63157303
21292336
83030973
59969599
20977249
93784672
86529042
3976549
12427256
61539676
23859833
9361320
34819532
79237000
36277963
40193548
36997421
11915904
70982987
25909795
53198479
77061202
20188361
17339053
5289464
60387331
2357605
80117313
51262381
49287206
21118522
79853144
5852623
17643106
66374746
83235305
18983848
92202852
17164362
93292204
7043716
50485394
91706172
80509032
50659883
83562178
75565020
84584832
17971800
60019069
36406439
13561571
45439176
2438896
78935331
69166604
3792253
33501471
6591952
58152810
25474484
3161885
53603859
86931492
81048615
56828656
31654105
9402679
61325128
64239646
63235996
12761250
45896456
13662493
24975726
50154268
49227071
68964334
87485168
22752121
46413852
26459610
49793078
81173763
92984980
77294395
71311829
20990865
44165929
60160688
32739754
55734762
11126806
41536552
19745703
85278468
82383285
34155251
90710800
17705931
77929814
