19014695
43778101
13553132
13553134
31363796
31979221
3933454
82083489
50618107
80199801
47676702
90577869
21197750
36106097
68436364
8282286
35277941
7066689
18074634
10541671
54530256
75706471
60332473
67477676
93915450
39483987
75424770
76711337
4691500
87562708
31655295
56734468
29321503
73901500
61738159
90650456
16309819
53339887
64095616
86657372
92084436
92818022
68907350
25161517
83024680
33708505
73434943
4870180
38071611
71659517
12098444
14417942
82685344
1248688
45025039
1167956
76870930
76834081
67095601
36463071
10544782
91966368
3275092
92215103
20681242
33660112
38094642
54366550
46238301
56117795
9434250
55655280
62512836
42461740
54667539
65901071
21300427
88133533
83399284
13145455
24650371
32796485
9855005
8923631
7954357
38219667
24586899
17642131
50897026
56199055
27792796
28736444
61695632
55145691
81245467
46216280
72255373
22101718
59426434
58133030
9350311
19665320
14754083
8689711
92863220
42589802
51844350
11451116
39116867
89542550
41385135
65688180
28102033
3270964
52086105
83626958
40945718
18981579
11864074
88772685
47575359
44148578
10363598
7838581
28291494
76609659
25751943
35003209
19330914
82042445
87254786
53662808
27792793
2761593
54010874
67029923
50178745
57900141
86178388
69832810
27906920
65731551
38376942
41886067
32040219
67188270
77451988
81968185
49971981
31006641
84426521
39057343
59398783
33935154
37439479
23881521
78042493
87570044
50919429
12988411
22538182
51414164
83241006
31576084
8348546
11355721
93163935
91407001
37546953
15347292
83110801
19687290
56203646
44507652
71076921
35186785
6324049
80732258
59866280
15399414
79621
26792394
19685888
13626412
48881249
58312046
50366114
11715197
72250615
20899532
36230433
51007058
14768147
9037554
46070648
90292687
80287633
43958612
33052266
685732
4495221
14354283
66108691
65855971
54735779
13428098
41516244
16785952
60485240
28799534
44178853
16565147
72933364
52413544
61955522
9871970
32087454
75738643
43310221
70353973
2180996
47160996
93915446
42251536
84245070
11266606
2095431
64884624
63272421
10001718
26138125
4949352
33719424
35055770
81706914
18188100
85253215
1788876
57260538
1337477
3865234
80554349
69545066
63176801
68236192
53379244
91823728
68877737
62094097
68918971
74791076
80876485
54676826
83403770
69520927
28852911
5290853
60753370
63546456
2436748
14456641
9467445
14321936
54494127
39818335
53713978
73545511
79315918
70963960
70049741
12018369
51446416
38691880
93218191
4887704
55835516
36091414
88214954
63569930
6750711
69483381
39718682
58086664
75061413
8507971
28080839
87888361
34355283
37679777
11815449
20406826
15553442
74176913
30557484
65801105
69365352
14352581
49874659
10324052
38372636
27825237
76831137
22670906
5274745
7764185
77202497
53653158
49648638
66161416
80795676
75761053
41025203
34339507
67259733
10492052
84152528
41752306
18914920
68720588
90373752
33778552
30024657
43451382
63413254
79635114
2596647
92068229
9162602
92174788
7203340
33179417
84160600
75336235
33241152
30465611
17392914
14655194
18660185
42440662
157244
71530406
49626009
21828961
25240205
35570732
54599037
5416095
46640217
41285938
7531147
79909037
37171440
39761567
82263349
33415451
12268359
53052518
93508401
73719205
45557225
62533931
14001314
26961096
5812956
9412848
2625754
11207415
91001422
25917603
22879121
65839678
83948009
65099630
38635184
1418099
6292284
83990988
15551
65342216
53724053
7436513
82343793
41038753
45950369
86765766
59925889
58962871
70043006
55424138
60382149
49596490
23938916
85046789
45418343
62076210
5218858
37696338
83093763
15218766
8795557
32114087
29754214
17185395
18102205
8178627
65967858
35700431
93330144
33643994
94663680
40633342
56260296
2044443
30243484
10477341
4610691
677488
37279361
9141043
33055607
43663964
15957458
38814467
19245055
72648835
68960509
59957913
23655179
49764944
43939841
70823418
94577010
48925828
58405606
49278775
77591989
50671303
91180971
12269185
74185078
55370603
67444642
84028938
63963877
40274772
7174624
36328795
21850644
25819271
53267195
21820678
61624112
86313336
47613450
62799530
16385340
18002419
14734731
40478227
61849738
50990702
28837138
82447820
17573180
76954167
55320120
58873068
55516116
47013648
60643296
84780761
37555099
9605299
63079293
66008077
27219707
54805290
85576076
68614486
85391241
69095165
49415577
69022275
35156986
45190900
1115636
31612563
20152683
47418836
23823964
80876803
60809280
87539772
63590075
44018236
72483085
81175251
80654740
13722793
66836478
73969882
15094761
20477038
83228412
28890045
93512694
87771523
18636403
85892488
65583714
38190616
79365852
84293104
92207939
75033617
47748288
63324110
15480326
43908032
40106314
58342623
16296057
42597375
2943730
8513768
93357063
66698397
87647365
15644665
40571617
3016210
54175279
69619070
38350965
5680375
81040933
62530721
55990478
60242104
93318895
55388097
19930738
15517928
37351782
61361260
51360238
59177405
55490243
28253662
62553841
65559981
90560217
16452260
26163047
50212814
15768232
78661218
41935049
6830892
21319742
81303907
48240568
33834926
14304600
55352321
21205827
20351347
52023800
30466652
24632700
50419498
94669939
40022355
64127869
73016598
58300343
22670910
35951711
22467176
9656844
69274413
39858169
29170034
57609815
20773176
63105581
78101962
62959251
50840355
4360974
72282660
3608401
13531863
60118382
91770256
87734142
22810941
40363362
