60965662
33067626
16868714
47518809
35899010
81355326
12192424
15974434
11830261
90693103
37662295
74024421
11948694
42222553
54782919
69792825
35119847
50460948
55761409
41401963
450163
61841120
57971724
47611984
56984646
89371891
45211444
66942788
78026971
93612801
91464669
78192561
89527767
75139201
63621960
92621303
45774725
76204561
30011520
75395232
77425746
82472687
43134552
62392979
47390141
13038108
69172058
31924755
80573587
71384737
21505788
74966828
36767302
45631187
44018943
93221742
58738587
12989617
56922273
34262703
33154258
70848701
60848513
21204788
58432108
94016869
