57105013
35578992
89172444
74173876
62122821
44333096
44693714
80949775
83911165
77923599
47221096
88722473
14703606
35659432
88928541
8124265
44338944
26233501
65012034
91815599
32464825
36847156
76949493
87415227
39906585
53390823
86579323
41838305
88300057
8780880
61330175
42618803
51166009
2662954
63809654
19084530
20625703
61536566
5226535
77739318
32877367
50338937
90078371
37036408
22900848
56703085
57903668
60219228
70084128
12067477
48443061
25048802
32852538
74817560
86408438
45820198
