28125918
42018530
90065753
79475174
23014883
62437815
69314647
28616671
75110381
90382528
37508206
156535
54413504
11470589
17671762
79922247
64022381
32896163
92088552
50506354
88561186
26869970
29833842
28171615
69462764
2297502
412330
52548778
15991085
8514057
32453090
33769848
53847044
48277288
34141754
44365682
35321267
69396025
32636540
5191142
51986767
110685
792375
24800483
23177099
46278471
94333100
72370395
30242192
60198666
90329777
82386237
78752019
79529996
42883360
18801305
54168389
94621536
29047681
20305123
4544229
34957380
3006801
88570439
32440940
13245517
91255763
43766109
90446552
53614963
21180472
9247006
39692739
27764490
56641805
75348455
18255728
48167861
22073791
84779642
41087207
65203908
59049981
58182339
25765222
80323562
58310760
84498186
61397171
75766083
66349707
80093521
18292972
62985147
37370525
26512968
32249303
3061527
44388045
53039863
61118357
79989668
46005747
81793875
24068085
22634639
84852008
3424663
51221432
28453985
75163117
63411452
91995341
51884705
91432138
7490728
82149474
81690045
5767195
64220681
43051631
70090617
53649335
32307784
51579726
92034214
85727418
63451385
74179398
50543655
92385397
6237952
66487089
92824819
6104180
41930003
46176580
90480671
20087520
91309659
86370134
2645233
10672623
60458270
90513720
22153631
28234591
81169117
35595847
2186946
3861011
18339136
