1357900
53330291
56846268
23003940
32455251
15319452
81553792
80867173
17609239
80162175
19226063
64053212
52928894
9852987
64468333
92380974
22203134
45070335
66968676
4156542
16864127
50954583
38053985
15587523
15587526
86073004
34156065
50034714
84231111
4168498
36114714
85429427
34906779
17677781
92611941
85482
199577
62719020
89325839
17326072
79263372
89085731
81358247
77877092
29576136
91585448
80610654
39890881
25894466
53884898
1888149
2576786
67874569
21345575
91342630
17557653
71696581
3635109
30185003
78742916
43765037
33803318
56323469
52063391
44464996
44799544
85370209
85505202
81560494
37949082
92617233
42944387
64089653
87067262
60820710
26923476
43526703
19432480
56220789
55020786
64693476
77157045
4804349
12940972
42190598
66792015
8474990
361856
82978606
40165256
73624685
377484
3206943
81435348
3806794
85429430
49304996
65198237
39803796
62810528
69187893
28182452
43204399
93075204
56327989
56327990
28787672
77615207
70318564
54799134
59897304
17099673
66185562
4709386
77714615
41299303
76820614
36750274
44143482
26358585
86031378
27353434
49504493
56015705
30164964
34764310
2584468
17861289
74281088
16614022
69508468
53600323
6620997
40637264
81506450
59547193
88812244
30330430
14849818
18749801
22592287
68819416
91633819
87014703
31584632
68852334
35228373
69724349
17402199
7983334
89518117
17032188
75816954
71723006
17528134
25387032
31104202
29102307
42789358
4994621
38580269
4597225
30106986
41060411
76981660
15224216
89140180
82694782
48869689
11619346
19046074
78899435
55666312
74315341
84986425
25104274
74001357
41582655
3605517
39758686
18423770
26991310
34664675
36522967
47694915
66217826
18082940
55420279
32488670
36055736
74312951
40984299
77850833
40657754
60022191
5153623
50546618
50546619
32792890
79518655
88318274
61814968
35017358
87238046
76078256
7539167
60274198
33373380
69840683
61590757
91977384
88396408
25352629
62873740
8292736
64049185
57690870
20658199
79892826
67295768
67295769
71406932
64466068
55791445
43691017
91750484
33586041
35746764
70188201
48045776
73272726
11888084
79318390
45458261
27852573
33828989
90808730
58436455
76894779
20197466
54282457
60938795
30691179
23002395
50228622
13504135
8858672
1503234
14859248
89600854
11458486
39012492
15720572
25882924
55303037
29493530
953794
52864307
82357700
84811366
29849334
64148960
63942096
47104361
51034823
26689154
59213465
8858673
78809458
89855897
45856407
634701
64535127
31475183
6184126
18327297
4971797
50980812
64449742
34517220
47980704
35657880
90420188
48684118
162729
91414071
56548411
81833207
70573597
61588133
7562240
90031099
75002277
10373405
68263623
32271157
60377946
72973211
88268442
4233040
89136623
47079266
1287421
44590430
78892511
51531728
32439564
53443120
57488542
65334818
27860785
60766723
18277494
40534671
72195060
56546003
2670245
60945568
43556161
15993086
80022708
72491563
61934316
66286867
58013019
23495804
56019554
22307617
58752987
83739706
29813624
25582304
69520541
83520039
69505990
8763550
55167942
65984615
46122290
40203026
831476
55343832
57880075
85314779
23253888
92653401
84811371
53265568
51597254
33047439
7346047
58662390
27476413
49291711
89388166
540935
10159825
48516165
46402099
80036564
23623446
80383786
91242680
57062336
