50337876
45536369
41970977
57247499
83773643
1861963
74589878
43253477
80424927
44981420
14965009
32276078
68988474
77103973
14370176
3322903
76169291
69097976
30059884
55824434
26763051
79604808
52856183
40893675
36212132
77389578
90216081
35198329
13178217
25438247
29309654
66675526
20714450
85068997
93922926
42946717
22715977
89199993
16681916
71205896
55370632
47086205
33992455
84886399
85040986
27885686
5047533
47826979
31288655
94002717
52791350
49670735
10075743
27397795
5932047
38259117
76199267
46671715
70570468
1507468
30708944
27996392
31865248
59445380
68485231
13121261
76022610
18912598
61472923
61821685
61303575
72677346
29978578
23829008
4893862
6639829
13907535
898433
75211034
45964869
47650344
91731399
53444057
19759375
43288243
88297990
41244248
46599089
32028795
12018238
6208643
37691341
27948011
40264783
9495574
17135686
47709483
27938354
51670551
37018119
68457035
82076069
84261050
29587168
29240476
56348470
1125582
77632496
13752939
43377962
2451418
58564313
67690422
70274338
18136885
7208895
80876274
47976440
24511939
91095783
78307786
82956285
14875488
24194353
89228723
78745033
18387083
87183049
84124473
72420099
84343800
61938762
76879883
37072600
64649685
46960623
38802254
337412
77997573
71634208
79072796
23509178
20933783
15272914
55409548
88738079
55207371
90875777
86714784
28844017
88226676
57354502
31429340
37119233
85613976
57351644
53130870
76603748
19495043
9525546
25473223
80641254
45200762
60496919
84017894
10413872
18971543
27729008
67602982
89438664
25287209
54137031
32237227
80765869
89199990
79331815
7080446
66869760
9019675
73502859
9813499
2710724
44479833
38522795
59240629
85015939
78374815
1060110
64891298
68108172
27163267
42666085
29347806
54537155
52046695
21277035
67885605
19561817
60444555
48549144
28410548
48053461
33373550
90732819
55474712
59589900
87547217
44109389
90309901
25626587
70944917
76401004
62406703
13673948
22759574
12250749
76754082
77027045
9307468
63342153
23508580
1714233
86821497
82530812
26829051
72891497
72196879
84214928
49434609
17750981
87585767
72880426
65434907
32731266
78085794
24465269
14452658
29871717
42850949
16866988
66843713
51349441
60623252
11369362
24792170
54675485
23179091
21323343
77806796
52902091
55279189
31221407
46109813
35481312
24233949
68252499
50244804
50962521
6084258
63779266
50697156
79936711
94275293
21731883
20983165
44398097
29889338
21818196
58038011
42439632
72528024
90759510
12175985
76299731
49174426
81120983
72926060
33488832
59515289
80671650
32742124
79657479
77655161
83956667
10538083
49760922
56233174
78455974
6706354
91762279
77817057
22349526
93892504
9120911
1089649
39263867
61069384
4361346
11249079
52341369
6421927
87798170
85219445
40352184
46119412
43721756
81642352
37207805
38759117
31543071
57768446
53566916
62910093
35098220
84803545
52529017
16603017
81905375
7129704
21913873
78374541
81962151
9720597
58183892
83866112
13947403
78319869
24354664
78450182
8891484
80784681
8899104
75305763
15231692
50883197
65276214
65839354
91986837
54705268
20091363
47575496
13916335
33242382
73832567
83964641
82287187
8984555
22389861
22750731
62676044
21865187
54962805
36735017
25959303
85283334
5410743
28419907
90869727
93696521
85436895
5533476
88743707
43426356
56181341
45010848
65245634
82931466
88893166
48633225
78271476
17713366
23049610
89418221
89424802
34172339
84703924
23705148
29066381
27437947
32398090
16649235
91132028
61477760
41931803
88710013
64292884
25479996
88937059
32296046
4312446
38320766
23586700
63721341
82620246
10741270
79091306
20815592
21006234
11530396
31014142
40109427
85618581
12064247
22430623
94616874
52801159
23982084
80860459
30853791
37545974
83261659
61402383
64455279
82294910
26561364
10388922
26892671
91803765
24071685
22113976
8951065
6924312
90999322
17145329
24369778
66043288
48611709
22009122
82137220
64871990
3504905
37641611
77965942
63480811
10990059
32233273
65684886
89406971
81169759
69089224
55644851
81642585
44299412
29751171
88897149
74694951
54108067
61070216
16639855
26068787
59679056
4983554
37314461
52980837
28522335
16212981
73755601
27780106
88406661
26488132
11072411
48789962
52013034
64984637
89632459
20321703
86361259
28659638
2788700
26625171
21910557
51507486
89199989
10010030
50264225
41168181
53940208
3881991
77504995
17328413
16373750
21966616
66608875
41833098
19652808
10087596
21940638
31160735
78921024
53463067
72455085
46647903
62970347
64759689
12372815
88633762
60277715
81811489
52133415
32176659
74900381
74187459
60983121
67039596
11003123
27090618
15784634
60261290
37905447
75042596
70750041
5290218
38488063
9629619
66844423
68088275
34033238
41445581
59338325
66861719
56277003
7625866
15304505
41833749
87180226
77871711
65279370
38877851
22060800
84188059
46492884
69276734
11800354
21781102
8675627
61475867
92345968
42801935
66131454
23021364
70189423
85046101
23034711
26789153
67198724
35255509
80367806
43132088
55005635
605187
