1781403
54248600
41889750
43685948
61364704
10430132
86965866
54168867
75539192
51844164
21752360
62990287
12415674
54978257
44909624
85970018
51911119
51668699
1840274
18270788
28530859
13994637
30718786
22909326
56182294
72705519
16511425
47736438
32350628
25903697
41600900
27541521
79579527
23322770
85865100
28521036
46437124
81092644
65495150
67912289
11843282
5822950
37849135
78048999
67909886
70250978
32889743
37103066
14967001
71326953
3686456
70623580
21418510
50390692
28167031
5205859
35563111
16421628
47234169
87286872
79959676
91221599
38293276
32525959
71755813
19808484
45115904
55915253
69538193
75989307
7978117
36957548
67705406
37272149
52928635
7068377
34914091
85931092
90607985
43004434
47504482
68807000
85768531
72560687
81269912
14536457
4941152
58882429
53389525
4080316
68446084
90314912
87089624
21423649
29265950
48805895
27357214
82881282
92990213
62965250
45736592
45745176
13261462
42282446
43945827
23024162
2780389
53584955
74778829
55543571
34839389
43582641
51091994
59744425
56882073
21579113
53177516
6553077
42445920
32060898
55713733
75314238
6102995
16313772
68675278
349943
59485344
79393526
50776756
27455889
22336479
38861481
61184841
85542274
46562162
63388678
83618299
64876660
27577413
33695021
56774912
76995311
16309278
17994262
5670393
59726051
81722215
3214197
69970590
7425081
85396925
44202141
67388650
37353313
54178511
39821172
5673304
29776377
61005042
24616907
90217154
207469
42178849
23461109
44899679
55976186
12695836
20868735
76951247
52443798
81845122
68876117
81791213
22317281
70168046
8208102
57255214
16512419
86802156
44972491
72190556
38139320
85425532
35975268
31547884
89730270
30012699
55364090
73811739
55622207
81532893
1049008
419514
34043637
6068009
36231705
80444975
57317857
92660795
16220322
36360555
92849395
19300748
90127830
30835623
49660270
86937927
88319267
18578588
86345960
16481918
23845997
13945117
77186291
20831432
71682749
35453055
44920781
6441935
16266560
90198556
24066113
77614842
38962557
54367590
21554553
18378385
62809803
88326997
5697414
38219203
91680878
13799860
35909023
3899569
19001572
4828540
34439327
20593468
60861592
46073123
81681001
2177243
68698175
43621030
23634657
89204426
92919870
89231099
11784267
80850334
62514779
50316826
3340146
69606273
50398544
51800576
47833381
74068661
58560277
21835654
77128136
41267316
16458551
8441685
32467996
1980405
78567141
64192474
40328159
44708538
51960140
26369581
60998026
68486565
7009563
31516676
39930854
48824719
69656310
14882132
38010072
9489460
68824183
13435539
88510230
63301731
19193736
20439376
26046614
64309386
1669575
27900819
68938045
82167313
67027786
87783723
81665090
71072155
70055479
62420997
78516039
36161540
44524985
44716978
69410237
54485026
4913671
35645970
3954646
69670160
70375124
63153998
66587831
75370990
7335800
27457822
25848654
52898996
27507486
75950928
968041
92327512
21791013
5984899
34231943
16412417
17635750
13104625
72388980
54536666
12258302
53833445
80571750
8507599
32896210
46897151
31344787
90331524
65240743
79362441
92412077
49446984
42980860
75127945
86353884
23441842
85608815
48386284
30608528
20329170
15308609
90414961
55023790
38468624
53292303
42680171
68833552
9680235
56410449
2293245
58473594
31140382
12898195
90624623
63165114
19110208
56071178
27515096
53295983
10302661
18438124
60893399
66892654
18626640
76162113
88001827
51705357
65085961
40837058
24710277
19483945
33968360
15178199
86002740
33732063
64220869
61766630
34764725
45285105
