33153231
85623810
71699044
49629162
27040573
1517325
80694976
87444752
85622774
11801158
66095549
20406030
60602702
59432990
8605570
63398342
58156499
8579941
14590138
35861900
35470588
54537692
74605936
67791461
44680131
39000367
3573510
11882858
85831317
36669044
43103811
29378278
26198954
7683705
66653915
35100951
49409391
94204817
37369211
11936197
88346196
31173072
22360226
15889738
80312816
3588558
10255561
88115456
63163604
31316133
52331565
51749736
89148591
4252836
26618794
80928744
15247925
22542121
63452978
