40665884
87025704
50658743
40567581
43319718
34982278
74870457
35479272
71454759
6217600
74191643
69992529
20507108
19424265
81589780
13871709
42195199
3456710
72777119
87289414
70337123
36196509
48173185
57152717
79258325
85738347
21060748
77063931
811381
26776363
83135575
73488860
60107984
72941211
33253391
63668069
69473953
81951114
9901342
31927226
91359892
85477109
12178414
65638998
3145425
73474020
71738905
9051647
48987651
12999902
15383672
91855409
83318111
92175289
72101591
9911220
11626696
87990008
55871037
32609423
69962662
85236277
1534546
19650984
46376681
15810319
36440135
9976462
58013618
16012527
74557111
36262478
91954638
35816581
39265333
50385313
75711637
42457433
51838293
32293867
24300006
81542819
15564281
9635577
24779941
47922296
90382751
67591442
36762982
82494761
25091758
49078893
50915869
10383009
42660438
55652458
82442305
93244
30466962
40205948
84259146
8502111
53563042
24103040
68811848
37232219
28455654
83759331
6838206
51216852
80579076
49885064
45329
35584432
27482197
55870605
50968886
78842440
20693200
12413570
63692594
65201225
44286271
84574192
53867075
46552218
34185039
37297915
64268855
60051113
55495611
6979864
41353849
61064241
77671861
48078654
9895615
42316128
