35517246
67073317
90414515
49850487
39564558
12723398
35219339
88837589
80838966
60914831
36820013
85051930
46489489
81532636
37274452
74577933
30385621
42313175
85937109
82374187
71309757
83160921
74511146
43719000
81742895
29097870
10737366
20114301
72690847
17868727
50204308
87156268
30197295
25135322
60399728
12629269
51503713
63171895
39905553
24637018
86199705
85521972
91241367
74109341
9979762
69922042
90802719
2509118
71299698
6957353
82573505
79996961
45669165
5485709
55056583
56377351
24471695
15969407
63596699
38329074
42730585
35217972
70742682
78214372
1369549
6303659
46860166
60983934
1166992
5564359
34573701
15400833
79500359
9488870
80555024
3269021
48601346
69358478
27599583
38901830
52575593
69526867
19945964
28903881
27017827
85603537
23017610
3664036
78220988
24675425
44340213
57256858
19172372
50728052
85287549
65397037
51514753
84259052
67328842
23232175
60197816
2922265
71369173
10065529
54881110
72160291
32358667
40361719
610284
92103070
16577609
70300578
17938590
59950159
45449662
3814463
74628081
41136141
46999634
2886678
20974422
88525655
73770691
67612097
57572557
31728292
43920564
57468365
28738509
47836768
30033896
55940372
70208887
46638667
57036211
83392389
52407658
8918294
35697011
46631854
34772767
38791194
79724792
23020023
86219100
24283968
35105246
56463905
2994197
89162025
92042498
59620442
6914416
9257411
2868180
6941024
20431874
62867828
31326773
89786507
59967733
13622984
83764491
20891447
24642830
28126689
52970828
78673267
20883797
21848667
64906137
46827275
80232413
69980852
71192280
2929047
74480778
83491265
12822023
33777467
24123233
32572888
62346148
87408369
64005609
13399127
77815349
5056673
11012903
59833149
88285940
50090480
68698234
10017701
80732990
22816967
21478140
4353786
58052555
75273117
77695632
20667073
45309021
11116839
49621824
88419025
67895902
53974578
26279114
26928036
47162114
37292360
87676072
47306396
53770136
35697006
67472314
19232554
27597895
38321210
51565844
63142691
86571918
46809538
38503635
7982373
5857825
56649269
67583344
40210878
88423762
15977876
54742094
60673231
10054990
27923876
32210991
73217457
42345961
38619038
35315839
88964747
77448389
5829802
88772659
74916422
11069035
78998758
46200283
60321702
44101665
61717041
61697952
27321911
35889611
21928850
14302069
47304239
78119771
90657933
37998834
32758593
18141515
4023905
7663447
55325847
14829736
52048485
29857319
46737948
67675596
86442778
20989105
22693418
86627526
19396841
48711117
82854043
11469794
41671088
87676794
69323375
83283551
65428049
33330166
38491484
89789745
78658615
86453097
82927172
50018445
18520605
69125330
70120181
39134412
41083245
39978264
39379980
42981196
28335579
69094264
61844633
74726162
67041033
38808596
74836377
69989193
62669007
21500110
60227433
31211288
10825482
33502449
63530014
37071970
61136832
75792812
82215784
93056089
28874367
8361337
9377157
82154120
7155226
23517745
53594379
53536661
1153163
69207984
39252134
34613812
28522521
18924677
61913775
62692045
58823493
58821227
14589236
79466485
79892989
162975
17750006
19018510
37773877
56731129
37427609
42293639
45397177
5714500
65627507
29923623
23125515
