30967039
39551957
32672826
55533770
23291565
66009213
52995644
52087638
18499964
50443656
53560858
9477687
88285492
41504683
70981143
70399920
35524622
60830472
41746696
30696026
22208518
16649755
72783831
70480237
22009561
90081297
45898602
52102148
41426272
72822456
79797441
77264379
83905536
25267484
78662056
27905019
30638771
84422408
34360672
71689081
42513832
8246257
33493943
5894809
56914839
13534330
90155732
85384541
12241244
40354540
25040710
24274080
59542543
38342902
82925876
90711566
22785389
74482455
55246117
39435402
25023898
16373806
60212892
13537758
65202961
51553109
21228610
30829353
76649674
4764408
18451583
18153074
52446776
14389458
77351095
3487727
83974532
13210470
3340461
74112783
57890448
92564501
3784752
69799817
71031767
91411037
53080345
36970967
89437121
23949423
35212883
49126191
83035843
42627443
41273536
48150494
73735062
9539568
1784425
28740290
45677822
87226875
7975781
58488586
33703661
18684231
52899250
26590515
6984875
91716252
34894650
75861587
45300848
1606563
12665067
33055943
3064964
18777718
44144977
66936626
78251688
19383369
23257658
37973688
51899574
67281695
33557397
13754029
47748757
34403007
44518335
84547481
69743928
26649924
28165819
61714170
39352625
19436535
55430081
14451274
26925794
11730193
62448975
89508387
17938642
54224598
66790831
41379753
11670057
81099410
10662133
