10635267
40598373
28296807
15616923
56608267
47522809
88628308
32678961
73689917
91055795
21544836
24847068
65062931
44733124
37830553
47321350
72400577
73527165
19406776
59834387
35969816
65399617
84241741
6821589
37137256
51520286
8175190
56392830
7207241
65461108
24259086
36668339
32693863
21156840
13199802
36939143
43602492
8618225
178605
85645592
46826275
30249975
86032987
86875924
37625318
70730488
27393408
39428229
85226027
85081836
7764616
53477711
68051840
56440608
43762954
6046899
80003959
71219031
74512891
66188190
49463718
31269514
89788033
64592951
69603122
86213294
29665590
15006639
77948733
45306927
52292826
8603288
44224939
33063615
11851270
27372291
18557134
47627787
91390708
80394337
23789817
35413148
4784660
13430064
85864526
81711620
42616993
50070710
71056571
21456556
4204331
27755530
85061753
34303925
65185039
91317294
21004611
1367112
54125700
55524202
66701579
36907750
26877956
46049725
51192530
82448389
3437356
36830010
15499635
30168316
65119639
91052745
12540144
76875515
60783122
3210737
48001621
85631733
52144896
40332655
46149921
43079102
90835823
44559869
88667032
21335573
16880895
28239293
33474898
68155582
29861354
77797317
18634736
19948606
32704445
49367272
8129703
294137
62682408
19618560
64952389
5338748
79633385
78935485
15565338
83927456
61635908
81672270
63929549
66707091
56269150
28750223
21388592
16915058
80508771
13448718
57802138
13281134
11591735
51377066
32292515
14070105
22045582
62092153
552363
78977196
9910983
45766459
23293361
3067314
68438064
21370783
64908934
54563569
65683565
86089070
7449988
76136836
72033238
67701488
60932854
73128155
40106628
89669917
58925463
8716669
15597332
7674888
70758255
28567585
1655738
75545307
28682149
58566965
68298761
5041531
53509959
19650766
80494142
22771031
59629260
86656360
79955750
54800541
92288915
67109135
27863953
4942705
12547987
89156576
79019094
77190310
47527058
71167740
63588103
22071412
63423398
69145983
89647487
18952365
17264587
39886401
23559857
33896693
85298267
47704783
41999812
90568413
22060894
9569344
27092253
71618276
2958309
41032173
88338001
7614063
49522558
2904685
10577125
7244958
25258838
56284429
31365005
15500176
47328120
58143821
16071721
26988261
7296265
46073748
10376613
21104916
74126690
50881089
19110163
61695196
74708902
72026461
85472948
29192652
92159246
86989496
18670468
87204668
45067497
76964931
65742950
29524836
39413417
47119845
90692567
77707766
31669724
916101
77446837
5334555
83027370
54170275
16639397
12123682
14124081
78044089
39896787
83022217
31616891
84668226
85312859
40032183
29950592
78117523
51278109
58279286
88740443
4705313
90293584
3572714
61318627
90396414
10553050
4925850
69677074
10334901
35341606
84476654
44087188
17230416
3441757
54456400
48120229
64305042
25346992
92094457
75308073
80465740
12944603
65938986
85912401
86236136
86569994
60763419
61584485
36363042
55743623
38911756
64571499
49972632
79169620
17335364
16841441
91611502
87579031
53834037
26815537
33059208
17432269
45797304
48475711
75155135
19099838
72054983
55770441
55247389
75335880
82029997
84445230
12822133
38592124
55936821
77600543
72703925
36401035
68699736
41924949
45948326
29675658
78943918
8777532
71476204
58287706
2174789
48321429
11485454
57495711
45334243
70398118
40499758
75670637
49240337
38417685
89137672
79745698
69415790
63785990
4965118
3230721
76881705
37616133
30495451
60832589
11712252
31982200
89352946
69676962
33619086
41309047
75012597
86502376
42921226
83265302
37080776
71108668
86423407
25406807
30114886
37213451
47945053
50906209
33206767
20902432
34681550
46144859
89388333
12619515
77753162
52103520
870179
10345796
29635833
62680562
64073774
56436208
30628065
68661634
24179325
80454608
72512945
26031135
88777981
49600541
63726954
56874590
24785840
54149459
20292617
53033795
4383936
78580950
66444033
90431233
86735790
47943465
38887428
31806474
39635157
79313826
37591458
34077304
33513875
37538479
18145691
65027783
58579923
35491740
90653295
73008117
70372679
35687354
31752617
76878037
59944578
26791643
73441159
59411694
12825959
72418476
57538949
76870801
44907584
21348704
46407891
6533065
71323911
84761412
17533186
11169648
25594765
28343715
78321031
64593755
7070783
59816656
44343366
88897799
43073353
66919199
8379919
16257291
21396808
76334408
14536267
13927877
68806781
49715512
71820501
6626950
19932524
6708949
47480964
83375659
37346746
58972959
25901158
32153473
77209996
4981991
82330346
63136677
49786311
38735758
57300972
9546648
15293819
34319046
38005195
18585611
18506398
19229222
12668116
65267350
50965033
22534950
2734652
47467744
59077478
71402009
43775922
31824201
21010045
24024086
31359244
30493750
21268523
3277757
74682986
7067625
28793854
50289670
80543905
35523813
67066034
63386762
28320092
79387246
79908222
70577291
70940643
59719210
44636433
55964203
44961857
51286922
30903827
48016156
90862347
12943340
87740821
45045464
23081059
56531878
13672425
68055265
49318560
59458887
72601580
3754103
20580348
43696566
62463376
21293883
10625365
38512425
44810439
9732544
26143360
52127704
51105777
75313159
76995836
90803820
67329515
427828
71548181
25442116
13566495
7836890
44669943
88718947
38607797
80700549
32149643
9433597
88075342
22589274
12080480
83143247
81511231
3064703
70947873
6762752
71725409
64070262
25576673
22054505
71523431
16956119
40599200
20355894
29878879
55905198
90941050
81615684
5035204
57010204
81890246
58029783
11237050
46863611
62503373
72033299
41993160
46993882
77132567
4124325
84793120
53659388
56314155
24124173
39573725
68433319
6602684
60328910
54630673
60348660
58236750
35140164
32585075
45327254
65896504
52380694
47184141
79154377
2060334
12635675
7833833
179502
24871898
66576683
11920889
90456283
91483635
89122806
38560738
46598505
66011284
16457303
60659016
69892587
76885126
10175800
4753679
30892775
67386654
88206412
89221285
50840295
77826377
73414319
51341658
6131117
65497398
72118142
35520911
86593711
30104243
74277922
64870915
60254204
61485149
41780066
69236038
38400298
57577541
74807963
