88681147
1706743
3739248
74342684
82048275
43922651
72789750
71492694
81118714
68373101
13377893
23036560
89174323
70210680
77413045
11349044
39073645
76404554
33959774
86813208
69846192
74596848
57185198
44560729
83924117
9134306
54157722
43861306
73508724
54127899
88636076
39359754
41386614
15540693
62156763
87564076
58194322
42351326
49719723
778263
51288679
73974699
45241859
52100108
87809225
72600453
67175576
810195
1392644
10395094
46541618
79717564
44809741
22159641
91813316
60386222
53378318
18992620
57432819
84399780
23074360
8770763
66918126
81072489
38560750
89499159
14944695
4900092
90143617
78920889
5919133
47968803
87513345
9487585
19728002
38967613
75650867
33040473
78327612
49316141
63020172
33542455
6350587
87433842
17398336
34619864
43181835
14934995
25498016
26887981
15109840
41990128
47108963
13409480
64950876
27929004
19558806
40987047
90115092
17492191
36622646
71164670
7225891
42522768
20493833
34928543
56401712
88616628
67260329
44234267
41307305
8220826
61413524
40711923
47071973
42574573
21786932
35108409
11943257
43481531
33747605
57606244
35986087
56627429
26810610
28694060
28423343
48621197
24556225
2282374
13151492
73384808
10664047
70701476
21174701
30938277
29304669
83620898
52794733
2954066
89955175
7901372
54214674
4893021
33198696
41336692
50158093
47198255
5219885
34092417
43656363
81968016
37807862
74793541
46690225
80490983
76715484
63729414
57409134
51236201
35558557
62261706
40219585
17582063
88002109
91323590
66773972
81981250
88300075
7419143
53904815
51934598
56006517
58559703
25781095
31946119
70002507
55994394
34620421
39518065
68734478
25945735
24501140
52547742
2188996
76620871
55881276
4147196
24603875
75329459
20390563
5804112
88460272
16035420
55706216
79147074
79750972
5547927
67459957
29722016
15458695
36420725
16008384
34758515
34457658
28342904
14671475
11065422
184208
50327026
8945130
31334907
90198433
52874263
55285234
86399318
37151193
86352295
85145073
29399976
82647448
22911156
28161807
25597304
16695689
73736561
64868972
56064640
45566856
84547624
64523201
60027994
58563204
19855975
22495506
33790739
10259538
45623284
88601725
49097662
28394181
35280235
21796531
60300543
66338174
24369537
49247420
73839271
9751792
83802827
75943374
39694867
62104769
46050771
28242535
78704950
76705134
70643050
19417615
9009324
67131750
80660468
55664358
32701129
60022965
42141549
91640560
55742775
7869830
42656123
66862067
44402019
71149474
35669741
25016231
42523650
51553082
71924548
17474239
2790722
31876449
84432036
58924473
35915864
80237467
57043835
40294707
40094855
15472716
42536931
75983175
33309571
66172663
47588511
66602257
27313255
38863942
4444718
80585195
10635912
45838333
33210220
46473410
70170470
63846337
60778534
6234605
62406977
45495978
92218123
31745025
53084468
30488592
56886703
67475625
79065829
49202383
86913132
774592
16413604
66465020
18318005
14147868
85276721
74593509
53571522
61102018
31577659
16779763
45419851
23182609
7955938
39514363
26633599
20058893
8954821
13013340
89466770
63325437
64279854
65855749
21079476
76598293
9824349
23011893
85466447
18906898
35932750
38173341
10342357
62884563
14891693
6784160
33849869
68837516
21117487
40575939
21018406
49202852
71462323
13560294
79858518
27171387
13476641
68474030
2439600
67922691
29685123
367664
40051402
21582809
1434815
31401927
83787014
59001452
63144323
57585314
84203014
77960971
48129719
75145118
41004389
9001632
17937400
43792004
3595232
65878306
35603163
37636070
61730492
4562895
86530579
12594346
81109668
77334527
36598829
67054429
613864
9516329
21877018
63310221
74982749
11472246
33445272
14996689
73978589
287796
38851064
15776717
33202427
75137636
31416976
20215040
36536230
82777910
44620568
92550229
22084885
68816294
25867352
34627059
69704027
16662480
88987671
2502803
67005762
24366314
14217618
86635498
22381854
65085310
9500221
89977373
72756237
57444425
72762400
44898503
75135635
74234866
59111592
36748257
68828424
65241792
24720197
10279391
23420711
48161906
52550677
92154124
66752231
24818664
33995116
17257093
48272699
36844608
20923560
85916047
57277405
21687751
46315315
28052599
30397800
42561277
57959480
6797579
19628023
92042311
85040882
31549145
11735613
2394420
16027463
30208223
60773726
54890083
81276599
88811008
27289955
75205455
10418333
33001480
13165950
12298616
13581621
9323788
49226615
35624946
50613834
22277111
73754097
57554641
20704735
46513111
7452741
9147187
87907073
86283088
88921965
76439115
69022582
31598796
90957272
75027600
74850373
45130890
43083633
29026500
39340550
1084905
47625457
88084038
35477363
90665845
48621840
69808398
10123943
25725176
62789476
28771381
59188960
62669141
33207005
22721978
11649497
73813739
70784263
51560357
91245880
41742525
65736624
59158916
22902388
63040426
48318173
27690596
50343414
72171207
71162791
6515388
50034113
90096067
56172911
22557868
50376415
60054831
28539251
35394229
23022815
7985084
43421613
76141477
34967729
70615340
33331765
62443907
51034220
71489776
66199519
54921697
42755074
8046750
81744594
45054479
19260456
62957912
79824043
91672222
54496169
63193570
89604496
16974472
19587055
56132978
29087360
5250910
92419797
28994474
83874374
38167392
56277061
42759190
318022
2469884
42554194
40387320
14564920
31432469
12293541
28404857
47083672
75522302
79451711
37801538
86577707
89810347
6541315
50613616
24529170
23080737
11041380
85685491
4940849
20822123
47197741
19323187
40271809
73082437
56755363
21852084
47533741
89089627
26496978
5259463
4635083
87150218
41868837
80032129
41153929
85444421
68850767
34132785
90861424
45031903
14443654
74383322
4864475
62570027
70372677
80897255
3962133
70106199
18242222
65194581
88629062
45563204
26330009
73345030
22112985
59152513
90193951
1794529
43729988
75905853
52616944
65099883
47903833
89354724
89729366
50987733
82531498
11178679
1682714
64083483
5529869
53941100
81744128
90086646
22429572
3688646
14480942
58590035
51339539
13173063
37070232
10031335
46185362
18110426
16946095
88740913
79351414
62497504
8041945
56983138
17066544
59975326
46696270
51941984
68577640
69074453
5532942
11706962
4237080
59361576
8062609
29417475
15730073
88963330
78110617
6593756
83199445
38453584
76901170
57629452
17788577
63044013
47602204
34057079
91415843
48586290
41568170
84323537
50730354
86921708
29370262
44425025
38501503
16372179
64323377
80100162
78858752
57767905
82836955
66156894
74502685
43264888
25463926
26398446
62928050
65250084
82497454
72595834
46408949
53051542
37861223
13245316
56652713
92801195
32279640
55552585
66172662
21482120
71999545
82371894
85751101
59145930
66033121
29487648
19541118
21938022
11214024
50708411
66202166
22095713
59582898
73923847
2774453
59901869
63328300
87037524
38016243
46001024
32831299
2714006
59411885
31879215
37291207
28266492
84559224
4611489
82921573
36190173
60197002
58695869
69694539
52592731
8230238
17358522
43296004
80481132
64662954
12639861
28270637
91919912
82350664
11251708
77852395
39846577
18957670
78939781
55176083
11220461
45747946
31124734
79806532
54385695
52710764
38870044
36804912
43847045
45486890
63876361
66210320
28525701
23003876
18604707
57265041
66549841
86277069
89869081
81956311
23399787
68615599
38464752
52760811
63043791
78351791
59193743
66050917
50787619
55111111
48537472
47591854
47806171
5826866
87820512
13190683
82480695
15726787
63428397
44214247
43367888
40636151
69556889
67184065
34984335
58709603
44413790
5884020
64464721
12519735
24314951
1788724
21064347
64839843
82065975
29440307
88215904
13133353
9978791
79914172
35453883
58773502
3483969
58794526
60148635
41178165
45566666
53439175
57794309
28262194
89598617
54871368
79185853
57629501
86844818
43669769
82422563
59014620
84567233
38206650
1484460
70853597
6441756
15159427
65640788
10446869
70601765
42768082
60476620
14975394
68362205
39234781
54908684
16665944
63004622
37464742
68847129
92626317
4637354
12103348
59363370
68960600
27751004
28387991
45803684
78782506
2084536
13862416
52621670
47320446
37352317
424920
26493325
18494029
8724132
8729198
18992363
17520818
46196862
67417628
60027615
32469673
30623212
3738210
50669352
80956764
16755365
1092028
30651071
75554995
74232901
86655429
59436125
52727044
20660871
14405255
83677773
64864150
43018521
32615146
38816048
19301232
31516766
87514729
73089159
82741744
53743196
10446744
58439696
50827086
60140006
54051261
23340943
48451392
45609848
10487363
12862188
25907677
24327684
22667019
48528134
8379748
84205840
83710290
67854932
31561644
34434643
43481530
34056134
55808752
53976739
82895173
47067219
91395021
92081655
78364553
1090240
8997496
66189
78444058
7589398
17303
86146309
47797220
30701378
60918889
13877534
61679800
41749111
602902
11498291
39835588
44337522
67030303
90344870
28706560
77241298
21249867
60239180
48489107
34035236
80768865
64721956
19283196
19039543
58165013
10713803
83877614
60635152
89455621
4645900
23216316
69560000
50103077
39148081
78095112
53559505
40397136
80494333
27423791
29103619
11255698
39956531
83303090
30723862
44720415
15251594
30962454
88081965
68125019
51214128
64662214
76100834
41716654
9209755
37599507
12822726
43096312
