66143040
78257250
58567729
42385767
7199552
11411949
45989063
16072908
23306552
43776275
16005190
35667752
40525030
29065551
45476608
51946338
90729639
28021204
82376994
812085
59253621
77631647
77942670
92538555
49865325
82893157
87714476
66534170
4016957
60734756
16250767
1575094
90515723
84833207
33121984
32295729
39681523
36301517
24443803
78061629
12221571
3930409
74486819
30572809
34203080
27765455
16827256
10963309
76377718
82199521
83554408
73403662
78466651
70685010
64578683
58270805
25334650
46743414
81789345
54337747
15934611
54783126
5599994
37062923
80011289
49571148
89389811
8199969
28984720
69257267
78728374
71249
20096728
7496953
75938104
60033987
30466005
72853065
61113692
33447012
66928043
28052269
37080020
12885173
27186591
8840947
19354801
8929509
38291322
52646959
85387782
10093946
43870627
86850719
60169256
2409570
17871649
52827966
82338293
78405625
16408391
39159493
91014363
91961363
44215740
78121434
26770868
92459837
7910102
4591729
31008253
19780157
71201171
38853719
77561258
3236776
22470876
30032986
40837652
22178876
15434125
78245894
18791610
22588174
83261679
31125577
17849058
5876089
87411633
41054976
11539695
28489060
53979647
75467031
64675957
86238595
12587031
81258834
71925206
26524495
14187200
82268056
42948488
59663404
81249333
20217029
85913320
77379222
67787112
19713052
5183804
34240004
3717059
89878901
88949012
91679531
41579766
77484907
15370773
90934236
9442145
86769222
47226046
71663869
62361420
79437403
13704509
38830280
37024976
89047544
78802578
30100821
38941868
83265705
42661881
796107
68768646
30969420
45899594
3741785
45691106
59519143
34408292
12630573
26763245
33423950
79443352
63388694
26092870
26655773
70937753
50765105
4619878
58483664
52031572
18373911
12804319
24686280
81123973
82597473
41163725
48494230
54834299
14345932
47390177
19623583
29598363
16173498
91417630
29429394
57499360
64281662
54248083
18534583
85316395
35345366
87713324
59110632
34344101
47733100
11487694
72673202
76832214
49091985
16543455
77080309
45607358
51751596
84636453
62925321
65830334
16460282
64147958
86273798
21996746
55196599
17656176
25659762
35633837
20577606
58912115
13365964
34329681
88684896
50969005
10394918
71933825
50858267
19685971
88736182
18100884
35652550
61234928
80629384
5309235
70982572
82308091
45202236
88139866
44917739
59700366
9064523
18292768
59865949
32312654
60108156
48459602
32798766
66569549
18063105
51058625
45425007
56068996
5453676
86912821
47387232
77543631
9015086
70558820
55034797
92729105
15207713
85016108
89894312
33374265
9868378
22245286
61463738
76504904
87095923
70708670
78754160
4402767
51333736
28875804
33567601
91022293
79684032
30150970
9887770
86513222
70700789
70391626
19773371
42528487
90423402
64051987
36813491
