6601551
48508172
53996081
7902136
11659775
80390497
2468103
76965162
93473434
22245803
16298435
70514385
3326233
18400270
45819725
62293624
79507259
68144525
48590775
75895246
88510218
26666300
56563432
74498104
16522301
66512384
62832757
5578628
11775929
52039703
69654017
45519358
80247448
73104162
80752232
88810515
8064859
34626087
1347562
8928724
36805194
14579794
36361117
65956326
52753404
12981590
93788999
10419697
79159088
21587397
94449907
19731080
57884472
22582267
49686707
67008350
13983517
81321678
80838760
74853183
9787047
72433279
72971087
78922513
24689236
65705910
18832816
21713050
78297659
81535605
15104259
18077584
1869574
38311676
10129075
45426897
76404338
75780922
37806977
48471392
68495253
9864507
72903372
66160306
37689934
47019196
85575336
74042377
67969330
47544379
78427885
1011637
55571385
10814791
47099622
41493111
590714
72311422
18058120
38235810
29617419
78729178
67868447
19623120
41922365
30555687
63590172
12715046
69204869
61931030
94036847
41653151
84255276
25806118
91771466
53333578
88259157
75020344
77212180
53422297
41753032
17297646
59182347
17941436
70896165
28349623
21407743
55566433
76316267
17344594
65923894
1013926
67834800
65011422
25031306
58606401
66681811
16185002
63622671
77815003
7019645
1802610
37086691
71540989
41479396
71471144
54264087
14706587
11511129
20136280
1556910
88001063
69748587
87399183
57490921
14537403
54367545
25518796
84304181
28686951
16295739
18695054
76555208
32102288
50776987
10891232
1068107
80120757
73938069
26324739
63671314
82126163
2243639
77781501
24014880
47538118
39937466
18674065
91167690
6119395
59684230
89809238
81964821
27744166
72934901
61136423
60832491
46518677
55222458
61150638
57610255
51267722
63709975
78714151
4926858
5688325
86624354
3936013
93939887
80850158
26155420
92846794
74005117
86947196
54517591
20287225
28501680
8648954
16270506
58170424
12197130
12813401
72174704
52344193
32629604
6633159
51892861
22757816
90722387
2436310
12689401
3765111
44176012
25594773
51540706
25951690
14700442
48013859
15289809
15669631
69442561
33321960
50885713
56993634
27722131
74807692
73595489
60284058
13468233
16865024
62605033
44136060
36598399
23917374
4045311
64235837
13587190
992788
80711597
18786426
33229003
73120736
23218053
25695948
93739723
75840238
25707519
6209415
62709318
59413104
66682645
63074220
39281531
6387163
18617297
10676551
53820774
40915637
62860045
49229379
53189521
94431349
47149471
18469508
197068
131192
55672608
72537735
69976352
70253890
