90074893
71881491
35922361
46912340
92409630
48795114
45278016
56340024
76740524
743034
42385959
42454415
89683261
46871677
80592795
52572779
67387305
54878052
31461642
70229567
33444497
46519839
9696782
17023846
81445587
34019883
79378534
75669936
39905827
76475720
11114244
28986161
23102451
10554028
55522767
86046705
21841932
64541649
38236800
2628427
3455220
84593261
54882774
87706190
82495209
25055160
46512213
61510066
20358445
36315120
3198474
87909659
61287668
63844073
68744590
35173028
89268166
25430807
84859839
42320337
87098173
5639449
10795168
31566446
5712930
85230756
35716480
57508765
1975660
7820448
32921372
55579148
22792735
93869946
31277445
30643416
36432015
31190908
81449413
65956058
72743386
76289774
89774215
11565948
4674225
16767653
60506810
72500546
59011931
35740891
68632311
24603948
56906863
30239122
28606478
10009883
42840871
64475128
79065965
88231632
5178076
70088511
92547463
3998887
53290310
89749316
39425085
7685472
68473855
2890979
27343888
80148770
93571979
27102999
19362930
69559845
43688788
42989577
85850263
87978930
79353459
53389984
9807148
43964872
69183907
14685371
57885533
14828996
70573199
57706265
63994846
81059001
89990995
88748325
48814281
69924119
94057813
64610299
7379921
39080445
47782699
80085695
7625776
48342805
91717790
59060134
86815842
93226997
61834174
25427287
41596254
2058820
83018253
54890007
67178821
86379397
55943310
12074163
10099968
64943478
80071621
55897863
76043818
51487414
37053028
77367129
69094300
31390593
52757855
94196660
32030306
42444912
17185481
31301190
65086601
10193627
43636220
38791599
76155566
26561159
8137754
39485909
69931623
75856565
42016384
73382161
9856576
9491105
13561360
4210856
80662824
13085619
3526253
57772469
24931190
41128437
4529575
38793482
57463112
22613373
3061775
81660510
53385011
16225986
11270236
66069523
14010595
22719070
38430270
80260555
60979804
60935963
36672513
22908135
45954568
20932998
50696451
42826331
47118417
31193852
93548745
52260389
445445
42611284
51119025
93562479
49826040
91367671
10099779
91636852
50561967
18609237
18609239
89181180
93955559
76675205
13500198
39106172
34276524
35416917
8809501
81234262
11602626
62206237
75259065
49477692
8246959
9180843
87334669
