48520997
52043082
81214770
88727707
31172004
30043171
86555059
91555526
23563507
16931228
80406721
13982693
53761530
57329715
50920097
32994556
25888834
6684330
39276738
4270044
62574462
61450029
28815302
73127221
46325630
42764746
61587450
60454965
56621319
68874370
28207531
43520122
44495961
70208421
59249196
84581054
28023016
47696882
7490551
87347701
52560983
59661159
35748822
70188351
26154937
36250195
8186059
24033376
80243954
9309806
21181697
33079853
21760118
50759756
23608949
91840342
67925981
27455234
45003086
13808258
13545596
34840167
81881262
14288720
75446461
31880407
78945147
52535236
47010041
89108988
61765290
13280517
52445925
77807101
63746573
23771395
55004088
43666357
92234160
61981173
91590397
41812263
26659066
3926402
34256125
4734123
72369370
56630831
61568819
67677675
36484864
3924255
90261866
14656072
61145983
93435368
54019235
49745125
70272838
49804691
11014541
91953268
34803565
669108
78527036
34213985
26325119
53972450
25923834
2221256
53896574
23689969
87797121
21164279
64538184
90377000
36571852
52587356
11456551
36738959
23876555
55229412
77371577
29480541
40739597
88060623
72339190
43546670
61994780
70098617
42129855
90980196
81240100
56179647
56211009
49243344
20579278
31781101
71421634
2368007
35795910
58499867
59686782
43084155
64893348
882660
88511671
16963706
17885232
86343932
88461893
3966928
66305115
38097078
21351153
11103608
83346302
2972169
11264557
70976795
70309436
54401375
70099186
4337247
65715562
43077409
90308801
3966930
23717407
15418852
920587
41011155
40279673
36459834
47312294
77183219
86724794
18067819
72935448
80330365
79128827
20419635
89788044
12163160
3798383
20759793
22773615
52799607
31775654
74181931
3204028
14580847
69996844
37695547
42765750
32580210
25794639
91791344
89337099
43405046
60148067
63315874
15297858
17318806
87786466
41039465
7386621
79672514
57909971
80539657
55316652
23080625
76859524
31499299
50896975
10162408
18907940
72963146
51437246
3069021
12138566
93964555
60863443
56435223
77477633
53087588
25692523
23161993
5263588
60917410
28565557
68909998
66619047
85623657
88378348
55048014
64844837
36077613
68867642
35101392
45869531
18743002
31727179
76709366
15641898
69014024
67054640
16985803
63542037
18186592
28963097
69456678
89991072
48760072
44260215
83490375
20389015
31511163
24206614
52266631
66009437
53523276
16734734
56081621
84047480
18041902
41381326
74491946
48530473
55070047
79318959
32928294
1119970
34703909
31168927
1700982
14858890
65846041
51818898
6762617
27512069
73041006
60974433
32197585
49896850
18970016
60337662
84922002
51106285
65012717
52045950
63437151
25029885
21289060
92307787
