44430395
45284954
43932013
88289324
10350962
81485601
22064235
43715460
76917795
30972875
63675504
53271919
89105329
78606369
33584529
87807410
4808067
89925876
3747773
10885748
34060829
67716200
5024071
37952583
44454920
19997038
38879703
85649902
2677242
69256970
23161242
85908850
75198017
1338285
71156556
21966952
75239243
84986800
26855941
15267809
77664444
44089271
15717141
63217833
67818519
83897887
4466960
76436153
15466645
43269777
17842591
90080000
56899586
36131821
24650909
19831363
32558079
80813494
12217281
66193342
537773
14747398
44156961
43632224
44585840
71310048
87506326
49972929
63208899
2284320
48525653
45772600
19790149
90046688
38937353
38374667
33075050
89242072
26731372
15560567
51462713
85575226
34922502
2828046
88260566
79752665
77971832
62207138
70087702
85281735
66688033
34171517
42840338
33944030
53298862
45482546
21707411
21698710
45776017
3295861
51292246
85125794
63554140
37191978
92791729
48589339
30649128
66397960
75443066
30756320
21645367
23356631
47348497
44092358
69353207
53347953
10775902
58836250
61197939
81684806
92336069
54815689
36085711
10668931
4475139
6697801
21130053
