90038159
69288428
24157949
53386911
19207019
84375107
4604440
62992150
4731866
10207937
91507877
24692951
89224353
5669468
56366232
87155356
5805218
49579210
87849262
88659186
58661638
16900099
79432513
33632459
29711779
73015774
10267952
81645831
83437497
11317072
34465497
74611719
5860169
46551609
4074654
75701890
88538671
76467700
81933453
11831711
1415434
66897860
82795002
79145606
66938103
1018644
18768027
73892153
84586247
39476377
41548401
25391587
68747935
32956458
51285053
79928267
6421537
10298515
56369971
50369324
24572426
24533385
47427852
58810682
89858123
24568037
79798386
84137890
25132442
21991873
77934885
69696063
72669066
31067949
72811820
75179794
30581586
88709862
88207820
64016686
60994581
40983611
87697436
5189021
5928805
78183523
38139306
14577772
89931858
48229341
59337955
38528048
93084368
80239718
11203195
17285460
56803717
53551425
38064766
12949567
33838959
91568043
11762460
27496312
89468606
16144478
74623398
34354104
91647434
18820022
3890755
44817828
37674174
5594570
31482794
52437976
88358221
28634967
31087178
73685222
6019736
40772981
32145690
67722805
79350261
80121563
22355052
25655771
33225204
54689076
71686932
82796206
94196868
91241488
67854310
66202459
29013767
71039435
