24762355
91752110
16399205
75589353
92628919
64299960
52036901
57037700
70343168
78141602
20713339
21158854
54171806
16727937
24310271
83017347
23518051
39199199
54459945
74343885
76409913
33193191
74803422
69678980
94243883
19202774
25781183
63694895
55083464
14713549
77066651
8409605
6268401
20156499
5706546
23222442
74045892
38712279
27809137
85012300
57797826
68281342
74015024
75080500
34840129
12869613
35684123
22154494
5934711
76163879
86971007
70597038
9961485
14765041
16689156
92432720
3074458
56981232
76480034
67351697
76482043
15600529
70184993
20193639
75205958
18246569
93428827
7046824
82279050
46080443
16021538
3697088
28453179
16729789
6756367
68868997
82672914
49890909
46786016
20003172
61627155
80614851
5133052
15921188
41772247
15508958
37370743
78220592
87902832
58788478
79435579
82741083
27778079
79483047
34143877
87162941
58612863
6899934
41639534
64636357
50641179
80187296
43123758
16027561
41363090
94585483
66902756
85612657
63982355
16923942
12263573
45984663
21668430
32465898
78451571
74395143
50426717
20020919
49332791
40876436
4204949
14622470
65637953
79581572
81966716
84666097
3528520
15568531
59993709
1825023
85958422
78040157
43646681
46582129
22656446
9320242
88400664
38828312
87593385
44892976
67163874
39612371
41803682
49371858
48903336
52472561
45187692
25049694
48056003
24154697
13196713
39851564
70042673
73193992
60111775
26490572
9449641
88305012
61689663
41424194
4260023
37133107
11720162
2838860
66267340
86416251
26235241
41965427
84009646
34424214
20865490
36063931
86359773
77008941
51911169
15263889
85273276
29136671
38141453
28336282
32028441
9063032
44303863
38368318
2753751
60585286
91272210
42049010
87116750
62281472
7536153
5273906
74015026
10630703
39134285
13845512
69366999
43478562
23222161
57888842
13945573
58936234
15596032
18046186
64491589
55187348
34644527
71793540
94467768
70966487
78339688
74274660
54560199
56352639
88182127
55600000
4244313
22859628
78162849
45787330
84859487
48868035
9752677
19060551
12936421
22234185
83338310
58698380
78898991
71707352
69655708
52521846
57918683
62259290
89027234
5995238
89937586
41451022
84388348
26478327
7932326
45907375
89682848
7293273
75607623
63442083
9872486
4759503
927585
70216668
12398535
88170406
87097176
40495719
22439381
66288651
54387666
49008924
13936250
49891282
91606417
75665541
86378313
40558942
47788733
58372593
44803454
6963889
47585788
22104047
68070014
37072238
67732967
7335608
93674648
25580714
46809756
36437661
85025068
57902497
36493712
33491437
47146128
24997310
57353080
74820154
4967574
28209370
26236345
66752259
69778377
2926236
32448857
50426595
17588269
53488593
89021865
70342398
46507146
79142194
34843058
45434086
5272132
69660179
71678121
68537070
12934071
76991294
32761508
15503476
91564968
55100067
90716444
60104253
391010
20791770
65108388
63094047
94362608
20646773
30508349
46324626
52900461
84036102
21872493
61983889
51397506
39797070
43944756
8661631
14911512
71582679
46777794
15535113
9752786
84465621
25023035
1974477
33522399
2082871
65585895
82184042
29475338
9467487
87900544
46891034
84753222
69929152
6004893
16772355
84301843
71094757
26684998
46870776
76499554
64631186
47148785
62510468
27386374
4100247
74061464
65069419
9576453
38870166
67311554
59413491
50029670
6797482
7056701
83972153
43549683
16591799
69963973
86965316
77560380
15945628
65307130
57659956
14838832
2301477
70910605
24954404
4189990
70385289
37805440
48607350
57218737
63267679
91715595
91579970
80483673
17132077
3679012
51846958
22192841
20555991
65026574
2557400
9406249
72751727
39259025
77666466
28796460
17029509
32060020
66265779
12136728
55345205
56228059
26657246
44973698
70997249
21716982
19522241
72905051
1430098
77315688
15948857
11578396
46131051
48132348
705164
50644007
12593454
87238208
56225560
45577796
86866303
78317117
82293839
46377151
63449226
49195193
36766285
94301463
35163365
38539147
66378549
36172730
52888314
65490461
18054410
