69640779
22889475
73134929
12137297
90111578
79936010
15877629
9303127
32659735
73034707
40622736
74419907
17568806
57457638
39410785
30440758
54862755
23532616
11971628
9837331
90001636
78657835
92757738
60262127
45033585
61582227
37751611
52933591
20621105
50351403
38755930
33784475
48283805
54527345
34611418
82754086
17458104
26760487
32592311
23876207
59876452
50769213
31439631
28196263
61879785
28796024
6263189
14718
17674786
28804829
69255288
34863939
86801701
40678685
61504631
84090786
53297847
77241384
15956109
4873654
89563685
90439527
62313703
72897411
27255723
72600745
44679705
1226787
57986255
5410637
6502977
67149837
58321285
17037688
76662557
44192317
24807347
54955374
6987510
47814015
92177084
5959899
54643355
87870465
76587784
47622424
80505899
81554906
49501946
7696717
42858535
62815930
20715732
62289051
67312086
16520105
73999395
4161466
91249367
60677139
91956821
2111661
48538661
89022303
26647684
65711888
38422744
6682463
79240935
32930445
24726817
29329992
89227242
56918487
50960957
12483289
3690799
53117779
59165002
41048841
74038943
63439520
47510018
23726988
17574437
64439192
27917627
21193580
30209314
36216044
84300949
27514790
11658854
52020321
79545366
41852284
47424641
55540466
23283820
64547382
86977238
75589477
19651055
65410014
66521897
41163224
48810477
33581610
30589402
30590278
29152750
72585048
75218226
16922390
25233847
67088995
25572744
54282444
33757600
68271577
57367946
19781863
92859803
18885190
85361302
79967077
75757489
65642765
54933335
15856572
70227931
31971962
55112710
58019105
93076662
48207902
25631818
91859015
9110064
56665621
36713796
81762681
55989886
48795794
36264240
6021471
6812821
22588844
66305873
77408329
3227573
39838721
6385339
954995
9728389
36733770
48576728
42515800
26758092
71666542
60464453
36670276
90396676
68721292
14545527
79758033
24441628
57764585
72892257
22073719
32536286
19330565
85300276
18920478
79143343
65717784
46492940
6555188
21774059
10753190
67312117
77598561
17013338
24168060
57285980
80553098
31799763
37018743
58697604
43117459
41120012
85695776
62647220
87061133
64073145
10907337
86262183
29598150
65571107
68234591
4320345
43909387
80790308
91960936
54900423
62357836
63087140
56920232
76337400
36265312
82871776
86097966
63390859
23244464
81209078
63034092
38404997
19763514
17019521
48471621
51886198
71288458
53822475
37892739
18411599
43822499
7832673
81348136
57745517
31456222
75253528
8511746
10503321
74574017
81122044
81879780
35394730
72099721
64799995
52856760
70933112
24006996
26811207
66364770
88064298
48048071
28250287
78094399
34267724
79954464
14725924
86267945
22982648
3266109
77774421
77007722
59033633
17475197
32310650
36513392
40557364
86129705
84497432
35010104
32442346
51759453
81526756
65819542
67258742
49597361
86278710
37711557
24949903
87602918
73093478
16342693
83491479
62621932
85118291
39043875
7697678
44394520
86097230
65909933
5425705
38688979
37838774
76370806
22106278
76124807
35552070
66894570
59820563
75945398
6553418
47821018
15580466
55748691
88833984
29934169
50797674
82504771
92152161
44279419
35750423
45265525
78966782
62938658
71571725
78829069
59270823
88218812
44313419
29420168
84688812
13653562
32030720
90587408
3836555
3157314
34567186
59428973
28041150
58359864
15709036
12101616
51024576
