78904864
88572127
6651708
73086960
50328633
19945752
86796033
31965549
42512899
23440021
12311595
7406822
66908371
1338763
47338888
37855340
12292464
38790201
87856999
25945024
67152066
84245054
61179852
12396190
72362482
32168683
79858029
16356713
45077365
93043197
44624346
14365514
7386305
9766883
45568093
90062616
72839452
36736915
35670133
78794567
12756907
13391216
76090299
89768889
14118607
79344638
457510
26757367
89461204
11559955
14441037
72508247
79749824
11339274
25623656
74136558
66382174
22225088
66788626
83868040
52277783
35507408
5104762
6443522
48132552
60341748
78795575
58797588
91998731
94576486
42525589
17199019
30960971
45930464
35168119
14489857
70924339
66547430
21172541
52206831
71710817
39070439
35958674
81233476
35164815
16860389
63229577
90347116
38588119
70914834
33878146
59324848
44553334
86061267
28659796
49510227
46024183
9760201
51057146
26627203
21716894
33164244
22104410
85556108
51631642
6951999
29643372
875937
72441341
57839543
14404524
3998509
45629863
73523977
77200147
81383172
71783626
61935547
12737924
34168471
84605290
33007228
37374631
75009600
33108199
69289538
14596786
86390156
26281785
82681979
39009220
93607218
75208688
30235284
89568913
72061891
69106031
74032103
59153600
11048392
30936926
57265602
38613631
10375442
26272649
9809925
92314835
52454463
36168334
85503072
85935200
61530073
51086752
18178866
84320271
49038985
83414633
15150241
30187874
30900269
37744581
8940025
78478000
21898285
89701818
77090097
2440771
65098081
90417117
21764565
23595001
12459190
19728202
88353274
34318296
64948601
58308355
33558518
85316497
2212318
59976909
89439268
52652573
4979804
16914422
76491366
85683163
30078745
27327915
29634695
31501358
79345
61788613
89646501
1192935
87951908
8757522
2524499
12373208
23876806
19728405
30051499
23827692
11635637
32474200
26897790
54316982
38447282
88550766
79225661
10565990
32628692
90222848
34783680
43581776
14700726
8520726
53573861
37573317
22099635
67992669
23142607
34448945
78890630
33382651
9848229
5377830
10465124
58934784
34324249
68460054
20848538
52527615
25459627
43118050
40962073
93808858
89689327
94508800
40490831
223124
29698152
69947074
12096386
83787084
26410606
8097147
74176395
92113374
62231912
88369979
31143822
45681091
84665403
47695558
82083606
23000029
47563131
34353753
41473956
52688550
90057894
12577996
80744168
23942189
86944760
80298183
66566661
82162883
38070849
28541022
30757988
34863097
92365594
64271687
32797307
60943399
51357021
83165364
35093309
33557196
78533652
23630490
39897534
1451874
54668596
61395339
63323699
1759504
65006216
54487515
78046000
17826334
43191969
94028171
57307596
13033264
71766872
39647446
50812979
39688314
61598393
15264886
10128790
81775394
84781870
25763465
77304169
67933348
50017824
26910541
26665145
39544625
42665508
2150581
84441159
69211646
13455170
72655582
86135866
90471933
33368127
35945147
29585880
22965601
1106636
41393977
5623216
61120901
35927388
26353521
75505940
38587826
41710029
93156448
4519155
93800232
23882490
15990219
83529558
32746621
79072843
80591562
37608793
5812566
57322142
1964958
66260860
84067669
28690773
92859298
51187652
89146505
14753153
76595223
75000366
83572789
24877669
15812504
78680777
85368666
21868649
24756383
5222392
93307875
55165853
16760129
17491300
46832627
43656753
65958684
76018496
8887162
87801018
25902922
43540281
20129970
64777807
71435567
74259714
22314084
24337900
6811896
69433286
31509511
44485458
21406064
57494360
51577842
18113237
90133377
60424044
58614827
33055330
86790769
90158554
2418930
48682690
89308434
8919104
63835575
34576580
40097376
83309465
29999717
44882102
37214648
36073593
55365960
34396541
35415010
21493262
11476717
10799473
25223193
35506514
34231173
24457730
88682820
37696989
58073776
82816013
53225427
83361332
74423084
25803033
23590446
36483061
75451228
6882937
86049322
326156
37157020
31374605
79165296
92097854
22066579
15433843
44997676
72093676
63938968
60177222
14462644
68730345
72543679
24959800
14633393
49375455
66605562
75112886
11824559
67047049
18351768
23904547
60851971
48765286
66338797
21520601
47858989
14955670
39110725
81765091
38598899
29037573
16518346
68971351
40177549
27931465
43430300
4549750
66096193
14293693
13161342
91071406
37618102
85056077
32628920
34531170
63312382
35520713
51779258
72341778
59944370
57584712
25031600
63315331
47184861
88165318
42107519
16262791
75106604
11502689
18478521
26461666
66495338
37976779
30895462
17587297
64275938
91441527
49643779
3159400
82614481
8211529
50662105
75293038
7363877
49860043
27727882
67890346
94263594
88078226
17469562
31574781
64908645
35503104
50427501
77107515
57823818
35990891
65268634
81670099
77144362
63011207
78051710
24268154
27228769
93228772
11617615
49335854
38081944
47944753
24775332
78481353
8198955
87072312
3166022
19543112
34540542
21429779
8798611
86682936
35361930
74123460
15744289
40607745
78197892
85148145
85900108
23518976
86387564
48791112
83369713
57261208
12502112
11245905
55717950
58188745
20781903
93697381
48830107
88256233
90647664
66049084
33871187
64915607
38497964
38129018
53166200
39964009
24679377
25340259
87044232
75847652
41552848
54912319
38378908
64750915
11813894
35468369
7086344
68851982
64250296
80625942
74135811
50882655
67285143
33759573
51219108
16046006
706272
13084453
32188415
88112096
41546990
67737424
39070435
16682564
2081811
33008751
34816891
53932324
58582805
58285216
9088511
72986408
68682281
55663664
87393629
38267007
43344291
16813420
33783434
38298743
37643164
1559864
93143030
77945143
6843338
50534805
90778949
55383185
85012712
91178451
7113291
5428818
26286970
86277342
38618059
45706799
61513475
83377046
64932832
22181777
34866054
28301696
86243162
30926537
89984599
37131438
30710038
58619911
54138983
52626645
73541680
16304777
60575434
69269725
15168571
88540946
90345621
389298
37601779
10476732
30856141
87678808
88275052
91714157
14229386
23160818
21173921
44401077
13697308
33647933
70744265
4207541
69353647
67972768
12215099
46156637
67485019
53324597
8638342
63152970
52484173
83156255
91071847
83230440
45905300
57636024
52824487
39605544
27414508
3089937
33740096
85575305
54065302
61659130
30291197
11735863
66551719
52109457
11702824
92188650
511409
1099461
69071312
39538750
24395959
75823243
86489552
67545178
12241933
26098433
43064255
47331182
76012077
23492825
26134027
2844279
6517723
37495557
10628924
28875324
40703057
57492971
11998853
21400976
47916247
83291079
2523213
82120568
82628302
6764550
63233144
86382399
90168069
66561000
20617532
27331076
50424516
21042399
64802466
84573161
24216247
92203390
79988374
14069288
81874785
7734904
81872954
28174042
48509377
88227452
61805363
82006982
23330736
33238598
62897019
54351802
58143184
12639728
17113644
88062461
30547038
47707421
17729879
20457009
25626073
51507809
42184810
29305333
23235389
89177392
50232978
71203976
28028491
48110462
78289366
69600430
66424801
94663911
27852277
52662128
50648985
91488845
35930414
59611471
36193835
83819393
85440157
24594007
49962522
55276668
32811531
73482047
43562068
6954095
67930468
38974410
67941546
37290998
2842677
66503119
86148228
91467522
59328871
73914234
3803436
72875951
93070401
31757691
93503386
74862368
41627104
12252688
80313821
40037609
71830441
11483360
82621519
78854846
23783710
37695451
44119327
92426630
59741404
77368021
26126059
38621724
55706061
29829946
51896079
91541782
24352846
9252676
66683279
46417088
11208490
65738107
18056745
71196070
87658895
2159950
24485151
41941041
30383991
6600649
11593540
67486078
33168637
90950610
4663235
71953524
55655957
4018938
34213351
31211398
12283242
22595970
87731046
26992434
74701258
18773721
38822947
92179062
11502792
55077692
48511967
69888672
92169948
54503361
26901374
44806148
85406283
37685836
43124612
72580349
34509931
28353267
38634633
714206
49387790
66570595
34888177
18005197
45384274
12323383
4930520
78916375
15490222
14342198
75201802
68867963
29384835
16329525
89182389
71894544
12888543
16391470
92202697
79720029
75553508
76020303
19476833
25092778
51048619
86489112
94075536
78631641
34106109
29015798
82732404
4379148
83453786
21508758
46574768
9111962
63239542
17889691
29940487
28840566
9984863
65907293
10267600
30960369
4813460
25257959
27142678
35521404
88267037
9199991
766342
47530665
5451282
50283386
26613071
48394444
78777691
6091764
11818309
93957197
6382243
24506514
57746348
16592715
14528546
44602785
9477554
5041989
58787025
69394360
37283956
28182873
58903196
73396007
38419225
46659496
88702541
48559968
84832626
48376254
83915958
56713312
58361182
61896206
41490828
2344062
77202953
22031481
65001117
50409497
17418179
85351602
701890
42465598
74162139
44138752
45071683
39698838
68048306
73585433
51312784
79646995
78261024
94181422
49659368
74162419
62424928
40620193
40035522
84626064
49372660
25901429
45725981
41815127
15425885
29585037
39574044
55444136
51953884
5320060
12806395
87430462
45283141
23610563
91694720
73756904
73628251
34253520
89359809
51683619
54862443
51562726
31205460
89818439
40020471
94038487
38465555
46595641
36448046
73844622
75589448
86705366
53456227
23008220
77041755
89354928
27088374
53030834
13887577
75828506
48428980
52879227
18906702
90227257
630002
10122310
16830463
24797687
5396784
90368764
50647374
24439981
76474815
37366720
73107509
20714136
15168538
77388425
18432533
21627005
32865150
67503314
24444891
11014145
9318209
75716857
52352561
89694136
76909440
2191195
86440125
47914718
79390891
89766436
33405885
19731234
71941659
29022291
28331632
3508312
92749864
73923043
10588860
80410049
11995686
78113201
7413678
30940151
39823586
30500690
31540298
86119250
14672422
80813286
60006536
23108150
18095991
69029637
71715666
26628872
45595856
67702821
66965504
18684267
93849323
82142163
53877801
38917674
31320713
35030828
15090417
28755723
47635522
67195933
24437361
80727613
28389848
10920338
51720116
21157160
49933296
80614109
37153674
12573848
92281204
86183036
1366247
70854351
89008540
16934510
82306488
78368475
70430209
53460719
54687592
42380809
34448305
76518870
49238949
88814661
72815956
71783220
51529846
60016216
71766132
84456765
35782109
48845811
80170015
72418318
77519429
33311836
1616285
41335191
73827364
60955604
24076957
41708145
25002640
6403053
29156536
8284977
32302943
63029718
35180090
78294434
85355438
89443714
86477570
77206224
5442153
36420900
40084401
77600819
84394551
84487586
9735127
48209541
14130783
42307223
58865799
91600929
24417912
4895543
51180650
6359094
65792868
83333396
10348386
58056317
89082150
87980368
78213476
50372301
76694392
40287929
32331123
40209112
90595700
67187316
6017715
46018909
29462529
70518728
17050878
29473751
81970070
79910631
80018639
7367923
13661920
3807044
8285841
35082599
61398231
69868024
6999687
67075116
2251057
78896918
37249885
1785170
2730370
9895708
86720531
51228020
68557881
43532681
38830874
8201837
4905609
75058928
88343185
23628465
69096632
2862338
56736312
90420679
43253645
66911111
46540690
81624253
56171849
53449360
82272383
77316833
62306098
47457914
70169505
27808078
3250850
1790434
19772837
91100727
17014256
51039805
9746900
23374996
47197303
57969954
25349226
65936495
32447510
88512248
92230776
28174038
88656550
62215338
82966508
60668850
