62998595
69074924
24813344
48456173
71574388
28982451
80488317
58941494
59541291
34859235
73850241
83612450
17484948
88815025
59595841
12455086
25209723
62992458
36326154
49204302
2287259
4876424
28850165
13804435
68806519
2207339
6095192
89464402
56789367
68818987
40465654
64186884
87805590
40311512
47806353
56608918
41253975
65486403
54332984
12594545
64635486
65225622
40349047
84499601
519862
12090234
14676002
76892580
47897189
31939819
31988811
56986729
39341730
86742581
34096748
70465714
27066136
83570498
80243107
87990788
86631171
77718682
84937802
26818448
69564514
5654192
82317088
14569843
51787412
80917855
4107912
51545771
62249703
29450508
51327986
20874831
70136376
56032663
29987911
8827262
2232379
33117878
50315108
61063956
30738061
3974976
71647163
19921067
39006399
75543323
53870458
48186452
12620865
9972056
3950961
73761696
90762694
33918191
29274627
15027498
39666388
72648491
60607339
11164999
2855695
92441979
42568439
76827563
44571020
89052044
25044208
33269628
7337997
1382574
29374904
9583742
12852077
66884092
10148665
14470386
72432842
61808831
71804267
3882535
6150263
37335205
51766640
25129103
47656634
22222948
70187397
43777826
74828389
20985758
132790
54408741
23799886
52534585
76830765
43641529
16996126
73355516
85031374
64843981
35688755
25008466
33719036
53183436
24539121
31255892
28189100
88656749
48857457
61354083
51409919
14538143
54867499
22621208
32734189
25612523
6191643
4387751
85365726
47359026
56347600
40559983
42986723
57798277
39342175
54899318
69742339
20344450
43962863
33845519
65780888
41064104
62040393
24064000
79109216
81762131
36018199
55016573
66447909
54836455
79055793
34156802
21642982
25872628
2778284
76027575
52992581
6090114
82460537
52151986
87186957
39458408
12450100
66376240
77119305
13104918
57106825
72374081
81582161
59581646
39916754
30837346
62710035
81297284
49281085
4967845
16144323
86360973
85745687
35136421
17350639
24027587
910742
7845945
3559147
63656349
80228322
67886052
87501785
48959459
73896129
55480575
69235042
83297636
60907828
90638161
16445019
47277961
36129011
25489234
20562109
36324798
34382530
22927811
64890351
81967139
28622928
3203813
86989589
78791844
51510068
28831613
66594130
13598023
64840866
84446147
71321495
44735064
56266307
29860647
13904951
36715327
15604765
34839002
