53944714
63250527
26326449
79117807
569982
24517752
23528267
76596019
27910707
28913865
35575726
65264138
36670425
75150859
34430807
2184027
23452320
68139563
32070810
68940534
44371705
90545883
30028138
32136175
26513894
16480337
72093613
23683141
8156088
18283838
37720395
12501254
57077914
49427702
60926019
76409575
68295028
38957370
25255207
69893071
46708417
15335611
42167072
61887684
12263492
35712847
86282840
71288855
29694054
82890083
53663767
82330686
45248226
77302387
92124898
73971055
