23888186
32049316
23268954
77363896
25506763
41003856
69916308
5167059
11474645
60995155
52573395
17909919
65849368
22791958
86087618
72268563
39876912
74799310
53615750
37817986
23575002
54375891
17026632
34306558
56368734
63856054
82504174
47079767
40710126
57682262
61725566
57316420
55145897
18926030
57670700
68382396
64105072
822792
75426227
16987817
1185546
16399488
34739494
75745508
22168178
23504394
30232234
75450706
14053265
19119160
26400368
18391139
50729729
31270734
55129597
83526806
5620879
59282038
4643758
28124046
24733255
87572328
1112096
35878917
22514411
2170447
53174447
4848934
16670926
47049302
86215453
3414734
67174362
28338351
