87212435
17867715
17207299
86045499
76800404
87298228
2824192
89813386
2603394
17846307
6364761
21835092
6325478
16451822
1454595
24863857
36084571
25878936
89246650
87320337
77116
27785699
79657298
80411993
45505827
77392112
86928128
21229881
80956532
21822636
67296883
46235569
6516141
34914956
28075059
9758078
64290562
13568557
86029060
80381354
54732184
25842970
18427913
41467908
22707254
80000593
66219028
19387713
58213003
64158073
39808628
24462584
2204977
42517043
50544365
67063770
10462523
63901436
90422681
89545058
88883625
81749857
16138100
15764533
76016892
83405454
77815968
32564352
74843904
10208041
6750939
30145012
88570162
46743644
42477592
7926985
53419856
5290278
54007884
30541851
21652747
37186647
20620431
8382714
15369606
81480808
52435180
72364826
28193004
19092937
81172801
35924084
59222138
21318484
11940470
82068423
41115992
46820525
25563389
65753151
721645
59527057
10860398
30058242
33564503
23715889
3598340
43531304
26961745
51357341
21983509
30254588
77257024
23807181
49520583
58228473
15662035
63889582
66092167
29557893
55810277
21048577
35554441
75631095
29695959
46778705
63165944
69257920
53934758
68542324
34616382
50402507
53057424
62673195
5500387
31779213
45528086
79114839
3522282
90510469
14346025
80796202
81155334
86996989
42545318
14171694
85599897
64675362
31781190
74200229
72932058
15391707
39863218
59666972
65687613
471966
66313160
48127311
65034444
12313400
44794136
91762132
12618969
62887829
87840337
17364521
5411422
53734584
92254402
79593933
68229444
38618542
4806247
62357107
86063989
74494533
89993808
90798
43524956
31071801
84884547
28371089
10303257
48576546
35956884
52920699
5395752
33580320
82028295
71988244
66154873
25927598
31097259
82713686
8211674
82474929
27067484
49280968
80813394
46706477
77900646
6547552
49626512
19708065
54850046
9043854
4601738
44297399
55231757
55571948
54454835
68790206
86785993
18522763
4059370
51167005
49463328
31755212
31543359
88055129
70974665
45825179
6567048
58476749
46521296
61981431
409761
82688628
46772368
40770756
44549117
90584991
34856035
21684254
68015710
88927643
61206027
92333704
88985174
51291976
48608069
16928142
86128495
62918416
29614082
63760496
62580893
72147335
74711830
16183428
20058303
63230308
51995544
57296663
36668639
39046969
17055071
27022081
63769489
22468378
56978157
90728104
24233468
19967971
18877591
50663091
71743236
66076917
24167024
53800952
19229224
24344398
58871399
37940475
61247315
10439263
27582190
9963576
73486294
5657446
30408684
69244827
32343210
16653595
30895776
10183953
58792869
38360105
59823841
73421749
33581572
39822695
84369716
48572868
54088901
65090252
52682762
92292252
10365791
52720668
11330510
40450199
54449432
13410640
23507863
15596017
12939607
73318466
23502167
71958193
69739021
1144069
32727936
18357045
73384331
33628166
58491122
11850790
30020852
3972532
71673356
74463410
4269641
58225907
38814119
1782608
55308030
50095211
45862087
59636197
92155105
41193274
48853539
65516633
59365542
88427250
27580203
8707124
30131675
78029746
63515881
33510721
4709338
19018254
50615221
72188958
13499162
91077928
41331108
82858348
17411312
53043411
68189514
16006994
67998615
10611087
57978409
1325375
62385358
26353959
80162448
56755867
61858388
28700973
46291769
47869320
29017970
37967623
71487564
45593936
14797592
58014381
8065016
86372642
56561633
14554181
24359920
45873758
46061530
1384047
27277087
72632142
58499689
13298380
29357830
81692679
48135562
3271053
15153958
71478142
9465970
54063724
81675923
67936905
49779194
1828527
67070873
74351200
53378194
66529112
9484312
53839996
87647913
65963900
28971600
1309457
65392718
11423487
61215606
76661286
32836202
8246552
78310210
58598713
33096352
50440540
54597170
52548511
11524359
17215723
84118426
13772125
11097241
184141
64145591
33936006
2015666
52939662
85576174
88405107
892899
72875220
20174714
68500626
9561123
70330003
67530937
33076349
81505752
22590545
9517405
26372980
38622649
77558382
38568988
59042860
58711555
11225985
26338192
41905446
33897965
89322409
18185785
62744637
21443216
2618755
40304958
56292933
54597288
45901215
28835997
19119193
57781319
24332842
87295817
77056996
63712595
22537493
43725836
37126785
3641038
86470529
31803479
30403719
1740157
30736141
29751893
73863831
91820766
89665095
47138769
11572336
41273101
50471124
67417773
45058264
38853057
21596679
49251234
65674172
77241436
46110136
24930881
29630914
74438191
21301726
46106611
1794353
70071535
41495806
17825327
43286089
1731823
44393256
55961113
36685781
59843551
48215718
4287868
67628815
37707516
57499502
89600666
1867398
64032820
12161696
63190271
80827773
17056796
33965789
57335497
37169736
9090759
72068048
40837195
92662566
88455608
73942557
1177500
22814246
22688417
72930181
31780362
28176000
76684966
16753824
76506929
69805578
75031353
22990703
12373905
59620295
15716828
75232706
30980239
10912000
18591320
83926460
83346984
52559971
28321721
61441779
43521555
15642870
45287182
4822158
75867754
90410429
70786259
25713734
4354552
52031542
65227023
52708440
39067569
10849167
56549625
38339280
35375639
90185861
6015094
10349583
91044285
25838963
7130790
71347111
82448906
38379484
295381
15673113
32057076
61021447
25776652
79841662
11820091
30003273
13519528
15237330
14869572
92002562
86916695
64778051
78618398
91459710
20837174
5776868
83366840
15775996
55411053
2493018
26921742
42460643
69276592
24511438
10102101
29038759
56872136
43283919
27548659
80641158
11174261
1044915
47707386
22968438
90677602
3497975
4613961
80048611
83955085
78966256
36486761
67256333
52199152
46211439
39808119
50440155
5850618
67446794
7273912
15818245
26675811
15558521
14648048
27082494
33992140
36132442
3584231
43190592
47903704
34690374
13995563
47635846
58116297
24100827
2246017
17856742
10239457
19077822
19744758
41345676
92816162
74343277
42424678
68436103
59545774
92767828
7602755
31591716
55433036
23423775
53722393
87426568
50493122
79766519
30107351
14805786
10762084
68562117
68150520
17676037
48988882
56887941
11046100
17027990
78705416
51996172
67481775
30989343
2353071
87090654
76674376
68157394
46609058
16564241
48970999
1830607
48631938
61483795
60857823
9485127
85712358
24484247
9387622
58524731
40249117
18674151
60809403
23473858
48911900
75367466
79808341
50478001
1758099
39524677
26788378
22723726
88461968
10575908
12293486
1013194
82721270
46599948
68250807
16338135
90576894
72150112
17264652
77407130
48972517
44290202
47527781
828137
84269906
27998168
40910129
32877591
34532152
64205073
16610193
66188469
28539674
9912719
86912692
49709011
85742317
2550934
81584631
38479290
76540674
51857800
47080976
551666
80345024
72200152
31301621
91701679
31849193
82491092
39930771
70585415
60231361
26565908
46904094
78480396
9424554
24337587
61849361
21926029
46300623
62655819
46357730
44993732
71737721
82814622
8209843
551087
24043876
79325884
87110148
42708556
14779356
48496111
48673712
70005470
51734542
7499427
24183647
