13358248
9053764
63278154
51811448
60604690
75501731
46328407
22828021
80328600
80187480
68737835
42459530
4935568
70722576
10982533
27827903
71120214
53737926
37830304
66607986
51173057
29035256
92785205
16839759
35615753
68881282
59591492
51579878
76769679
8330172
53480134
13998924
20112089
69800734
33390992
35965444
12020384
10035654
49372486
32390543
15433411
25072147
80495738
59537393
44400502
1287616
33427216
79825606
43590798
27456359
65843022
28976832
10084452
62005947
73004733
91640842
47728771
75008245
28411118
21344523
18168244
52816020
30340946
4483053
69371779
20469048
38089791
62616452
70574773
70574774
58950878
25785784
12370706
93730589
4231349
53440077
89704914
53899887
48987179
54899688
80790966
89079528
4198482
39776102
53994675
91158374
77040359
42498354
78743940
87121735
41426527
82990946
89304816
56836815
79214752
1908583
12590859
36151795
12917352
49383350
16871180
82583290
15762979
87150046
39958360
69969747
23790969
91800555
40377403
68556697
10993690
37018624
64591533
