84173544
91433660
71871554
91789473
58773018
75997899
12635243
24610671
78492931
87964368
35893446
15786685
21701544
55782065
50458133
82402486
6853553
77141707
743955
17679247
45065767
39214572
746980
29932392
87613682
79419213
49160219
69919812
36345688
15696277
7565520
21566520
3072405
20231621
27561761
2150999
2751059
10544339
67130569
61685484
31099228
23889830
37874785
51189595
90753283
33242222
31018283
68634763
42193316
13363844
73916637
236983
20793791
5987191
40070482
6274209
51945131
7035585
4616753
56695122
70044152
22688403
5182432
20072901
27368072
79348708
42106180
24333723
50494165
74149566
49974588
55102623
64391968
10645009
58930126
76026659
92764327
14132990
51032114
8545439
31344592
54954358
32545882
35499753
20982358
66937635
29905845
64296598
37907466
58063711
76668783
56866311
92410855
18921294
79364454
81333522
36475628
87100477
21258618
25718497
54706812
7140181
18761357
31440796
54392704
77727328
64047759
46587296
57320735
20475068
43770821
90085784
15675829
9621497
87830841
77288761
58631496
36177540
60554849
47050482
71821894
61208226
66254228
32149029
92126035
79611771
43581895
21954382
61211092
45763334
76952497
76863291
51799628
27442722
29681672
5142367
22438973
19596294
82478350
45605257
77153560
28161323
3809815
13151160
26965109
21427598
60361267
41387240
23631827
16129269
22064393
1566430
85408537
4365691
81898372
86569658
51990462
38463612
54639484
3667760
83711227
88294656
49902208
53592496
41820053
49543423
50677022
69073780
11269270
76724508
20655350
37728926
4301670
71931686
17218482
7858503
27718103
39177157
9604267
87653229
80393754
91085585
49111478
16859871
1476311
46932455
66350815
55860485
62546227
45375148
63113037
55865547
72808080
85569613
16963803
36532242
41436666
32055846
2810769
61559235
21748189
8612049
43076212
11227893
20557389
39272830
12506380
72805189
86870034
87183480
39791209
54842714
24078779
81280404
11815107
28064375
17166263
27009098
68655323
91603239
37848690
31914593
12143162
15487098
38095005
44730241
79644664
60282886
12906507
35185285
81575287
52271061
30846297
28144844
7471577
23199865
87338342
29536035
72837872
91643744
73448422
83475767
51960280
55659103
3447691
91069752
14815680
88115985
3090076
87191443
73427093
11660210
56001666
10324059
89218950
46624194
17034460
35410723
36735351
19095984
75712945
19617967
74387929
74675034
60560008
74395321
77184149
74683696
18111779
37305422
16962661
31833236
78498252
78092345
57315825
26741549
33886574
17494093
49129792
26087008
54904450
69939375
32416217
28093709
88161768
