45870987
61250981
79433535
62018722
80349415
25149459
2152588
41343615
79050834
79376805
58851215
10519552
11954919
47443066
42243118
40794741
9295747
24047275
56295118
54902378
76330902
18073054
83450521
45158030
29441364
40179640
47058516
68436595
2349173
606419
54529210
45232295
77852627
3033154
7372254
64225184
25358067
25197281
84085350
17257302
26688075
57133181
18034980
433801
50037660
12537071
71332574
11641219
15316484
74504111
82021360
86430907
69860300
28710686
55185040
68968172
5238430
15690699
23831979
61915567
3037239
60952553
22125171
88566894
92562961
14795356
40013780
44576261
6055821
84356283
69247387
19682712
73682727
56337361
34153891
46932418
56094327
29597090
60181030
15155363
76664832
38613750
66321298
70397450
6331149
5468755
23479369
64939738
69493730
63471162
55103325
36225151
69278897
29346004
42811227
75975000
81588334
66527084
20882191
427505
68830862
83143650
10048251
80770063
16737851
2132889
65114843
70123704
71482975
41793348
10947132
23750170
3070473
13420495
33477024
71658187
79424388
60522846
3750094
16295476
45382810
56846840
89822507
58324304
15641817
60238696
4632163
44861299
7589631
56838189
41112519
42147943
42217245
92462041
16164156
25307140
46402343
51577914
320344
67455280
32767511
54075670
18455845
76742302
76742303
57874495
5004005
3852981
46420471
69961437
2510265
5029916
21996073
70815752
85046599
24734960
1687734
69750691
91415450
12637962
34961871
85525733
15427317
51039619
91390217
1257261
65530331
40382345
73627059
44763336
31026265
77592337
42569676
59706512
75486016
54577131
53816449
19761051
12327805
88215666
36721063
36569971
49709350
30047409
85562805
2985069
41605451
81735551
42173478
55122505
60804663
42578952
20338221
381825
56068692
60838633
30561617
81896207
63490022
7020075
30426892
5755647
3448866
65841238
21181409
17553919
79625170
51411168
54802575
5824935
90905434
22864009
37928296
67156063
31361433
76518056
27006722
59745646
83367306
38166807
77478390
56502478
32276560
62756702
40550073
45999550
21871075
40408385
86669797
68081487
55754720
86006576
47810986
31264723
66811316
30624696
2906709
60747812
79345433
75882842
43935126
69345505
25375489
75500994
78489361
67864705
72948498
91578583
43860961
36552827
27044081
40513784
72645111
70826093
21776511
18144582
92843033
54670260
66066389
61104097
38501749
4860985
35757443
34565085
4194912
38777494
87054446
54784751
42479356
84158838
42748499
3909296
88539156
64197401
77615635
73498381
90558931
26439186
55011244
25219022
31846256
18995465
13905164
22605808
48665007
84603338
25941224
70460944
55800768
31886828
57725219
25573673
22697386
60689344
91357
34848885
4294262
19948116
44964911
92492644
15039475
35067576
48710135
33038621
79248369
39981662
17564777
52354052
80000242
67008730
80560466
77507005
27305840
47517732
50944904
37474572
18030170
88412054
11107551
37649382
41730924
8649550
92403070
26635398
93014814
24494632
44956692
19798141
34398707
11555771
87562085
14390570
52304902
3600927
4067774
22604557
88391429
25001271
19693922
14062395
13588282
16422829
1821294
15775825
83686795
