73194211
34008796
77811250
73599987
43998233
50101785
90293860
67245596
90249130
30895867
84858702
19562760
15356317
30553443
83615189
16560350
17764518
38082739
81027274
32534406
53249013
51622970
41868879
82720720
67773761
75642509
59326329
29661546
48758311
4214861
70617720
79887412
92256327
66668378
55397349
13297454
43910261
84144364
42305773
58305942
75521478
28750493
29829514
53376343
10285980
52185342
52137360
6430811
50998466
86024062
90149036
57167030
38218736
60640908
26745457
57994210
68667224
72820994
55606933
79837608
16743234
60391428
78395305
80936823
38168719
87542261
8239073
73688480
23439103
6278480
40292865
62957037
94151881
5226008
8550092
86704544
71401819
35570533
43906898
58466073
29765558
71748689
54213338
44808510
11032978
9848709
84459448
81393539
63292835
32862582
53374942
92937870
13117198
74253498
19284095
4487
78673125
60729023
86224631
80644461
23620263
57961881
57271574
72435622
4220112
26295721
24380136
83568294
13684628
94537418
53220716
66996663
18389478
48319617
646037
45768548
39964040
12520684
82738107
19992816
18814300
24077488
11304419
89902090
22850103
87465521
94280329
86193966
50347494
36757250
14669316
61598241
19728744
69486350
61831188
1757588
79983529
20477994
80298667
17362861
59680327
7672029
10458136
84361575
37362708
53758288
21375137
47859840
93552699
57296049
53195698
43791681
85713701
33498465
70347424
58902913
90230125
36639063
44981872
71702828
50194695
46299261
67455853
63804423
36272409
4270448
37365580
9686736
66197674
93300760
70863260
90173858
919011
22135458
59805944
70541187
73532227
29673577
21229192
1303849
12137598
81447474
31351140
74901872
20209115
62382301
3876084
51971081
78089190
67749178
89204802
45696747
11292783
79827720
94399315
5681575
55594275
78599588
40282924
79978015
75894872
39512846
5003736
22089558
37775003
70954214
5569289
9738888
81293490
51389619
49959691
69280438
27410736
64759523
75778183
40282922
26579892
92900751
49312085
51668237
77388168
42607684
63412047
57411229
34885053
31969943
89864057
59338469
5582549
8791102
41570931
72583548
83535756
47320386
26540480
43535702
76579641
25883978
50861353
9193689
64153599
60931324
57352549
69180728
52185346
7179446
66369050
37443297
63755455
39277737
55456730
29433285
62702616
36265843
39431348
