20097931
70757875
65706224
5658325
54160119
82909135
30673942
8596004
18527339
12394894
57710435
42730295
71712870
25187329
65724880
50649942
3451564
36000679
33433864
71855479
42786626
82987425
2309242
80397845
2883322
1524051
70564319
21063535
43767668
60500168
33056989
75927318
87578530
12289197
75424676
44385539
35005869
32840737
73117983
77228792
3425347
8139171
81128346
87516680
16278104
80829261
20141536
32025330
22559072
57424596
50052850
33257535
9694609
5017557
6776125
16719293
50717765
27500809
18147447
64936496
76250100
79470402
89516376
43764357
57396964
46988497
76089043
63930363
47027020
59906124
14444511
16639259
81875214
25547234
33544178
914609
47043800
5307308
30763475
51954544
23158998
31999724
71682849
18321684
16254548
76628161
31947109
39759966
92043990
29031108
1819457
9613562
28386133
64887063
33742378
15153314
7455771
38930467
78571445
47399806
83384587
75899218
58410661
92009141
23239776
48084020
92475196
32602638
3910273
24241898
85140269
68511180
37829425
39748647
73792538
2712485
90873399
53333652
12974523
18070346
37593708
49758977
78314285
61505761
20830621
84221062
8855959
43912238
65504190
57426837
56992047
69599218
9685379
59720369
24092503
34596423
32692360
8122382
82758498
20771421
85699140
89715762
89199542
42265110
14286646
45735442
39622381
58258344
1899206
5291093
82300762
55720877
86420874
68101142
79581748
26688851
90493613
51044226
24960681
73782232
60415676
2783092
62012665
17373412
86269020
82349732
88163255
92500577
86419079
5268208
86657668
17956920
46534482
68610471
72568005
2798193
49837560
51131354
75634119
42756515
24913433
17135668
54996964
37483990
31007704
27469215
89579212
78498170
55844931
19411194
60939931
57355806
45639785
41740933
18922547
72429256
11319255
40542641
20049104
44776468
60556543
83190059
48536190
11025277
5380872
14491446
29692322
63834030
81269348
42089834
72228478
80828129
90089798
51475959
16795819
5101458
244037
68317633
49434142
6085473
87197252
41525815
83748789
52681558
17260971
91963386
32906223
58620593
81316746
89845262
3690703
53370008
28572387
52039878
18914751
12124997
48250377
58682795
17120118
68491965
30066180
59204991
77179602
1509818
86236575
61977640
39223619
69926435
87023112
57785800
1259910
1815773
48600281
38438998
6059309
17092089
80591008
86787609
91681091
8188902
46122355
70875013
76758100
10252601
59182061
72982230
49858112
8496900
8721409
17685941
68368186
50505398
83916187
42066483
7364989
4689331
69654646
32019740
67302600
33407602
24098880
39738823
52982019
20530019
10292937
53666779
42205035
44961519
19316314
15143850
56512713
51327840
19813316
89606206
76407645
21063533
52078474
40661762
56221493
33019461
49901026
32963691
67901082
74857416
60651126
84181815
50274399
50279665
49871298
68708615
39547611
63210971
82795920
87243349
85800713
9434978
9434981
14816000
8207968
42623303
57316556
31746171
75022301
92231416
33169164
80431085
73326882
81938193
22646744
110140
64466351
65639610
84161309
31650089
56975683
40782246
16534217
36984307
5551912
38200004
27639435
49341505
6527820
61502344
15014063
37662141
70605147
52628517
13181468
74964601
84072350
87887189
31881743
37210158
89649486
42786595
28351094
29876763
567209
4722251
13431275
28221272
54504132
4148613
49843637
43533939
39871635
51447493
63924458
50066779
82510737
33305162
77608730
37352790
40915169
20577438
17211032
31476945
75499775
73296968
64534200
40589683
67905102
1876617
73744051
88390224
84869157
52052257
986524
83696551
9818806
68989354
76371165
19060570
45569012
11080861
14771880
55950241
61008833
92259086
23433529
1021230
23066703
2831145
27075458
36379968
57238470
17047445
90130564
42441216
6208385
26197415
30409334
86265188
15673410
13078341
21158395
17469777
31338411
73785967
29498688
82501822
49003566
24892692
6743202
69085804
75669113
41568675
46447132
45118006
56139818
50902471
87714332
81650229
41558050
37046508
64283832
10571800
5452173
14772838
43813966
85143419
92730260
90486699
89813459
75196323
57955968
33408539
49836015
53635049
45783296
76765139
44623318
88637823
80951881
43807899
51884507
44255103
21736368
14336692
38042871
28685326
20313394
73119470
26821082
17633472
10922271
20572582
67992583
78654349
35282228
7294480
13151679
50777575
53624099
36444592
45836554
20744636
58410664
65120819
51985703
1545167
3156506
75604047
87529471
25437419
71946499
50754221
26014572
33813535
50465256
37727333
53206653
60018973
41857256
17350235
75451748
30318999
73697583
66368629
43793609
40506047
74908326
18391323
92334265
41319697
42925387
43129287
13701020
27705635
64301085
35527379
45879402
28495872
55937902
11001304
48957165
23233426
16804635
42196844
41840920
51872901
30774920
67653822
79165161
78258745
64072548
48767037
30636521
63104488
69762205
8571453
67502555
3527846
57074240
81814984
8179606
4332635
58017264
38747103
28465716
72096774
64422565
37861484
73151182
70357390
54264675
91035245
77471074
55769865
71244726
20151818
88445681
68975486
69835051
11816084
15638755
9343390
70817879
13643429
5542722
9897615
17993174
27257448
84250033
854796
12210521
88004507
39617501
8369916
72714937
34497886
74171854
47133818
78947700
56521059
31643799
39129309
83232702
75381901
38856864
40011788
83866149
20055056
20055540
39064101
66471432
479500
61596462
53071586
23587680
52901133
92830963
69678569
40484550
87995862
69623130
37642350
51919392
72016851
66847313
21921489
84905286
27499354
31658005
40040532
53690750
65831707
25016902
31835591
18603524
2997283
44721050
36172400
905580
32159470
92145144
23572895
713462
859712
31709914
1533523
90749587
91403973
45734912
4409418
47055913
66670374
5053951
77727261
1984464
