74875530
18101038
57544242
71428951
11933174
91946612
42286509
51226424
31315747
9588191
31239510
36041260
24766279
83408300
50417081
78107452
52121800
71545018
51342426
63825939
85533459
47081780
78066310
74586031
75381975
61058470
92320788
78518674
40698726
71262349
16474747
3325804
81087123
59383782
7773489
85428364
68354402
46279398
71371948
40537657
14285379
32831932
18107795
13613922
64993816
54539619
36584425
11630150
73893212
20626593
74398372
19053445
34563638
51398787
27239048
94248719
30560100
63878523
61048158
2178777
5105802
57605028
44051322
52756542
81777934
92698928
90755
82420373
59870680
4566121
10376626
34717158
76111747
44295699
66917015
55032451
92032192
84215907
61848111
93279319
36010993
81655251
17042038
68915399
37051757
92080178
33311899
46416592
63004049
34731801
17219202
82207611
87192146
59372102
77403130
72053216
23515810
4195021
70415396
67066691
46708714
62362089
49573550
66630074
53901589
64509226
33961459
94553647
61023685
58662447
71521093
64454381
1126353
13649702
23614973
27649136
68685088
75000178
68011553
55072950
79227266
23653900
49211058
13315923
56780451
22478785
86561232
37551304
25352947
86023206
6019121
88611532
50566370
79675889
68168114
46902574
67755065
91454837
74821174
28651142
11478065
69201951
45492276
22671237
31160783
36181750
36584253
49451110
92799511
71452494
12510386
58488061
44011443
10829641
69803600
29074254
43741928
27064206
91638608
23842831
86256901
53999131
51375242
1473285
30036642
7696587
28130786
66130262
1430981
45529245
39539731
59618594
62336271
92223834
85303232
56333281
84840440
48306392
9579651
68242249
53909120
29273020
81059363
61599269
8462001
31918523
73956576
5227817
38916059
13784154
48566450
70208891
55544419
85505580
72554970
90439687
53755733
31332626
44593443
40166777
83980947
1014424
59121486
25324752
21010200
1647235
23156543
69684707
25622301
13679441
79032966
8332866
27583524
18200961
5557747
19767184
10691326
81156369
12647174
50469684
90970779
32537670
63082568
80686715
6957937
52149271
405277
66371718
66279773
22513696
64903019
30931863
54972724
91529355
38159894
92544110
29156566
73765447
5965099
287144
54307295
81799888
8582797
94275678
74124595
20719992
79990064
15462805
81871119
17320182
50677694
92176513
87630763
78109989
18837045
78202763
83306852
88553969
73127666
36252818
8971633
3550692
5998655
65927511
70608748
87726973
76380597
50597151
79895551
80782290
35726708
71312914
91006950
1687071
28234172
86412205
70212498
44376597
38592521
68732944
72304279
18011152
16011949
1568882
73886311
28379513
60736751
38666020
46207072
44893787
64061864
73696781
33371120
26700292
47742407
3295769
45900381
16970159
37679600
64695281
39616819
15761585
2443904
90401476
