9518349
85429937
20115795
28913843
73054251
88281952
69137955
14326728
8837890
58070238
67347263
53698926
70012917
9643100
72758835
47805543
85033199
16226896
12181847
1411308
21898916
47675299
38941316
69616900
90413052
49036812
79412002
72705925
66152832
20396331
54768863
35121083
28089200
76083668
44052185
21282195
54092740
44063486
14727121
35961733
25531711
27372634
83450521
62371063
64154384
66005508
81756432
45406666
45789890
3381794
67204771
40179640
49129233
38195345
64683461
926749
75488250
75412535
14953422
25379207
606419
19490973
92899547
40773171
2584749
78082704
10688581
85677758
60291079
36921393
40120588
158969
72323810
1139703
54719696
37254990
83834601
79573730
81809089
70707932
87731343
47817971
91286618
70709840
70253079
56955248
10712136
12537071
11696704
18661761
31823144
19006520
8784878
87411967
42338608
14441220
15316484
13265506
27569414
3191229
82021360
16184760
60124448
52040099
86430907
50864996
58960948
13319707
44879456
64403022
3842564
86703371
84074913
28615233
76515308
87850979
49568153
14838692
72166704
25496289
23657296
79256852
37586650
69572603
84808227
14795356
29077992
81685186
28213216
80052020
30551912
74399549
12530542
12530545
81220968
50107162
43751351
12582587
44939360
19068983
33628852
32812925
47882317
35816709
87022086
49239202
50437808
4226330
56131737
5280672
76432118
38776476
19150357
48116556
36372186
51552687
37655875
34170392
70478491
50456992
81143264
41995171
78410386
61476550
60181030
64750317
72898852
88817240
22938726
73342284
41587247
45112555
20478075
14989030
80546492
997308
42292350
64939738
84278422
53141044
78305339
48925956
8467884
74210312
73351526
27549368
50338660
43058416
60822213
46971335
63410854
45721800
73433971
73094372
209592
50365550
57961966
38451015
46582426
8496088
14795146
30936971
55103325
78711635
41508609
87192929
69278897
56926336
43070563
56318178
81407728
30000609
23023075
73888067
35531779
20977143
28704598
3925775
74804840
81588334
4259677
12776059
85343294
8052640
82087589
43681689
74937061
39944894
89795466
16971252
56433248
65674188
17943291
10048251
87933830
43605393
45690962
932736
43754452
70610520
82529850
69917953
128265
11039936
2378739
41071237
47518418
91154854
13589664
63215530
57657614
8428072
45752410
22765212
72290373
23534992
31430245
6972701
24635855
6597189
76490360
85554568
79424388
90789166
37790048
69222308
40288609
9154568
73663749
58822510
27449413
17106467
44344659
6365451
45382810
33824628
76331681
30142554
83918978
30062525
62541293
51610456
60238696
3334536
45104356
86235746
33828353
60154377
35913134
11016751
81455143
6270318
32229826
7589631
47761481
86269537
71041061
86950457
71339466
1989849
75629944
40382627
82082216
54775410
70930384
29805982
56413948
56895273
61359156
10119423
33621007
51698773
87968730
7145554
20817738
25307140
44233410
53827414
55972812
485696
74885953
48554481
66582774
5507950
51735569
52002770
22436415
61335246
56288076
59706343
67753608
26675031
35715938
68333055
44824104
9591046
59155551
71473915
18524315
19126073
79759520
55566582
5764793
16187795
13079480
41505220
65092993
6439806
72938400
82441263
42562367
14629573
19255816
59969480
61364955
34042530
66120443
40667013
82824332
5196370
67083439
22885915
51993734
74872513
5025968
46247952
53151889
11100941
44969200
50158538
20634326
15681958
1272960
40939363
78291337
25524924
54433021
88329882
30444616
82060590
45031276
17175718
87619050
65800379
66709160
63936960
2180769
56200090
47959206
21895035
92765479
39364181
2556007
51526225
7437372
53495451
41703905
76248389
26295370
57259252
81226672
34166502
40725758
44228156
22093063
41385840
27765903
38740276
66623398
48724239
10226356
43704468
50513749
54090584
7414108
54466654
58596234
36746934
74961989
75647054
80166608
65919113
34952053
65090089
53890090
83052453
20828842
69730994
57476253
68522925
23193645
63811167
34735818
86686834
23838399
41670085
37835083
13212179
83188899
77481364
59406823
13684232
75496910
87165999
4628005
14020683
77785540
5628412
42920344
27533416
69996801
43549071
51955435
86780473
38184184
84443531
20356779
54549004
81613203
11370412
84772042
13066231
89373172
73703206
86589726
1432316
58263108
59734094
9009432
57287801
51114863
8744983
71518852
80997663
21241776
56579487
91283267
14054501
13119343
34190463
80779770
54604724
90406493
86822330
31522312
67763658
84587437
60919028
70536192
83431317
12402357
52526631
37214368
32767547
63934343
74827383
13073736
15574655
48283511
55400454
56642500
81931665
22779973
92806799
3448866
43493358
45737168
57631753
65397023
10152646
86742801
25685285
17553919
88001896
70297217
87672426
35261600
87507079
19998634
75446632
90905434
68408137
77719316
12110765
79251798
39330142
15895883
49336565
1590819
25280818
27143982
43777860
43369583
62756702
57147599
39236977
63236927
74592507
27097465
1965147
44436597
56249692
49252934
42152858
71767691
49998269
15268670
16417776
86382413
8274308
87497544
40186019
40383273
81987706
75882842
53743432
89969764
76015137
87997444
13109559
2698540
52328498
72339289
39738242
48829554
91578583
15445531
18630010
68882121
93009041
40892426
14092993
87468180
79639702
8768633
46599138
4741197
49605696
92173079
8103858
21171257
37162591
91198684
43067500
32158359
43767241
37576572
4514305
91183619
88584796
49927278
49473195
49420843
35768188
14747307
7764479
45462211
74145677
77510444
40821188
88539156
2111966
75108149
53471561
41036846
45676134
45488270
449811
43494872
90123175
29073331
63295372
36836369
52238086
12724619
19199642
42009078
22024529
52792706
7658081
89528182
50502412
23489891
17874711
18033464
86249813
21505055
14107480
12998293
73886277
46072352
81440972
30192050
57889117
45654038
83874871
24742215
69479664
8535412
18246249
53270285
30165899
14516920
68849475
60689344
84696070
4048448
78960261
64155675
6025082
74937165
21110940
50127021
10467419
18084990
24922189
88413219
26462687
23136842
47907052
9323053
20745435
17097823
24808377
46842544
34216323
54960288
41855949
75479750
27823932
78229822
80074941
66050519
9233995
17564777
56173809
4829569
34363662
61732313
25252476
89561096
33682703
39130111
3476252
66911179
37441923
84873484
5958137
81224849
71639121
35537923
30300085
1133721
31696810
53215414
7383658
21321765
64394031
51321742
5276956
87461389
3134094
8918340
25922546
38251900
77979965
8723775
34886230
50236137
91421694
85934323
40341082
26860946
8431901
63877635
79388178
91849469
87880679
91223197
64943189
54163616
1829902
16631978
77260169
32464526
64737321
6864466
87676188
38292000
39157199
56186349
26315716
26865825
24494632
11007506
74966828
67222961
60725232
79206793
12438074
92548079
17341306
4080816
21583510
12337618
13227170
41759107
9828867
80361234
65707464
29177070
58132027
88391429
41682733
57171734
20941658
64664519
69566641
69005159
67478685
15441882
47023118
48587469
836374
21556756
73948343
59673216
3018701
66656401
38915841
44298604
78189998
45535270
