36571513
32764823
4460588
46598675
17839167
46984958
90732685
33819889
17305561
52858086
9487222
89222025
56936820
8059027
83665370
66091134
37515319
44385777
38481938
86745618
29377087
75895193
28352495
74896403
93002945
8627242
71700229
46694854
3543418
27065133
79402754
51633456
68862469
46027011
63230033
74748185
70188103
47358493
48090780
22095805
6900021
49890362
84957194
27754905
63310670
23108550
10947335
32614942
63038521
78007177
34691809
31835478
20260067
12858253
48887946
566636
61586351
88061663
10803561
21517023
81460681
688461
36905792
66058361
43118605
24605869
71070803
28063101
39090899
78440994
68182259
75985921
35075837
28008939
12667327
45098791
13400659
33155628
66238037
72665985
7245422
44662187
31349627
43458055
92611263
52303530
84365732
57274058
6010513
78952061
15461640
29338650
57862971
20653811
73907699
72629122
25795529
88309813
30919441
8178382
25948205
33091193
71124344
7638379
39745096
3671980
8761044
41107135
1746338
47402398
61121642
86815011
7661105
92744412
30378069
9808652
56326327
58856339
74960809
48680803
56371791
81041264
48694152
77100081
40945435
23102390
36304010
50911123
34546544
47060515
73298462
48737490
54747944
90515133
6861975
2976052
34342444
5092870
40083614
18549632
28876714
35859498
65236908
71646077
24524468
76972012
38005820
23913141
44587660
90940845
10849957
23780734
50598951
41973448
34625499
23192817
13142568
76790250
6495019
27815067
54181595
4358785
51117199
42025397
38977671
26406734
62142400
37221091
90010541
14555529
36997951
89586163
13193087
34980774
55675289
6312945
76265232
62808477
4645417
80965213
10635299
62757690
5465451
50747499
7357699
30189521
91219616
43829648
8313227
30397870
12173911
73653752
13145276
52209369
90855030
73736344
79383435
24283448
91565400
57956859
83952718
2451896
3673477
40448233
5580836
64491869
29529573
18244649
1115124
54374299
17431406
47651476
19035014
1836626
88118647
39697462
88857340
52369982
49626838
34027443
75301444
74478271
6663228
31882997
69752550
58261367
64240882
71087061
66217101
29175882
34957528
85315718
58247871
50247135
80675823
2745841
42934513
36684052
85406113
62022375
9970760
82782066
71643302
16279125
82327469
79865670
71171555
41325556
51765760
56759501
33125873
66851352
47081046
15509204
58492235
47137816
48340149
35000121
57880224
39310566
37260365
48965623
87010602
76714367
75317822
51368159
77110573
63718566
43167239
68335991
61733407
14030579
82482643
40161545
15982172
68434344
56935444
84955211
92764881
11975061
24176824
15051189
76512543
8873165
56655625
507280
24824806
70793386
9614234
56206465
26215664
19917419
56101885
56101886
12813459
