72688386
81656354
18494348
22894494
39281187
24689618
11148615
45429242
71077406
39373232
41401546
12562982
67667583
67743527
1998277
57754019
33789545
55114290
82129308
57826598
64905333
29612532
66213284
21165748
58850941
60485954
33449701
27560805
56542390
22124376
62369831
27109128
47759038
908542
36571391
46272162
39904761
69230440
8309763
73279344
3752143
71100747
179007
70653703
30461618
87988335
77355009
15576451
86276227
63325707
83384667
23541567
65211808
49288244
42168701
53210509
23556222
36774277
56798197
25635797
67097208
79415292
54664553
26606022
55941131
31288222
60791531
14181679
33436597
51800085
17124152
61896671
46770251
92589776
28964162
46347766
74120328
48509148
4397327
26350539
8678058
14636311
35299265
18629764
33109394
14832658
78595985
71975818
22473028
36553763
3448216
38403989
52123906
153612
89613727
86250049
27539977
69470000
27980400
82853023
16424131
1452462
53527319
23750107
16116594
23409135
41734975
51761195
4010848
74798012
47804577
86893093
6165072
82040051
31164435
19023912
54005903
61632941
21746273
79883937
81200508
34053182
6742687
9153607
84013495
69756766
64102572
73630191
24957923
81741777
19921522
64957269
74665607
60657337
31063570
14650222
88685728
88218344
66567290
38690213
7419458
56474627
82115792
63044631
48050251
84736723
4359311
53235480
26246542
68298032
52063527
72182932
22473032
60805170
59938253
22956677
36571387
76156489
67777749
90024038
85113916
55735665
88075163
28065456
46727106
10975552
20873114
36693210
66781351
13654057
51615939
13772332
42393313
26277371
34871276
30466107
48112751
19238843
44204128
31538066
10045551
41581479
9362541
9596434
67972872
4206459
14645756
34961731
