28270529
92169688
44927651
92185538
58142055
39506844
6503737
45989216
44440173
67242008
74656731
85474430
58562067
25416478
81591540
12877100
77281263
49844660
92349285
42502685
26614123
1103799
31470173
51269669
51310126
76087159
50102664
58713426
47207848
31449527
9308195
81411093
89787865
75639381
9395689
38565607
91227589
81846155
83023616
41472679
24132933
7853634
56705613
92356174
77940798
89956719
27219615
32845766
45242236
61270447
23924338
27591153
19123485
26038364
53928687
46428646
54065116
7618731
72362363
47814460
34474619
61766160
12029924
77366477
78221664
37106153
75304996
58197390
79503387
34021908
14187524
64546086
58944203
35945470
58869813
52795157
46303792
40390363
2222152
49894493
9994107
56298329
69663783
74636030
34734917
82422007
32762362
9308191
22398727
80422050
63395816
16279118
13015456
26891956
67568091
45043461
82941569
1945408
43345020
61701661
44997713
75922250
58042474
33561810
33631713
53785723
52083766
64271155
80753935
12046602
74747241
80522737
47526971
47834621
62337106
48622332
67144042
29799971
26371636
50709446
29597777
39251329
91415121
