67683558
73557991
50307238
13816493
13542493
62567900
69092857
45526883
42880814
89413604
67104367
41650711
92766763
91494229
39167066
72009161
1278989
75097115
71049188
52560313
33503578
75797972
77055777
66017812
27730822
64371592
54281845
39488057
81125014
87828317
23624423
82756596
34770103
34766142
62189618
79387043
52776923
41734165
71806491
38447560
66136853
73690225
86735972
80909275
81562172
52343208
26390574
92341593
62382480
87646603
26593084
30593373
19722417
36816020
91495038
8856888
66914042
15222910
18318785
29416766
20354510
30497024
57533059
70157172
7768009
31817658
66263893
76304037
67395423
66098014
11967676
47167163
85268396
39651089
36193202
64088958
72010816
18278951
19711176
88249887
39606210
66973014
53712610
83656033
33895555
46538251
86359591
85507739
61938480
33346221
67407414
18984394
18206355
31034470
