58387968
21916652
26955759
60684532
61166036
66111388
7510619
55651349
45993790
82213349
45088227
9451989
7916483
13087321
10920323
24124545
9003717
29521587
90382811
3094527
50280912
37788378
70173494
32613647
63132356
91395790
79033962
69420371
19815363
87979123
15264887
77085637
84177493
66852957
83692899
21197567
2879999
63958527
84959155
31448853
92634332
43976736
38348926
42582962
48274472
38807318
21664651
81214099
41909846
37638485
68460838
89277782
89897933
34383570
58453184
76686497
67289398
77515195
24843154
12008711
33310506
81791969
7377381
90155579
48642285
1682838
23582303
71721018
39836933
72601858
1452589
90145302
90568261
30619220
26341987
36821670
26741877
21849294
6901605
71801709
77565990
18669512
1405631
1356798
5082854
72847996
77053705
77986749
31094203
72932781
20736804
53452583
39582166
56855962
18828508
3972072
56281447
82628286
81862753
19164822
591013
92597324
33889380
83835214
92975640
21181267
51234491
45827506
24330248
82281743
29305530
69949184
27268212
55685851
60684529
42727639
