91439770
92128069
82552338
28488294
66497772
46964636
57863231
7902008
65233240
15642602
70194625
39924986
9452683
41300198
15593631
76101185
12706691
62409595
83379548
36412920
150136
40730657
44840804
15767541
51086439
74738703
17689611
17545194
85041753
55782706
27855017
65271231
70748721
34307535
93944539
36225401
45819609
72167149
22741981
9211206
59363762
51714880
80514133
62454665
35523131
17066333
76129122
17785233
41301062
64074721
38556260
90065854
17913606
37436316
60280185
79108057
16985949
24437561
85764170
51040828
18848947
80327949
75807087
92115238
82995471
60335268
79223469
70162822
49199486
47454069
72544734
92734675
66000855
967464
65229364
26139292
44498072
26874382
36318308
77720557
48950924
89488358
22713905
15332313
57999699
61608403
62053428
66374577
42521584
65083533
75493613
3136056
66485929
41255991
54485142
47403471
35757901
47525830
52074173
80010385
77392612
61514749
474706
2014113
14349540
12501631
5591075
9052888
39892365
23438263
13268121
68712337
89260227
58208642
76750197
34181514
15393357
42076920
59466236
45445155
10605843
13431800
54340088
37147349
85170053
22809424
6502234
54590313
32557003
39980101
90516227
62584613
10241117
4698879
23225744
90749133
60173300
26738420
84393014
92020785
67271945
67854915
8941003
27745123
34293173
52465786
87873837
48952981
87130983
11646929
27790091
92549462
4136627
75645823
25371761
12550519
64752328
15895326
23444434
89999035
35081209
35441694
4841333
69684103
82437993
6486921
71954183
24284427
25993175
82092001
44228831
54972851
53816368
46066542
36779059
50555619
39587155
15698070
37161122
6486897
49449110
29083052
18471929
61887318
32750940
19493386
8385986
33415617
