60241938
78207651
46996444
30457115
63822247
73821938
86413436
17744461
75345443
17138410
30586247
7478970
15509679
30380585
87240676
10834362
62718488
36591923
50248720
28370174
11429954
85157985
31193577
65096210
19123974
89436225
7167647
36314981
15568512
5718161
54831882
73426729
87258689
68197775
68048737
60334113
73040711
21322822
69925364
87168466
5947856
44479288
62855531
28963274
70623037
53096559
86984189
89631145
63368727
47349207
79482005
68211968
13978195
60845499
23008728
79342313
33389795
46142481
9594182
75866977
31818951
86820858
46627684
87232567
10088759
15182082
38964840
68357075
41190915
48207471
24143024
44804654
80567411
25900132
93046553
53818458
89123118
22692458
86114496
75997587
38856668
14084785
68676577
88036121
83120480
21595171
83489897
5993364
3664466
10515237
43497390
36750373
24172306
39143325
13124041
35601072
60241484
1069784
18162372
53636242
15529699
43404400
77547178
12588637
92383684
18068208
90983114
79409634
81462002
73141808
86249180
15076984
76643536
89129090
62423328
50796351
81154456
61432421
81540044
85881733
73585833
59136334
13612113
57780471
91251022
84824026
3338499
11292132
30261885
65358032
59162159
78796095
54869583
25132194
29276360
74118692
91224001
28813163
19933880
92301555
62775860
14542385
28404914
75853022
23822247
69591264
20876731
15857360
18325772
86822575
57005929
59276078
16681566
44669274
27011106
75205149
35530236
92186778
66780937
24848356
62912970
44639796
77442352
17953338
46593087
38204499
70924859
31690569
37038777
71361702
25341699
55471743
75714148
7677469
16614319
78389486
84283446
81738241
49808998
82731130
29768333
78292878
78702853
69102015
77508331
62453665
59117439
62313004
56897728
47658498
54480331
24855293
420795
88589699
51432689
29980580
40063098
6559397
29637307
71710693
32351129
80345965
62957153
54132902
27386931
69575281
53265493
39529568
87347877
10710605
85908779
45924481
47698300
31374965
1765211
17708136
14633109
10920418
62580515
72211605
45553115
66283648
54922050
79961586
85799110
66072558
83313095
10937203
78118087
45322728
73607198
48184978
77597504
2725840
14211002
72466438
88045525
40871000
6285742
9731997
90259353
39947136
84427154
49225811
24944895
66514773
41368625
83609645
74436892
79117745
42600265
70789529
62918096
31634605
20987568
14186273
30768167
38776033
76088619
55007939
2098447
75155025
16397601
40147893
44010709
22518068
51205450
56411994
11505951
8439425
18203214
42661366
9135999
48012083
54485087
10349754
69593201
13973576
66616197
7131945
57270657
26851132
74796281
39822756
27989572
73406458
32734135
45784255
13239141
31119142
71764320
20888944
35828120
49378725
27574866
54839535
30958035
11845625
59660548
17069797
6414740
6552246
27596416
51017600
52199847
40624416
2213736
21687081
20153482
35620018
43737731
46066541
84707724
49082920
64365904
26444652
89314497
2418396
44032457
44653856
48623158
41773274
61388248
63404239
22778305
6944187
19016593
12110325
13333155
81805220
4087210
18056822
68474402
23906829
47621204
58772082
37974589
67799182
56802692
86305250
1897560
65070829
29928633
15859439
46094670
4571489
24461146
86649946
85523020
89329534
61424436
73267272
23864241
63114670
48964963
62586625
27421593
32238651
12681766
26947047
12244140
79571574
8235785
46066322
