60230915
35178967
90448482
27934182
62129564
75841976
36128383
50850369
7759144
23228375
22757461
29426897
34484951
79259632
35986288
9113318
92218176
34449243
81227264
73918694
355837
14383307
27752468
3330921
90100760
21780766
10127616
17144148
72331144
16515485
1476628
82171420
40034187
54111904
26685830
72335740
16384392
63846237
37410196
53036301
67533353
59174202
83642486
5850794
58118564
74249265
31175591
58729737
12167138
26273152
65452999
34206491
53932710
35982675
8526274
15852894
4541892
56316677
18506230
72318248
33884158
47668031
3447955
31892264
11801868
15115514
48406325
51545737
52769559
48075460
18651543
22244293
30982915
67914161
87428706
51538103
41060318
84175448
85237275
27378436
88648112
18445095
12384816
71385412
11258258
44870945
91670290
54419688
31330119
23946247
67087424
15635866
35291154
55652749
28334234
23592053
18630414
63577565
22665231
43829402
69320406
16704207
13817668
40259404
10647698
15681938
50800665
20911197
65325638
43881065
60701188
47747963
46323484
66016109
28270294
73732295
3163923
88104582
8496947
27447097
62165552
29890458
72170861
9096474
80160337
43564644
60544706
29674489
23660193
49518567
76408915
52950842
37010198
18364886
36838475
39902673
39028777
34485023
73877011
46074545
5991802
31593117
46964348
50930915
56531241
40413873
90763172
58283606
83663245
44880905
87542338
24014102
22301245
18168972
83498365
21520668
42373353
53346532
11474775
1466319
1202345
20035297
20860009
4099628
27183811
70211376
39630593
19063702
44823877
23548806
52092627
24937351
26992863
3862234
30139067
5829857
74157549
72987666
25761961
70093191
85846912
15986671
46329322
73864681
27924869
87644492
66609392
37813321
35494099
61400699
68646546
35581317
56892869
22399881
36829205
51435214
41096798
12926679
67576238
9606517
23414064
42442656
8461217
13753054
53484461
31822393
45918944
47985867
65756667
42772322
70627853
24934770
33266575
72684831
67528096
11927538
59172051
22791170
73030391
24976154
20839145
2899789
63079066
75850129
7439831
15622471
80390995
77439766
29256043
28279846
2086300
46685043
32762960
23407818
68679697
4241942
37837391
23123879
6969204
58313653
79962556
75731939
82618614
20048930
24669918
81521299
86915196
81562193
88520534
65714536
11709274
17714215
1672471
23572943
39106122
