86077972
58192834
65583071
27524087
23961458
68563384
9231632
85881847
50854273
72936411
3863690
11609322
77026784
73376244
86287395
36010465
18712480
90463451
35409683
44053217
24963443
76825791
46558247
74143544
57449525
28687490
57337511
92746405
13492498
43303599
91938792
40113607
2054525
88866836
65232735
38548155
78279721
77270320
53325340
29428633
58186991
15934014
58276499
83574998
60005282
19658012
91444064
39515305
36584333
12215001
24894185
25808655
83172218
18048323
68851361
25300746
24367841
42021021
84830557
30660914
66989980
26452244
91158542
10266939
49778893
71307772
58282773
42114818
50560512
9883327
