6084290
73074141
92609617
57727707
22227856
17396091
6937795
87975125
38544727
25859640
60846635
11000109
90203835
81395587
23852174
77994424
10789105
82647477
3568008
69252558
88944698
17996128
27257400
10638354
50123997
52999507
16336065
90792388
21964801
41811430
62983188
3449838
25916980
75654665
37262595
10545780
54953240
74978434
68784692
65703890
10762058
91881823
81240201
78535775
39436555
64590157
51530293
80084711
61350874
92260349
47458783
92205109
83662487
67674675
47998907
85968554
66937032
62355289
91405816
22833928
86383284
36733254
64010951
45314342
6926660
55959078
10424918
81728544
