16260140
88665398
9744412
16896161
60412494
23489674
82845004
4170870
30869977
67348529
89822992
55431242
56775462
87112272
70264552
60314439
9289446
11333807
35319992
22213426
79194155
51983728
57261855
93958890
5460190
93560983
45104726
11112533
20265564
71689838
1894616
67604407
63795385
87474485
35965144
50251356
87988181
34415251
8220700
10545533
9995256
48299639
40906884
29482090
18533681
93920214
91480588
67468057
71230663
38022348
67421438
56167119
88234339
39801756
69993335
82726201
55904198
74299740
27019270
53101245
10676824
78722686
9554427
76141710
20541904
94349744
288539
90594614
22633265
21090667
40254719
42064945
63541843
25899774
37612990
64942833
55991514
66487482
31125990
73419599
8475829
81353136
39930200
56383039
73205479
74727758
40409700
58080169
64830470
51762433
36732006
89542779
1476523
72095623
66173083
27403480
61971992
68152527
30532972
69286449
69147007
31591069
52090581
23799445
9418845
41165200
83710784
69456650
13659295
29876321
67393457
2745092
84079887
17479514
352793
18821011
16790164
54561732
76411584
24578471
42092861
30104564
42684481
90265731
48760912
45559989
71795529
80034036
61820614
89011969
73965827
49517824
52722710
68701607
20761261
10949237
26847375
34595719
80694516
19880686
37823609
43468813
48031982
42360587
75012867
41927534
19915262
4041918
69202880
15101821
39323350
14165638
92954041
3770992
28196694
73255584
53090400
70225645
38592922
6085115
25664471
31784885
72236431
74002102
56944477
63102268
37627838
31035184
65818598
44441698
60919686
12898557
46828909
43144030
61863425
35019164
33343211
45282001
32363272
59791726
57973868
20490566
30859598
82662649
7980472
9022580
16996737
50171614
31470846
48167094
58700682
18445233
12613763
59282634
36947955
41372934
64940169
50938200
87446914
28233333
15770787
3432787
85315940
9080610
79794129
32419183
79210934
18049421
51921018
93192256
80555318
66344294
35564679
40564458
45540646
67552804
27974991
6506872
57247894
71518929
22568539
25702751
48232163
37184959
1219930
36349703
76076077
73849401
83288911
10966044
77970069
58741268
34591228
65235097
15250265
3969400
48633430
91541660
67444811
35282638
5407474
47632450
59808990
81836776
67179509
73659742
35970037
54536191
92133871
13445488
35127446
12590865
66318478
53902800
23173228
11880415
26905309
58885722
90237998
79062669
2502737
64613079
84565850
44421258
31852396
16207404
25974184
32575525
22383907
31006160
63760034
45122884
32544665
56917451
58668147
21321145
35813192
1824865
85205521
34452192
64757781
47928208
51744709
46598721
9630192
9507671
77644754
10021148
74504241
25201534
79102464
35345682
40125775
43645841
44167193
89655798
76627556
21181662
53268639
39584389
16543011
16673397
24148592
45801797
75645768
59721211
75336170
8433131
5157776
10455566
2338793
8675459
76294094
1934693
21112153
27270064
32498476
5858367
38476425
18222829
64077751
55914227
54578726
8535771
83399915
31334100
74410198
17507946
38816963
62659659
24476207
63749464
29493048
77765570
11341284
26042011
87790762
62974120
62214978
18443908
56467080
9812828
71292163
87528833
43388346
45963456
