36161677
59653808
30037872
3321728
90462483
65719616
33350712
46965332
43040493
46712577
66929233
45639211
51536873
8050343
45502135
41293945
18071025
23223430
86572710
81869065
25088438
31632708
57507902
21594771
25520114
82075491
72020629
64470453
86362269
64703970
61187915
72810910
82636839
82636844
32438885
40877375
75151857
33640950
36221604
44000060
77239758
10880269
53452902
78915477
81674975
90217370
42389038
8375005
61612781
29240208
44774237
13583487
28991321
77026351
33837125
63730653
86560205
41239775
49130283
3311671
83943442
76774125
85040798
15764012
54244802
65274507
54001443
72810102
92020203
15033626
86525735
8902611
41747086
26454614
51618435
45654317
65076679
91239872
7045066
69621036
61762096
20363511
12200762
41480656
85192538
67961419
3737437
36177148
19596611
59648009
20643444
69931376
63534664
6439445
84405315
82956206
47390615
12666713
70641606
18528309
86222171
83059836
84875647
53083948
13148378
80444585
6170440
27139076
44387187
36956413
60910347
74527315
53340704
45629020
24484821
32689760
78643642
66104547
25470394
32250073
10944539
39523397
34475643
26426436
39463160
63791032
76353430
82666508
51171258
24258105
67152248
71610993
51776706
3970702
64307305
30953953
4714188
36380126
83714953
39509945
39108453
19621305
64463223
17790800
42946875
48405621
64907687
78373130
15023544
29243442
90122936
19813420
14847023
8810687
36870212
70095690
32935072
26894483
78303546
41971579
89952572
45076612
73882718
45902607
84132529
1319812
71351055
1600871
51630165
55492666
69439479
17762568
13593827
67284658
53822039
69394713
74506056
33773614
42770300
58349722
23707218
87881429
22520872
16383420
81379053
32121374
57887217
17950238
49681938
62310103
88503340
83158802
19363577
88897021
36991393
48081727
92722248
61292067
57451189
6757383
75092725
55317990
73226116
1545011
8227976
68863205
39341908
62622017
67193233
7573493
39663556
12914686
43333696
69511438
66696382
23416815
24270297
70345026
82136195
44941271
27512735
63215570
12282956
59319167
48727038
86753995
45524648
14885947
83804737
92887369
16489382
18376921
55020570
27363749
86155555
65593566
77440527
7670603
6757378
56259055
19515923
27585996
88771243
49612967
15630994
29053998
14891748
33433207
25250850
22742126
68428813
74447029
55711745
18173564
47543140
80068878
56538756
16042347
39503984
4369873
14974476
56866643
67763256
18550007
91655117
74234225
62188330
78224023
72761877
43526111
91698960
20684944
2452665
12954160
72649361
23529783
10024995
19189613
76643212
2764706
52747279
7594982
591711
1391330
32204859
38556127
10294835
72194320
64135776
50232459
41125215
1336138
21561958
73981798
66604769
34772428
40772186
34778054
17323734
88667445
70303930
44160008
8537255
29431713
84853355
42162842
60955636
78690346
92858884
3914171
78146228
42565407
20661207
15637567
3180872
91955942
18604349
17537997
14363766
19826207
40546306
17043224
32515285
84416950
15304898
37737647
49558492
23885877
51352591
19998932
40318315
16574982
14065034
42422152
46480643
66913077
15960992
27534315
78852971
81037842
28705273
7404893
34481260
16410647
54957752
92747572
30811800
16215363
81619480
9565897
17781921
25274403
6447666
73723793
25875338
77867825
51462806
31700939
57771273
62382436
48057321
3649734
64562845
24041500
49361544
36541236
25889108
11397954
26684900
74058236
74941479
88942352
51013488
2995210
21233747
37454762
28184137
52443766
80724127
67230004
77135121
20614698
78687869
22174189
56100740
29996227
86903033
30584810
33434529
40922256
16222988
33624252
23384396
38047571
76449233
3282956
16707619
73483544
12220665
16332806
17188263
53482421
80134812
21521349
77059324
81026097
46334496
51450328
92095885
57020743
9312013
37949482
14239710
59937712
80275113
13546335
91875748
10544805
12590606
58028330
63051036
