58687283
12965084
82329253
35350049
6841376
70293884
25221799
7102405
11577786
2892505
68289625
12120016
345095
86631485
36863096
72152947
39087265
66433717
55634872
22789836
66576462
16237522
87667793
72550892
30774460
80112000
91946911
5200227
80308308
84263493
30491794
76137009
22607659
80913691
23717873
72463712
3240234
77075047
77697536
1201190
14501299
63854250
78584552
47458997
87299824
48432409
77030041
56923479
85871242
30640016
76997456
30480253
29074889
84213215
81432730
31375821
65044126
10954533
15663311
32562298
32779208
13691064
53271754
16599458
46239442
77529393
77990105
69290657
66365086
57139848
19980396
58194295
40288473
40417112
74331798
91989
3866102
33876292
57383477
35271097
87142270
60762978
3333576
21251980
35028562
4527015
69005008
39647968
40760166
4263927
59774888
24507777
44601691
19207100
9837657
48236659
68025227
72127717
2680000
32742778
56984364
35359834
68346106
10760785
55121617
65356481
7648698
92803615
51542420
17172873
10987531
33912048
64081753
9921271
88747375
5558726
62371655
38617584
