71118921
89768639
5247704
45661420
10052069
81035131
16034129
33058541
41337433
7356672
44375752
55605779
83418410
71454815
6116987
47083781
62903028
79897748
86223405
17627994
1571341
82939169
79203248
38345049
17562438
11213824
11776799
25169910
87196238
68320912
61969744
46430154
58462392
58137805
43736942
31136488
77646806
31896008
4582330
23561957
89009987
76787642
68675366
41608947
37954999
11275776
35196831
38345045
20823957
42364634
54990549
17370692
28978015
79293007
47637193
62419693
68259840
67371646
37633144
87539813
82997545
18651010
88254715
37831032
21987828
54542103
40736641
61611276
92087499
4049979
14376104
68113692
11645411
88020274
25007928
53523180
72956756
39988179
29006350
15561782
22625413
72880243
55764058
18146610
4557088
33262322
13724589
8593671
4940474
67515276
79457340
41743120
43299695
56579789
7974950
70011120
23694773
91924933
63515937
47623745
77519674
67052201
77413864
45416440
86872369
47074969
38224791
43628048
31940176
12778569
49526318
78314184
58579481
49401715
68899993
10616117
77465125
22213169
19531210
80596175
7356670
23032272
35914234
84144313
46851594
6570887
36883531
76073762
15436214
31273293
82384468
17775172
64957838
88993370
76625907
82384466
36444136
52804146
63595213
81448060
82248031
11158773
52584702
46854488
10801926
18569262
64808923
65839432
17210861
24182293
67674156
21524540
11848750
85808217
78841277
65766516
47110292
5361912
91380309
63777809
79013856
69055858
11967560
