78493761
65620889
73285090
58961949
60100411
21106209
66486531
86132874
65072434
46525128
72688637
32434303
32532785
78715048
3322298
23299378
41105005
65776767
49936648
43749941
69789274
35977971
33053968
61207757
28075499
1484549
82343733
88474259
1795296
77523525
60761104
32870344
7470283
36430926
33303088
47562047
30082781
60266757
60034120
73201633
81118902
4858264
19711897
4524592
44661338
70289530
43292067
62290559
56577930
62323865
50597338
88907646
16419917
85837866
58751514
5325940
26973554
23843905
90626034
59607972
47675859
74538282
69809789
1384635
77659746
41126927
45509601
6241326
10990138
66162540
23406453
42846912
23316531
45226427
48915938
4239352
88663871
61596670
12725491
26359061
79747058
25670719
38291922
29761609
94330252
31189122
18020573
37874017
63103799
2693708
36296905
28288524
85193619
78797851
34589365
75576486
56786705
34682973
37762960
32372603
14187569
33614908
33827006
88509340
17979883
31904162
78787214
29607982
8609117
23256741
78198729
7759678
59882808
54120887
21365679
8129502
23603600
5848007
28904456
22320487
32135559
53157503
67344121
76807129
88745779
94009072
78492749
21276750
53415242
8428111
20146750
42479309
44414219
10095620
31437452
1447346
70552124
48969361
5900877
39048998
21847268
34898403
2031748
8478271
17339698
69801974
94175168
49708999
9706228
49122444
12479957
26076092
88409292
6139836
31574746
42685900
18193236
62631276
62896260
58803694
55262440
51443397
40202018
53912261
70310596
70385776
5864573
7698195
22665606
31886827
59197865
51346585
16463641
10405234
89219025
43187873
88709452
39758128
80265084
87859536
18685576
87788188
35849871
80498116
60489626
68508685
