22969506
33079952
8846663
9590857
75006324
44432996
9802808
88494347
61815998
44683467
26639088
88813013
25253876
72477941
50017862
53003141
80172124
69087696
4177254
44118838
70500473
48254246
24480267
13768352
87165474
34959585
1469190
15370745
64266299
1625067
18714189
40768832
89270157
46550896
31641440
92673422
74270214
18091409
85150383
77843435
66293107
21330561
11385628
61094406
32152021
38313148
57808892
62471620
54711759
63445162
56568137
84597783
48852268
43204326
23940250
67543527
77596916
29588517
75463867
71229548
46034856
83754800
23618706
83103935
82503983
19917000
27396825
16958204
52887027
49467118
21194690
30729838
41237753
84665464
4739807
72638021
70999746
13566918
30348481
78298377
77450188
41792257
22080391
3118918
91146535
4611014
9397613
