74861386
3609473
63161039
27068638
14776711
89626492
46570105
38744510
91021579
3702470
68435705
72506016
21953092
5750719
50378445
40791094
52962953
34365524
25085225
35705698
5019560
53849131
70534554
68171522
18628468
21770140
61962133
54492467
71549449
35229405
7946025
52353911
3693095
52548504
80463574
81800549
81059129
26479607
92011003
30767697
83618864
60615425
59903948
55936479
67030750
69905680
87603934
41900491
20568854
32403637
4206771
91343394
59025200
55025520
58021965
2957884
68752799
85563810
80250885
526884
72173854
39850946
39288327
65643171
22889832
54112496
81977765
19039241
56814253
50215099
47261517
36799672
87314219
39078387
48454737
63087224
84961273
18122560
37787901
44361914
66353854
61874047
44635020
19644437
17480443
63261665
89689942
44503476
28191382
19125556
21350732
27950480
40712348
6275310
92136205
9217578
22882283
90011841
11904770
44581770
2993445
91805964
69345629
84353320
52435298
55705199
7326442
76003075
48501447
15119035
92841400
66838796
42192746
13546025
60815183
68637983
78904584
70731815
54572686
16706199
12819545
67816570
79694260
42960510
74622070
72598012
62185512
55406625
88032631
25225726
73231566
23122100
48532609
83945204
32619801
49350506
63830820
77735737
91532553
17595590
84397840
60050946
45695748
2790543
59436887
36317505
54231985
8473095
42097596
66231587
17715025
37927783
26700323
30297642
54207730
84378259
19166439
81884375
42044845
29608679
23839704
25299816
15905719
73200779
20926230
41003969
61915683
30493497
75601565
83118239
68185300
57745927
16451014
16550520
48223534
58926268
72133152
71620983
76193790
41616291
39784388
56978968
40480541
1317673
46929935
6960061
34414006
61271584
69137768
7417055
30873908
11013561
83827004
30543800
61263819
71264433
43946247
57482806
18303874
85643966
20075237
25692002
88730663
39301548
85096261
12436541
23442088
50802694
49173527
8032819
84386067
14896290
56969703
83711815
80520412
63328472
26369577
10007
78421775
12590434
18516375
73196841
62451263
60720925
23906095
14090575
12414563
11370266
78684195
83297306
81825830
5353788
78701840
77030622
58860879
26117099
34593498
54793331
14234438
27531276
82814822
55061718
4472570
54804606
39752228
89536208
76125854
87041116
70007811
75905983
91341022
70975051
60677336
40913745
40098315
16857173
47619795
51851080
51036876
14907399
66353052
6996295
11470838
20693
75638074
44784368
83566153
34554192
36751578
79083630
51163652
42143008
15536027
18458903
73301422
35460520
51135722
84517467
90690313
77944146
55957923
79432523
67880593
1180043
2835341
80347048
58925527
29380903
76364543
34879134
18483644
32833253
2795199
58750787
54495847
26034736
47898667
61261011
25272426
66132517
75396120
31256503
64055634
27589326
32629542
47074704
60690690
53286055
45808570
12989529
70930602
82296424
9012412
88971276
70945150
60615480
53343483
26194096
62186154
63983670
40247913
20133235
37435873
4446379
2718323
50648425
26051896
604916
80100534
72096373
2743015
89589819
82906735
13820977
59144092
51650338
63363825
73043532
16833673
64289679
70651011
66067027
24474161
84427188
53213056
34158701
74269190
46360734
61319489
74005714
62807422
25351678
86024978
9778315
37556539
51335129
7013982
86462562
42808912
67550642
22323835
91450974
23291206
59766194
70138659
17538095
66829655
1532170
53818820
72765779
45372629
5383926
33122339
6672106
10642094
92254736
62790534
38069498
84653948
32609530
75511438
55583386
84403554
7057526
71023993
79276249
18116066
57365797
57486560
52341683
90010279
73149308
53332230
63927498
86684072
80400637
39722316
6627150
16525199
76811736
45672208
15794998
69899319
26618274
33978361
64402956
43767954
14225499
1558114
57930859
93046159
22637236
34121405
39653757
61365625
19493636
52304956
23927374
51232551
35962588
21630289
7893197
73801498
27937183
76169262
20463829
90345179
23872382
15248228
81976740
63980096
37854495
31836003
11070522
75112971
51784346
90112624
42140669
24544818
37078824
19132996
37529868
89472441
51564275
188751
45821065
52560443
47864845
51301892
65671277
28504979
78611699
71645291
29082245
7556687
47329391
61811224
30226334
59451443
73892320
28636387
83764373
50214648
66788603
88584754
57227041
50288223
83793942
58345241
15895902
27238799
45174333
24891600
53264221
65153421
53794091
49157232
33077285
72952651
38599787
61150130
8531381
32601957
87531092
29649169
75429434
51859805
77939343
46470616
35805999
75804717
31050784
45623972
29587984
9510438
76071456
55362915
60853742
26661991
53745627
73254942
48967480
69043954
7931098
65479063
38770669
67741153
71177916
29061970
2979715
22969815
23229860
88558014
63678447
83644727
33001250
29166044
6808907
28760019
92148320
63999522
91410887
18814829
45559926
50012316
25888671
9117214
28002487
25234804
37658124
29708512
23777958
83148522
47968095
19525618
973172
50642453
33221413
80839596
44728527
80667381
50339780
86056721
26245060
83681456
24063062
80525846
46478517
54714267
26022362
26167679
27866722
66479952
47307938
40035557
40402802
28886623
29441385
75689065
22800757
84869761
47008607
47986809
89493380
54606507
77989235
19949473
50375899
63160731
92820159
67720067
62083543
23063994
63193020
62082402
72993141
71951789
91848144
84567647
61501199
40590735
40276340
749604
41337919
42586614
1460408
34573495
16604998
54247471
28129241
67274560
91098395
36653326
30380600
73751341
50718442
43951980
23894678
48143782
14054694
16947651
84737746
43449371
21533733
91035625
23860031
74663045
18973194
30425231
88476249
55704827
91236524
5237078
76700681
42166730
41004466
17799157
81446451
54791979
78377899
50160243
38809372
67389775
55957921
91555502
45796771
147853
74972550
68374060
67519919
66370442
39857173
6311665
4514613
13166327
11626836
12492342
5193046
22144440
5388159
7103335
73177012
19379665
12830287
40164528
82246460
82246464
1711278
17996620
83066821
85589198
609032
51698075
17962482
66227
34785446
83046910
51933436
29543956
9875283
60632417
73267562
69155028
39369851
65940308
37858179
29475876
71832047
36144404
18629306
20147848
73368398
80775607
69001776
16371606
80171358
4033309
39666554
50024193
52587451
71721476
69941827
12036888
27459519
35960443
49226327
25897685
641707
46529383
22944982
27388402
18239565
16343229
40894729
16116828
87064544
10477092
55387211
75263502
62236895
80918830
81156647
7094315
32058185
503384
85749129
83362606
42338225
17985929
38458342
72967369
65834677
82275069
90361845
3697004
90238373
24741369
12683653
56443722
47604326
73698110
5863531
61746498
76712979
49534815
65853204
42564572
36043715
47842289
28165624
55403059
82137324
24856881
8404635
10026849
22481442
69128170
7067034
60981601
92736806
46560130
16604112
8578147
63860550
92959830
13266186
67963162
69197607
50135318
32222373
22151477
29286980
5375977
21412623
74644594
45535199
49055202
19030188
26205964
39584247
30266839
594496
32329760
61055358
57056712
73947323
79362621
79509298
8568277
57358653
40585411
20709207
32324710
23178624
30603305
56299703
37023851
12114341
1542292
72800893
73216235
16723407
38832570
88478035
20453123
48098295
70146859
54206311
12711813
71201827
16638042
61672898
51470295
45333618
38195496
25638032
89883774
58734057
73990284
91559497
91878627
86117386
60635370
91913847
30975823
34624969
84820310
67593665
60939737
20723836
75095028
75723249
52697599
56281618
9691792
25680248
92615799
30768386
17804919
77870682
39014146
86378503
72568605
92370607
32884595
11509212
15562345
22367192
52980376
19911906
72263147
27212520
86457344
53542293
40861959
63013119
80674816
77356847
54436527
74608471
90548049
41784476
25671695
32542557
50532792
49021965
57489035
89748685
64120531
70639570
8073208
85447315
46466492
21827969
57858092
90390232
89074019
61176454
10487863
1554401
18318727
23681653
65268895
90114848
57825451
78153140
17306905
15853310
21008289
57295641
51067445
22209096
33571295
59609029
91284280
10163766
88543047
17920196
40142571
9130622
40496338
49076529
65586447
6121981
35079147
66799454
15671319
21301475
29828697
8313697
25320929
85727885
22799143
54597998
40572764
5129034
14978469
34687950
57802828
62672866
62893303
53744333
15637145
28931350
1963314
18607993
78638833
55013002
3174836
88579955
65388030
26218884
48123794
26797483
30319235
57776462
12334711
68722804
51513132
30169929
10081307
46397134
1775854
21381086
66491066
86453296
63667045
43853376
6865936
20760872
24738680
29030100
51331290
43352787
64782516
36319934
32076796
66820838
92175221
43497740
52662484
10655672
22286562
23908385
85450147
81095859
24716020
8514794
85614281
30675445
13151859
58598900
73627972
5932761
17470330
88460132
24586146
10075201
83961197
75792193
26078261
25602026
53358608
22516806
60406456
9620531
46457458
70029168
92530521
77944298
48631836
5485425
7090362
24662593
56928468
45254254
74681187
85810653
521808
37470699
89250532
51434583
82530596
28546794
71891665
28796018
1131892
44342060
66222711
13818069
26476675
71836539
16952957
92221472
31004829
29630444
43959652
9570437
34615059
46924010
29625332
76006276
81424393
75126358
70253191
33006006
43884247
86092610
43769459
8869475
16023720
79262561
13238091
87806230
54820320
33346278
30812831
75987790
43400692
67337754
67445131
67675436
18035412
31253977
66623062
55175031
27828821
11758802
87194453
5306239
34603197
38586348
36209218
43233946
15708722
10248151
22198851
69502504
39231646
15114124
9779042
58112868
48472934
66932976
50494791
24204193
28015436
38158118
25585823
516056
17807258
28240643
24697288
6917864
37067693
52365930
11010951
31496912
30234100
71226869
42444121
74495707
3799593
91189118
91673858
91067483
11393346
41312192
77169437
5808490
2314954
54471823
62229621
64198566
55294105
87178240
7210585
22479462
66446565
75104933
64818188
52042196
36608720
42818578
29797261
37513117
74446578
90188049
57532529
64056939
70416214
60916179
13612980
62327035
5905917
39895947
76060444
19373880
2208789
71590347
59650241
73997481
36910255
50733598
85869907
51400767
2174406
72599625
77356270
3691242
50879636
83180898
85169360
11356678
90510317
76385243
60234696
55574
5042147
71348770
16812204
26119143
2425479
3081315
85017801
31414600
90647919
80897324
37253307
73794841
1791637
69517386
39981033
68199402
85314765
18409127
79715482
26997465
33332263
35710516
570497
64535194
26000460
47442104
58154802
38844543
39663249
47792461
60184850
50538397
14238593
76878966
8794826
16180385
4266648
68582371
58026185
66728608
785458
16995311
88117472
25446958
64429716
2284672
60636053
7326499
50676736
89179406
76728469
89533897
7112922
22354976
56811046
60565299
35431414
45702157
31607773
70637366
35884727
60382612
21863087
3275625
39251808
91737647
16992867
59776464
54069951
44271533
49411652
85201991
40894861
44219820
16391136
40209992
91887149
80528701
20700135
16289095
34027034
68677801
64492342
27437492
58082636
30138278
38338919
68794880
14489398
9734264
45596729
40287960
77133919
82155219
10151309
74386090
92124888
8612297
74191516
62566254
72365236
56476467
70099037
23568831
42584468
17033475
34037240
59747073
5751260
5531033
57315280
34956448
46749217
56117265
81851112
7813821
3165250
73222014
32576710
47285841
23977278
54019767
64252085
54964371
80358332
11309245
29718312
67958631
25249866
85486729
57907533
34473258
31525157
19990100
72679849
49989584
91385300
83379717
87418203
84716610
50207351
71002593
5359
12466730
72537461
88147953
10158593
52619966
57956523
78776969
87999479
36513868
13118973
83839515
41846839
1460684
58231798
89783693
70639399
25103272
67476492
16622374
51884327
1973508
48017930
62441892
55752951
76414048
37709439
71932222
88590982
70872782
63177310
57754692
4894710
15854250
88561399
68313394
29479605
45675426
47554729
92961374
74631873
90712704
40906733
67688486
11048059
27528039
53100313
15038085
75037846
72318715
3451464
6415351
83990491
31089468
54859059
44050244
7113052
67618119
89508728
63414326
15515210
77974649
4682636
23771986
83031580
52714471
72511289
50887552
47787890
78087597
6369325
39414080
15720037
87050455
79146056
54260290
82831209
15244179
20626450
71272691
81022209
8135995
69097123
46331109
41052948
10211456
79171378
29977270
3667386
57360692
59671661
58263958
34402144
30833582
36418785
35708777
12796731
41269724
83637957
87266329
2051458
43974146
65320247
72105361
45680844
60438529
23317565
40067124
67116844
92603777
54961792
86596541
36539870
889944
14561273
44112282
61418401
59840610
80473061
45372041
13795476
50031314
56917376
92868720
51820421
74203490
84216962
46511636
7260032
2397695
71567958
64697613
67030658
12291220
87682547
70266270
59367332
33386974
84269031
82700336
6281655
77686878
315673
57164989
68031862
59461344
29753367
61567566
58237382
77573526
59892530
54840961
11835810
12307325
19231049
85387811
30997633
44559738
24010847
84780889
91472398
48425131
87560079
84135695
26774749
24218148
54617260
10846383
66744667
43767201
53337477
77104669
44085595
87332682
91025117
44320222
36257634
28454706
40225383
47622922
4000308
79544049
67275424
30436376
18704750
35177556
671837
1024402
44656332
30897852
25263753
28182181
35937715
68389812
36470368
36698763
85525302
76830514
39185833
21797803
20704436
698301
4525886
8279935
87348892
92781400
21803628
2985735
82976588
68228729
11101252
7878701
58677787
2327822
69122647
7531171
85103924
78913493
11058784
66846949
13732512
20974017
49443882
62846269
5759238
51394820
24273576
52361892
61776393
41941152
12241047
38368165
8451010
68664037
29835549
16853074
51802397
45731645
49055452
84005316
72186985
45189819
20339674
27244453
53352486
7957360
55138198
67460824
53897258
24620996
31890683
47617108
89577911
60185474
41140832
39687793
8716904
57410427
79128134
13191497
13027783
10402207
65747509
24799134
23297468
40612161
43867503
83657237
45718071
1565188
27561890
75089960
19065729
64285744
12830393
5489513
65017136
92793844
68091967
78912901
68945798
21716335
13078670
50424019
67743537
52755023
21391686
84987324
45893115
36301883
38708328
14516014
38272854
18298413
32763762
40432109
4333794
56089366
28909235
65601029
91782179
72210271
37028336
60310711
42548840
1353571
49648356
39772985
26529877
90380246
13795588
23506494
15462641
76296395
82497373
68404652
68458072
42389247
32114425
19109686
15119800
12607963
3711727
28103179
48739693
46218626
1970347
87204630
42986370
1479378
71807881
4731420
21378729
20037799
52141498
14771227
44944804
7742671
62030441
30740739
43073040
29312679
18452113
53428729
56812471
8853072
12970404
42094165
63607719
15788661
60923695
35309627
72086919
7441872
30393595
14620202
57218919
85702338
4444584
42365328
60442396
48103985
12209275
45586305
83098357
57289146
18653678
41130058
