37912205
22274052
53205780
63485366
49918850
52509511
79731412
449160
60017102
38420695
36993262
24604397
74656814
69059512
14463529
63598544
39223211
39912823
23588788
79030975
63601317
62967258
90806107
71865581
83654441
13646321
10333281
65278687
76217775
50745872
44621987
13779235
47110350
86751791
44730965
29691746
74041389
85239265
21991065
48443178
9121348
94384256
84223777
37315003
7161652
36994995
93795816
62801664
4752035
12854960
22686468
48864946
89987002
58053257
23737857
70776825
81251460
10149835
60605543
74041355
81204401
46541927
86571372
84813440
93058025
54336510
88130769
39603461
52491391
