84822174
35560932
4943179
62108141
30819833
1270727
13214543
70846650
12637774
4860311
57528043
40858103
65769159
83385512
33860394
16014394
69983819
68758048
37434108
87505159
33041003
21543540
21180197
77259131
91326873
54427994
50951596
32053062
86088343
86332770
59685195
59552467
62715953
60244352
1111432
23477403
1814863
23936420
23855452
18426627
89328587
12031018
13184515
92722213
38689668
47949827
1734529
12494303
72473008
65466335
81173940
50377810
31228362
80751453
92620086
85830305
61690405
60399465
76403841
12239196
38847635
31110583
93851320
10393611
42504557
50137902
72176212
41309961
74784126
76901402
92723250
17894298
23291534
86283251
20693804
29112175
91216924
23593570
15125734
52674771
22226048
49928935
94631792
64890519
67864564
4368608
80843537
27569725
50476382
39403283
38995741
75820595
93192559
84178689
58563822
22033605
28924355
65306566
19674917
54022370
90146278
89225161
64034107
40621178
26570293
18287530
85893577
94278650
79251837
6694049
19641243
84035267
47119806
62895977
85693772
65107521
33058141
61974091
55423817
55773268
59985553
25668884
43361425
73947440
79116192
57528540
22438642
3190869
73623601
76768331
35823299
74755850
65174700
78363774
89886159
89644501
24047125
92205841
36788728
9683414
68155329
7281062
61274432
35184185
74941716
7897068
19460584
47706674
29580052
77235724
14567080
74030059
22070151
26015327
37725764
46690831
30667106
21391145
70924452
43455403
25516785
82573459
73814893
2204918
83761239
43354439
51299979
24875267
13568901
5119045
10871330
65256874
72703566
84160257
84220349
50719479
82222671
18670394
11768996
87543530
52711932
37690840
32737739
25962408
32060113
1609270
49866201
32876120
80452050
68972481
21218633
58820584
51939208
14387586
65174695
7707602
1656606
47337024
2651282
10956435
10996810
45000453
20383146
62823284
25935250
80198817
45062073
34094953
74176911
15186170
50919196
47701229
83617327
26283023
69082969
64579399
8046522
17271424
44498612
60348735
82401741
58093540
57646960
86314656
92256036
59386489
47918944
4242623
14902109
47085323
75872605
53655746
15008994
40642832
58556440
51581469
36789175
8123394
59646207
60336676
37040008
17082698
37778851
92046879
39057447
94238043
80882504
51118021
64665153
81080543
27770490
47255961
30965865
26147573
92860591
53148062
82523626
58118640
75829676
50843360
51797429
21053212
18608950
86884534
55902971
75543579
66051319
54599957
90216632
86308829
86407148
61396924
83753776
28885358
52486903
21205573
55571821
49214243
66284687
55135132
58433199
60608496
81445185
11788592
33932675
83596117
6779034
73208201
26634389
52995175
66447001
5620617
85363249
28910958
41118922
52080648
69647842
3635123
89186724
17503036
67907020
70679604
56265733
55990772
12744704
74749135
64779592
58385925
15974578
20053594
8611291
88795151
46793939
72353518
55826140
75986413
41598999
35764883
76267493
22275216
38504633
15726026
59746968
65000724
22063540
79532973
83639907
67234334
38769266
45062076
46264431
67914929
72957946
16461064
3463945
5188464
59150544
6182726
26535840
50941527
17052705
34168260
77468035
2859566
71941461
50097367
63700381
44297167
45078674
25625998
43890488
45868283
47926598
15280252
85535821
28897899
32321158
3766628
4311479
17847507
18845754
53678227
46681294
68728123
93682878
24254865
39790935
40237795
17564303
10089589
78976572
3911758
47316619
87416812
55724707
24458067
27444693
69903290
71696808
24016840
20570983
1239004
88716861
31727402
44405550
22168663
9580594
89919963
2894698
65483519
38981649
9634060
52355154
66702605
68331626
11210441
34223394
64897315
50783821
50436060
37424363
57178267
41197317
65360110
21930284
18537955
25903917
76521426
81316824
6909976
23880892
86640429
33425902
88529027
24618147
72702426
79876831
67025407
90496926
16674949
51887776
91704151
46063977
84366450
595297
83335272
31212910
19141090
81327990
93356003
48835062
849109
15447965
84149957
51973771
93989172
20247160
52903455
66973633
48685923
35215181
42610690
18610954
92133477
3157561
57446042
17156034
74479176
26329133
11995887
39154940
82696628
30714144
15792654
60327140
6927610
40893955
87974090
35857161
5811496
36788731
81455195
36272686
23835123
64797294
18311013
6097725
38163585
8718502
94468621
67767987
37884838
69070497
84049018
14501297
84324410
70906693
88153359
7175640
80123436
10257424
18682553
53865774
29866710
41362861
45244151
6616117
43256731
32485554
48710886
6688926
48501530
28845945
38975437
73424261
12994405
92429113
54471914
61252031
17897558
70094248
54653052
56420909
39334673
52682705
69687296
67557818
77015366
15120709
94101753
9862249
31197579
63879204
82830064
75603817
79979340
85803570
1456596
34228887
52599429
74025069
44523329
13014905
9790631
11948614
35926545
64646226
38162192
85811426
69448881
51450723
37513316
16487778
43564237
55247154
57764135
18266918
91189634
91189637
71387021
4130522
46107449
69912480
13067405
76278676
33463313
84684564
52256916
64968784
43522690
57762476
73200917
33458699
67724438
5389782
35031569
66127311
52629301
63007821
32080080
62721067
32937393
83283720
80220779
30686180
15221413
35140544
69374245
47507760
84111482
65248137
2189925
24951092
60671351
15838140
21814403
85057650
75332762
13487389
28400717
54626083
28481315
48642389
13825940
37839888
53136417
81574668
61429412
89675442
3585410
39992030
39065831
11312878
88249518
70514563
62628939
55995173
1434485
32266625
38634255
36674311
64879145
84614169
61774422
58036250
12142216
11216199
23269572
34067986
18709936
8229585
72894005
29513272
1528858
4887030
39738732
41186728
26493427
