37614560
15270151
23658576
74963480
15284541
19225393
56338100
2902711
64459963
38706715
44637010
7753006
91262281
68063201
21499614
79719805
54421607
47411214
17451630
35610570
20152807
49369625
91907658
64231278
71297567
11045109
33400669
21248930
30358932
74462174
11522761
12165691
84981560
43776467
32420401
14909108
21714261
68424718
38595208
59414006
48643035
84739055
41658302
6707277
36610383
11160702
3281165
20858513
2938861
72977567
11244865
10657789
11816130
68437638
69336677
8783365
9127426
58510711
20984514
23269758
88849844
66152197
56293459
91238900
23791167
28018892
38973426
7418390
32182016
29205576
8013661
89147224
39112072
52558384
57108676
85369677
54494221
74736928
33883110
4576071
55720616
31421817
15477233
77626066
64179228
2795920
86471990
13722539
37695515
21933124
2733744
13370185
60877212
70841391
54010115
79012546
56374497
10758759
6458858
92949222
4017359
66186381
77053975
83799056
3709327
23396549
48616433
71832960
89025472
5515320
22812501
13139344
57704789
73619967
42142097
16767140
58729246
92645770
68813582
89793472
17978225
50377139
8534146
22512070
31161995
85815895
81053792
88771891
82154800
64166840
35293203
36497008
55848978
35899426
78920941
92373663
79493470
91067338
67446690
44794728
73630214
81693627
69519617
50613916
16561346
28688926
38549747
5234366
86757925
44704773
61583951
76800794
18005294
27967268
66263228
62266274
34288946
38654583
51714726
58121540
85531028
22675261
79362556
8807399
37634838
217074
12467709
66972876
53398500
24993851
87047493
26558912
89189310
65311836
76507648
70848807
16984909
21062648
39275107
51638703
89877727
78490764
27785813
73921660
22275191
11915895
3453227
22045228
41683667
1160456
46316101
689489
58337268
85369673
32542821
40492049
76491797
71487069
475874
7902549
86509889
46370138
67075024
57873019
49028582
29716001
66234091
89617896
55965749
59008677
21156715
42695603
40947014
39552194
1777652
42907849
60994632
86064981
32743678
7259436
2783154
16230093
28943255
13162488
51333168
51795276
36499018
38782178
81002843
87654336
90837314
70027869
55213779
