32593455
17405127
72055476
29354236
51789739
22190715
48188574
12756195
57543415
77432529
19023114
21195213
92676873
56977993
89235465
56763818
48230516
56968337
49299239
12135044
79101830
46183691
59009202
19075134
72681497
29004648
74437205
19163862
65993307
63340695
8108434
64000674
34229319
8928910
38166427
91705305
9571901
37198625
84069140
48458951
27557349
55311016
82560924
68587788
15770078
75103700
24710037
62997794
17206198
28195747
34387321
86092090
58942082
53297595
15467296
73090628
64561822
87179779
65124887
73043355
18815999
44307562
19488113
52495353
5230070
70090840
25409275
11963410
38024939
82413680
91235049
89476100
49091738
84758048
48580152
74079926
71119788
46630143
77594980
39824926
41762346
72458430
60027009
32800213
34546698
68515416
5766965
10207141
86538675
40254764
65642878
67803953
36521879
56419170
28236636
56194711
34063738
6187376
28607423
2513720
90538000
33912748
81715506
4193937
53311725
56532635
52553597
50132735
9566232
85042522
53295964
71181563
91813699
48928507
3775323
43689801
72016547
92246879
75833754
53855308
8173294
10885661
60709097
50023710
85491650
83964401
81567165
76852406
4643819
18707642
87525102
84591393
79064182
5032138
42135779
57101979
34799568
54495238
29790947
46259550
45949686
42552745
4635494
72391789
5962367
34420363
46144271
25156625
50522099
54988309
85545870
16806458
60234922
77990115
51379282
11696484
82259235
49558059
23500802
2829545
22118314
50066403
19990306
42087889
51171733
36059078
28117312
66642413
267027
29078382
7809403
88604403
27628560
64542586
54783149
50998098
32338468
56619343
49564091
21275546
90205399
52185519
81910989
36947606
38160435
92295353
8688424
32370485
7740614
50636599
16670233
72900038
28605125
87893886
88922342
43068787
54068806
14131320
63597523
70918178
34921028
18807825
6120419
55183962
29173621
78317144
24609734
54385036
26329079
69240662
51433603
41164293
12892310
11528660
35020620
23333076
51794081
49509890
49818674
25930333
39040736
81513339
78140186
31806313
74855687
42071161
37921985
72152910
70925657
10405863
53022634
15069091
81371085
7411191
11351706
52261938
85935145
66809365
13841423
46771134
31388062
63905677
59050115
33771900
90489696
3763002
56144313
40181207
91090000
44758565
85829095
29290711
59457270
75424405
77250838
88055295
64985119
80098128
44507628
79769574
12652638
42497316
47898913
21980948
11243845
90155538
79989179
88295034
75190313
55714649
5396145
78195254
59832605
40326199
10404391
35036213
8576426
55355800
61641529
84724127
26004472
37247248
72479704
79276014
42263903
25852159
40928551
61291875
32539895
85714271
18682083
23193430
63691857
42032841
75573935
50365338
90800856
74713583
16853573
72860731
7295015
3669131
19854888
2329020
661417
25700673
14851118
43345831
38199470
54619808
40490630
78997684
76747624
14100629
75727368
49880073
31514361
78601379
35527083
4647772
43085679
6131972
84861232
24293108
56537890
62429000
49742205
63343656
68524737
35556214
52078608
37491907
68926007
75714040
77628475
81051045
35438436
44295343
20230443
61482731
74206880
15135246
46377574
78656920
87250439
47621245
84403566
8914691
38768699
76224751
68844616
86028165
78576054
91065685
26359543
33633283
32816333
7224275
54695655
45165975
28992808
7597963
66900050
163424
21508361
68676766
58639815
53835355
4096765
16931209
69127962
63199656
13248295
55220408
42005101
27183447
39390085
15274771
20028639
71426954
72366015
63623504
6047013
26080678
49897681
30659783
86824115
49530911
145998
6990391
46912058
81051094
60551047
10141951
78933507
92997962
10852525
75656819
84562434
9855207
77565127
60749503
83927675
85443522
9863679
6306767
91131991
32937361
87160323
71628969
41060460
21310370
23799225
3665130
12311839
17679602
71605971
4137533
75881432
88533246
24002464
75738908
91799682
37585024
82884357
70382720
2362062
23090972
83797483
27513203
47349841
40982605
60750195
7676165
27506355
60724504
52377733
88923602
3802732
4646552
86409472
47349062
48856579
23594193
37894076
75042015
70029069
48575831
81607314
5153553
32144524
81294981
31073663
40301341
5398946
60593370
78083754
10125732
52878455
13381240
42713857
45606693
66111520
88959426
22928716
73186258
186761
2708353
26857437
43145259
14837265
35039091
22939437
9963364
64114865
19946944
61990024
12509057
21449566
12528028
63124360
29633421
48621430
