49037637
3076599
70277515
21466740
86285698
17766648
66915278
21939258
79129782
7597624
61307615
59312274
76595539
65901820
36603327
22738403
58382931
66320531
21778601
40598751
18683541
8398177
28286623
32170568
77586498
44512718
63839756
65180726
72982196
74266024
1002251
51450426
85508650
24751269
92336449
6673562
79257680
38338109
43816331
60708521
76571379
51120067
89470053
53539342
74822232
33708484
47609366
39999198
21339400
78872135
71465428
11565138
14687939
53552008
2149851
3867198
23514431
22779582
39038013
43803950
36266284
57398500
51848158
69540447
42989111
39188728
11232577
13509500
5782496
10328
24902249
33659537
7678911
30798158
32383793
64672560
63858903
86592074
33678329
53579221
12994847
25292754
83362
40963647
67814437
42170606
37795734
5135920
36818680
19965369
17614468
52324372
25506909
85599934
13094288
51679969
66799429
35365915
78979337
88255095
45981131
68314413
73042520
80522358
87581040
30260377
3307836
68444717
67632071
91049145
18214884
34863709
11394749
43999774
4992711
55294158
49271716
81654656
542756
54560401
30690285
61607291
77163709
36536716
30525604
33669021
66561952
74334449
36732553
75783965
48146129
29137801
27403753
44012194
3687372
25457480
60365625
92457062
69253212
56795598
53164147
23101494
70892661
6299460
88843340
12861923
42778274
56291084
43721729
19376053
79524487
84230914
60833250
58432306
65940775
61733954
18119334
62215259
3660338
13369602
73777758
90951661
44244440
54170557
81039533
9346931
40324484
69255099
37155393
64562073
64207246
54418188
35405664
30392478
52293877
2742082
48566389
50468778
35141588
31128219
44896365
11116666
75637808
7548702
14832774
83754352
16594505
21815353
65039860
78583914
78603117
64892136
52319070
22041718
36618246
23583563
55722968
45114158
29280181
3972177
87179700
29704541
50248989
52231699
88405557
44171683
65164271
42555251
37908179
85896635
8266071
80179016
36490847
88859227
15702710
45559799
45028444
59056240
68904182
55075920
76328049
10193077
67145082
15640650
46582599
48387065
17111002
21342308
61573895
31412739
16312867
69016477
24580285
92739409
14158442
90706537
89997661
78688321
26331767
21113498
27796722
71592214
65817547
71263370
55374988
6012949
26856316
18279835
61630881
89981911
60745015
38057500
32462837
55879242
26805242
48858209
82671738
82026342
71388581
65471225
30652053
32378659
59749942
47906699
85506632
64484004
9159341
22865973
87457182
55864734
87978961
88938388
74140357
79165081
69973523
92357352
9995694
65451532
23446345
25583643
90194378
75618463
57023357
46275009
81866020
44553777
25878460
9534796
12828614
86600137
524484
40692775
61106471
58293606
28796864
58928503
80920632
66463365
8013380
89381532
28221548
73914260
49046432
573038
36172137
41171846
10730460
60490636
28070482
22236811
82342967
49280807
57907941
86524956
35940715
30060277
63181617
27382332
30906522
40925751
47944544
82583319
47461504
15929965
57430909
18867355
72600066
85528132
56631714
25840806
33457962
50728310
41435677
20052664
20504432
74026663
16881717
35293653
65438956
42275184
19547683
27686997
87270906
53833755
27961004
21598472
35774234
1270710
63388131
70740546
89055114
92668228
92503733
48397363
18161482
52134811
47722102
92335786
41637034
363069
53196045
26302490
73532515
16035834
64819714
88155635
74191225
82889821
76950700
991602
5115473
51846409
78793751
3164356
61964669
59013910
23938405
46548534
77981444
68007647
44004643
50678109
45750756
59919576
61793671
21038210
81122222
92133039
59518867
40103666
63365446
88054691
7553872
35532586
60611965
50314046
58094170
67292840
79174755
79174756
23028648
90718037
32368955
65775814
39550135
20662736
55376228
44080858
29280175
24693871
43808227
22368648
56670927
47375767
82395891
6011360
14346261
64960193
30106948
75884646
69443230
20323850
64711333
15566260
39084830
10835250
66351662
75475545
39282523
84269483
20147735
65268020
68066275
61596399
32076792
29602346
7424193
39553544
4389855
16187201
91709197
44275756
22568731
33269066
21580662
9880322
29341805
44873816
34218852
70929495
41364140
29855266
26540516
11268797
80710015
74737265
70989164
65143506
27381277
69650833
10685448
67568622
30325197
1758826
22106324
29761477
21705079
66102188
62909312
87485712
26336851
17026213
54819869
5926871
73339501
92712
30841631
91594339
85563034
76024441
5623737
91979606
20884798
3443695
33394828
38622027
83971046
10921227
15889779
80511760
14690226
46939825
44910898
88965823
8459360
10577002
20794251
39746604
53078171
65848191
2047730
29206175
84146818
19175763
39175582
55022289
77623634
17040563
92938294
35437253
26509982
64260190
9382231
65699688
16880948
6323149
18004453
21192140
54508760
47747871
33296684
54332918
50376538
1413606
36046961
84164019
30745223
26710116
30567164
65750593
22989663
56018983
66200181
59993617
81277613
51510264
69750196
90154408
45546511
60662817
38291435
84913994
23305143
59806146
2465256
66378807
1081425
2882769
52493305
2690066
28699476
6584732
15692435
994190
36009122
26546057
59574629
13477222
18244371
20542146
68133869
40574967
58446154
56666893
53655132
90671447
87551802
1332707
12963056
9528202
90790290
3924903
76639924
44784312
61691593
84817043
81471025
85323224
69497489
25675127
13924474
3283297
75676295
50773137
6949857
87749394
45206589
22914664
41072491
37832087
212563
17344558
68549198
65173161
1270026
70115813
68941158
76640564
69601296
76031803
76214588
12995248
50610056
12512482
71825287
78415543
79037392
57635116
36380497
34254957
35054553
65591392
81659333
75461469
46523550
884003
64439554
835556
26766306
57385935
25183923
66999935
88031792
30577942
69242890
67092474
22894644
31052554
92620953
45908557
11040678
68945140
27815170
30029275
34076988
13669749
30492854
67666384
9911400
21388855
51368694
20937620
16025642
14024223
46783837
5354246
53994443
80603233
69878785
28718093
79246869
79246871
69962657
49253018
20460910
55275767
23748772
89086066
88793898
16135722
30773983
68474569
880868
80392788
3077445
57301307
88562199
3949684
81825829
11030607
52231979
88852214
69659376
12302822
9856391
19284376
66453068
75397627
69025648
65316822
6965952
75656351
7786298
8265869
36618436
44137358
46985723
40128576
69247170
61123204
8059076
89296678
81270662
77594398
40000904
61411005
20472862
16240699
1936407
74477781
34861269
82146457
66338552
21420123
34551899
20856161
45415053
72115292
18235803
39853579
62209985
15905740
55435206
29160210
29168803
20271514
59480721
67557964
10107291
61353678
47169593
38534508
65171947
66926452
91999720
44428496
38874138
12729132
46396896
22004155
50445815
38193274
61649989
8248779
45145201
91900813
50850289
11330316
28851077
78719929
81633844
74354153
2934891
24214704
7852708
60221852
55717535
84146295
21687739
40174863
66463391
31727079
2546805
1653550
77857906
82632176
71340018
34250435
66713414
59315996
16171166
11645963
53073440
19943016
88872167
92314778
76195171
46711595
33958346
73904037
7495314
34493822
41841741
5924384
18806459
62572435
69964405
40582776
43016369
9482521
32916638
37461994
51037026
46837480
21889918
1324723
72745002
62337408
10888180
7845761
92749109
66184006
42515059
31560861
38573074
63422672
42867870
40167443
16620601
82610453
14288437
72660860
70006092
86411716
173098
23590701
68895439
33098352
51615599
71286823
85330515
35889988
24836975
88016414
34322306
36781571
67240254
83181265
70016502
40441386
26357589
81746477
19073499
29023570
27119466
79539326
45090510
79814785
28574379
13829981
64910842
83317048
57834792
91056481
76079641
89728354
22950610
11608859
17137022
41255930
64142521
81215383
15062534
62997107
31190574
38842562
37667462
7955459
75578834
44486043
60617192
41712523
36799072
38289475
45232021
64555422
84444277
61955461
56794130
88998376
23871562
7506095
81858286
39692611
92752793
63102399
38269312
50868711
26466891
52720762
68702855
50397855
32954207
6034589
52183678
16329014
29037158
81141997
28500039
68710715
45894591
35456897
83345109
22332692
694691
20061381
75381358
56707760
63271020
49912646
85872812
56349643
65839564
68594207
37054323
31728160
32887337
9112188
7542600
33382562
4101649
2590005
32505298
37883567
37566437
40053975
5550842
3080462
76535077
10261094
16924216
63905161
20583602
6408248
22896331
32953291
81815587
88112230
78470065
85725174
4289739
21357578
60123281
12253855
30111876
23821566
43602642
84738263
72554249
41799902
34303581
8692508
6561969
48284949
1018904
26445249
78015816
79882564
44191028
53643285
90334584
89520320
8939341
61128067
29761472
51077638
69959826
89369089
71462842
90313305
76506284
55231057
38836601
54353087
64543229
24030384
36895899
39217413
17310775
87507086
74266027
32922180
2509031
23487055
5434961
32018177
80134090
25923404
51801362
58594535
22651395
73927128
68382125
45816066
9625630
53499201
450175
58164294
13458276
74720239
19099513
70762464
69211528
1572415
70988220
29784472
9403294
7593555
41034525
38362348
28828789
44176784
58628747
63663773
74836046
75309287
86077236
86506065
80618880
27243447
54321665
44171745
51012927
378051
9975221
70417134
66848070
61465257
1857654
6623842
44968837
90779347
78439464
11658817
3103088
55176857
73973758
65168911
83941624
24380460
28040063
16143058
81646863
43985103
51033722
78625437
42583134
26476731
4608443
50513474
25217776
70298935
52950592
41199769
64829930
12599424
641048
180632
53445132
7396155
30393780
78119355
8234474
17072050
23821607
59407363
47855094
10111296
2561174
67011377
45192044
8633059
7332816
40561176
66837271
1405563
80367580
67821112
45291248
80149834
15588375
10400984
90491450
14076319
79675458
67384803
64178392
18292960
50219388
29824805
2935352
32661964
77665726
34036956
31324924
18261573
62432163
41765790
4202439
18881105
39698275
