49401272
35233111
52790290
44190742
46100293
68637879
8035447
34910244
37970220
8488327
14291248
41660096
32191536
13238160
78502229
59012955
52923873
28917347
36904364
76411655
63253482
85301185
75234880
57028181
28881066
5784860
86178914
90800907
90545602
16569891
2442106
64566900
90031398
29628809
33643613
47879712
54380557
35919560
51456194
89767762
40711896
51488730
27918031
6480205
13976940
26492849
87421126
67122445
8579253
83723117
80964161
50253423
51001487
12375584
17427560
37564785
56668729
60615794
1197114
49775517
61314091
91893025
29940404
10158512
80511868
84616658
63892670
27309348
7461938
28320317
63297620
2759669
24023975
22269271
26425298
66790994
24045749
79968125
88320497
76811133
16208104
29037615
81201882
24457803
25376379
34777789
61958485
47033103
92402413
26185042
16449586
2734929
3616146
3324269
68982919
35797837
10220371
91930784
77590258
72422601
12361849
10930452
87700264
41310487
92838541
52316099
26450067
16079298
61915151
44019314
12598105
31786085
19538386
36671440
32506363
44641367
17733511
44708835
17153801
83156114
7916375
70289408
50191087
76419264
20879211
15971266
1643990
26307305
35788564
51553907
89501149
31636160
8096559
44355099
83618945
1116450
89866437
87005316
3064010
56023215
15194142
87418923
29429024
9718394
63322168
18953762
35779120
47563235
53176087
11995962
57212341
90897883
35257985
2444635
72973837
69475258
21289788
13341584
229557
65825922
38153806
16871830
44656663
12084424
49528350
49138477
90906924
53586664
9706727
82325414
45408776
42948269
29307905
64621835
12304447
42393616
55346411
39490357
33001828
52101910
41542455
56517580
77953241
28005766
38061822
30756497
80711065
46777479
38103362
60324469
41526443
91704276
68038901
34422536
33557053
20759012
44609191
22234952
28379745
55351236
28447741
43912759
83392285
57549722
54870200
47744289
45633760
59674181
19794909
88199432
68323990
58056998
17646325
51992824
90644038
56900985
7786760
36765540
63713455
35667892
4024350
88720244
57697875
9444644
65756238
13359063
77720394
12840336
89407171
18903682
43442739
73151545
33507048
5407120
34082796
45733554
7087729
67532921
86731722
54213251
70243070
43354461
83462280
50042740
58183525
35489472
6532877
45795936
26227141
33026178
48102548
65290810
956767
43019584
30259834
69611201
92784409
43074385
13499241
39090607
71129275
30268853
69104796
16813939
7112770
51406511
22840839
36507043
22492984
87853473
76911219
47524238
48392334
42898699
8435244
77962765
21464343
40790117
12905934
20992480
35469462
77271258
20877852
63150492
59744351
57784726
74774916
84540208
17745224
60506253
38305057
17066669
60807667
77876524
32689254
85492973
75544828
61030655
87583098
34797192
91334033
39219106
23191513
84744109
14418368
59462620
43540126
29473999
60104320
20034504
90889919
57117528
60846126
34077559
42240588
31164033
53540409
83394418
88098250
29302351
50361483
75712906
84057216
3889251
23057099
28239050
32583658
8748300
58178632
67020332
43020724
16264880
69476977
77465263
71132237
86106908
51093026
83472973
26667661
60048890
67800784
46086246
44717033
29118631
46455929
56295642
9721125
61734340
9755815
42793618
18585942
50217124
29742097
7200425
84501690
17301878
30051337
73132753
