15934496
75871186
37316844
76464867
66221126
80513971
89607868
73240249
79655641
75835932
21412057
80359909
8224009
24880837
67560150
32217831
21798160
46981944
28566567
86430673
11239443
61460409
9233270
49402944
43364586
22442757
92927148
9548233
86662352
21112370
17349859
72737395
18769300
69430709
81200192
14064122
45665625
82900414
34138503
33532954
49549524
57958411
12308261
92376873
65109939
26295705
82477282
92335337
8958661
80210406
7822152
38167896
59396960
85662463
81243719
31711241
19137802
70919666
50219255
57655758
92487236
50307497
25266738
65899401
88646837
32374818
78828623
57166128
55499902
48811041
37579201
71225541
60188030
6466584
33901074
