83981368
74710519
34546477
63918055
26214554
56164972
80859966
15547732
80032116
2457563
77319158
30850897
58506441
35192639
79340821
17265957
52771499
46659350
34354
68375307
78705498
70416455
159799
5977946
55714090
21709166
83292131
25222357
2250933
35015320
80931381
87919866
26594394
69640463
50541423
87654488
69102238
78574682
88705714
61859481
39729568
92314844
68619320
4572313
42671264
5316199
56501229
85381095
43992307
37676723
19288422
65330572
22690569
23065346
82991020
13342617
69806221
21676628
55511736
25814635
40877967
63708700
42440211
11499572
37465416
66351214
61203976
14056476
12066252
246521
58863954
62942686
1165782
24251003
18038623
94323324
50054737
93688455
62379721
30287932
78514643
89526564
25844579
41509061
50916596
82611657
41297928
74707603
31969063
58412092
23282653
51957482
4604473
8374991
35918435
60003293
37241004
42412700
16555238
37458765
32258631
23010216
2382172
92370414
78832760
18529876
38662831
35667732
36512382
3186146
423115
61029999
55046132
66090097
55153126
64509993
43670907
975535
37021507
22006175
49419515
45512637
92179707
48882389
18948350
40932491
58377252
87260349
16569806
4831470
3377591
79778768
50828683
85426466
51689239
43645473
51873818
46265826
44025188
63265710
8480532
46045108
54435336
83430435
77662447
46780662
39811030
68152247
83244425
66077595
22937679
39823400
65509918
42724268
92589329
31642528
70990464
25356131
10438548
83924479
11505043
26647469
49817349
74736414
13773950
