89875784
31876825
8821351
63596596
42807161
64539065
57732719
69654630
5027344
43114115
38202607
78372885
60216639
46531401
69464074
59128987
5233270
84359616
27624546
61723928
89948287
67416788
41527564
12185624
47599607
66294174
87032446
55394262
26918658
70126829
54583495
6562622
91424800
92900474
84167433
2879255
23887019
11327847
83118914
4548705
10379359
76735918
54752519
4182994
40097653
18922630
67184800
81658706
34178526
5969735
44945459
39128781
75477349
11834573
59523719
7947647
49087935
11135216
34947800
4867063
73698892
72102247
83355290
44397171
67180420
77773719
38999927
54538682
24656956
54822168
89487221
54434566
92227260
9769277
12060866
64157475
60258122
52123481
83592311
87162960
14183527
65157678
84077195
58024245
35055678
3229247
64796930
72593699
57014827
13632987
32763950
15000046
69319429
59967973
44338560
29877364
78818094
3227958
668306
16667676
76100511
36994041
19496175
38972001
81184611
42428848
65932989
36421362
12720074
44890399
5239368
89688780
22575190
29196264
84119163
38105993
32723543
66195189
33965793
37362022
88730687
2631319
16049782
54352418
56450120
28494935
68042544
75103197
54926593
2977465
28628470
680921
44878059
73035900
71542736
54427881
62357492
15433856
25767114
61991693
4825172
7091152
3179665
82886438
33003824
87477144
35837833
52349465
65683531
28415265
45112974
18224370
6802060
16322079
10110372
48795163
39226466
85159806
53524285
60456463
22195465
12201455
9810658
78871701
26044481
79722686
48049551
56213750
26822735
78708727
54752524
72255114
62458374
91112023
6855303
92613415
20439339
49736580
84818559
75134338
3729390
20098240
66457666
67172790
11964811
24912111
11985242
42746590
32607052
53911824
31547030
81575406
58900612
81995787
11643916
48512251
81828120
51103939
58765186
26920543
10876231
1794800
73337293
33638422
89099797
21380440
33885356
83772948
58601793
62389925
39529548
54787285
29596011
82854073
75396178
85274422
70035025
50104791
11300003
25033022
91055616
87649667
45007510
85690253
2921965
27657918
69631953
13754962
70801978
3502595
70402662
32622674
40534557
50589975
19613656
89944626
75510722
58774430
18761672
92068727
80307997
66475559
21677724
18754649
32656222
46653333
89395679
81984844
47186918
52546750
26791231
27653643
62181839
25398181
2917592
88508813
23315310
47472306
42600510
25969947
83768301
42820641
29949364
89255945
56616631
79404550
3947183
45007402
47445105
28703770
67970901
9041963
1822972
58794691
28630986
25023448
68417229
65658552
13659576
16028174
50809488
67294045
28957224
34830117
75166362
24723734
19134403
76118660
63510483
9077312
90980958
46797335
89513218
40353660
60381872
62570124
12906828
2864002
60959209
17077860
31475403
5366913
38097809
75330304
41642911
41510774
28352889
77201970
84823154
68072144
88782147
9481895
77281001
83008036
45427560
12062470
1650991
4869952
12246204
20831400
24390838
52387600
92654390
56593527
56798122
60332208
25872752
73201981
50208429
73479097
64048353
62373876
67175439
18633378
82109070
16368660
36176008
7641483
82360555
57109532
16386382
22408922
1929827
22356259
42817229
43099403
8733200
18520006
63153551
6335908
87536601
81392046
31598529
86943242
37496374
57950683
14244827
6335910
40105324
22449847
91210024
87048454
31185002
24289561
29746001
64819703
86170220
5125874
63701389
92981414
77373098
70000650
44738981
64539307
62425257
23068500
72773719
84464075
16074634
91670771
81696947
12472199
43721620
17563258
24846875
83469752
60913744
9106137
5425218
27981340
54793247
26151619
91557062
40665860
52320287
53363196
18489387
90128402
88497289
10615094
7379833
84324022
7806211
71566068
48997818
16888303
18073058
71886833
17798812
6503399
39441936
25141799
4281019
73893531
44762117
25708769
49610538
54562506
13506083
42262925
22423663
28531230
44550896
56973419
5125255
6097646
5606510
65619441
74340969
41430452
32165518
72856300
82871469
60657853
39581480
65783407
65163069
49645382
29974086
10617698
