36912288
25888160
38390757
54428397
71456297
91802061
52460716
30017010
11662130
64226235
33025684
66031483
66504839
50987863
36317351
42787034
26775000
10013668
8688861
61196389
59488794
56757424
71074534
26164405
66955605
89879147
37887534
69907235
44786436
59944207
40786534
63749128
45631727
72637990
16800573
90218663
53829618
61034367
19523591
13520212
54271904
62842798
49222025
88942294
40889023
30393987
68922738
57307488
703041
25641518
58811741
78849286
11320625
53149553
9946717
83842063
93245186
14507940
13501417
92075030
6147644
7744206
76494798
81436581
30857626
33055726
90964184
80989384
85909326
61445565
89743372
90261890
29145511
10716582
52378459
37843586
92000919
60641570
62959281
43519455
54246484
19120267
7305453
90287772
87052622
85734510
22182784
73408158
87650194
66825340
15079817
53691031
59351003
15947339
21416641
21416643
79822073
9248903
62275168
5071478
51393284
38396154
82538409
17251265
11812829
39715740
66175926
71856075
64966421
73250876
28058327
724786
64790209
23832848
12928696
81111544
37243369
92743938
32848767
27798517
49856956
37202101
74414226
17693285
37238911
63174643
83920671
86525372
83849626
24921277
47153844
19321363
6359040
13484721
73489633
34284603
14218689
32844487
31540856
59030124
8117659
4318065
14190949
32731251
80331917
28193255
54541199
44936648
21395253
14925729
9181977
27133770
57454480
10547082
3473182
88020796
37479514
14487630
5003006
43400587
41605763
61271674
75055778
94315132
142893
57622163
81376372
32511407
12201909
1056775
75429863
17617523
75458591
20224470
21796200
23628442
29234019
31730877
5858257
85648610
36212250
29784476
62260276
37235462
15971963
56090897
2546601
45386333
50896130
48616903
27747835
55545215
93200863
90066868
90960730
15773705
31513190
11230816
21164413
80799753
87961015
16785089
74756577
75405213
42650546
43261086
1410851
64158713
34459708
74797847
879977
32381351
56621241
54131071
41418662
72559220
64505087
51387706
32950716
94621371
41848730
21156157
51274923
71033570
14124721
11199391
44142554
49515879
19282503
91651374
58640096
82550022
94119712
7683453
42280996
89767361
88833372
27300125
65765057
7249084
7536425
10450137
6538576
77497441
81564109
63620316
37905925
18428535
49861349
30387722
58904740
69095567
89201804
39885839
13297793
88289518
70529302
15426191
67089576
15615534
58332776
49125074
68939626
68643551
73055129
2380825
17584853
20379166
75978567
23740681
74847882
9271064
70300531
57620914
29851428
58787335
39145061
19570933
77223887
24639798
33282117
38092694
61138131
92239665
86112075
837245
37155272
7673285
40682766
84674680
27702092
41916047
64388248
61291043
71100167
31926368
77660905
72477718
44002933
78389603
23281119
55884808
14319509
69521535
8779886
90072151
41922142
8415688
84760185
92526440
33228128
64079730
94296294
92521102
43612439
7290468
75155313
3190540
64270983
49981725
55094039
65594242
78008063
29156593
30475507
4772257
48176774
12339824
69847589
15797797
77582409
13989070
13783126
58037778
50073204
43745026
57613249
92522806
29624864
60112882
36775580
45039760
18953267
57256579
64236292
25702253
62045770
24032333
74970740
22646636
8441204
76195285
10193129
32203345
94172709
91792051
3615432
36631088
86516467
49653299
73750483
657521
920727
84439602
84585129
66902211
49760294
91151955
75863431
52079585
74759817
55130594
53452196
38248056
61195862
24136844
53525779
31369896
18008141
34791326
35655046
85791322
85787267
27112147
52553745
50511081
17234942
1241070
14197877
26347265
33555540
53673622
80755016
85742734
33155426
23593294
49576158
73911582
8507776
40208875
56163373
59004813
91277685
35955590
62033668
53880010
29219889
25702210
28643505
36177016
1141867
9953065
12044610
62997803
69541306
38102619
37509988
83973848
80907610
2838367
63365027
82327340
81180991
78162611
63049136
76815972
82237864
66599206
87634950
40823058
47096031
51447259
68931384
46554968
74202411
1185270
11262062
32102089
25465301
88567226
92632130
2000857
57752250
11135334
40536333
93127587
46366002
77176817
82385786
88682419
63416484
52432981
18996813
63129857
92716156
62873049
80838429
78248407
14032019
9026123
85718768
87700512
89041001
88652995
47213228
72406993
28707588
7173342
68200855
89787251
42425581
84075315
52438091
7356818
24555186
92710240
12187405
54231861
53819450
16285579
23045083
86699595
29074227
13602854
29182105
80757882
70127745
52454775
15660611
43600702
60180035
45556848
22426724
80678504
81123824
37359928
74849862
90267476
87702091
73244870
29470874
23851699
79367262
88652991
27509312
34425514
66088408
91337387
26947811
49395829
26953715
76671353
60665931
59854029
93688448
389635
41947397
18549692
66034843
22931451
20905207
62015458
66508430
22346367
22306004
43752305
37060860
88687877
54820579
78098843
62807460
39124859
62341213
72352494
69627653
44508050
12021547
390838
91741686
8276863
83532874
76083743
81272497
50285323
81601305
6000140
74600332
62292757
42259169
69915066
33910733
63104772
54274115
23941194
9291276
72138152
44067013
54044729
20346875
3975801
27394761
77659929
8669183
54240693
4519484
20269398
61292979
49652778
19814307
18599473
29199603
49118921
4149834
88338102
63415483
56925923
11018568
45927933
25036590
61120787
561564
88429440
58298825
21482230
73994237
48085202
65053086
31921801
21485020
20059651
77289437
13119455
13507270
89657097
68585122
77379070
84948571
21726591
36334288
35397372
56128912
41985700
39229015
2357571
91043736
80958210
16849932
23996219
15503230
20398817
93768952
16817120
35046702
51307944
3166181
5593273
84786209
40077923
86826964
4653948
68199559
12620079
55579005
67613290
71299580
85126192
27554803
3877623
63654072
78859229
45312451
67717700
56323454
37824309
21151260
58873145
61765112
18259775
6148711
14677629
57156276
52285510
76640599
27198880
69560316
33972079
64853899
35855154
21119350
90105290
3674083
91245692
38773866
90831738
62722238
33443172
53008597
86972796
87521035
59926001
55626463
76605453
79305942
8625232
71173617
21001009
20842809
54859946
93006878
86270247
90472157
23920298
38006124
24553618
55909790
34129008
93495186
29344523
68003078
78945258
61764639
11104639
71585953
90094891
45534024
21112259
2935853
86527058
69768197
80934577
32366198
20002091
48618250
28941871
35542471
47967132
52660080
75078754
72447702
73880592
1593775
8616977
30829978
9392133
92684763
77629341
55189474
87474448
13640918
42299378
43103290
88271418
53915207
43114186
9015136
20950455
26041667
42609139
10990877
89947191
85140570
94510100
36232711
29031908
5664995
91246611
33750198
10227384
13447505
44154783
45527644
59142118
21722049
1683008
52330960
85447342
42870996
13280524
72833511
44810150
78657705
18246135
85624226
20672190
22858453
87281529
73378027
49219325
997706
78884209
34016151
59489209
56093032
91080077
7835764
34753173
78858899
27256570
77020891
68651563
72744604
73874251
75791894
38033392
53742533
52224662
32456310
60718743
6787854
77793942
59690572
55398434
68595823
49182439
44795918
70123144
59478102
53641843
75985910
36130166
58129910
45585397
71126035
23849464
51207891
91986154
55780676
17471893
30701974
76318928
9639224
35167760
44740775
5833140
31767688
29792211
20605446
90249597
19368528
20809993
5190936
25427861
56517642
58802456
6176555
22634831
56103709
83291034
42031264
50114765
13871962
29192214
74456758
74622429
5923887
15910147
9981147
61609157
816897
62759734
16321024
34960199
41909403
59398756
66135202
1013461
25387431
51720556
88629123
41354191
26197871
12903945
55058480
58841454
51010076
91124929
16400066
5923052
71528552
14066415
1368255
90801372
25880221
39889259
4162584
4283996
53269315
29872485
56769995
17159106
42050396
35790526
58881403
85023771
14460990
24684691
62281006
75501486
88918367
10994949
74249656
93664009
7040673
14633917
11962723
87981129
34424711
54608607
32621426
21976882
62245106
66557048
9336286
54461940
75013161
81882299
79800848
8547350
24552660
31657676
48540837
27507433
39698342
20031651
3494008
16674751
70349797
329861
34625583
985649
43398609
86618291
51515051
45784415
63826441
64934344
81586982
47424081
13291045
37744464
38078107
53594427
92037978
71590496
37807711
7128376
10395478
14940463
85857619
3098340
10666621
33050481
46618683
53751277
54053962
55687522
21668305
6638716
52790231
23244730
41563710
75014968
44239192
30061695
50845364
35995231
61368287
64276651
29637163
61792297
3059154
13046478
88333527
12350538
64882258
28741955
81680441
21389061
78659553
620536
9468076
6594274
78620877
57014136
12893099
77295731
17369106
29858899
48729343
17030817
81791374
81747684
92509977
85208552
26444369
1630765
47954512
27726223
83724275
87627802
37643782
41810511
2210746
67617582
6680381
89370387
64565878
2921281
44182384
24198309
38185377
63539509
41436710
40416934
66933118
35354354
290928
38044050
82532902
67346804
71585951
77858524
59430595
9539959
41400344
39944806
53876168
46685016
50183898
76758823
40865597
59458082
83214161
25693428
11512927
62015246
54632055
51675114
10535572
30452753
40670778
81596331
2296169
25489174
21516001
92469200
57441880
13816450
2151042
43581317
89014273
13642830
70481061
18927897
91075211
58978867
53995028
66685820
36308466
11072287
11070625
23778792
87135002
73361039
35155580
72625654
85953730
58564570
27101295
59779998
29054562
83703929
2414812
89127819
54733923
34679155
52032066
38332715
86879857
90117246
44850158
88000388
50144689
20585279
58571052
93700589
18279756
40411389
3547804
84180622
79389886
66704083
4572492
75984058
70682837
83040182
19790094
94190413
8336874
64658660
67307590
11318898
58382519
67916214
18663562
68397270
22886910
38742009
29165831
39597193
77384873
90953282
26713606
86326865
24030511
87893648
20100923
59865250
44787773
47742023
32014694
27966020
8171865
2407578
87184094
39275016
60432011
44003680
59346701
77785272
5009128
45634181
71395357
4434061
4793151
64873644
73488240
81448620
28719841
10850843
10108125
29496458
13610788
69109834
88041016
90091690
89014627
70356516
50483597
9170009
23411017
25188061
37586930
51391202
70213810
30312962
6999460
43474938
41960457
64178122
45409164
31623312
43895931
43263177
1434118
65321379
27154960
84184960
57603571
35669504
7636531
54005924
75422611
17430038
19953172
27352721
734856
63532716
84044328
53904843
58589053
12435807
14996352
62565346
91239963
29931047
36286355
41535188
68352227
78063452
49853632
83072998
4726647
53025549
3042110
49433332
90615966
59431775
85511600
88644772
93890779
68253111
43387563
78855581
44209946
41579865
5497820
62085894
7067714
48310459
87401853
76053038
71203624
14437227
30453911
41652889
15064919
11169170
17814460
30289966
14925226
61440927
27644906
29059166
9620148
35760263
11818286
29540940
73241198
82218390
73545374
63846426
4954563
74793633
94012437
65458766
49914631
43387519
34800935
3846458
56285344
93138463
53757051
11052465
50185797
87153087
84480362
60648093
39741781
65060039
24508600
60784999
41624636
87942881
10665310
35208899
51578005
2727312
55122547
35928177
57618000
26737839
22524291
76856048
39752159
25242558
26559063
54406399
90482356
57054105
57974549
28823019
26976878
85751556
84244174
30123624
76326890
65226810
28523797
14383305
66997449
91718000
24727679
63728421
57268233
70942652
2525237
13656593
26810602
13178855
3206705
39287439
4563485
58166802
61287725
45382201
53721958
63891504
32527376
91291555
58933494
43284929
40373040
72496334
47777529
1617648
4260168
88323923
49992326
62994045
2602755
60830178
53209575
58360108
8100037
28683926
73244170
73277842
3967063
61201294
1117939
28425770
90840464
33967935
2278745
1788177
39397958
62124387
68470766
9063063
91292950
13915989
28229461
35480777
12174640
46539980
20879877
65358615
87576949
86302299
4007607
40195732
30789723
30873130
11498578
78659078
36661376
59488697
68298200
82251777
64872704
20243379
51668559
15896748
67295912
29493872
62005758
7422512
78584860
19444080
26586215
56017604
90245224
65064694
64145285
19393546
14777886
53879884
62874190
55752587
40121774
55435413
77505599
64707845
12631811
87284396
55218598
79181889
61996199
8145223
8145224
90600446
37164930
50326466
50915864
92046664
70050346
79278536
90398294
41460489
69174363
64848201
606014
51108039
51479138
45845100
1069243
17739189
44807922
49499912
41358168
12406994
79188098
58471970
32035166
13033429
59383364
71453507
9035954
82001145
49197035
26656014
35684941
32428124
56496718
32371173
49816349
82561252
23884391
16720122
7521032
65929122
87748303
20194661
39862976
90778630
71095885
81108173
86342761
55570097
90612057
16064652
85566336
5385722
12863936
54986468
81574969
10983424
66817271
72424191
51472936
24636850
25185759
18662379
59705247
75337220
49335973
