37316886
29621756
58507006
74262118
23876924
5541214
24419993
55654355
8670107
14993158
5484758
4024445
37361665
61947539
57924083
37295014
30549927
92605286
21000394
33148760
12649783
16274367
39338475
44649328
35015115
86395855
65998472
85278155
17085941
52567054
70025915
41454528
38186877
42245912
93972756
54610229
66202750
93321784
14928778
47042480
11541117
48568252
28325088
80423037
38049664
81655176
91713053
92186233
37242037
55709336
14103526
18430
36740516
48328766
57381094
29692084
36787197
39022836
75970127
74243302
66774865
35896890
85124862
49633483
64018146
17709656
85064330
52223661
46434790
39027854
58806411
21077098
67282926
12587726
3996704
53728934
79260129
17689529
13610874
54889504
31509363
12349458
5715145
29686000
76354976
65237795
27730534
24638385
29162854
9845685
66489548
41025958
66377035
17387138
1373635
24233061
1863672
21685102
72516376
92033617
66772152
39865636
73993637
73993638
19363673
31453938
49716581
12109036
26490984
13690129
44178029
68437223
59689116
20668473
27456361
23421923
25366397
22459386
57338224
38239462
43896941
26969327
79597661
5382202
57936755
69591751
67910885
22326367
16645116
48216274
61482541
77981340
76999051
79992527
91292504
5719250
12975651
92159556
13588263
85283610
17803299
51395341
8135838
1437663
74812351
44224993
68593730
58990002
10294258
54851717
84043423
67016646
16672406
52893578
1886548
61081138
93895704
16352929
43459623
14557227
36068682
17743329
82602657
91624237
53556912
81257670
92562091
90841548
60225741
89325941
93345527
84041860
77178712
92796955
75342448
82277214
86251166
66769450
29321478
68423858
13832105
32917069
10282503
62112262
37246136
63055359
26605735
91253069
57790877
80720907
76627182
67803221
82415665
23894504
25456377
57089731
89097880
70156401
59800836
9601278
8043576
90769421
14314840
48607124
8841202
11080394
57260451
86083325
39494747
12560610
29023039
86538165
26695199
48816944
76647325
40911759
60148579
63396658
31389954
87668330
38684985
59115938
50978505
13154266
27534783
61939106
26221065
35013897
82581070
67235528
43585882
84689789
79491962
20094297
37326503
1869611
87170038
51427008
33729561
32419981
70668913
32022993
69541662
1642522
30744456
8960844
41366679
77705071
56893742
78621635
42843516
19025658
11527672
42424725
62229929
91983896
75170642
16749723
82544094
71094904
4238142
4238144
37193480
83558580
1928381
32046117
57156369
34238598
59202727
78366129
25666640
17907404
68893837
14135518
10095168
94205613
85926899
84540741
51697445
22514315
57789590
43259030
39222575
89395927
32217940
22041642
22208967
61167815
42890516
88820024
90244569
85307993
81461324
59838769
47245761
79649713
25896078
81902758
91101397
56507267
27399614
29276960
93339295
76655650
58494474
23162819
94288741
22110071
47359723
82753135
16896128
32254369
23666861
10899301
50736032
62091682
8146505
44816537
93211929
65673726
47226604
48265994
16240896
18725831
36602482
55374461
14860966
4244702
61511437
19009031
53402226
16250401
33218082
23641896
26276217
17409186
35069676
33909739
88780518
7935032
10954982
88886376
29274066
44739550
65942309
4727263
7982919
53083960
82240527
59735163
27133519
68856560
45219720
70142512
94208532
87004040
39876214
76563879
21666694
13739833
16014475
20301182
18438862
48479321
91123378
20788035
44306537
23725048
13197821
76585539
76055590
40125811
66478828
85122377
5480654
7884163
27066834
2894550
59142770
55445986
17080833
51724030
483131
11271733
12745882
5453338
47730845
28295404
91331948
19381627
65520284
23803450
26104888
33640193
71398833
50593296
61251802
88888697
16917780
90476459
26671719
80640251
77886777
65630354
50512714
66819415
77507663
14770651
16572090
32923952
22625417
22726333
49005976
63956423
2146090
41154421
81608395
462184
83407311
5979471
24545441
2656190
48764601
38633061
49270418
76444451
10678802
14543097
87224784
89095301
23807948
69068791
33482354
25306125
39096503
68420142
28241998
26882089
41387690
43071870
42351139
94643164
50385063
81905216
77944498
46069047
60492000
24988259
67532809
31751687
80504104
22629970
84853495
14543103
92012549
67055070
74739891
14433529
16570291
16156658
94323112
91004478
56369373
48911277
24072748
80268230
54247335
69922
37450578
41816009
87498422
40551148
93311660
75036825
33001359
27091004
80961933
48972899
83972721
58978661
15621850
46508057
51640152
82285188
44349462
22671173
71641283
58606793
72624489
61139924
43529549
77190172
87150224
84224559
89802997
61656270
37540415
37987886
17845431
19633564
62229956
75744180
4083730
57037031
39791623
71418621
83819394
22127010
43440132
24937925
33349996
20126238
74892319
48483984
71414520
38343213
32330529
75052434
44866637
46765233
27240845
64452868
89177940
76656690
92020423
89931569
90094818
59136269
75206968
70675726
80392199
2682749
12705275
54228513
86311462
54438944
47866391
26412187
91565172
10411566
74990540
7850589
59430212
71541828
64071075
37295016
82694352
51240037
35028559
93189276
74796277
40704200
36041763
49958242
83386300
51323038
15116997
76146775
10814469
66119884
88574134
17374925
71760434
50365935
42150373
64735918
1197030
33833112
26199879
44905851
82884682
15564336
76273452
70673748
639279
45683946
12636735
65639696
76120860
8981693
13875577
4155542
47497201
21992437
19829085
22585199
65324456
45974402
71447187
7974873
90929575
64061114
27156797
77193724
73365306
90427428
50399065
28395394
26814165
44679405
31411171
1310581
48406480
91844945
86228674
61851138
3580785
73097197
910641
52056695
64861319
68105413
26040922
87456296
37694298
14333804
92948633
11071321
35172963
90545607
45857231
46426979
91356519
7601051
27218150
31182900
34047404
48130035
69534879
91379917
16320196
73594723
80212319
12449734
85756720
82460864
3817765
31853958
70294032
55506648
81048959
80989969
19066125
2037260
15327728
7687345
75442148
41903214
41831376
28809995
313616
51821001
23069028
12031592
30327509
93788488
22019014
62438721
81702376
87382034
22945695
26754803
26042604
94610217
1323180
83575653
33658007
11444326
47700157
41284309
24227232
54291920
10821189
7500157
87463985
33366752
88058658
90250400
36543544
94191758
76554304
3381563
77948468
16952518
64599682
60546536
20685296
26021815
47748568
55682687
74623755
39944426
64305134
92918932
27228232
52362538
67496304
57944304
47105026
46877381
6656715
21728716
11722987
23100451
25342614
26397824
41239513
72570241
70568576
55031366
9667316
31673578
17731791
61915951
71996422
90066858
36675504
87563394
15158874
42792526
62694080
58024909
67178881
57006531
44915086
11338876
43597149
30283775
26314516
57679723
47317899
44097322
78038171
11520262
22209533
72359391
2809484
86541768
22908721
77721671
90559001
86998873
71626656
2469971
81535532
78703586
64749551
50872014
91901811
57109532
1508817
5836888
84799462
52540502
32412745
12619827
8633343
47845870
5916275
52731955
15267729
11248559
21889274
8275696
2540350
75272560
79344763
13962257
68220353
69360418
66722255
21255820
18238904
326289
58365875
17330653
48930166
32879291
54758498
39861026
67875259
27877755
17014992
91256407
11296940
81257799
13773777
62735099
58228012
3402920
50936615
45888447
73961557
53750570
53493084
79388982
57437712
13775584
93004606
87039835
68876486
23162100
29516678
9020837
59906335
47313241
5910024
93838972
67194274
68347958
36019016
46900100
23937000
78006721
52898576
71505356
70091495
53343424
53343425
70376585
7697934
1512073
5951423
60779951
44460245
78587594
64047092
23799698
37167560
15093265
28891788
81232011
62572608
90559520
