22660358
58211592
31796995
28703415
83256955
79166501
63469286
45485642
31166387
10283129
90188310
45456964
34566157
64587410
54054649
30756421
50479800
26800795
48085046
51860225
78719578
39399362
11269891
9007431
73882041
3850737
91110684
92284765
9921964
32518493
10494344
69201231
76793189
7277221
46387013
62170275
55269444
91319570
84657179
73937403
68998956
14791220
82435525
64358466
39605555
28658072
34444466
20230307
62409002
11573412
44878797
53132512
86255205
84271286
81151657
39680421
36512506
83303796
35774753
44312275
74847553
32952186
57902858
71050407
76896670
61562283
65934095
1322455
71061145
85486584
39807784
83027187
89336445
76077179
6448117
69299131
35269746
66258659
34184823
16579952
16198594
51256168
4943829
90345406
45341371
15518506
5539815
32490193
47193701
71200914
72707585
91047363
38604543
30527074
90916854
32877895
5826471
38650390
56990298
81157443
20531350
29566094
83620644
21630882
34459359
78793398
71179054
32591569
70443318
64348857
5026200
12746222
38995076
87696158
34200049
5830883
42887618
41703712
1314585
34101242
844432
29896600
8232303
71520788
47976802
34120553
38956052
40847852
31807205
67786094
127774
83411042
30341604
6765962
50321540
45370987
57521265
71297428
46797234
81368393
42135311
11249992
30415228
75158886
16475305
82158483
61545405
71172224
76523385
42214549
21436689
84860361
92587993
19423674
67610129
75331208
73020022
340188
89317544
29613649
83042785
8403815
50919546
15639565
25895271
40330711
8648880
14924115
47339936
28408982
81863948
23895332
4410897
46597327
40279046
65351615
84161419
22123360
15705540
43013929
20760048
59317937
84821937
85112189
23707978
83305982
54564061
11652728
50572795
6011058
59834439
12923037
53472609
59770661
85471667
46483399
75952209
76147635
36947939
75556605
40627245
17573558
76687415
15015616
54818111
42137832
1967312
62597599
87504710
70985730
54160589
90747474
17121865
24174815
70418487
65103568
34435255
51652206
37579515
61056521
48684932
90245707
19398411
