24349352
33917413
92013097
32347075
81228461
65775700
12898352
6227959
6689107
94198361
4647283
66264339
57860366
53302527
26271985
58574568
67520766
16430622
35377951
47544537
67095451
86035181
4133882
48444147
68860489
14184670
16672580
29253280
16323392
94345830
83785396
55619468
38449271
39363094
91706090
29918039
12293950
91040019
93395648
72756926
43671448
59685929
92992262
3268084
8256109
9260150
41247694
77969697
14831258
51419453
35937649
64348978
94495785
66427091
31347896
4603435
66056548
25563292
35222127
20181977
50822940
86935392
55095725
66633156
12619706
17603724
14495253
63033484
90272526
45171274
2855746
50040961
88451578
39136986
94071488
60126360
88156670
10039060
78563420
41933193
28995762
11612653
36477401
36980963
7855604
13821781
79964499
19122002
4437886
54440075
7085961
90992459
14191131
13932413
71722066
63294815
22998774
20733782
77248543
2633864
73133870
31886141
81337710
16098463
85099541
43782956
36469694
65515831
22049716
57453605
17871294
47728500
41586359
78927091
73796068
33762782
41748886
80723734
24339526
56225236
2756016
31409559
69475422
3114773
75763361
33690826
16861862
74487341
17435333
24779678
21057624
10039604
55191134
91867319
27560536
8143986
17972867
20147054
65399494
26805304
13899557
72604594
27079373
24741647
86834251
66123677
13772919
23630319
13282584
44967929
46984829
50392695
32982872
70862558
10872038
13825359
74520746
4114670
78993558
68276539
739771
78638111
47281943
26638685
47774728
93227121
53526109
7871642
6539505
33950085
34109129
56130294
70151213
66360737
93715413
93259675
86526734
46766896
28372410
94123505
12838563
70919320
30916780
74114677
65561277
47764979
20849211
8913956
45598676
25506470
75334390
56705495
68316127
56449921
62738638
19651268
73512938
68824172
83028464
67778378
53956837
68286193
13475064
19366799
39154075
68720209
50874471
77156737
64746005
81959075
71118210
64096898
45338736
56030963
33805264
14882718
24954452
51211366
73676867
1396723
29341626
36107865
32403910
13575235
52661742
70154895
88726550
25053378
26452081
48681406
58175017
89909098
85197978
15758403
51056011
33238898
79047696
48767728
47388681
70987006
18394405
25537649
55516097
69981203
54007295
59729516
46316498
18488493
32106229
49020468
18986552
17623170
4934632
92420708
34637736
4622892
62185661
36934492
49317868
82162161
1977820
48065651
88130633
67977975
58042726
16874772
3100789
1373317
54397212
68404734
74234956
85205273
53495607
3838465
53054656
1076869
48017891
3784120
63524626
1350387
38932498
47239268
52239496
56406861
62221971
73778943
44807593
23030625
26314429
61882780
90958579
34855736
87004872
8241635
69976361
20834001
67942877
28226209
28535213
18879747
66214103
2881774
58184988
47129598
85326038
84790233
11723099
83451063
53110505
73121507
43196553
1885712
34734963
50257171
5274614
45559137
67492171
33519418
73381029
27911855
84503723
25368415
79866709
75417401
30986784
1240246
32042365
58875853
68283117
80913976
7516423
26878678
57656072
7343364
72173822
94647319
38281774
18479905
18968962
4879804
40805264
94431110
64352807
80264326
72492456
5880714
38241864
57488241
77472925
3727306
38202082
79551522
57751560
58239574
55198345
34413269
3295384
37411869
18021058
19930220
49062599
77180668
77838769
27458106
22119140
46270372
3242315
39967042
3476404
21260944
51538618
81176262
47585209
29008729
22388762
11054115
39531012
55329335
64106457
24491170
74685006
12744483
776948
20048000
88609185
70215080
76549804
39168203
62221534
7373899
59282975
1234136
69729563
7528192
1842549
67394916
39095009
76894391
70570822
74533472
57334258
85842217
57653127
81534
94160316
93885385
26505944
82034736
17407037
36933401
47044805
10760659
