41610299
38606685
62596248
22698695
30059563
88334698
9343061
60102263
54510069
90034773
28868913
66668446
4919009
53129545
68866851
11393974
52570746
37031006
7101103
22727249
10148536
69538585
88047421
40653861
75492227
6636644
5714368
80767450
5043961
37848692
30235013
26578761
73463041
1777965
25429785
30565721
14408241
60520030
66476224
40409545
22614319
39241043
29138681
87530622
34662537
91750554
81666884
35418674
46988041
66776291
9228659
62845241
57922992
81455197
69406592
21765391
23512813
37649771
13053014
76279015
35062258
85457238
85817952
3702180
74080465
9728673
92402980
89379149
49576659
8038548
47024546
32097287
4977951
21397356
90900475
64444767
66990188
32391812
23891876
88837067
81051894
23574752
9007744
54832157
17418771
49758121
76143553
2733707
79598101
32408353
78203851
65682858
22034431
92106968
50606367
71469066
71293046
35285927
13785965
83307705
74114997
74115064
47170110
66955769
15781583
83792696
59446207
13226923
34468282
6933631
75435717
74858056
50203713
39337143
35381328
84468625
87500592
18381498
4048608
17788595
51384806
59007797
39747675
2393368
7412648
60950888
10964852
50039218
37062112
10449450
14427878
83236490
74076049
76381476
45139665
20208570
11910855
70314546
81586573
20546846
22813369
91028465
47193788
7937076
21388869
4672136
33319071
17256293
60105428
45717870
74990593
90790287
4231771
1721020
84306930
87311397
80069819
40063189
26067827
42963172
56910401
73035877
62034786
19095110
21623670
5977582
75120037
31828781
43225645
69577384
37985161
26332375
78030654
86176735
31710381
57016562
65282044
57573677
44447542
47615147
88534779
87317627
13090321
21446639
83488470
51368132
50010292
30343731
22344523
51269381
31598438
21672843
82678833
3790789
20103067
48226172
20140292
81218841
31143901
28288933
42551884
7364332
64125876
72940937
38135506
28062421
65794906
77092391
12872536
68599918
45475283
74831958
9380423
889974
33395050
19025954
1793588
77084284
40887941
29675792
2396325
11634669
19492360
84091425
46359739
23893360
57356078
83068840
79422912
17735571
70235704
36098728
53366259
43369875
22185329
18092821
35084921
85730587
3508163
50564507
49595166
49312459
48150397
67362455
34494206
90349808
24405360
44903857
1647187
44324961
23018025
16672618
21275292
3861792
35332420
8812950
75626793
65708937
17953596
18272663
56994097
6654848
79988273
43202913
41057996
13504511
10255195
24327584
73370878
75457109
1090901
82838973
91422517
91721899
60676597
86268798
40237572
41701950
82924415
2916905
79946353
51593860
54376609
11202241
2812655
54384641
9596144
13681182
77460133
43224067
11643712
56401558
67305602
91923100
56680766
85760998
