80686575
317351
64915296
58494778
32587940
63978347
80545173
55602693
29174214
1561380
89910405
21360579
10479183
69411366
25343808
9521795
16478802
27919755
82973508
10450123
55937754
61965837
23399076
60627632
72359100
75406427
64227598
71263484
56372299
55965132
41238373
64863068
80214412
74300305
68141802
56403549
85198356
92324122
458388
84369798
49860564
38169178
1889692
85119393
94200036
60009108
40876602
94390243
67331864
67016804
68309737
80327332
90464571
5973455
74100740
88519989
40333545
66589913
78693723
83697536
13322118
6209197
47900505
51371991
64586668
18748206
7231918
57144058
30746200
12243307
88058915
16962563
43863430
11092089
84926977
8168955
4049825
23027023
10352501
7207359
87894949
18573196
26118483
5259319
30196417
88082362
56312455
74046779
36256924
44299830
55567385
32598232
37908797
94468798
1696373
27228307
19746959
61494869
91569421
87944363
15028612
23554712
75235198
8456803
43809731
22489557
61887075
69088023
75439151
65332774
60943393
30182959
48088782
61619945
70249330
89976573
12785329
15936479
36840907
11758010
51597988
6645565
88480619
56530646
32978920
93868652
63876589
86365924
46531266
66921690
7418431
11417622
53054338
54266863
93001653
16757327
19261621
77362876
54424554
87494399
53123328
13897698
79553642
75453044
82079790
57236012
74045295
2308365
29571898
57136789
86497574
15485573
35580968
1065842
29670109
67858770
7883962
73464731
62159992
55350614
19903722
55174205
48210848
78144638
84773812
67589312
17769175
81710448
26289786
51668994
87233123
29231131
46194515
82394336
29240220
76139551
18051940
94218979
36267765
76598877
88625529
40474222
18376363
71047092
42140208
66050086
36271571
14622410
34394038
68331607
70434517
39135370
40748428
92459834
73872862
67546538
16207853
61100045
74286193
38197101
42870633
5019302
88039323
32437563
43020201
86693622
42392468
1585108
48051205
59289343
81443633
87101087
69001115
24390595
94184302
80307295
24450908
79060569
30871784
72687170
56953144
72659828
2999270
24115303
32877862
89571607
40900703
25616163
63117416
51842170
58636723
13754545
41486409
72347610
28536279
16061423
32148790
40383683
34338780
91321932
73900279
26369454
87675740
76604396
56088689
10496950
87699151
8079258
2055226
73597915
5115481
39534039
32086502
2539893
82227722
24663489
26289679
36547765
9241747
47408348
63578323
90626023
90903239
87217509
51139580
42682542
6753532
31502409
84115116
69208641
19822955
39275770
62322309
41122351
58420619
18014791
47632192
86351271
40748423
39125036
34073132
30798767
53692117
23868730
52409676
88680732
28163442
17193234
42640564
39734829
16235598
43196395
86714876
94093067
67713457
44694161
58926585
76472119
57680293
77709070
25592026
70436455
79265401
10082243
92733213
75826693
5282284
12336187
27854129
24005283
44864414
70453412
1516120
2491794
12428679
43322233
26960237
38765576
80493084
64904530
57235789
68041798
94608340
21914726
20459669
67541653
61607034
28599368
35867607
28767396
69846311
61940763
28511628
1623815
43778604
2460898
72792402
14779989
86992038
63274142
67026329
11996532
21789897
77373760
92390977
35277179
25199696
81656112
18029298
82970986
81544019
84950921
34158131
27968240
24919770
18950929
19812109
30810652
75249118
6998442
87728778
90552237
34374434
32085153
51042440
2063690
34008245
65650847
69443666
26444182
86477170
35274663
62309291
36470803
81734335
29648857
54815039
16255086
70913295
86309112
30309738
4544555
37310571
9674168
