49796883
32812859
48860851
36116756
78881050
75204144
17974882
54437776
10416074
52388102
82523388
37281058
88865838
84262146
22847258
86580675
29267
16520017
27522902
50684067
90537328
43295229
70535804
55251712
37564799
61002911
67487417
87441378
66904217
12121118
71733626
19167560
17932488
2960878
6096935
42830716
56266011
9904329
10774474
88885763
25401023
67732653
83678515
2703281
35297475
48866578
8593857
87033471
24729741
36437388
11733093
36693464
88419945
94630492
1259785
70175312
31857357
564812
87614803
77755810
63117855
46256313
59488010
24888010
69400842
32279285
82695315
23424037
38954930
87773432
9265842
57330293
72553835
28755130
94003287
35470589
53178499
6658120
19850951
71363347
9104422
4608718
4383328
4814357
6173136
25388695
9239939
53217994
44669923
36043340
10195900
40306770
17751738
42602538
27468914
60964572
78338449
51393378
56933343
78681723
38132808
71760659
68755010
38084660
57038149
56556575
12873086
38664313
32458138
57766221
94340662
15796800
59375788
53011787
85709481
9678381
44925162
77499652
551880
84250081
47193458
57019513
22357694
35029602
18562282
37694324
80820462
84458579
58017244
10430222
75602678
