35618978
86408556
3298734
7171723
33982025
73537313
56635824
35031040
36609525
43942282
16973510
91533461
22680940
69315169
84223936
74381936
34987705
38281903
34371289
78201882
70308010
36362739
60671180
33442277
70807681
51961108
685385
69676782
74392592
86234350
17371292
16312804
65904246
60588555
7528001
89559191
3170
26693517
23000787
11509416
83492348
71781552
63665880
75461727
86420799
83835835
40352186
59823330
88750188
17745395
83727665
47437535
84109021
25890463
1403016
27099209
69578164
543918
9697420
39030040
64641292
35919881
44291460
60091209
47312434
63966164
61271764
16020607
22991174
58376420
63009574
15273886
18312464
93761834
69751379
45739090
91303132
11589147
1871597
12396338
31225563
20555152
3360775
83454552
52605916
50008053
38137202
32768376
86406925
63385596
1912028
4240980
43810893
15218002
30331543
13212197
12502084
32255786
18704450
51673004
49896324
32561393
16566512
80367163
81427934
80933450
48370448
83058100
52075376
45040122
4786341
82746069
51444919
22640946
58747928
60980732
61686012
40909186
76826066
71463633
83939757
32678666
67510442
38612812
28424889
45823025
43292601
19244893
82319819
36139954
