69848146
18112661
52952719
89627123
78881144
57648517
88779140
67263107
54952015
55923569
78729315
45319595
60915622
54413720
77680880
47193850
5600192
40677909
57043572
66995425
83436318
44439370
55049013
89685687
49377704
48978546
10293955
24288409
20094440
13324657
40868605
20868305
7101576
87017168
37264911
3549509
38472998
62347988
20982100
48803903
30863137
66522336
31762059
60169618
70862944
59193320
29979668
46740450
11857952
81507660
49274610
62739434
36354939
61205593
13702930
5471014
40713517
6957988
10857052
18707653
41936509
48433590
23858980
1135109
45693231
78870456
47497997
42842940
59610947
53756676
25931695
43609130
25326509
29567265
65997877
24979859
56702689
6349930
54759779
58157410
37624686
72273727
14566641
35500961
43776227
35274630
70273834
49899884
58114900
90060344
77550679
92244259
63401957
50463881
4093999
67517957
36745574
1609310
46557135
75657536
69242470
35897940
15685194
90290998
70996443
71159482
20183378
60775950
59005880
30681748
72684951
71675750
59638596
81483195
37789714
30946120
27136675
11064694
50319578
37060063
22339455
25554390
30616780
28560342
17076899
9634832
3510845
78120657
46967256
82128716
24966674
951795
35073787
57106598
85163468
41824115
51550986
60568367
57069002
69185368
5666442
38011584
35219149
6224653
4476408
37087059
22395913
12142615
74092241
80718347
26147413
90635500
66514937
24552630
52961254
17846486
44992734
63472385
33461367
81532585
76259120
27766257
45152313
3587549
39016440
21233185
74346232
22675170
82758332
4116773
43021826
60781408
36746880
81486248
29321415
7223702
77870686
32485716
60075594
