71350624
88383762
63348661
52497583
59382041
85929105
63367538
44769677
34602768
61733240
67070700
13900521
20054841
67736952
10561518
19786167
45826987
18250604
49383455
89822214
49743243
80876581
40435928
34377103
82733044
67869450
63783570
90794799
92086213
44663856
36959873
26020180
72653011
2483268
17466163
48345255
48408129
49550294
32500650
2127727
20421288
50073744
6478972
8807621
55062379
81470410
5888958
69859967
24853491
80978812
29813660
1996316
36951737
3960401
90369646
27898258
79455484
23101420
56436611
14923356
8330178
71467190
46113578
65720146
33115767
17247460
91102396
69482010
63673642
61711980
78503006
51943563
79012881
86844474
16467111
32870799
68794615
79551114
5150793
14512984
31898664
78156541
90203520
26192005
70561577
17349542
68551694
7944744
59908299
43318276
6779759
73699257
82262585
66029442
29476573
85503184
44747118
9248512
81405039
9562151
69749404
65492307
10255267
66583265
578565
11525348
14027215
31084983
75693674
59709431
22092067
54417614
5404543
52804315
16895598
53268504
12383161
1377127
36775688
44086742
52038675
78217291
15607791
71281873
62485409
48357966
72980056
1882484
70724812
56753948
63293799
51074974
58295998
26990255
51906645
2396137
34092145
64378942
73853385
32921648
92475997
38420184
3281697
71926374
51769427
63259363
73947247
48028501
51628142
13841153
60234910
58652384
88723238
42790433
18187952
26051180
83701451
86150343
80139151
89937985
78896760
8092176
59781884
15519780
56796413
33711317
59904007
14657263
16904583
28203243
4716490
24229652
38157484
32033513
27761215
67137284
75742454
64318373
60785973
83269373
92853315
23055244
11293821
78486439
92720174
36346567
21910730
44076434
31466843
70288370
69241466
16271310
79573371
58407248
87857041
25812745
30623947
31911366
88527959
18065219
35653307
29978507
82018671
57610448
6772589
9047970
70828455
14581170
69347864
63980115
86236351
66986315
3713987
2939786
56752205
74566555
49040754
64234396
14548881
89750877
52133357
65190505
68036254
4446403
26700477
47942109
71500471
28901669
3720156
3556223
17774868
55973301
70419744
27509529
87056768
26738072
3382425
43859054
66213808
1919340
64341285
68169999
41986649
55430582
7449515
1027205
3013223
52681238
56569751
47401194
68393631
35856682
12729300
79600891
69710569
13121846
42811530
27834757
13163326
79847291
72263969
41519130
54047140
1500202
9086209
53621054
22938331
39497532
20315914
30450515
87639740
82820761
79281383
90577447
90787162
32163550
57243536
82327518
32348573
8305451
12516255
49344738
17470625
74175353
20345135
11391422
62606793
91146281
6907046
80116885
37780316
33390285
63454504
15291193
69508856
16556053
72842412
71152431
48362798
23437195
88043331
55192139
16698563
64288977
49764531
65735186
91422145
82317115
53349761
62038951
88818074
9371485
63370296
75496094
7600084
75815148
21496748
28110348
37537826
77171423
59086344
2000101
48752338
21471614
24051650
33121551
83834521
87976117
80584160
53780316
70214606
10330085
28744084
79038033
83410581
85192456
42940476
10638987
59033856
2765227
76867071
10164535
25427771
28254669
18811945
83033474
33367764
9944391
22407013
64752866
83366069
64414060
48742597
16166691
41313732
59324010
56137890
35633467
7638254
3227167
24449422
51221063
64646375
59534709
21131673
23410893
91950789
78161460
85446894
68857434
55925611
8045136
15870085
53611592
29928886
54995801
15129917
20015204
73826055
84848108
54672934
79275126
56774521
86972403
35739511
17966381
59180769
119959
57661518
50323842
86127574
82139022
75702586
77646153
81212819
33194084
86268079
31193828
62868702
103009
38182181
74354844
78824880
80748008
91387467
77685397
85096129
41218939
9615646
8014475
6621196
15340874
68227645
84866298
84947399
46558953
90995410
42834073
17163174
22187477
2535048
90717564
38610982
10487753
6972782
39774086
11113306
62941579
34556981
60720479
30762972
28956704
25911416
67034854
11457269
39430199
90413319
65497950
44543374
56306849
21633309
72912714
31550026
41871617
69476315
35502650
89299207
69091702
68565566
25951714
59093232
50751090
77451244
33340104
52175877
43231907
48905016
43800613
55924417
9444709
32809162
81002045
82750520
75992672
48487055
14199249
47069017
58216600
65397662
78031359
18553024
54875327
36374029
76666957
3852850
17231692
24635989
37129123
27915805
3268986
86375039
80862164
79927052
46189867
73237550
49482272
73968908
64407953
51092605
58211959
26420070
68167915
90031722
78800959
92196013
13457112
1739346
72893491
83178098
23532459
50520570
43390289
40701215
59510410
21734283
5049701
50294265
30891306
46229782
51490599
43225249
66642213
18675985
48614523
92948637
9356272
25033055
4396105
84286368
78606473
18977708
55681770
15107536
79198249
40591388
68045685
38752390
5800339
37353609
84150455
29113811
15628420
85628865
35291714
69363102
29437476
54104766
54640452
45012488
72879944
22601723
8663993
20375508
37577763
19557342
8373715
83705910
64464866
44938358
73581936
18892911
12948164
61292906
76905343
26341333
80274131
81054322
53203998
71257183
16534571
25003225
5074641
78447493
21023870
48588362
81564795
71876421
49081853
69716922
75701577
31124660
75848146
27586096
14750640
82732758
8918047
40654849
12803095
63044848
5970097
40206459
78708534
54680569
16113424
37361766
59394533
24396492
9552860
48280925
26635238
27942532
63776799
40672847
36751274
56587119
55597464
9176073
63029909
76393093
11504574
63607637
75902230
41548820
26497902
45703157
48974964
40803206
7568014
10094409
84479257
56090246
61612113
31764797
73158747
67561225
66733235
23827570
29161364
35624843
38003020
70718751
63726378
82694885
76181172
73056031
91956756
43168171
11296392
13937424
37616222
46516493
31826182
20849679
1247853
75027727
28382675
68390713
31960888
9144257
71810806
65052673
87682690
83566850
37468353
69551481
50360795
92784856
54617369
81877478
77763450
57739683
73175267
40273654
63489970
40856722
31470607
9312366
47569973
24315655
4473286
54423196
25500371
26616270
18802882
59125688
91362287
40482314
91340501
76939028
32320750
35483377
75462469
63524956
37311534
4032032
31976545
66868601
88922536
75987419
53817156
70868230
33166458
51240849
5429515
83836873
1498443
42596987
1599743
90991634
57425486
37878216
669407
65548441
86019289
13240993
13262057
34681668
64758064
77369056
13640019
80557656
91439676
57903407
91839524
14026594
17184523
64231726
52502299
67260866
91575982
40588735
70458915
31935574
49279301
72398229
52659105
70934899
24589978
73829738
87178732
22077193
73840068
28846712
2463503
42614837
34740294
72653654
50822165
64253711
89545000
23250902
2875684
11451683
92520933
40121805
87893715
88701625
30738022
34586729
26248953
51092129
66837073
67107053
13899106
29451368
71147916
6802412
78534935
37848820
74489734
22315106
33481312
70424851
89601574
48318788
36131291
27770482
51651948
66908727
37984343
72195549
37018208
88332838
60863195
44437915
75038471
88893959
44463110
48175757
19172553
20165931
67370002
6112350
89452640
8954083
32930592
11422738
66207525
6290115
41375274
58511040
47024301
12275997
73562100
41288014
57558353
29764194
923830
22566830
4627298
25807558
51771698
59605322
13678277
73128289
70120662
62557795
41010275
55691889
23114527
51024
78417483
44912257
61922456
56204268
50981342
49116961
22692961
64570125
16509567
86885727
75407673
49886664
59415358
19990588
53798636
92472205
19986342
33678090
3747169
21405478
17398763
78957471
20854047
68975122
43811583
71812905
65651911
69810700
6699714
47032873
11468274
35415148
43658889
44479890
92647315
10094145
6529765
76904692
30508974
51030016
32967561
13555245
41379097
35221247
27125490
67040276
81846793
14935244
33307526
88823029
75462085
9097177
88253174
8962085
57031697
42941542
87348751
81244082
80096631
85696355
33371609
55047526
60277483
50356279
83718482
54280520
73716783
10543363
39709232
63279574
72713116
80385837
86100361
41700122
33132904
88159117
87147434
77283544
6025507
73841454
54578263
24407391
50441992
57474557
39783333
16819022
8007693
30234836
16147667
63831078
16668415
28699945
9865763
79430418
23523254
23078645
48816408
86435756
5140721
44567151
86321304
11525150
53297380
68912556
19865468
762548
35055609
37710420
13010658
53840018
38069525
52838411
78142604
65456472
53127777
66277732
19136843
86543926
25841910
15963863
4223766
92045359
6468376
72893272
56787699
36579596
13887029
83749331
92233170
12522733
50894200
46089991
28202641
43411229
24709260
20514736
91252940
4810115
77185670
68020970
27215258
72236693
29880205
25742652
30686005
84975401
71925598
47025078
72372945
20305045
56735973
34757136
76565118
47489564
45757411
84522663
71395752
89700279
6991167
40758360
20168512
38057788
36047516
54722263
7076186
56678093
11858531
90756251
69967671
81557292
46411425
81558344
62865215
31376014
81546933
90891533
43227408
19153325
82792236
54613448
615148
28521433
45622470
29993542
5597976
18650183
46975790
83727905
45932208
88554828
52337410
50750447
78755858
81559861
88340694
15660043
85720670
12324844
18374057
3833461
22950149
30280063
73105965
86598530
12946399
49900744
28428769
26415059
75156246
39430840
9289447
34466603
22061036
65312632
80612316
57460012
36893570
57497073
26555558
84253219
767992
6629959
45707676
44304314
21611985
72837362
39301610
35302052
77872573
79872959
75295348
63987007
59804767
4516812
12693193
87743137
77619537
28941291
78454874
67847436
50028835
80234288
28089242
9174384
34627867
89011451
19413726
87262057
61441650
16402319
37144037
5316305
81049168
11849978
17298105
79538738
87387144
89667685
7485662
86967819
77441000
21183619
63146861
6455696
28921680
90212006
80093329
91178032
86017265
80035026
77783825
87335647
35025386
53586175
44047683
78931644
57084679
25242278
27358537
13570746
64167464
91315896
19380031
64928239
36439601
69478148
55052792
38032912
49316392
92054417
16706676
30843893
21559795
15929109
90053997
56461725
71524019
71081563
54556084
85932857
58857848
81954166
91865847
92530165
55467560
61357931
3858759
58987675
39924570
65010661
18606137
23977597
63934996
75715088
39366224
5385877
55354342
11049360
40800008
35603054
13037992
5955632
38239285
66505581
41746850
29054484
64258595
84003391
69380538
10985135
