71521802
26910029
76771965
19698974
54339902
91177441
3754588
58480002
72042884
76045168
82161611
3739488
40395446
68386888
61919549
75651595
92336956
59676027
32043963
74061312
66439924
17068346
68621767
2211275
79946910
6546377
24380025
46342280
26389082
81609488
11138445
8405192
61087224
38473121
66628128
61257197
27327957
35548040
2982568
19146078
66339073
45912130
64648361
43451093
28474261
65401815
39993216
16077119
45569512
92820843
29329211
80243313
57137844
2346618
57091631
37456698
72211213
48362422
38411169
26316476
80612188
65723750
32742533
54775855
86383505
24054866
61255835
4664554
58352017
59976353
82635199
74552866
88589177
71445996
76720129
19967350
35559162
59036022
56067011
26415489
39081982
2716515
12312174
5167300
16836846
7227511
13158458
25125711
87160233
11671005
34944999
40016968
16663700
27701014
62938640
83748389
30658837
85076403
18540494
3379874
6420521
32246941
69490319
66795281
5299747
44211867
23745925
34189443
58183981
4415123
62195203
71818576
32821423
73634275
65102582
82273495
10250563
58551748
89357962
68429227
48571870
34256612
71204221
60937740
27697389
853881
22414144
86955388
