92895539
11171755
35659731
62721846
31951866
75797839
31804190
64776760
51761799
79120164
59354005
12217821
16927468
6822442
8931956
42521302
50268517
64191592
25361359
38207587
35377638
57787053
63595993
12203335
491870
73070075
60159821
55721191
38175695
22116065
414247
71394259
45732721
76014536
21928904
45206183
19085537
27701769
58912205
75342379
25572307
18566772
4256631
27139771
16406043
51892897
10596298
44952161
51228636
521269
270546
39739919
70158977
89910658
45320721
49085458
35762272
35952406
2196746
82339674
12172097
8410809
35358834
13208511
55875420
14758960
6785446
57347244
12404292
25193615
75890531
842804
90035076
33682505
31403360
71727378
2652630
35575971
28838202
40453351
3741467
62354143
67028379
16640241
51910356
80746115
7972504
44576423
49234869
77932210
7223477
89749555
73844974
49089244
53791449
42417146
23357594
49287763
19650462
12205023
4695421
65794386
13246596
40326930
53783680
50072725
24053357
33093822
46327634
4424443
5736001
50702864
66678862
55612842
31715124
46086797
84003548
14711853
45082246
25159014
49127481
51098218
8590756
11966912
70078509
21226992
50203272
70224243
43627412
69167170
22414612
15275348
67637539
22077476
6249768
69511257
670469
87048227
143214
34564154
1908396
25487944
82721594
87469522
66049325
84132051
77422389
45468777
74633097
31276478
18203341
64320577
43979239
37216700
51350087
19364724
64774002
46782575
41698479
74833960
18281311
88807597
73893461
78027236
92781590
32642826
90813145
33968465
16326317
3194207
38219398
62132236
59602426
9655189
26310078
48606389
26627637
89731781
54366426
86123747
29131629
38812552
64745639
76171808
84939863
71523421
85438899
79214593
91310873
31593393
48564108
13955346
16072949
88754843
75360524
42285405
3507602
30572988
72952265
4156350
28796284
34483698
63804944
44067303
9098552
73752757
89327642
7109409
4431483
165942
71225039
89539291
65426691
73526155
92211025
52969290
45192227
29400012
65915288
71349907
49900501
76326888
37639514
26399696
63013908
3595705
986614
79994050
84651670
46057072
12222681
51150679
26664886
71042341
75098917
72397192
60452506
76163922
44496450
44059051
84844972
36339594
13275392
21077340
30537690
38973625
46375912
22834538
1316172
20684406
88348135
84249694
34774898
72385431
25109722
76323010
42666927
72987800
14325844
31134574
40562811
13720593
73626852
79349856
30729099
29142346
78680558
32358723
67824469
48370918
48081260
5776446
42059350
91266008
84679168
35730625
76396238
7141674
30741633
4724227
5209930
35641049
24480915
78336428
51759320
94385848
76324168
38429962
63107716
24626534
90695120
41566
29210139
59130451
79746581
88823930
25382710
73212106
50510064
46004185
79000099
17654168
40053262
14945503
89904050
19395912
37151474
30993018
51514727
88756278
47065756
3437660
15696193
90640420
79717246
1065220
4290126
63220026
3238941
43360785
17286203
51610956
222168
30281365
68049542
24783207
1663475
21796017
7115860
18456276
52751066
24467132
47688077
27939487
52907371
41834466
25503828
93887206
34836032
65551615
67994383
61323610
77017219
81796269
26271063
37468177
2330350
85315615
60716907
10030922
28580760
54842070
88429302
37578535
25321243
69512831
27651114
27336821
42896155
44929139
69708184
29511390
40238934
73642972
46568450
87417890
122831
93397289
26439415
21420045
55711622
3801271
56041089
51091681
65049062
61192765
31349847
6535111
21285393
48640946
45701701
22439140
94622790
81151133
18246451
63274165
36553977
34265537
49910071
65929750
65384344
53563157
65925577
53668691
52295212
91159603
76433754
67699719
51568235
32371197
61409071
84364121
2248942
62929442
83129718
36349200
73293698
37813038
4506102
53618335
37187077
8177394
55856748
72704752
44421723
9336955
49994728
30830047
75052745
73219768
5214571
14413607
67543759
68365516
18850364
15695458
69132307
24067487
40670510
46843253
2544943
40789971
76999634
71216236
39909760
88485076
62280588
21212848
49856674
74779325
83035730
75783412
47686320
21277982
42210682
90114244
29665055
77793715
15866742
89647766
77844964
46137903
55931520
76775022
24493274
86184983
61559627
91093869
374760
86318692
40977375
43309217
88415055
52296875
34702166
31742388
46622731
60120596
26824423
66029121
15693640
33531499
40562896
67729852
48966845
31885216
82083198
17851976
53345291
70390793
53238615
92539685
92176593
11836962
81859136
86164192
27421266
57986901
56099200
80407268
65229031
38183750
15312801
21070075
32785311
3871489
6404779
55267037
40018640
66060793
21134074
93349567
13442491
31430034
83741449
74036664
93059562
82784461
65123715
87356693
84973393
3928484
72934648
72385912
87575815
22684218
22437776
32211549
15514124
87667922
53308298
90606990
42333229
46544701
22619140
78530210
35566449
51051194
62685372
62044688
42160034
30621102
73193035
