2578735
70957395
36595100
18886087
11290819
39440698
78151199
37116685
83313336
8311155
45202939
52220760
33777648
82862644
54116865
31956367
59139917
83387075
183120
58559353
32503912
44928208
62446427
59344545
92218923
6975877
40501846
17522468
13533052
73999969
12598145
93346076
19063777
25214201
78306624
55295298
21499355
49702690
91221989
12766173
9557334
16105558
72330748
24017378
63238758
53982065
34303086
77665752
79063590
1801665
34257360
5740164
76932838
31692101
68008405
31834204
70196978
65295078
32021435
66697999
49740285
20176304
22978353
9142812
88422635
74242061
45192524
16989556
25410406
62596234
43221307
12331249
47242841
4182809
4591825
91988298
50076973
93502417
16666834
38190781
44957208
74949688
93539945
92797366
71362526
37365137
28674178
93346539
75224273
91200414
84040565
56626241
60476635
84429770
4019561
72128579
81197682
53420769
8496098
33211189
39400069
90468287
11233272
12512877
18513638
58938429
78481359
94629223
92249908
33169514
29446415
5537480
87769089
91287893
2214109
18673211
54792101
28006086
79421135
72135998
20888745
46644127
63401770
49885052
4412547
50970579
26161466
26323907
37107123
30480950
38284482
37954165
76117587
29118091
58779570
61317642
38729657
20713108
76160001
54734656
23365899
23518134
27604082
46679050
5198066
49591868
76818140
28529733
69482502
