201773
91875557
59856139
17545846
60327605
29458283
36155318
89399545
53433923
7931414
44741148
72872352
56834135
57314596
4335118
50800516
8756634
47623172
37612204
22473123
18287679
59396912
82072806
45648129
56710996
78558631
91756279
86243854
21524942
5017370
17893022
75862250
1697727
26043733
48148324
12892915
37646475
24683952
74152408
50758235
58775919
29830175
22185743
13165760
15845065
77995837
88710974
82474258
62271427
73346453
24043395
69673058
33353546
81789984
6675970
45488314
18538900
6070892
23753720
81035550
6693996
27433210
3636108
56045732
89201828
69119933
30442896
18581437
24180753
50911687
70215090
39106373
25950772
61502415
68428127
85154156
91466240
20731663
78795384
66808843
85555088
76186790
19981570
1895389
90687573
84592926
61964673
53213463
45688966
4490345
81735581
89202680
93035586
78337759
67256266
60545969
69945167
49952991
68424155
12359991
92053931
50918802
49845297
70483261
70749414
1578089
5634543
15536335
92364110
49778798
20988226
81899515
9167413
43341637
45218726
42632673
40662264
44606425
79841150
66849567
19004186
25273788
58266422
76153341
68233829
28970815
63360648
45370535
17770088
27429468
64075010
45118463
40297234
30888788
73549373
65348222
10921860
24941323
86932532
18331034
640719
21296362
57324748
68016599
64489457
31131398
14441159
26124107
26175030
53395588
71590240
16322127
46640781
38396388
54817163
37170177
37745384
13481446
57125626
87835652
38752312
62975642
37203041
47656594
46766879
60804628
36957653
79875327
16022161
6122027
86225388
80256529
22300886
16079466
55699710
58654961
10877621
82225816
49973191
35217989
13616276
11488689
85025088
46181229
57461580
68137634
88532153
50805504
20095349
25232103
12214516
39127712
9740684
69943084
68609223
37723894
58091295
60544222
91670915
21777786
46004442
63787612
46932788
83011455
3589179
63168514
39881211
63487699
78122419
29971607
82756077
15199547
32349143
1978151
91911013
45427647
56089595
78977951
33846694
52599546
15789178
11095410
92901095
43880208
12443468
81550908
81345700
69390362
3172415
10869861
12609217
27074314
31007587
64997543
1370524
32430352
22337006
73974821
48865895
66136427
54560866
82029335
46229666
54455490
21343716
8871926
59532427
51596629
75000704
28370182
25523556
66322867
14944412
74649999
50670824
16606871
5266819
50448181
55468472
37828064
11819280
32247860
51093822
85179992
77216852
51044884
65935791
64198449
12612659
27291882
47564278
77231071
87426869
43788414
16102617
91827991
8594204
15279917
78650176
41083207
1714770
20139093
43553470
29857696
3024203
41518937
51370546
17644170
5269820
88329504
85336754
49944874
7117495
37767186
44842658
48933288
8203559
21176303
27349226
68411433
3376667
54016028
55693433
31529879
378986
9371790
58096395
45361823
57666194
46594163
67166999
18337890
66608761
76138329
23634965
8869184
90086655
66721405
51786976
40730245
51007477
15716934
76291600
45771891
4522302
15615661
27648204
89415067
36601514
46068790
53510922
89966400
11341628
62137733
23733380
27797360
34089502
53163786
9138510
38251184
12379930
37699590
31088508
69913267
91283499
78039939
78492998
35902585
42417324
41934034
4023566
59041553
88608302
40992491
78365845
36847797
20340049
37606602
24398582
321326
19447409
45144601
125504
34610215
66234355
26624137
16319313
1379562
64160129
16641170
34545521
27858257
64764071
68689758
53679149
22323866
83629207
39309271
22599907
64067234
19835461
7017780
63878099
69579820
6455601
32220328
86112697
8342087
76551339
66576661
44245097
36065677
297034
14235504
88829253
44989985
16456178
93051923
9025563
62760008
70896855
9177052
47611655
91798489
67733749
90734711
61092244
34265875
49290866
49290867
12186357
66651786
40267363
7987725
40846112
74780139
89815368
48127787
48676849
25344652
80430417
1940166
16771234
15795931
7032081
47170846
43941907
2260724
48636050
62612785
76900548
68836571
44897914
54456657
20392405
85707493
26853853
79387846
54997555
47388572
91261503
23306071
27034452
11349255
13657354
26296007
74557458
57364064
88170147
71698000
2292061
36275662
76955490
8746833
5603012
7482362
75044189
53062131
39864670
25626450
4332494
53635253
67933378
82502138
72522277
59606538
27397662
53633582
63224524
75013926
77557990
82646025
31542420
27163355
55433758
15607586
71166029
44858058
60932140
15491321
16045209
53133422
2503563
38363439
53294255
21348261
76551340
216397
16347260
15607227
90160449
32116700
50460236
20608402
43238354
88292007
19874264
32124704
49340723
35623557
21981570
39263019
56696776
90252935
24225064
24497239
48181808
28259574
26315771
79311189
91128910
44288634
49476599
1967485
34518414
31235460
5343275
9677357
10488256
32132820
24535791
92528126
55193820
9728108
53941968
82171614
18224173
5850395
53275933
80318341
87273586
33445230
88197856
491951
46656459
72248343
1540479
11911729
72391402
88845933
59098965
11134463
75893048
38231064
91537268
30898828
92812339
282069
92081524
23156391
48986066
18043664
2604450
84994824
40112502
78879599
61160688
49741196
72461866
26054081
84545196
16431454
36912959
85314747
9580629
55269453
14273504
67004243
14860843
39695978
51673762
51431845
71026114
32312330
53596835
24569092
6658057
13022044
38819057
89048383
41935215
75841078
49331933
66721060
76980612
38157875
38141407
84275014
71715007
35323416
82957803
74942320
52213606
4979814
46750030
124406
28767597
56110748
8146297
47216408
19358184
80493147
72021933
68922706
36317817
23286702
65205311
60907966
9693703
82037373
35468196
5613573
65290101
30900635
19291195
52309103
19364945
76738356
64081773
90633345
48565049
61944364
75982639
8431160
43257061
43628732
70337058
1439378
58441382
55424049
37882568
85872928
59043080
55353279
55715854
54535498
32114103
19408858
59340631
9051494
77185662
61516158
8751110
60366004
10849964
72929418
54239774
43217465
82675067
42860785
35524083
10207905
84149163
47118887
37494451
55109912
43879241
61242328
60047107
91957893
13436212
33990594
74791154
42303826
44149520
15651353
67152292
4626840
82019989
83364672
33935371
20332841
4792306
8033798
26475238
80924077
61570117
60265085
62569980
55004502
13016950
30256323
85003545
21858629
44022181
13130824
20840498
5158023
75736680
46370807
2305128
76773844
87448410
88608508
59642020
21994130
84055156
82544143
55086370
21880436
44758871
10032849
15853126
44110453
88292004
42576195
62503875
79070524
48045666
21208934
71323461
51336551
1319070
63796572
20280749
46255718
89559070
8880509
21873870
68861756
49757352
55694420
58692960
24304402
45021382
76148861
11886691
17479741
38159832
40721860
50066868
88096924
75850762
65116670
69980925
62051891
7607240
25477964
83546690
11293159
75555169
15338635
40294174
30587823
65528085
19319566
75759610
6771900
79892018
9917811
7297574
18582427
76991306
91329439
87739530
27417143
84674340
62829535
31448587
60323482
71332989
90702752
22598914
75616717
