4787093
28691506
43731411
50785792
2165510
57665074
51542232
56194083
71073572
49850092
3568558
58537987
10926939
53320156
39146515
80751454
59437302
37732435
91312802
41866908
36767935
10974054
1616848
51283195
66379265
60294573
34160600
14738658
24397255
26416668
36034299
67796102
57164740
19581030
38792387
85871124
73879313
57937052
76529349
72961567
58013468
84338760
90649521
63762727
85219728
9682396
73468185
13088389
83689948
10009775
44974671
83512449
59937593
88681602
65615119
33118454
60483567
18905081
33242236
72766408
39491396
65135478
68715109
20504080
11117313
47826402
19936539
18557611
5505425
62077872
61729132
91246948
36459871
18761030
3414359
91569905
5940337
34746624
83342317
92802890
21054709
76638506
3644691
66406025
92747699
15147004
92046698
24683308
40903754
42525344
61189200
82181738
82576779
91639660
13568070
12672513
25843752
4348023
32688680
81560179
80079122
89329094
52952536
86594842
66976153
13356090
14939074
84670529
81041031
22345507
75816221
48486531
52924462
18372933
31087292
64038066
62888801
57678616
24577554
64048081
44253861
89941682
30295461
2557245
29158693
44542985
54266738
42236482
72930470
57493373
14233366
49662137
41973485
40714984
82375578
63073207
70176475
84678733
72308537
82390658
13548426
26081852
6005644
44417449
65318210
79139062
55146251
72669784
16467717
51243213
78893908
60721740
63385602
59567799
20417084
59553368
60180361
25907049
8569774
29029255
58621566
72565727
2615774
47836762
30272764
62982121
26662502
62725607
69287114
67125986
57125793
37629532
71338320
16561163
82456158
87644185
49612079
61398823
92342724
41726998
66449833
74390995
91602112
15626031
24644324
18712313
1308281
54043658
45377163
52243687
74816119
4957083
1924680
65259268
34140102
69315084
10354330
42497251
48398301
69183497
65862017
84945107
339589
40504205
64674871
74268687
88601439
88889217
17096196
69669138
15430683
80383295
20248469
25661497
92479
85910171
31969868
88258553
15761727
42316644
91453052
9864024
1248625
79940054
28979452
60919296
34859702
64017886
50327414
35136268
40738045
55283194
29612422
81414593
82360443
68545015
43740817
39226649
60970903
5481070
61259895
25692807
50413135
48950341
9359955
86439061
11882744
92825578
58075174
24965352
5424648
9565837
90016287
35687515
62444107
46255518
89191633
54013360
66151313
84322377
47229369
71873511
88441311
91798867
86985182
4978376
80884711
69664981
45200618
81403384
74462538
34176268
14053138
61484754
77056278
22048123
15432316
83485318
27839634
92457760
90138162
88568729
48406975
76209150
9047250
19304967
55904969
26189205
40574229
63640343
61322380
45644047
1822447
7303622
49509657
3292750
58724373
11384775
88443520
50858477
38983033
53188247
67535131
25146403
78205252
18818776
61104767
67792962
28837676
50837311
61406553
68946086
38724091
88615494
64037661
41743707
51288818
35574286
60514098
88337924
31122955
24596580
71629262
59344798
20749902
39909721
66882552
16011285
54584073
63908795
4014836
82595479
81548873
23371879
21626317
45808249
60680764
22644043
92949955
33651301
8423184
16978218
74099261
47979068
40215480
11746767
84537272
54475618
46187077
16166384
42257388
84758262
174378
82841607
83486012
2337678
78069053
34615112
14922669
26777422
71748240
3648591
55050597
35772867
38886589
73019856
73247138
52115211
55806492
37590079
57004025
56148307
49670654
8611971
59091666
512061
67575283
9922100
88934538
23535775
32415458
32528538
81476621
47784664
12423083
21673215
44052847
4336238
81999649
9680038
4331335
49169307
14090247
18426268
44827503
17691205
68622487
79445286
82384104
78255954
38655504
25942237
75911921
20149116
92930328
73686129
27170223
93017374
39950829
10488877
7210376
89262034
47733606
5491395
67868575
28737413
41631932
17784646
77843007
66220054
93054200
6609875
5224595
70570518
49906064
12214578
45395775
42100921
85869081
84895264
25117775
14885345
55418273
60910513
50938711
81128063
72929376
12887113
90804010
83336449
10424799
41191642
38203877
87574296
68344790
88554241
38019509
79363275
63578144
74283614
65283347
43917199
82429462
66018430
61024191
39211256
17624143
83591127
42222864
18840991
29041219
7867627
39897848
55362848
80661919
14179386
27999685
36964260
61612720
11893234
54266249
62871393
23761557
7138874
9430530
14907784
75468573
48103386
31709743
13116217
67754476
15414567
13731321
31016345
77549102
91906502
7770322
52374551
38861295
1213597
74767718
24789637
17869573
78249179
17087845
16134518
73096364
31610547
19075700
89230644
25716943
79070454
39558185
70241928
92768713
54966092
28558689
35485658
35633446
47835861
90969171
27373976
59107760
9821977
29600710
20856059
69627262
475678
52529307
39607333
1111575
73861485
19876038
35014213
32194060
60602153
52849128
88251361
8510493
66250602
46111989
89395593
23006413
65581189
61811684
23778978
55094924
19564987
61142997
77623430
19414529
24719596
34548191
68175672
23619690
10356116
80701761
76424850
20272757
90956256
53571479
42056255
59583608
77637931
67779189
52077776
77075024
71672537
2531127
9434784
26890676
65195726
19323581
61574965
53116035
11683558
2567307
34272056
67900075
88761586
37485731
39616460
80552527
13668294
58004700
3502397
51400838
15178873
29829282
87127780
89047636
6217319
8765911
8907010
54707546
82205408
84622114
43710428
11272197
14613806
66029448
49671662
61106912
11433261
71344674
37270004
12831553
3648911
61237499
21483184
23201051
67439563
86197687
5344881
54707494
54082852
4454577
14550042
13211081
64815634
79088943
60478246
80516981
1226346
53867916
46875505
30391094
40875077
7429231
52597719
43058907
39885976
66831240
71791377
8233125
1940406
49296258
18169096
61928883
40511902
31928654
40072014
28636310
76139935
56288373
31126580
74615508
37317050
18250189
57862158
79649730
71909051
46967408
9944946
57466347
86316383
67697388
26433256
81082900
651804
48094613
89451774
19627504
55059004
44261054
6362855
87021460
27557959
64174169
54914494
5852915
16785794
31593153
3828358
49421461
67364119
54836611
81899364
32837014
85924941
62956977
4819204
6813090
62600941
49847369
75029916
81091057
90600063
4680431
22713371
60010555
8015198
81019285
73331976
33379763
74607677
24105774
45469271
24803818
79427849
3780072
23876267
18971135
7804286
11376125
45756614
45195814
60301742
89709457
24875409
42960056
65330541
29056605
88386582
84386970
24126479
35915609
1951319
36003239
66039813
23655404
80698067
81986996
67349727
58181528
70091219
34478256
66270206
1036853
40376931
55328793
59338642
52925003
88899866
69324320
32096121
55780881
9514495
4629023
7367711
5587171
2938347
16365389
88275800
71842972
51203251
71104835
50329673
62624731
51578704
36187030
14837237
14380517
87404391
46151778
79982794
4196901
13824112
64452006
89430631
44613771
44283136
77046833
80025340
77863024
75226421
66228989
6007045
91776213
57706457
18535083
44417454
30373127
45379794
10332080
1689332
71422059
77788521
68746516
90472668
20549572
62652699
31343469
14418801
75543655
56304241
60546048
63796567
61914135
18048891
51708513
6418548
71341062
46096359
5572651
72336850
37095760
91432083
33559955
12962537
71314393
25926326
23491955
55148792
10253643
71532583
75624087
22866005
16801293
55043518
85266993
33790012
63243071
45105683
50443138
92321061
26166190
21880110
61847200
35336617
9705352
3116249
47102415
3972914
74413241
36765556
76165760
23524878
47861536
10337474
10152540
81813688
26430376
6012514
47932229
34288424
14322736
89259854
