15847852
19373795
24918014
33237961
81114765
21951519
7961154
79762385
84783483
91195737
94123328
30412023
21767782
87027867
74903493
6856018
28261157
10073323
129582
13086197
54183584
69736754
74135849
47408687
71227657
1800407
63569008
14917378
58057762
30072193
6950937
71715959
91763846
53416017
20250704
47935598
14011946
9286158
93034170
81849806
22627076
18735653
2122090
11331674
63091290
31948769
47553998
21665318
84125489
30198690
90417771
3062394
47473213
47837957
40980473
44818509
35641056
84006473
42952711
53152055
86104694
88659508
29808810
37069925
75245755
27159494
32631073
92986160
31951288
77001006
63764025
33716307
74413540
18217933
84542277
4713547
34196649
69044906
8398711
22585
55076934
56310854
49532829
20874437
18372178
52316216
46454480
55877263
17611827
92725717
2443636
41416308
64873426
72766900
91683295
22717119
352488
45614617
33779873
89929027
49625324
87856717
25253842
51564983
72031369
75431165
41268393
31728137
9353329
66102876
93116522
86976837
20607925
12687775
33854489
92979246
24421978
3176405
3971611
43914062
50576611
35345546
42427945
16683906
62692693
44342126
41072211
120771
77980321
80167488
58346231
13638059
7816782
13117693
67657695
76968261
13351346
55455857
90501523
5426949
17103734
49348425
4834277
88214129
60722883
79417515
78718390
93012497
69923362
24384548
35358233
20355307
11564691
61215265
6247864
70050218
32943695
58975530
68260982
76739720
85384737
72331006
61562721
40411700
20832017
82332347
57063130
56055076
33104180
49805852
84391155
64020968
80314181
44914976
55957935
12942068
16562388
20167560
20167564
8775571
42241567
13162820
67951261
15238030
34693760
23600655
45479270
62202028
33800380
19583235
9754426
52343011
67411503
76391995
45133540
90754473
57781906
8674070
50380621
4500609
58636150
66877902
9409795
73162273
65725291
17237866
8560133
26180751
35794933
17607869
58296023
55328054
82034315
42387624
25907384
48091006
27149221
37637668
90183561
21321754
73466424
62726414
82966180
92421642
76801414
86171582
71869467
83675277
58044207
90377589
46645551
2415497
20802894
47900168
2694330
76627241
70888914
91980489
19452920
72793203
7688597
37620857
93971363
34059610
53656739
19951886
32319260
49577900
48825879
17149407
84903332
81900447
34977222
57112150
71415062
182551
56691111
57946333
86666624
83867574
92866561
84602547
26511431
2563288
33780251
67993764
16490782
77792862
92055846
11658387
54384032
13630707
38986787
78324152
9231166
50677374
18131303
57264958
12458708
70438958
66176231
31886687
39760203
71516718
18841774
29038371
7010685
57052867
4841159
54751408
82407606
13233106
93800367
14928272
62495264
60285067
52064022
13880082
21010877
29646261
26500090
31833985
50365349
62385474
69892550
69150246
20946598
81255892
44758160
33854490
36458120
65002405
41436295
11861449
82210839
278380
43337685
28841592
52837054
15510247
90727611
37415415
1430327
6159199
73880198
36090642
28759514
23823149
48844867
81473199
16962697
59364789
1388431
53788761
22452224
77380282
92096238
17370538
89692387
82837417
13939079
52168634
52364624
484626
12151609
93624742
35675783
43043361
52875884
