13571992
26861864
78530680
49857138
16196850
11490550
59959499
29631140
52636258
8711519
68175739
50554480
82570753
13253248
39783346
81230632
83566738
9908175
87644600
57479211
60167510
78867140
39046251
21647788
35518465
46970307
3893901
81088954
79804770
8014694
14589783
18603630
64119573
48733388
38592232
84044651
6159406
21649308
83197554
55898348
34632876
44545435
72899369
9359665
28660909
36103646
2565565
50961771
42304164
18467330
12107060
39984655
54394165
23190758
44791384
8321285
49119629
15540859
82131460
90114035
73601583
83533617
14597072
40480803
87430366
65421413
24116336
47779932
48716099
13330513
3134262
35500336
20340821
18275721
72894910
23481048
71413234
43250501
84002802
75335636
47447997
76580802
68817804
57177778
24773816
57219947
38321409
8913522
35631031
88338116
60730234
29791911
10436205
15349376
89781678
81794657
50436512
83350570
59441846
59591044
16177204
16383474
51670831
38229849
24040007
26480391
8766598
2510893
89959109
26604677
17288911
40202090
24565209
49933964
87606391
15627609
16235014
2059332
62749042
62267338
30967446
21216136
12064731
27313239
28369009
75366687
43896746
48938449
55392633
40206942
14725291
83268364
27386804
67041868
39449549
35852700
23157784
12969453
78122972
20216816
59215317
32026628
32790774
29381104
60453570
46747286
78556141
29348718
68274627
78132736
20441234
14579390
6876156
45178495
31398943
24619620
31213109
86220838
87258257
11148186
75359452
36273774
29006264
29418154
6129877
61064484
88141651
87337323
90475792
72989123
80804879
84418382
86399345
83925178
35247651
10473712
46627214
5806359
24487408
78269422
73880364
31781370
36686831
5281061
34341725
56112355
74206332
50845521
85179410
67324137
89219758
26831496
19613935
92363320
51931541
91427591
26941822
26430195
16278106
70258600
43725177
56362964
3657353
40162504
29902690
18505005
45395170
53241449
87782690
3874783
10827059
76465241
72270515
35548927
76825480
23121872
2899564
87101613
17584503
14744775
44279526
20174318
33839279
26032483
24157795
27892423
19234526
72295326
89991386
90626439
38835322
17786494
59088043
37099213
51014242
38358168
72267981
62708278
11080502
29041636
17740400
19318945
65986033
46931986
31062533
30838371
72859335
78637006
57795411
23591496
9906075
84590554
73700381
51575085
67806517
76928037
18251158
62986435
23503404
83700738
44249621
71012793
10045035
25747599
80928135
23935702
64882897
36966190
44565035
15541959
33040696
30690880
21418378
92700992
86946872
64992121
70287050
23705625
71353
89948047
80097337
16969583
15522004
52981552
16077125
41707075
70573777
58145009
57331672
35690204
68049449
56284217
45698691
27910741
90959172
80959429
64554893
86681991
86926426
25517173
45936962
58139124
54235125
49931456
51724453
89754788
24526332
53238618
82898358
89560750
14976408
37468863
21162291
76874642
91327606
46429661
35052095
26120379
78480546
63530655
77313576
18577936
49391470
58012810
91828880
51063058
26683696
67721098
23916133
70859683
70023738
81931857
84160975
40683861
62396136
18906248
86784790
79664883
59351006
73510105
21613534
26659495
70639756
19421572
84228595
43412802
73545869
41118550
56364462
75061857
38048386
10230911
44852708
90118800
56520375
28213901
40751140
64773439
37875870
1298645
20878411
51337758
23974174
8163004
63790646
3302497
