88454003
38575328
63837325
13473993
45664672
34975339
39031505
52234238
16765836
37093373
15290194
17491575
17767582
7807230
47695622
64871329
55094397
70364596
20548219
8512071
26642965
30672254
25572452
90703801
43589280
39456593
23029489
4459356
89492524
84250566
14103496
47397163
81950991
77441540
61712734
11244820
32563114
54188739
2643386
48826800
63893312
8611817
76168675
53844948
44589699
56827696
5609672
50838252
61288808
85833522
34758171
8000584
31146030
63466391
76300844
15646721
21455170
49153232
39770649
80865966
75484168
60368953
90606641
27456291
80824912
38582459
51187764
91162180
2667937
65672524
35509707
9776062
37481792
87583251
79575602
69111680
53764687
58720731
51773082
8289029
91566205
22059179
11159157
8340579
18496983
31737766
22077317
31113817
24131639
87804719
23281485
3206217
3167464
56087172
9749449
85810716
84493068
90400225
19256805
2344868
1599600
47819839
71126036
42015067
91561317
18223233
64145186
25840671
67677084
27061472
52090294
2661266
76066444
15357298
77890896
56006988
21290793
75900381
36413416
79242556
74528606
81264904
19669549
32911715
17869969
5387061
42285354
41818418
1336394
70393766
77737485
27475481
