37778729
33671567
54577299
1556716
65606626
11098707
1628933
8494879
4406881
88864135
20974005
31399365
25374956
33795446
61667769
16588786
64569619
83058079
13574893
17409030
34661895
2167585
80228753
81854762
41764894
23918073
51085325
32937908
57703215
2265700
56101512
49262951
42455507
17229484
34657638
31074730
87282717
61304907
28657571
6780153
54118988
77496005
19296620
55766479
28766765
35464089
14043557
77563146
73246895
15116360
44718703
59969606
83632903
26753175
10467439
60069662
17303731
69854288
31030815
32074203
52089922
45220221
35537678
75701473
36018347
92209832
26935699
61345261
73075534
49206003
17310918
40612533
27215709
62339299
28795943
13809403
37521612
83154310
1312099
25326559
57528282
39228677
74622388
49822763
2851598
65891968
41367245
71004146
84086457
66329745
2275897
13890938
45939141
56853812
58733609
32366243
62554647
64201360
17642582
83420513
15070977
3363659
39839966
71865057
5650824
44968012
26866987
25969227
49695404
58818014
75703912
44352
3158607
55803093
9424674
90903586
11042871
87482200
13967984
52548205
39347054
44770389
53072032
73271606
27549088
87612377
69464733
59355333
35434736
9308698
85020409
66993119
12797882
81885598
8833444
17594066
2549294
66895367
48540967
21606541
32868442
14423862
41413031
86042484
40293608
50210245
74240659
3286806
90616692
67857381
23248897
37546035
80182347
22042638
81897352
20734915
54507693
73122499
3752193
19156596
43645723
15964670
8377316
65446930
71327049
3183198
91665995
12264662
16245432
63155514
42073686
48907112
72161510
24972478
76315481
62483982
19127967
22146127
16387578
74437537
8515540
47704463
47613489
42458656
39732322
22950597
44961996
29822348
61654917
77159120
31125513
50397989
12107164
46328199
19853638
70454944
68198629
17408599
71937735
72366324
56222305
76895245
46662968
18284150
67737309
82035861
10676733
92607665
13342855
21320610
17838255
12737089
67506925
78180781
8035677
12580150
84149796
67528260
77093930
3383952
73243009
58578068
44741426
22552319
46542950
1924830
12807347
92155983
217330
33504706
22198477
56758785
34844394
58756153
28648721
74070384
15992978
8997186
49449690
6226436
59493228
36078584
77517963
29162870
85011878
18979532
72394361
48861705
49039090
92276730
69644671
67369534
11049872
7039723
9045449
55762228
90125138
76397151
76518991
83466378
66878033
20387545
55429814
40604751
8653433
56719840
54542118
5273028
27596694
73846689
17196113
71799270
26208835
53852276
54278592
50787673
76540996
70295013
77375799
83225648
86380081
10001334
35417658
63195283
30854832
30446869
12124478
29664351
71066633
90786048
13653795
81460359
62011739
66936299
63829623
10055275
80148024
92246111
14996350
70776263
46291016
83672610
65626937
74517708
19051037
69233327
852420
46948434
930891
53949501
33208300
65786963
51821370
81222572
54583393
64899548
61345585
60150569
36158864
57147300
68912836
54975477
9054245
51690582
60661738
4174007
48670550
45136981
78040198
17650244
13937702
46128658
12100087
58727684
89611261
2427167
52575230
92213578
24844232
79491882
72169831
51781028
56028937
79472648
44639662
45119533
18248225
7712343
39362344
92831946
13120461
30355909
29367601
21371058
18653030
24405348
85161257
75393209
53077356
77661252
17876952
20309989
92736620
5984818
16244199
92855476
26368274
10557585
80732421
91186392
16504650
51347790
51723173
32933996
60749321
57074290
25374958
85671603
57087653
58397917
74459256
35097110
77599510
19361782
35838130
88619025
78735844
39988653
37598296
33046046
84147070
34327363
29617031
2084286
37841476
78091498
58709726
82690504
68317970
14503114
55185796
74957664
20137673
27420132
8822006
13083730
37598297
11206012
29127409
34153217
79284068
70241980
72327657
38533666
74602014
26373120
20928400
3928232
19448015
80493344
43481350
4004000
39674050
86153986
93050561
54588951
30372169
12443858
78029926
82166395
8939887
72680186
61868038
77699413
53263647
57151925
29860658
31744348
2265794
70798441
90898845
78848931
4258624
80821290
16156524
34428636
64525594
81891530
68505872
80616887
91941783
86277258
14836297
53450353
34417543
78690339
81638341
2091536
46275153
41572024
75934339
58670422
12985704
48200304
18776622
39429376
60374554
16261732
33097139
30764664
40617478
28857722
80762058
27334929
85401754
27729239
20623423
30681316
31651041
70388784
3116973
67231396
57383500
75867917
47155381
1570275
40429572
31594174
47333928
865272
2166898
61163127
53694925
39183441
41015383
12278511
17593552
49072009
28836302
16460724
25024017
56396556
42306337
63579135
852421
65431849
43244273
76920111
86252977
18315597
82258551
52961482
524447
35081612
28034439
20654635
78727482
1226968
63969202
79844087
30366739
52516535
89316528
36520076
763567
73888226
54427414
33251798
31563584
53484052
75141786
797362
44382661
315453
