49166931
88226925
6555615
2405633
11829846
15274001
93872155
73971095
44416057
39940494
41692846
35939228
34390341
60079828
74589206
45853443
34676179
43454165
14379911
92712861
64421248
37562991
85640046
50406015
14491072
83677482
88449006
51242451
70232447
83708046
77917316
17287765
58794987
26960217
62559373
27060668
15493711
67042563
77799560
14312560
30383293
91949595
83977440
34008420
6203190
17556487
2998191
82113431
81548268
26008418
89949433
27074891
36408291
48482707
33834869
57802592
55688402
59610897
60002192
85968862
7255866
80599557
32300328
7064595
76798113
22990216
24801052
67099995
8673519
40815432
80397540
14908013
26567810
35166162
56217789
90082403
43726819
20704322
65055825
2730591
18457388
30453861
52722591
90181459
55560315
43292937
22087230
16537358
83171325
12356967
64591158
8388311
39642127
61390939
2308431
55493028
34656475
45417744
83592277
82297738
57037843
82370963
57737978
84087773
52687699
34010540
45036300
36569312
68214190
43835178
75047981
9053742
92660
14762076
51833702
52580213
53397855
4224845
69707445
1662835
43385189
92055297
60822613
11776131
69153052
30003667
73070190
6099488
88280274
490135
39735271
91421918
22680691
21094579
76098526
27662017
38218982
51214253
56412801
48720086
26950369
76697729
16030347
84710206
61918473
47862739
30706693
69786320
53129951
68614541
15010545
17751427
5598799
86788874
84315320
71933539
21681970
66685690
54853859
83341159
14478713
88515154
69848697
71586065
3118121
59960306
25097403
84917675
77500281
55760310
81001058
33632571
41352181
23332049
70558216
75137792
51126119
93110918
39875519
59692688
58490906
39623367
33781731
8726063
67506433
49287521
9783889
81084136
92892333
66925414
68687308
39495362
39354089
29005395
35108653
4371986
43900463
7442520
19507858
59858414
32994075
14155842
1392691
18864289
9078147
31877110
374458
78611654
42700921
42093472
67960125
26950523
60284332
86152097
53322771
84723637
68746973
79320675
75535731
2043072
5228442
17912110
42068142
17202263
66353607
47575597
55596221
89983935
42976146
71588482
25828947
64086471
62817578
63232842
45354957
18982962
41167516
69281425
15514201
68456789
70086387
73269421
39852113
5392224
68702997
34757457
6649592
74182316
36961610
10429981
33080302
29312257
92301398
28128509
54806519
50932953
40036347
88467899
9996250
64591976
78308143
3231776
24028318
22890992
90891700
70551780
36878945
8017815
54204065
56556546
42241648
37918086
37149539
16510188
1363046
49256842
41503555
7990373
18000278
69192810
21139293
72153968
45067571
35203671
93642176
43119129
45855927
74528784
52156523
62891319
31681666
10113553
52900358
84770531
18282724
50352469
54395155
77080764
17224977
8877715
4107101
46253476
3741429
45297656
46560334
65652469
23854092
76962826
36825605
27176884
10026214
27516634
779761
81764329
60955029
73143014
16507056
89933776
73160294
47007234
11776122
2817402
39099602
59502838
37813781
90286895
83790808
60137206
10810964
20582510
451419
93264814
54609569
78108683
30852921
24435534
20190570
50275485
73639460
54081999
15282922
72150539
6428212
72978850
5821817
1197005
45940332
43085253
30771533
21190245
50147529
91228381
18652345
6458054
94433568
16752833
49277001
82513073
63516948
40595684
15394253
81663210
20401351
52623496
72934478
66243904
5748061
92509142
57587554
18703026
41628208
42356773
74541049
51165884
26534097
14242060
66268483
72102112
42815060
10117380
39664190
68233726
64507668
92826739
92381054
25613518
12860008
50765609
75929694
74016834
65265691
68340524
24868326
81950550
78803974
27203385
1487757
65189693
33318468
67530567
44357386
61714742
15704292
33608236
68191413
42216053
64983183
51868316
26569554
83763385
76399319
87779952
31609343
94433759
80483303
10580163
56137092
77331000
54718621
6173102
38220689
7386803
44613734
27423725
51693093
16576090
84631915
74355380
92197327
27198128
18092483
54257888
44585162
75780120
31509595
11488010
48276333
2774766
33262478
6752440
65907118
22670758
91561681
26140486
58133277
60584469
80916495
29629203
38628122
47987801
33102513
65764358
81331699
31640772
43154617
38117119
64200953
24491187
88077652
62684287
11123193
60581442
67918060
10089361
18669686
39509856
85793738
75077138
61830375
94642110
66687754
21260189
81066994
12167954
47176168
71403452
25208162
14920133
86302151
32383928
12208920
87407501
56137855
3031854
86787085
2571801
78449221
50129090
39840765
91710429
86232228
1592518
45424454
92775211
13885300
7265861
39241107
38740222
74461242
76428640
5472452
89560861
51734706
93844676
49800726
60426437
63240290
35715799
5743791
26614717
77616858
20068524
8453863
38942480
72320527
30749922
64994499
56448163
71143014
60777492
83355
63947704
70631637
5486672
94532137
91964588
42150330
43204946
71259713
4785346
36117473
40738393
26639504
55312755
47396767
44104843
39194799
4788141
19534312
25673487
40901990
75638193
50459617
59327456
7316359
43015553
24985431
86435801
18215475
70922116
4220238
55170503
49624265
75397467
43135322
50116189
48724963
90138721
15812924
30137590
33691336
81611331
84088946
13238835
41476999
50572415
6474388
39388258
94148571
35965917
63259166
42652049
34517910
50624194
74133160
40223838
32700493
71975488
8712647
83353072
27143630
83165432
44558780
65466997
48107402
38885215
76432382
45158909
91712865
63676671
90582590
67091574
15186027
4142191
89356273
32119651
59576430
51816194
48095657
91949600
78393660
86461527
834247
57335841
62695371
9988439
77987659
60813822
74428438
26259804
7707436
43882692
69277215
78278275
57609705
48437559
47418313
70752569
90322432
62198708
79385428
24924688
27148826
52675039
673654
34328205
84046347
86801398
63934106
59463475
68621655
23569117
42371626
20160528
5536644
34862711
87634588
46134943
23048186
63659001
78271456
51215612
19505354
34346921
43150004
78140377
31742511
17751709
46268498
69782395
13018342
34355694
31468917
88542735
72201037
