29926010
93380144
31684564
90316554
36711119
29311762
6928253
51094965
59452147
75300645
27846380
77866593
57499096
67538965
18599531
38406865
93103735
63680930
16020390
86096918
31357628
25647692
50193441
70678121
58450372
87724966
11160561
68594560
12828829
75628811
19599604
36189104
61033049
30243079
73027184
63679775
53975080
34699995
18042486
92336199
79129267
77726983
3268598
16782061
80162759
45332686
7430362
33387633
89467297
54918632
90204025
87327364
75621252
75250638
86384163
92432542
6350357
34865984
46248698
13570407
63772026
82475437
88931569
13911887
57328926
86415338
72574429
85326275
93172020
20717134
44713220
40204820
15900207
30550476
8608988
65545431
29932247
21587825
8872622
17343426
43045745
54416870
86725147
26837817
45475662
35828276
84999773
48395693
86302463
49434771
66858152
37937890
82498497
82774362
93507942
39594352
88203605
83198965
35675997
28442865
62462064
31041437
12281550
81782827
413187
85015914
15906749
73053047
89408781
27785813
14104575
92401947
42122793
9529179
66139063
11139922
47842979
56433121
46470517
69934712
49905230
91421259
1796897
55268936
18176707
38514273
40200182
71057887
6969454
46061238
76204763
32602949
1398761
15566289
75196912
34442791
51602230
15694183
82045213
11512389
64787298
23008277
47437968
306717
23295168
58520786
40273644
53156157
81517413
65134326
86036320
92630595
58116518
92141703
53235998
4723314
18258312
20459650
89961513
47984621
64097462
89666948
3519201
6586171
8729639
90968012
32076743
56539407
80679870
10374219
54385967
59497920
26064450
86294868
51293470
89488895
9084298
5587621
93034303
4113171
79366879
78672510
82045217
8049800
45070953
89629855
38350726
15706820
60429173
69062032
82608014
5257757
