57404404
55476336
89569091
64675479
84945467
49758025
15880668
10653887
31711778
58422306
37071799
10504973
48889056
71026877
60007316
83061240
78296055
17025028
46843867
56141471
8288504
52429358
50784553
30342443
62835888
62116235
73679056
8051497
17824526
23568827
78672622
23456042
25466577
4794088
23072043
14903360
14044609
23989816
7745470
44520691
92905417
62727728
28189737
81171576
85906685
83960106
53897769
45895775
62284579
39109369
4850199
54177611
54086249
21111551
75657426
79196075
11883175
39619899
11042596
29878518
82545202
4816919
78024589
2593617
4259898
91815207
48332776
75585825
37332792
28314608
3464254
11010155
59897012
74389529
40644309
71062431
48881770
12548377
43842747
13253636
4345387
72545996
7934402
20368857
1844245
65869910
49335896
72184023
7719024
72198258
11271932
44527223
22564446
49376931
81361970
90086295
48257186
41191770
3503069
80384025
76593109
26514947
3804798
33101042
90573096
89987098
28159387
3665866
64058636
44210992
91997947
35310299
65188345
38834556
60714290
28402491
35846461
61364654
56648766
5387584
7372548
45378748
39243435
89070280
33541572
57780529
40162054
31723846
65695496
72647108
78598032
31008965
23033888
39552001
52474466
41861785
71525452
60849773
63224092
45361206
73985752
3687071
28615219
40895765
7709906
53602315
25956482
85533061
6262815
38752580
29242995
79514339
26870711
91840933
33665609
36387391
64044249
53857330
42682410
8323741
64443480
80673638
19499354
82331448
16515432
38849053
54441213
29744045
70262995
59576127
57154949
76351517
26663011
36245011
1591602
23975841
77026905
80635725
20167536
54314117
32064143
66163298
51497567
88759288
92508925
4241643
28485295
15887218
41717084
32919331
43501071
14257010
33044836
66460416
62392186
17983457
24006824
22006348
23774799
1351946
14242997
28114171
88240967
55633496
43227212
71592401
37798709
85638994
50088120
15537905
70547765
3614904
13335881
10880655
30849193
4178460
36702258
79589296
23676623
47946714
54563366
29924801
81576464
70055577
77991721
79835697
92588251
8434549
85784632
62750984
42432726
6342619
28383028
20178579
91873076
79695866
14040323
28887102
54619645
55356773
88672540
61384994
44304559
44563145
80608359
76826373
48529619
43746929
56645119
86315630
8659650
71339783
28999499
14660679
28506533
44050182
26269626
67429843
78327041
83953056
75003294
48796148
74790100
78132395
43148903
88858370
88952038
33253362
14337750
61594654
65360867
92793777
12822929
48158509
68203961
26277577
39069607
29751356
70100681
92834076
2159776
70274432
43060019
87823228
22597390
56901994
60211745
50450480
88780270
35642740
65697808
75720623
25633011
26656921
31543164
56027005
62899042
62316291
79425842
91413367
27410160
77041706
79755220
15978382
71567707
523496
52638755
71819603
50240789
32253780
27605870
79327212
81283933
25830460
31973463
12305784
57851533
26802111
15488842
9877799
32658854
8968424
57234223
59275824
31891665
69315273
37253787
56402122
24179279
80885294
2922134
76433698
53291935
26248426
34638787
71593301
81054509
61834828
12425693
63654630
40307702
48352763
68392525
917091
85443469
30229559
87573697
9525106
79506947
64762084
25646173
52043117
22774254
7841332
78904300
67266024
63286625
74747609
28332462
86179976
49194579
25790473
76292985
43390039
55385242
39701518
13228862
79082346
71568044
66507162
63957142
50657965
35770772
64767031
63867336
85521786
19443876
32928943
91366624
36205339
61434415
29295837
59327360
56371201
76894321
13334299
19991090
52125055
39146915
38060867
71486481
21459336
4271881
47536742
28547877
34481608
22099178
39460060
75381452
42528210
44875211
51016585
37000054
61763181
61215274
41436145
24856378
34023938
31377560
54589741
19894768
85275322
182487
74791565
92982925
79911979
13552047
89153113
93011230
80459117
34281627
12463777
68149578
21371216
16778597
8530878
14529075
19174029
52966113
46041281
11852160
76790578
56744225
45593302
66760662
90180606
18703797
41976518
22976501
67468894
51547156
77952368
90635550
3044287
67865129
86227078
15335102
47977919
1772708
50915689
45364748
19071543
22231118
6609324
68952342
24684960
33340025
52234978
25469996
68237114
5112788
49887239
15091852
32322373
64339293
40613797
71248936
80019179
91439455
33539531
43328263
58062210
73860625
58673477
30194360
67615415
47859855
84271110
37875385
57838489
87082872
61356310
16773887
78854362
6953155
24720848
24720849
87903340
33616148
46040127
79349982
79237541
76627900
19498473
49410791
54405971
91727406
27881832
42410318
86263024
80662214
32803987
17043318
14275354
42932165
28897659
83402940
43427638
58325249
32824658
26905173
48144826
62116260
79408109
22672554
64190073
14903145
9134243
36793822
92599554
66324083
51570172
23471881
55128876
42863544
4774522
73662626
51527215
50508285
40782530
55009384
16121179
64729582
84216009
3508700
59659200
48466981
53970838
25372195
62032190
52680859
19834384
89910323
15221161
85989897
24106947
41075394
25818739
79575735
44010302
60352473
81776152
17738944
66950443
37497166
60587898
62371389
37134927
3107692
17707282
60387669
14704524
15912530
18952091
55725490
45092724
89712010
39510684
59662038
78188750
31770723
21384820
56450882
44830342
88231510
8294006
39989617
86672034
21096965
62552996
15551161
77108574
60370779
59141192
5539562
19002141
92923361
18298747
12064274
91738653
10590630
48763612
3116668
58127430
1996221
45498589
66006618
27850987
64211892
84411273
5324684
52765867
91249290
52539459
49938310
37354369
23147277
90031359
92037184
10613869
45461478
92518669
57068827
43302808
76399454
77876733
30804148
78798118
15176767
46384940
23780260
28241461
12100616
26078849
78882825
14207966
10422725
65204408
48736528
87149305
76542104
73891024
65649421
43868615
37438310
68274733
15034872
70770791
2330801
40060588
25879546
86073886
67023120
88056364
51619123
80224658
67080137
60895973
90037711
92846499
71325988
84593095
6708892
10636299
73981471
71618781
46675192
37583727
76507643
63835707
25036855
71385849
25786049
5485574
92622787
5214359
22793143
21946005
69386947
6661087
14308377
58732051
42538577
88988114
55720825
89928386
59753649
44831418
67428180
55448234
20129476
87492153
42048570
3290414
36984810
35772361
57417045
61009947
76110401
43282682
91903107
46113801
22525837
45330619
80624641
33510433
5514150
55476332
11934211
86059789
3476147
19564204
48681503
80513045
68194010
26552169
20298013
65772030
88975971
32052910
42102824
4895215
73869130
83162287
51878420
58393325
611426
36660987
24444249
47187674
52536770
35837053
81937134
90573773
88468931
69351049
84640529
77687742
51257946
33553842
61807793
3550546
46826172
37138769
83491856
59434510
73467527
74536079
31077434
83887684
55476081
1653063
51282954
4517816
73292974
23118778
11165149
36464279
18481921
59170408
19312073
24430830
20134081
42392945
88279961
32675864
60302026
23456792
81798369
61448899
66488647
60014511
75792539
29971166
42355977
54610704
44140945
10936654
67628335
9700338
15908923
35715121
64195011
11268377
84321634
11223353
10443877
8079701
39128680
23165161
26222492
47028577
34140463
75750616
30840127
72329382
60777874
26170643
38482231
40223265
25927239
4047631
80966009
28145848
74735073
22059398
15081541
12584012
52408598
82103756
27717827
86085522
39586987
15859846
34574646
8101283
81232339
58986052
58480242
50179986
55780145
68423130
46219997
42138083
88348870
64007697
49038801
44157618
16015050
38060923
84026884
47078732
38853825
15296933
23427261
68652985
72773323
10729648
19338537
17738085
84955183
21442721
83300001
91269085
17472967
86124710
63080423
6645999
71280588
78056050
14658857
81267851
32414018
52364670
8651876
62840896
75923899
9218900
68730608
69753629
76119352
56810987
16992977
9521230
79337051
70850107
21926565
63521749
68137938
33960222
56691151
81448551
67625742
66483452
84207160
91912591
89230089
41049666
36366701
71731861
16613404
84889127
67185654
4488541
6698457
66068044
1397960
45886096
64362562
41666855
21942868
72636994
89700520
74948936
79411703
41514267
