25717513
85875901
12460938
82263257
72401529
40591512
90238675
40089807
35415242
14627884
7402222
92375658
55749310
35011343
51061656
94049282
61993504
10398899
19046816
44841194
244815
81241746
85373747
82150082
81499248
39972604
76470481
29198349
5826832
78082964
31889721
93872209
51300609
31312220
38519215
61741939
23132209
31464022
31216751
46691570
93082740
53509099
81599803
83011730
56787601
22810496
9749340
54838844
75115932
58132642
61348989
67503697
20459051
65639351
87495905
37983715
61085733
56508626
51528238
52239270
91340061
42895731
73581647
499222
94513287
8449645
62083868
91004606
86462365
1155183
7321595
42519812
50479185
43364165
48045086
84481914
68807697
69106196
4531773
71481913
17559844
69065721
9015959
13095183
45802875
33286918
19433209
86795590
1833179
5510663
17768351
91879156
20827584
71713334
14239239
15106363
56823362
55323032
79588325
41129493
10017143
32667429
25392713
4916367
49539623
83704290
82662338
27273271
40993103
53117532
64638548
23552037
42438659
21093273
86271842
6113389
3729343
37649343
80962617
55076041
43291760
20671741
28785094
69816878
31830822
32968519
5232326
32226495
53880890
65210799
61509908
71141824
20587138
94202628
83846101
84919926
57674341
79283405
32742977
65408113
6954316
19812153
76145885
61264058
90597605
76472681
40298716
4300005
67186547
30582767
66119603
84559950
50444952
35665252
13175038
910164
17842396
86333246
1307456
54982623
51852043
78008835
29241056
2187312
74228677
20450947
25004022
76831540
74707996
85076568
28587940
74085789
16883821
53971186
15880988
27518115
33312142
26918324
57106246
11311238
23093030
54069436
56979182
35874379
41532879
37300757
80011764
21663688
68823538
76884429
85573176
83839896
61541643
11902585
51003592
29097757
63037379
24688613
27236995
2008431
81988687
32091446
66298203
37484981
2531884
90261327
33897816
49813015
21690955
20940786
38465306
31670919
7095078
79492384
20565988
23209109
34319953
67136633
2719361
21317594
4160010
89611921
60750703
90931650
83666370
22159883
83819991
18886774
44483271
89588045
7124700
47138175
71677332
40086703
80985138
45210584
61865689
74879845
9987486
47376337
7710845
48291399
39536266
25157369
25998574
28307560
74833609
39488001
72929237
80926655
59449520
67769904
4741181
59903727
28446436
35275329
69904590
62367451
67974562
22747819
68771258
7530825
35526117
26089513
51396082
56010590
23951613
21746650
90204580
89041269
621663
58607831
70011411
21659768
3821259
86406519
30171410
33975980
65085065
61118067
9859592
43956791
83567238
74689980
43993070
12796258
93912
71382393
64740202
50675191
5464440
66464339
89019910
25083964
65244543
89470542
63207616
61614632
4510696
19854486
69490259
5044770
35710266
38611008
48565162
87660008
33633552
28479593
67968490
85656913
14635882
71997248
44996914
17880861
91265569
24539191
77132464
45458443
39852507
39878523
62902604
28724028
86219000
81878654
20475620
72131373
78993929
66571188
20248991
82569969
36820325
32432238
17190922
88722285
36350151
15878435
54302679
8094179
33911844
178863
15447647
45912921
28318315
20486284
65516338
34016772
15535019
24280609
79186917
85333723
5009295
76799997
79755771
33171697
90819208
90662981
1896917
44274649
91339332
14283340
92294539
2588649
32646615
84833315
86638279
89556753
32724272
71506766
17430468
21875980
2944212
32170335
14685182
51714220
64421018
85969428
90485221
35459606
33937363
51799073
67896862
73020444
53145797
4588269
