86648387
50269912
84892633
88970995
33481834
14102123
22556518
82915487
21338876
74176339
51394841
65563752
42060133
18072483
2092180
4083441
10389023
19793497
23296881
53218103
20538026
57658356
55867402
75530196
41942301
44892886
43957862
75232342
28446765
65205182
46795429
37300709
44690925
83444594
31173290
38297686
39154984
824320
49836260
37738891
61577074
50073335
52116927
56761101
88848746
7412628
62172993
15482507
34260531
14670882
68879891
51150704
86481725
49051256
5915515
62512400
12780965
70526660
44543470
37937706
25886071
37569419
21723288
91515421
59001646
10246711
78455402
34259068
13035917
69915070
21063925
65242251
57706401
59950088
84433699
91566059
65568208
83701203
31194003
16393308
79953851
92892337
72277141
40454096
82067528
43223559
13312988
91068170
37000648
68009365
35458383
8626647
14460990
74585929
77054357
64498313
14247061
14472624
8364838
5438703
76960312
56247241
38781593
29911606
7925949
18921402
10249897
23832546
50031166
16202753
50301068
45909594
91168043
53264362
80015807
88195383
25828307
62801239
21051497
84132514
39037098
84864769
34060838
34314904
76748735
78696630
55313817
76011481
20712745
61000060
41949209
68818054
29933593
73178776
30382279
75342508
13370255
54538420
15267417
40290317
81920762
21411982
15810691
73974900
1677736
48758770
14251564
60424668
67637324
12584642
50087937
54655909
5541148
41109972
10892441
50955636
84365374
73082199
2709720
82090629
70102948
69449900
45983108
5246413
1872536
30451643
4189467
17842660
10774590
61230578
6839775
50091969
