165007
273307
7906616
52070924
91014938
80718225
33106247
84814762
74542446
82536555
88015071
53587541
42786109
71430659
79327330
9315153
91020474
25413684
668773
21411087
39439660
23759058
67949641
24718979
90910050
91339676
92789157
85841912
36296121
8002974
94218654
40308017
87272822
15149934
57970863
35156257
72304159
21834292
14892569
61699204
89629418
2787910
93017263
50042225
89053760
14166905
33073634
22332693
11796176
28779092
5750269
26543174
21700796
70738883
42124649
71511888
1389994
8367722
93904916
83639299
76344341
29244874
20476959
90094433
65209756
36328678
34757539
54671227
21444667
62439402
75483537
6589245
19815471
84088314
58111429
45026569
27819770
57213409
49274217
93317571
46448655
3435867
57051603
82576954
39568616
56910239
92103124
82371498
72874648
58758830
19590013
34487220
78755866
36243116
39598021
259737
7657340
68051155
41662728
40826136
14618408
84935759
24933429
35816638
25777176
45463057
43495566
11403263
35068219
86174144
87730420
5994514
85097585
63112603
47768528
34836517
23965056
2868963
80103281
69782299
72316039
19567319
19616701
73125076
10129219
1308306
65676750
70782450
75993544
62759510
69366379
90658092
74528681
47408375
69930206
57418900
9754799
68914805
11223347
3009619
26827173
5523758
8553524
22858299
13102276
24222018
9600696
88487819
63898022
54569890
18897247
83349090
44826991
84843992
6692282
39245938
30334722
90248913
