8219073
71651498
9364534
63624289
80559441
66782045
19302914
61828330
75981365
4961123
69641749
58752460
24210669
7224979
64266535
55440797
55440798
54554220
46325466
35216978
17588132
9724317
36853976
22399805
25414707
86511710
2755956
68644140
68332050
15334106
8193091
69425990
60964599
37473001
27302834
32692186
51834904
41528810
76578426
41687467
76020875
68607964
43452607
36538561
26655687
8218576
77683470
84592773
43364546
3509667
81638394
14727718
49750306
75660228
48296709
31046089
70849951
60304860
28310399
23522211
61627694
7484378
64117646
24248491
29964480
4806300
29196300
9854626
368403
37509678
59159808
49944690
3442595
33711175
55760907
84198917
70786387
24162533
70927521
42895315
84720111
12296
5383159
44744123
84141091
92027472
40543670
70744208
81717002
38497898
57045693
84482219
93636255
89053832
17742835
7501190
35341013
30779283
41612706
69931176
23333397
27171512
85765138
28087620
86066179
26409751
18425811
6827544
52682000
88188120
70947063
25361831
50350327
33038116
61246836
2941452
14027482
90297156
48469303
17622547
7501192
83355130
19695103
34561736
50672860
7718049
72060747
43778780
84467376
18237560
86530223
67277484
33109574
20388114
84032781
71380609
3996750
70043224
40241164
54512448
67094680
43151533
50750210
29601218
29950060
8455283
11048491
85194823
10964226
48392083
9700759
776753
63439181
40360099
24999574
30744597
39019320
73831847
74334743
43934646
15595579
93281176
12066058
77424771
62380501
10701807
11053598
42391621
93702088
35169888
67174711
29024000
87005432
60062766
39098476
15844262
85709766
21856701
14678290
35739
78456911
44326575
52019879
23830736
82444048
9896692
36996498
1153112
37381325
40066425
15154977
34594259
83923355
59070150
47526526
35933887
90330109
21486866
36625913
73207334
44877097
19018908
18691413
5378768
4550250
90004355
53697352
913793
51749052
49226987
24385438
65498537
24975695
41361458
21762166
88303328
67871085
17541096
83114969
14310289
67953905
53185200
77111093
8631227
72910449
90991533
66545137
44579236
45623451
85275917
39693811
73522009
27300893
2467261
88821354
43883809
2002197
82302877
81371747
76015295
31526557
10902868
7910250
