12340359
9185453
39038619
20284573
62808245
75892235
14742790
8422388
59225820
53389307
72020129
91992334
44607974
47835874
34114982
11199955
41829019
14337246
74147781
8622854
5352543
40260235
815800
27901996
18639086
87409198
31495879
50542366
56937982
68939796
20198275
81514109
59700258
86184220
88598782
297510
15942946
45333747
2480665
11469030
55160740
94191939
36991179
57518239
77219001
72089811
84317704
13636352
35255394
16808319
13396011
18975612
44838666
7606152
68262131
19163200
3203053
4568
65751652
7528510
8019551
6816003
89278317
43802448
8964242
42054055
12937202
5181255
85979534
73769121
5570451
46040065
15695511
78573163
34471883
84244760
35703021
76283525
25551140
47590462
58911036
49159978
58395268
33081943
2327719
83840497
36285714
48461613
75206479
19281606
93009545
3968853
34624395
6180228
65436776
26312927
16134414
5728945
57927527
16515471
66222589
72430905
18137721
42568642
2593923
81133572
32678140
9151527
56008182
26649470
93376792
82783852
41674977
28980633
67439221
79171612
81221575
62688766
806911
52669796
51403351
33339706
1757921
32136472
44892306
84897999
42444065
57487214
32967481
71702602
70690297
65367836
50598988
91761256
89218504
12412837
86892586
27063523
51411250
32110143
82631752
92345191
59530002
47034492
8532734
53542686
18227037
38693306
81514366
27084834
58008222
2575353
39469310
59961042
82472021
18999089
60933449
41058311
40311738
2953454
82823069
20444378
89498006
88358790
75601996
27873126
41296571
37899130
54175398
33753930
18327349
57279516
60043404
53756022
10863139
43214688
74262113
74658199
51977584
42564604
82248510
68138981
63388789
36353081
42910420
77038731
8739055
11857950
59180311
54441382
49229375
27306333
83629576
51759949
43152530
24847420
18022841
21455897
48025215
28531462
14062153
85111462
74486699
55662716
68476144
28202606
16265261
93755144
52430650
34304438
29229891
79542385
14799836
70055780
19727112
58502798
11581021
26333237
4823763
40084381
70843102
32285031
79652153
56011020
15318261
21334163
30090071
19894894
81736643
85307121
10011409
64484193
28391095
63256751
53251466
778500
30068173
71268310
34362217
80597029
71647171
61437193
6150015
33886690
25536650
72705296
38174768
26378607
78669779
55840195
25753282
83752053
13888807
31488014
26635359
42979684
41106689
54857533
75712161
63508529
8815891
5105553
84942565
93058445
6790433
18706176
75892754
22563642
14503209
57270684
41680779
70363872
84870171
59700601
13525758
68818248
72188888
36056318
61137693
61588792
30900302
1764983
59814126
73455560
10759103
77370905
6119450
47899731
77832347
20735160
39678308
25191809
16752658
78630648
891236
89018186
54989389
14126467
57182198
38091891
74744637
24006399
54944722
38335353
24081239
81390655
37451960
45401774
33083471
71444076
50723796
57339567
57167111
64576045
66313443
28338230
58476399
53680112
78687629
81042633
53179705
35779658
56257833
6635938
26890528
45460380
19027152
32798466
50196837
21444298
53329279
66991837
54233162
19554563
11466629
26544180
36509470
41913329
63696613
5920512
24583610
14777815
20353514
88448257
43555976
63667201
84372152
93482212
62356194
5715649
48810846
34459431
45812306
54691940
13418765
45258463
83825315
88773740
43188390
87231254
76613859
66349920
28154799
38071492
17356647
91851983
74488279
27187286
54080554
78969663
55797625
41338720
22595812
44725230
41372242
23858548
92956155
71123856
4126036
89569419
51480368
87447433
77155766
7099618
48644728
8427806
75699022
77903006
68269656
55484793
75760867
28453666
94122915
94468276
32929872
50331608
74705188
34229027
30275143
83687582
50730918
78737727
89653709
13771724
33805464
73055224
92633248
