69864594
7729882
79257021
52097014
69002634
57904454
32119169
70967739
24997815
23215860
57691625
60917447
48043212
66520562
73316566
69368363
58484066
32013107
27305610
30043345
27676489
61709199
28081962
72013144
25436867
21700912
62563633
75190179
10678875
40245385
78908585
19274312
36595552
61893288
7190508
89314057
1051271
53753939
38824898
73904750
41713665
3072292
64010496
41919130
80439055
92205099
91230922
75672235
62217841
53449562
85862131
56900776
80526650
8274391
48588463
918633
23800184
5951774
62617290
71196814
65529219
85527384
11759959
56919876
26234146
4355691
78680243
90619616
67809762
89787222
71498617
33950436
24173845
86167803
70526268
22777045
93439979
77999414
24454913
41642027
22584796
1489401
31077157
93874678
11093804
70316219
5983244
53156955
84135189
38274499
22601898
3666832
15927583
67207113
56208571
59312705
31307021
40602950
90817242
47745301
80209893
22173495
54325630
20915455
28736419
15611115
16492716
75522639
30445925
76233737
94214924
16902254
43600067
8232128
23987007
32924209
49424843
54478965
21770381
53167819
41683264
41289466
20953873
8879926
30245733
50253519
52615027
49199878
11251803
88588745
48352367
93009098
70281183
94565040
10701859
3209791
81396730
26552508
79839523
38321109
6490792
91169649
46176027
90493741
81899766
29951185
23771123
5547475
54785933
89594838
27457514
83927212
66587647
88027233
87958820
91524438
91275951
24656363
46754202
30749577
75636459
31391001
70114522
53196607
45727435
40311861
22698091
87088281
23684053
74827420
42644446
78723131
41483671
84959666
68474478
23089979
89117925
89163311
53540530
62942414
16963793
82336280
77721168
43170551
59948359
42938262
17845665
6413446
90405993
48096385
91902212
41740204
79142916
64436049
57667149
71264642
65236180
7867828
72858465
33718257
90644622
50259892
25325438
73496265
14835780
68462134
58605453
92490458
77012046
36725730
74670966
56090664
93070262
92569550
28593882
80720084
14226982
8516164
70089333
87236668
90625744
66011597
39354270
18160677
15652321
1818983
7171209
82397270
41094455
20933011
90529912
28221078
54482658
1840500
80874372
65667687
33378073
82998582
79326995
48173242
82578114
6071927
76320763
88203870
74463892
62238166
39001558
17858837
57935398
33921199
43875230
47331464
79382119
64671832
84743258
69076232
65849090
89152873
86249808
19477314
13734336
92842791
73147860
15888455
81018294
22649356
77004196
4491462
55197677
86822309
24659624
85632658
7875142
16680992
41965336
49837094
81397392
18828782
31562595
50450131
36834715
44054575
61171364
19924435
49679715
64279174
35847256
50018155
61903710
75393662
33549035
81116810
46924354
5355965
26801336
8598078
1340856
39206997
80592413
58862601
17584697
94026494
39391578
6211065
9770732
58157176
