74596245
61039287
72728990
80634790
45596270
22685878
2961651
89500829
30789277
70654417
74618091
4344689
8438023
20762868
44504777
18051208
48360779
73809308
92292725
42200319
75118634
21622631
20752282
39042559
5868548
62914032
75909004
64310892
45427994
22678722
14063086
55365371
82475215
49147926
57918276
86839141
52755190
19635353
6541751
78078392
8978872
11270612
55261403
77703389
43289693
8296048
52957695
80462223
51787207
72088295
60861811
43456218
4559485
15660434
71888127
90862476
78182675
55551079
73369073
49310268
19910082
83434834
13751020
78437044
3874284
34658380
8262115
86815383
28669168
27685936
84349147
29187451
44850608
50056780
92992486
91340873
19984199
77339371
68866260
9651509
13673705
34955514
41172730
21127920
92643574
15649175
59364237
2603655
46948406
7178898
20033662
4032091
51078321
8846179
34397933
90665277
35737905
93857040
7164666
18704332
42060230
55999919
77409135
24700296
29790313
76755585
83128762
85206567
13297095
89652519
75093812
32428829
48474393
31560890
79468828
77034963
78123795
24699526
84094618
34388168
60313639
32812695
88423043
61192235
84372095
76731735
85765294
79393212
55374089
48316025
57156191
91889553
39521613
64649787
70822757
1789866
24432889
64876915
77773443
59870433
66974565
80086278
70579245
87306760
9341933
10227702
7239420
42859513
3361992
774641
88180014
54232509
30816755
3479044
22440211
50996028
22690499
42521811
51374861
23350261
7067174
85262742
3663473
23556280
57130686
16761773
36528667
84827520
10552489
66688991
24112521
47214295
93236496
7933243
80530401
24258609
7926182
25476581
78472016
1029664
38009002
78668042
51830641
70208186
37972336
72060339
39768815
5163707
27472673
86520808
22470150
67114963
12892440
21552068
86502833
89634058
47853949
27678186
53662294
30036382
9794500
36864204
26350220
68487372
61957196
60891743
73519154
4412164
86266066
26053372
87946195
94351245
69685470
47454929
13132073
58312753
12953575
69115885
71106381
80083663
3790855
89839424
20921149
50012971
56000732
36134101
29358561
16559239
66783959
11577044
12371560
14320145
36014894
44030809
42653472
33687437
1104772
16515237
45355291
5578752
73089042
75065684
49690704
34012651
56885728
81393295
32330835
66496858
65427635
45751367
34793435
1812473
80323982
62811523
69648849
19176260
23115428
3631250
42574639
37512265
2255642
84706852
