54042461
14519459
3700680
54818783
51950077
11494849
85546125
25744110
28588914
74796575
70537847
31839665
92254565
50691751
89100879
73736998
21711141
3434674
30942173
9598966
36535862
51398612
23979726
92027317
78181388
14425221
32064337
40112862
38543538
74592055
40279837
78076620
37210323
93562249
87852104
23309161
71843172
22286597
46614133
50397739
61803427
3549674
9242221
17144958
4454134
69316178
4121700
15649460
41275400
55450307
51791214
12726928
61165167
19896152
49202778
68977639
63699374
37002171
55167449
19927321
36171328
31140390
18307691
49554821
65669142
4334966
17392987
91762816
37885064
82896058
27151180
57988241
43404629
