79454675
31865277
20483775
33954806
23429223
23292109
40961522
24328043
30768170
5355184
39488303
77755965
70175756
85881722
46055116
87787245
7294162
86410364
74388583
42555615
81414860
13123700
40419529
49571349
58741407
189825
36372474
14081251
5405458
65942538
9125220
3531605
39535384
22526772
73530474
93071879
20176351
4298332
49789020
42296919
69607261
73100774
70614779
40424063
50967866
47545819
9680423
24825513
34961161
82869538
29315879
77561069
37759556
89357501
63592714
35735107
19862983
85387004
56424399
62480917
24615731
71435773
68980541
73877274
20108073
22145936
68939970
17948946
84294775
31942472
71517582
5334611
76368704
63846267
45869207
83454259
49619738
2431951
3745462
90116432
83876715
28906863
3098065
10278769
5586318
30750660
28712212
8673326
89501219
81203237
40569681
25980178
80572930
41207713
18757864
53658306
87481210
20471026
75181910
23996420
71563635
51486985
67690458
76869944
75493039
47987446
87113091
62633516
54880837
88502284
59656160
44967860
33681214
35325313
87406518
43497295
53561234
2562090
83604868
14321862
74966484
40400881
87167953
85468655
64408269
93053596
76345667
18259477
87267897
71791503
61912235
74386859
18562017
6328499
86896969
56597831
70793232
91526675
5069728
3212988
78858445
27077124
86197609
70616705
87894999
28034955
11401826
26933795
77998160
80476942
6337571
18144083
85041955
15673457
35498876
47275172
65826266
79401730
55336745
84021816
43858572
6386656
48646648
40161571
23889356
19940882
16216744
8882642
7664218
2427969
68000163
80682931
90396108
5459788
1357912
60356644
14003131
17012467
26884505
18809516
42443665
14003469
2193472
57717259
75911077
8025494
73275890
41274785
7508304
5770886
14126345
59504026
57473828
62215312
21749047
88845447
11431707
20699767
91521360
16707676
45269892
30773600
5410521
78106272
30208731
26421038
92243136
70842530
61847299
84285013
30082246
49523836
11738302
15063524
15780035
41263260
59942360
82548641
31547525
38852299
54348701
26185800
56707171
72587900
75352324
76060705
87859845
17070390
17767117
11625079
73992676
67151362
69999537
88307716
75353993
33755981
17457392
50174254
69184677
9321076
43654101
26215480
18671224
60555710
62669642
52830496
67187663
40037489
26964225
17543543
84776721
91537913
86123400
