40051345
67028433
85975858
32494692
10930687
44569950
91737465
49855387
51540441
48268372
4023894
58118254
76186787
24245558
77563744
58842411
51072716
35700202
41773939
83805284
42391972
47108398
57625859
77477104
83270930
75144758
22527168
55655328
71653925
57789884
22568185
48317980
85740670
61779838
68464441
1759913
71602059
63592724
69231144
86292529
79908036
14496331
21609743
68206618
13672844
9233962
37390904
67613845
17675048
29190350
73070297
66561076
4904492
83575722
31863441
7291750
3562195
51617874
65938945
51051237
75939861
7649639
65777449
16430220
66415227
32370800
76416968
66706436
17191432
45230884
66519493
25531266
73892031
78429522
7891777
62138693
64320763
6405999
86032942
39583273
27642971
61851204
383269
30608768
2356514
1352236
88307724
87360663
41245547
22654134
30337850
22821684
479953
57818914
55254952
44084974
24378184
43383716
8358581
34489443
33297843
68091826
1956231
84693847
80302505
56195241
28654977
25526598
75553128
3269522
15050618
32612991
55787949
91756675
3121266
29370762
83434803
11438579
16731651
66395113
39298377
79831750
36548683
23995732
89281513
11263284
32045139
62699226
88378959
45186588
71147793
11969790
5433353
67223672
76187811
92094414
63550029
87067101
31443363
13298291
49809428
86568647
84069821
55928538
11296975
74795279
63723807
1522542
3543996
48283434
55769295
66482560
45816822
48452079
28002095
58688679
56062561
64797739
67622765
55999096
16349313
66319748
20681595
73685814
56585078
65286681
23987965
1989303
63086681
15300887
67021119
63233520
36709524
51091082
89865210
2834528
84750971
2827060
10577299
51404263
20696373
25334375
45986498
88624874
40743406
18127855
5217689
13847134
74481520
49756158
36356409
85897784
62273179
72465673
9513342
80842436
57487266
25652578
78837012
40087313
66569524
27458681
55428435
13513960
91661062
70929264
26340293
33173723
52634367
19225844
34956891
69131366
68514818
25930300
3062527
31001756
6478945
48770096
38191176
20091575
33610713
32262444
86401070
36265850
55774714
59390171
18253613
90252279
28786355
65364758
19485970
23912134
40200200
48242885
53471566
88819369
82869107
78762182
86571250
51208071
32822911
78087721
46337115
76671381
18471428
40535035
80806648
92915041
20997226
15751116
52979122
28553445
54227443
33003379
3190575
49635952
28696743
56720898
82307659
43984275
86455087
5231083
20724903
43641145
13335551
26442765
11791934
89631694
50778666
39574580
42814206
441644
35972318
47752385
6002884
36777909
18229173
34134119
38852413
31833856
581156
75750991
56736369
90976178
33972956
77307513
65848000
73950751
71664620
2973002
14703483
82201470
70249133
64855031
15150610
62906758
24401676
90295861
52808778
89480572
45609800
61428959
85952910
18329001
55437587
54151931
1616050
49019013
68761876
5509231
46368718
37900258
19645409
47728718
23178567
23414565
80228092
9083773
17668782
22460765
51926847
2787220
87795176
71060294
40160016
89542811
54332352
90636872
7566847
44900967
34508832
55293473
46971038
35390216
78668385
91585021
45624893
56640544
66613018
87253974
19780166
33134331
65127370
55575506
74036684
53769422
63132856
20471902
48784433
41689539
15994528
6086531
11516827
89917452
4129303
27621292
7270004
567538
78056208
4070033
69904888
61759643
67370258
21267526
41919372
52118435
27289950
56040169
49516999
5770339
30954230
44634294
39947837
81085574
3596676
57311927
19739927
59526869
24758535
16823760
42372507
42947200
40865022
52707477
59143940
38285419
26515755
12682865
54094410
7913056
26880084
44933740
91962188
50106705
69581750
2662174
56122548
72824820
82938716
23307171
3942547
12001216
47389392
47036313
26310215
78547877
55510615
82880446
62631516
3977205
55647037
15353566
85065561
48187329
32132063
57669190
65695410
69425382
81875995
27977012
36845666
603620
59472709
92610045
63342089
81636107
73275789
38162017
34437449
48114615
1643694
86358325
23537981
60159804
24488783
61384257
82308754
38216963
72795463
84195601
67565786
92857593
54642940
86251776
49558109
40305208
47639364
66710093
77338894
2481373
12973060
58328898
38663310
12318797
49026293
20707299
79169785
84603743
56852819
90130026
67008931
43219900
30719034
60027862
13071483
40161492
11745990
74958165
79681630
13745856
21332747
63372488
89954804
54485750
52607117
36701046
61712883
84704014
62720557
7757085
71923690
49530319
62875153
55485651
14589429
4554076
48828054
191885
49160229
69475787
27378303
75381114
84263017
15327951
41030193
68823555
55428447
67755313
36973035
22735651
24068104
31599764
69217910
58246884
89436843
42996228
8628347
60705156
27739175
25915701
87019122
77812839
43352738
91033863
41418821
3355997
11396185
56131335
91501376
12143776
30267671
17045539
86202807
53549747
70298446
69891894
42086905
57141815
32242096
69561042
80968908
287861
19190289
19457907
43859094
79352777
31103344
28534947
86336778
44804675
7624814
82593433
47711827
91421541
24457391
22097500
2334920
76218711
45212182
248734
28946816
88898973
56979060
10487223
41674370
6155265
44472387
33657291
67696041
23614423
5966008
23684060
53107511
66763883
89396966
26349711
92473410
52157309
64568323
65992526
86868415
9450107
34807537
35512792
8442076
15797831
7398148
33101534
80142944
8500447
1344468
49932531
66999414
39451497
61610674
16062584
16964401
31152777
77718987
6323557
18222237
80222418
42282551
88429038
26326543
6702199
2010384
49981999
58979469
62445656
4528807
6197187
39280234
65316345
52515374
20193951
32125782
5948289
31873615
58845790
20752019
24641265
83929655
57054209
5318469
77143632
19344037
25527885
30189280
46448870
28120037
72487921
20090771
11552268
80983317
21843367
86402349
43662740
1582748
43867641
57362528
54813618
13310021
86629756
4085199
92252732
80257604
7674451
53532568
51272730
14529123
44566706
90483789
9029451
