81543549
11578973
44474397
78714831
82148897
36001757
32959584
67234588
88406694
14484670
80109292
64634692
77918111
59851317
86379052
60402156
49506009
64800050
38840921
46009487
5970522
5281865
34057661
9927458
47236950
5094769
30420725
57637340
49034964
73791702
61244965
29949745
82853778
61259215
39086765
48825321
57257843
41173874
11244212
13808730
54721163
1761175
41566059
24357680
8675647
89143432
1492729
20187273
73108184
70519976
28614156
15091691
89026147
13414691
8047915
56439286
64243765
4635498
63296045
74075977
2479397
11082757
48218465
57926044
83777666
26386481
79747773
80611632
30871883
73402033
55634905
649673
82708109
10997839
90562104
24799030
85157729
73677001
73919827
87785047
