13274517
39521890
9715065
19381606
68172052
80238379
19577765
14413303
12322091
58907229
66420023
30686355
375702
75141372
76849814
48681123
44429591
94557968
81189506
51172067
76413342
11345796
73722715
34255586
7876617
47508708
41452611
1838861
55239380
13987975
63093297
14313736
85799060
65468691
61959603
74261102
86983437
83555099
90327323
80149831
29349522
51499994
67626758
71892863
42787892
30869
49825776
23713756
69485611
26704906
81961567
75761680
29447009
61225528
87218972
9684392
73431571
6951306
35937540
41491889
42311185
89241142
83408335
3302778
65700548
68219020
46584979
29140841
31608794
51720578
35977788
9310087
46843602
56108189
36986508
64760448
40647000
66020899
36040586
69598044
6917648
6540983
85114758
64155238
19513351
44390077
3702373
63442652
54899045
49954634
15271540
31838864
67609567
88293635
11120208
49276732
27153218
80951440
24965828
39543631
85463864
37340862
50595023
25311028
74808678
35517317
10182855
4818939
59666267
81204794
58232705
72363328
59371760
44468141
50718707
65755811
36243926
70497627
28493755
51056705
25216349
48638514
90537103
20575838
78726586
57039146
61092921
84266909
83584458
34140007
64567467
70960151
80904358
81403016
17172379
92075607
84976826
956759
85580944
15328966
76021655
63689890
2586414
50229565
14790805
6900813
64547388
87780038
66138802
31459808
52991087
8156292
39216332
82791120
52217503
45923950
57517819
40621403
15122197
57445831
13930002
51295472
42933188
3903129
87838177
32992837
68864015
12033421
30131538
52442523
87480803
36723005
71408761
16526840
44591017
82541994
56204579
32919151
13495213
33101270
85411335
209309
83874369
54507516
53934943
23167428
61144070
34921156
70811078
76909515
41206484
20493271
62322137
28881551
72755831
36633344
36633346
31028994
17242668
6086183
85264153
6304982
23619640
17185421
23869700
47371387
69694087
86170558
33941688
77967526
18520019
46152235
63055819
66806742
19109569
38388651
9752809
30664040
46166148
23743839
76120314
18951189
22380561
8931340
49142529
61424550
47914872
42497072
4010158
10284117
41510403
8918594
48091358
54908080
53238528
85235828
75814134
34235295
75130927
39166654
7906565
13330685
94033824
90729994
7230890
92120683
26581432
46311751
26250757
8167455
85789549
2888719
5832707
88111460
58943969
86788596
78382745
74039269
44021507
71159206
44589832
73450615
77317006
58552503
32320851
24737998
79101558
10481632
68341853
82659959
41232478
73486588
30939841
81862716
42236471
28637089
31840021
76930874
89811931
61351103
69386603
35367482
17675797
67511794
13080953
92623222
91625757
16610759
28071064
6395184
21878696
65086485
77585761
75112976
49809042
12578508
14647767
62854306
24744681
17088365
78642479
52212457
21053010
59921401
39044625
2927283
40619183
54024182
41189876
51405400
50469692
29241270
11715173
3871134
8282763
49895361
20920289
16768573
55235092
48466980
6786943
94347971
14938441
48565982
8764155
31548595
42395923
71041404
69865963
48575396
13168684
77211570
38093333
39315110
64404500
84644353
8691416
77665665
