24567619
76909890
7300637
67852856
23771945
48730997
40446363
42745820
94221638
64321526
61244695
72558486
23559607
75926284
46855640
74214707
53755853
42372248
90124852
38004098
32309910
22714271
45998530
75747357
30825105
78832199
23565458
61179585
1524278
28966610
58122478
16453478
78551716
20379792
33334550
32152801
79031621
77595007
91153466
3760267
47387849
90790119
67409764
15315909
59826066
58227434
89066204
18607003
9363862
15174910
37504962
6977361
86532351
75226350
77941511
69124077
69942668
80688036
78377386
31819808
26414313
61574758
7830385
35700567
56465439
66271234
14889149
68782358
67157303
91344146
92922309
92960159
21425854
15163874
55428490
57592033
26999203
75996854
53032650
5280625
11243375
33418774
85825763
4452458
79199543
69621254
37900713
17075589
79184924
68266097
69720057
47748345
87749056
91260040
46582691
73925657
58969514
41453257
86123394
69552553
42757214
39642258
23461274
50707505
50385914
35657211
37528588
61319931
34660452
33318278
86418786
1519180
43420012
82388250
59121321
39337166
87631403
23986730
651518
25147097
67844985
33777253
22635410
44377799
84190988
42154601
19554784
80655680
7264691
27130881
29243226
86388473
48652737
12850636
72818808
3332261
21764021
40249302
16166687
46221023
36632767
24178627
65499259
43255104
78743964
58983450
6336468
34775694
14282979
66840588
6544609
91305541
32329909
34511640
49443184
9400665
75759533
4890949
21117573
52458315
22130817
30903961
31307988
91391893
69042053
36158630
20431748
69520771
2886959
74643070
79494802
51824856
57514170
10186866
62258731
86371113
46737887
47969448
88166995
42354517
48379747
6794137
50480539
83020013
61411013
20542707
14270411
20843569
52717520
62569902
65865807
79759467
4349529
50720588
17688524
21595854
21053097
25096649
83448084
14291807
32627304
40942860
65818069
43466285
11057672
89086264
9874563
66612700
41894542
34414730
82948264
75515194
94592821
60820543
44584733
30123519
63998001
91252692
60487503
21781642
21883723
32473013
54437648
89763943
52248938
24566280
24512944
63963349
25929096
28844506
19936366
91516712
52525575
4472771
74700472
70395031
10056397
11460079
30869378
4378503
42049916
33541727
79876883
43330539
39763478
92281926
83164711
33127705
10879847
46202045
7134412
70890822
16026935
31265783
79695095
14107277
9598903
42205246
3632666
49756586
76422332
93560503
41585879
31597189
93348964
