52991287
24168928
34045865
57288659
19235402
526488
13867155
15542945
45857425
87052154
52384542
75585344
30980273
21571319
11154625
76361678
57403063
79701822
53378370
21326556
75818522
860400
33899120
17399475
23365800
22060002
19228512
77337633
24042063
71866491
32504548
9486416
24291715
638432
42363776
92613545
23165873
91748162
40870994
37113172
69507994
51992054
25912805
3395406
11370522
70316265
36704025
64715403
20680880
84896107
42982257
57375465
69812496
76722565
25832771
74069810
47543715
4015853
79245585
19916839
66247124
34362084
36927417
53743535
90194560
40201953
11878307
52482586
18550889
71325479
18632185
18702956
79773843
