92538097
5067408
81214748
69052037
78833746
44260349
6289045
44657431
18172267
37985423
30900837
86177183
92473616
60679944
49922285
53220272
23968480
3021523
34632313
72835084
29765399
61635031
38298926
13829708
61192834
45028382
87134539
71447499
64851061
5798880
56492387
13157881
30089241
22191077
3364049
35950622
82577961
90687097
17844827
78991337
88396534
34337147
73739888
91964870
32951310
25858338
56183441
30275380
20880720
88999203
26797692
71280260
3914713
84537067
85653047
43991461
64379008
58082353
60083761
1366779
19862051
6114012
89906648
52363557
7476413
54981928
3287116
60938824
60673987
3515283
37228548
36248020
13736730
247317
88169340
55314815
36311201
91784601
36467462
26285542
86127798
30039610
67613060
63302932
17375700
49313333
78544098
74080408
66728067
5027578
52163165
51029685
73068195
2846016
6494013
88032052
62850217
36350501
44340965
48251298
48022569
36089598
21514186
41946029
13675303
1192316
85788366
49818907
83384369
13390140
58293897
9876069
7555193
45830255
68064375
20256874
5478377
56084742
91676954
91676955
44193408
61765845
6326633
36212590
67960888
34656801
63220137
67260028
17328186
89434454
66628700
52626393
85004031
94158970
69725615
6265003
13565554
17044331
12972162
48046887
32171495
72173530
45272906
10705620
73363829
57897289
80048600
55984947
59925995
49630515
88965285
91376609
49092263
62465702
11603786
87572278
92009178
46739224
50915628
29832507
17452124
15208532
35163480
81447057
5681046
92476192
84050426
80282314
50118572
27810648
19885324
4430910
93430621
34565271
37573611
81492492
37413528
49588374
53260405
28312149
83013125
5971259
30316195
87978316
78561624
91204234
73066773
91788564
7135590
84323634
35244183
15108600
9384627
18642224
41141032
45324964
11360357
34114051
510797
42618660
11696368
33074479
27266379
16827810
31866585
22303883
60424913
10850748
18501972
85939483
4669562
22538934
38486264
63187941
69152807
30828100
83193644
91753782
76905188
46091990
11634801
9078953
52434804
53055801
70172348
87598081
74894065
4337366
57095961
17546489
65173126
69991308
31582531
6453533
16193049
3261397
59623503
17729009
32741071
81434348
94358730
15323981
79714591
85017444
79574482
76592634
66091075
82114685
45672500
1395582
40027391
79835253
23957203
66047374
86051681
45936348
11335374
73090069
17374083
55861229
1036612
49710243
85192821
58185526
35276068
83402379
91766390
13199943
20327333
39356982
46436817
532642
7219273
55169411
25503367
3172868
12005935
18265586
57098011
85890255
71439230
62639039
90059565
4867028
49720451
70960386
16968059
34875334
77284099
41293675
46767247
43676468
85817242
88794949
80971987
77917039
61439237
24940672
42732258
9355629
65072161
83122183
40296243
57515821
57179540
45974454
69833143
71000227
22598133
94662686
45129996
57530347
73258028
47126227
34209395
67117519
87084143
55259482
1861109
23183011
53784741
27434437
82611401
19403227
18254575
25367856
36077689
72181397
81582228
69451915
3428747
7427817
52695234
38793427
39582668
92825670
39336849
82076860
21603384
13808387
11016646
71110692
12761351
23957200
27177348
60716716
10144050
75744325
65502103
12821516
82838382
89838659
16395755
27319185
52458550
22626930
77065682
61083674
