38752058
7533264
84103101
77967247
4627573
15467049
48059651
42486794
93637942
93999883
79826196
57437356
40524348
15833733
57686913
10863761
18707105
11070260
32101570
24149445
29748174
33066946
22046721
29107360
86725308
43644360
21142751
64524278
21690623
38473941
68096982
88436006
66175413
6030722
6228237
10108561
79113950
81782679
67598531
64683497
22650977
51122407
39675060
51201792
93880579
80521773
52952645
23431253
49448146
65720633
22079557
58823946
51168040
30523678
15384625
90123366
28979251
92481374
76798372
33681059
69251524
57501443
3557542
78860851
12588460
69340100
5485811
11070263
37844532
81581195
7533612
2447556
1549551
4118239
12845888
24666312
22257723
49288841
29434069
56004887
61576688
45255290
10261390
40159145
81426658
61220876
68951222
66797268
3696069
35013504
77198310
7082325
23546888
58950425
56702861
5967699
62854315
65395571
32057236
39102648
73633314
22244098
48936116
4892911
24748287
35699919
74637071
22246675
25332815
51933745
70459629
65303799
47268175
58613460
42993720
66995605
86778806
8611208
21142749
8721327
9749957
86521962
34157757
53092557
46878664
14331040
74329101
34357830
16914691
89947566
79185214
49398731
56377173
81881121
15939408
17322650
68348318
31289260
41534304
28904216
13648245
