32423895
56568100
22996979
20781925
64837686
7034995
91637709
51814073
53587789
6219769
58939382
69978642
1226761
30744478
46653546
57706007
19784522
86540781
24131616
35595338
82798997
13260585
62387006
58428899
80894810
61840127
77420883
49795061
17035911
37942451
3907902
76497828
52369632
72060447
44218301
10927133
12946156
7518717
85197401
72554864
49676974
48912088
50475304
13399934
54284663
43322300
33555393
4413762
1565395
52269866
43880914
50232329
12660448
43918748
76898093
84632399
61224235
2007322
93217744
52578073
42655511
94447869
78991692
7795908
38166457
5539909
27365012
64328460
41365043
15772926
26417141
62235931
88949839
36444895
3177086
78597696
7935807
79551443
66334516
81122320
4056421
60664390
77130724
57429497
32503736
91010757
26537267
75408519
3431872
50204586
20334210
69531776
52697817
38571549
15637461
45881394
74210870
47493360
72188389
44607373
2407481
10834479
71448842
50271577
30860656
5650769
57928783
88701085
69319628
71915496
16709968
86847558
83183372
31098720
61826544
84161720
93265059
16994020
84082075
36850180
5194743
87956359
17673728
55717905
26077793
52437130
46432378
9898520
69475213
23908605
94415665
76046760
38325326
20980604
33834708
64187124
40807054
20011494
85092321
12557493
39831474
23624014
19190171
77247241
73678308
53187254
58113511
9673417
32064262
90853305
4676047
24333508
8141390
94202088
60100600
13744988
39457194
51250437
62194026
69219321
77312831
9966724
46279607
70549744
24380995
85602317
79156827
84336004
42841959
85835653
52227853
16782454
13908411
1987006
87745440
88168723
49580495
32414358
62764731
28269465
1395478
7295183
93906486
65553261
54683718
48732068
55648879
50079308
93192936
44608541
28339013
81849726
1436672
62040880
65249891
20695354
40380343
91649015
78236555
53258805
20432656
2418485
44874254
30281332
16669668
29004815
22997355
42736405
36231116
42901888
32710416
51705258
34164107
90224996
92716769
30067231
52030418
52030420
55973251
32780245
7000055
35253527
1480325
59344444
93287831
34137113
56217608
50683474
50378887
66256475
3536333
88774965
24169118
36524592
94173344
94648221
61853598
79140911
27041428
35983468
4730241
57821458
58458773
82596994
61967927
16236742
89657405
51445017
54360380
66244339
42443315
8051255
83603942
5300698
94204385
4597051
73325391
84008477
93370512
29636420
84468942
83925538
49088657
15839727
56269393
6652997
81184327
24475482
2616512
91306104
93727202
8471597
34963729
78360243
85819508
85270518
25500935
70478468
38710652
60546123
8345919
13942470
48375127
77672289
90807714
31592492
72344132
13529330
14123694
42455887
45757648
26803370
84613553
42738600
83558942
21701863
9141798
7523310
18511391
62839492
72567917
7767753
35193753
5952980
87272827
17328076
53474867
36207364
74230961
79739619
34723127
73421857
94366938
52963144
44712369
80718431
20096168
77634116
54019466
31404890
90617281
43939289
51845565
48710420
85949880
35131003
79736925
81934796
85137374
43138740
92644951
64047011
55673385
4115601
83614521
65647229
57039733
12531215
79921820
23619388
17389908
41863053
94597303
34990337
17773733
83118279
52252175
46870671
20505997
58437209
43230265
63665537
16046450
52379131
68036262
24670510
13185448
74428444
2842596
2323114
39632364
65413718
56111702
11441905
56717996
36436735
19858644
91006268
21605385
68960278
67050550
4945601
14799658
3744949
25180698
12774777
24560703
24769013
11112447
87693684
50415705
49334805
79634933
55004718
61046891
36215225
21048877
20026161
34079019
66188300
56753322
8539303
42980024
62158765
45128469
86436131
39958235
55900246
33753710
21160569
23904144
80182109
16532800
86536549
80068236
45164240
79033824
79214102
72545896
12732488
53312925
60241201
93264265
5378940
46259253
14072205
69951425
69217465
44620280
42695881
60482416
18409710
17661195
28172237
18126873
57350610
88877064
41610882
24055850
17356867
13908872
35457428
84558397
59947205
37948789
83628139
67157860
92959109
2151468
76449414
35591144
20346770
44425969
70821560
87160896
44031734
4626081
86846368
72031838
26005308
83793829
41150477
43825905
82022896
44673061
58374489
37751156
78275
37641687
13133498
43153661
24035268
94091292
20248994
71027703
91717989
20962952
81712745
21559691
40162671
70415615
92577025
28891326
60756034
10771861
58293167
4874893
2885110
38106384
56859578
94137629
88957749
51616415
34992319
90850136
15427085
28790259
63511418
48590040
91076861
39077904
24407174
16108833
48147422
18521403
54976062
23620239
36733319
61378144
22915093
24897044
66588883
67334509
74479962
67703803
5394094
12047269
78577572
76853881
8927769
71041422
67224540
20209115
50462943
87416655
