87699817
77103247
7740588
65029541
88091639
63005550
58637046
76640172
3345711
69908422
66663628
88944491
29119444
66879948
35450771
12689266
67158866
18249176
73951080
15918988
48397746
41858320
11772056
4963789
57377399
4532741
52344880
71177113
26868621
69280548
40901532
87161757
43010599
82878332
42757768
25687663
63492885
85305910
61517816
77219548
39523578
43038346
13888418
28616432
42243377
59519772
15643349
14456235
26722371
4870039
87846008
69657638
59279199
20609058
82144672
81814494
83046455
23991924
45628980
86630021
39237137
33408861
57943612
14389799
8858529
40368118
23474610
65109423
5978947
85090259
56000762
71953979
82415746
49559759
15810998
44579689
30466826
61846466
68236176
18168550
87601800
21494900
40015781
80061612
38038196
74665924
31941687
78975522
48366611
89182865
84902169
67378023
51964136
71390588
84359286
50893632
75620646
33513108
38668680
70745592
24245614
67042312
124878
42569708
67309084
31554584
50744910
24474058
87145923
59981127
91276905
3311157
65382961
21256919
62297609
86831183
8580197
40518076
91708975
28811576
36842002
75735437
12216095
18128571
25815145
3451462
618480
59006175
48979997
37059142
25833577
45294720
24005471
82925969
26161833
39191703
29367667
92945476
82013616
59671385
71475965
35060679
80538361
81434726
78069919
29491055
64425249
86803099
29489152
75622190
9184678
15971594
74287046
81107034
43570510
12018711
54958649
51395819
37368500
42697001
84969308
73809571
34450756
61498970
39733488
85090539
36282798
54404847
81374078
54011312
75513053
36124942
15252191
59505419
84439799
30854826
21716568
24215177
65713860
64445836
13814279
16875865
82792793
11063293
63472881
40606015
85424081
50350490
57002184
69601895
49230591
74836939
24565707
7889696
12288898
64190928
23360571
8001613
31064591
47784219
88909288
27536993
22839132
24007532
13573302
82304904
55996964
9171468
26738173
13443433
32894183
34158780
59043616
27828461
4913932
78781086
9902432
64424553
63882733
2732413
46316688
33691093
52516965
29514503
1541215
48821477
1195305
91568671
38454168
73828449
30958046
58694364
37824043
38955477
7569012
23694461
42118405
5812611
22489773
45873311
26027502
51683646
72101236
5291568
65366093
17487728
39773284
33278754
72935161
85940192
66301382
34259051
78879678
31744915
63845431
92356221
78053212
84871903
28186160
26083300
30791785
14461034
53489434
3583148
33880969
60788599
4123219
44711790
29827972
62190042
67143637
20085171
41411933
43477276
27152617
15472567
53245648
78932248
47478232
54793755
68842417
6672143
71710862
54814814
51091072
34824005
1157233
69084543
