29175051
55850600
30932604
64065138
35565823
85972621
34411126
63564449
40579856
77653506
13079165
54418464
13464307
7560151
77283151
75269375
79976324
41503647
44045240
9138465
93448861
90532883
10347372
85445307
69135299
27872681
21488167
76262759
50106162
10691355
78845060
55853582
27616448
69104017
21780653
73021936
13862980
48124493
9167296
55749875
40358586
44266700
53983621
79406017
26908244
20117585
91301989
44473145
37246194
68921349
40373221
13430257
87107329
45253228
83424781
51293344
28038947
52392307
11982167
55636986
64540873
15938819
64212230
50500517
87922454
20957371
57245313
50138370
14618862
31280504
22042424
69346260
58798311
19990405
71540348
92616387
28877718
45443150
38095819
71073357
6073789
49403163
17651958
38983283
11602553
13426274
85604001
54817803
61407673
9837690
42463444
13313611
73519173
45490902
22915817
35002250
4896891
79340266
32559702
68466410
27717165
30315877
59682154
78851158
83965675
23602410
94013907
50568726
62558735
25117242
35139728
13421341
21585773
60218600
68539961
67053734
40565279
87111742
40552556
64882194
90986091
88085219
38630403
83950102
37668415
21585775
66790127
36965193
62824386
38279459
53809156
54089629
38733627
70916685
46515509
33184245
9430391
57391721
51402802
62493152
20993021
61171639
2935765
43519611
33782537
60194695
89859416
87398070
31397128
46294705
78127368
85904819
4938519
75409467
93299068
60698537
32573203
22949023
70888056
47883081
65234977
90471684
40357020
80899242
30807320
81392384
78822636
14119569
89887945
16614666
17075147
55051243
68041375
82265844
94410286
53415467
91639149
68280054
44032564
35198419
82857801
45987113
92063862
18843153
62105366
79805843
56176128
552579
81967735
72478781
31447943
64622902
45663236
38033631
62353813
44632207
17967574
55657898
55829500
86355064
27572332
73756696
26203503
53306237
35827121
72478779
39514486
5682799
34200044
74490197
75619334
34109839
21316595
26323597
83497305
50950439
34277880
77045533
35108629
81779657
90234046
20954336
81139027
69564154
36266851
68885810
47386384
82879663
32468941
54641567
90238585
36886053
23932678
61192677
68983909
63735442
2654730
47325887
6261941
62039347
46677593
36475930
41992663
80867962
94640612
23245457
24742519
12037110
39643722
83651727
80581222
7399678
74654698
54453116
3155856
77226102
92111516
68109304
39306336
24847664
63910389
25439806
47585374
55587874
