56334715
57030796
53065163
42326660
162204
91900584
79965173
7037854
11594068
71907293
48874668
35769699
62721079
59533433
5469157
38027537
91500166
38071280
32419012
65964258
886230
80735154
13229308
46486187
7340763
43692447
47060214
28139756
35373946
41821781
58846406
44293815
20953489
85552374
75434366
82160022
50694797
31331551
16927917
71427198
55759245
23431731
85879949
12599911
61278043
72918571
63994257
31586204
38450603
89912150
41088141
3509226
2080460
46102455
42161557
56569896
58020796
38040954
27493142
2932190
88381321
93297845
67717635
48821486
34426787
28537696
90834380
20418618
79521893
48036814
24227903
2911363
2465304
19576478
14219118
81878709
83484543
24231096
91997956
79608133
48928916
22873860
86802522
34383030
40114462
57112317
110515
11204500
5062728
85764013
24128059
82690554
28186144
90329402
6871354
28365452
45843794
15138437
27869478
14995010
54316105
75972137
64007649
11094421
17934166
47278244
59226577
23442977
73300130
73369417
29059249
23779613
85540739
10764946
25030480
23026366
47034631
35349918
22984792
89273081
16128667
88243873
32070523
77970967
47873327
4622104
35459112
10077062
59271776
424133
20545829
20133565
79698721
34174934
46050364
10473269
38369048
21616350
20656702
1401170
45830351
67441469
13938865
7007639
81896938
64127238
74922880
67816599
13373941
46457804
24040896
16254233
13152442
12512408
49871977
37613153
27336526
51135261
74114785
91708239
63991325
22521520
34766702
61415106
23828926
28163931
75218728
57691086
14264077
94043454
47322999
87217104
18554976
91918449
28016559
84057710
63929876
63963106
496195
72379265
48784313
4859428
20737774
57067012
