38325672
60266194
81653908
54816820
72453422
51276133
36307145
91701165
67905810
42214334
81105382
22433592
12308433
17025908
32709137
80586186
45691773
65541193
91666820
26653138
1835962
79860765
76342928
23934013
45502023
22172528
42114214
31258055
3327825
81174733
82802286
67083214
21465400
6369917
12483688
8551172
69827686
94142981
20489965
18389895
68919579
9747753
21941673
24719903
41856394
8801905
85843554
88574223
46110103
11055522
26517986
60020957
5268607
15856302
55163891
12310781
1069741
4905980
49410220
63605754
21299093
3189403
71205383
58254311
6469014
30791612
21921719
35772455
65259454
6652204
24676821
18202786
21028116
11217037
17961775
76983813
3172388
