67934033
43073054
40749926
21645734
28592999
10862809
69343175
9381043
14257742
48031811
75124425
62065678
78194865
1644089
85192801
30214329
10193020
94218034
78336705
64167756
77794733
53438532
79662324
79662327
93008100
10200092
2853862
67757709
25385712
84100172
6289143
60915808
66156828
9381039
9054748
68710041
33049006
21012826
7424278
84037417
30514252
8902707
52176633
8809629
90345360
17964394
85669922
52196817
27451989
54395067
822156
40422875
56098937
70933590
78929873
33953299
81837954
33901169
87486331
94518208
72273987
11419610
76120772
3941796
28019278
32015486
39116418
53383714
26454313
20759161
83862534
52571252
64771855
8693018
21021115
67004683
84590384
88093222
41825435
87485322
66618806
82570521
35011763
57875219
80418804
85018844
69129316
60327617
71131595
94156491
30659555
9275919
73698882
27884704
79572166
57278330
53622101
73524927
53105791
33049008
17617551
83738864
41545545
28714250
72866429
9367835
70398464
7720592
17121733
53475816
46894852
20278068
41840967
19097291
77288660
71283992
40714028
93061604
15769159
70887736
90939289
28757056
92515885
56719845
16518546
20608261
81164194
23130288
51691417
47460728
6363751
87728948
26073132
81789596
43651798
41441607
4845539
81463476
69336816
68173333
