77656575
67164979
69584873
39913118
66586536
9607714
45087802
79520639
56704062
35483319
19874858
31064492
27119071
40719682
23197124
37649025
14527721
10722061
83754796
42132154
29914579
40184171
26974685
51452315
48468850
73221233
63402020
22127186
30577015
6616214
6964114
39329564
81595563
78093897
13305228
68548342
88645395
88725110
40668106
90314933
86440467
81700298
63116480
14023759
67931126
27131984
1237402
83772400
76875026
30047175
29779456
67394445
37600667
17596133
26682079
56565272
57512885
59525151
71578214
45175
32447873
44181740
5156530
48900758
92429737
56101462
49278997
30394044
52587854
68328705
21129969
1247099
49772853
20235088
12329188
41913619
82119158
70343056
44569001
63150374
38344930
53125957
19878183
87195928
3704770
53767429
82015586
65186072
65892985
23384544
27137130
83885616
69587992
45493625
9672289
26680037
47699236
15535392
76779488
31372566
27918627
25288291
67110995
86509246
50703751
5776091
19972620
84736875
74874375
8900722
44997729
89266540
9458312
11304739
81390732
33767134
32682956
27565950
13646678
82478122
51456285
31126126
83454308
4967079
21164637
70822531
53287460
12005718
21912073
73225813
34822781
14259011
3019158
36247252
32764010
12932468
11181337
45405198
55938269
13389770
34775145
91056876
27831918
92399263
876603
26268508
16039746
66842942
45549508
23154413
82268354
44107330
28413234
67050974
74760282
74760283
58839925
37297246
57975939
32103293
53503008
22609585
52501940
8022541
65341398
2030344
80626164
46943201
