67640970
37909164
2708599
5862870
71762057
11879184
61572449
84015302
69463003
23089852
68978898
45062361
62505411
302837
77262009
55464295
74169426
73185406
34810805
1659349
60060505
20453856
25902341
51392099
43866575
25087022
56292488
42477813
44780589
51459485
49610347
43168368
22520534
6027240
23702680
43874449
85032398
31100132
22987358
20901587
67952618
89573460
746129
6302394
58724502
51637580
9742527
62586737
46283179
56313446
16232153
15545947
83364919
6849719
71668103
11853544
73451458
7008271
62338986
21610564
79648504
23329725
60402189
29726541
6292694
3424966
88942288
94098524
53734655
86769522
88351330
49791974
16343654
14718852
7169734
68751651
57715905
51533787
17949035
32863349
42008033
15387519
32969308
92770445
66932039
41153923
58396609
71519633
13493297
63730014
10308309
21095157
1292040
66285655
11715752
70962797
62739724
34711966
24550964
25619865
30436960
17704748
52502734
54331441
79204058
5790299
67145111
12730627
28516588
20410671
52837737
30061745
40630010
82455714
38368868
69207069
21551208
94628399
75628317
37936539
60421636
