12954567
67118632
78742310
90769291
75097942
60526886
66484024
489643
38632842
30033711
32232959
64579494
66487608
58585955
48076925
78093844
60987102
26130389
30391876
66483235
30583093
93626877
5894040
94347432
61924679
51519568
5740360
21083734
55918935
88109396
48122950
40054222
81597676
30987669
77682134
17535997
61353496
38798043
42782954
32625273
25483302
29932801
7925864
71946000
31968104
57665486
62176179
103975
6185555
26377654
29231740
85659421
62578385
22582849
17256380
47098625
91736306
24974749
28230544
74117073
253435
60692712
51874966
21860468
74812385
22531497
52082964
73782031
81050622
61348707
72517160
48043453
51334384
30449633
51783140
65820203
2015577
81027724
27444504
61301365
70209968
79314779
92019191
32352041
8593249
21646405
6853556
41856675
70903123
71701414
18407732
16129948
36464739
53281909
17926197
48365857
67070435
38502031
29038368
29108459
75204952
24671596
89328378
22750603
67312341
20588521
49298037
16891264
10446959
71629726
88416662
54532681
93867628
86414646
4018594
77908438
26915687
92936253
85429512
87943839
93564406
11277869
1083714
14361841
54702794
55134760
1137128
84838299
51442885
3152941
830341
1298096
57770265
69261500
81338892
1858242
65517327
76408369
13007388
48986320
12372230
9016422
7562944
83204734
50519494
49078307
64236052
71831040
24997723
27964945
79364533
43405420
55132525
14315018
80547564
26249380
86787799
74009546
53262716
93365235
6259066
52700610
78816589
64761416
57817295
31080703
82768700
72628770
41109255
7616909
76051626
9859125
49978334
94021788
61102417
47473238
76830706
32803155
6165704
80564331
76504869
67980293
28448292
8836429
73027946
44356090
69646237
32213534
41818961
139423
54301775
24840013
49543578
59763388
38332513
92007578
41209962
33641047
80917201
9565547
77595437
68395539
11457877
58422455
1262712
15148950
51931073
2062591
93951985
86689467
48172599
16293144
39053085
74460629
89302789
75279645
59739042
73342274
37176651
42243517
86888643
72832630
85354074
19947798
70807486
25633591
71809188
84439857
72547112
23731446
13003893
67616749
81673273
52554855
81305614
69426518
40522847
51377533
89047850
27670545
47293742
68869118
49868131
47849616
8469911
56954320
16950594
26871189
57660648
