93455754
63375662
47185769
28229061
81829140
34479510
60599662
32427869
59685809
81016959
64976101
25071614
1304531
5462475
8544840
45178967
77254099
85970744
40535185
44737087
48621117
45940783
79034380
15741741
59533758
65303476
42302494
68041376
71330078
8479140
94059305
9226783
68143527
92230594
17787600
6704523
68539904
10495539
82552372
56240556
61751622
62644244
81951931
73140510
41963462
43706432
36306677
43755264
17476904
6208217
65501289
54500405
69841354
20954204
11760350
48637981
92807064
50827833
16742785
48535939
33324772
39824981
4514292
2172849
35203935
28899515
26836900
56451850
78435272
35631521
15062848
72896453
21543848
7103000
51133197
11044767
49343543
26026963
23836692
24647235
24024821
23392953
73625858
38440787
2000180
71823820
11762
75558968
44360790
40151179
5578621
10770625
71491637
23829936
43962841
46733200
13180941
29525833
3431489
4457976
64807289
81052287
86780983
72169497
31959585
89009217
93247140
91077938
53775306
88927344
79767463
34033817
39063543
10362965
82913227
66255898
28595870
8339487
26678683
19386224
17589108
81655634
85604138
86901480
38204072
82916472
7870502
91564639
56711886
50938440
22840743
84615069
12593189
55998396
66807259
49257624
49012742
38554260
49364607
36193393
59094046
20529739
10779109
73610158
25161002
29414677
70884051
79867577
34360798
89716372
25256492
32417650
18908019
91936009
89864337
3044471
55275015
79515172
35937216
42484799
70516089
17807936
19002787
18316893
68430381
66240718
49401403
88703457
21138780
15321957
87331062
10620194
81822425
23678493
282637
38473434
50647224
62647998
86929593
86126706
87991651
35160047
58090972
36554147
93001995
10033271
17988232
88210875
10627506
45347533
12421852
35036448
82934658
22273289
28541566
4388679
20341327
40890828
7719711
79016570
29882115
9443673
36644848
7893333
50540952
13912383
24491528
16492205
53411404
18675404
49182981
63490323
51357366
29088057
6706997
88481534
75233848
82595366
61091338
2990965
20082633
6605501
512154
54328390
19154896
49952691
86441629
23280218
67151148
87601047
85612321
93754756
65097221
19938930
24036644
79002123
50193248
29381184
17082318
65362553
15138601
10385717
60618055
50255976
47717098
21260067
36396561
22699331
80650443
54258757
37584520
64026991
69715073
19398135
27631936
60720601
51782401
60489872
31053161
42249051
66268837
39721923
60549962
75064451
40065291
18112752
56535451
59314135
25216106
29464576
35280127
55744599
4548435
65852662
59231310
74888345
77100344
88880022
91195431
45689381
27604990
44090992
62143966
67453923
72043521
59253384
32515961
13662890
646323
91726860
31941295
16367265
60842275
43661336
15070929
50666317
55287706
29408174
76758031
49739558
16350689
13793272
82977192
15868160
31556003
74444121
63409958
58527867
87991360
11239664
15840972
89163783
82641140
61493508
36467513
35749109
625415
24780046
38555572
20443149
90339941
80678141
91878499
47097447
88036578
40591726
13586019
63855327
60479439
75133335
94649327
80058920
24259136
61862281
48342175
15692641
626765
43690619
33653342
86634420
34540209
65627271
91757621
7078557
47397995
86104560
1635663
9042648
29730065
24670169
65838555
60554835
51386368
55905962
74878076
54358130
82704564
62686855
42827085
28831751
67071063
60827577
15744045
26282522
19994928
83377760
16373406
82449368
4580342
87416554
18456781
2512635
45264136
34281343
83765362
74532122
34231195
89923988
10691273
11261592
50516803
21650515
35469543
29737709
22130934
2701174
9701229
72712347
77742486
61419073
79409992
76011597
85602180
31058619
88347132
26628775
25789202
26610039
5011357
5451901
52972030
19674193
33773139
82230495
19484735
1488380
33624457
35737772
31112623
21115885
80578115
11261589
31414061
7736769
54496080
14842398
36618262
23711724
27876865
29877038
14890038
57804162
4994721
9789844
83762044
47362302
44953681
40545425
56819430
26005730
6063452
21988201
67732721
21516724
51285968
90039072
