17518270
7590644
81968824
24198445
21077937
18980655
71620713
41437408
34872063
49000084
70851145
24344278
24021315
58348081
28052305
8051476
64401489
57842441
59516013
84034584
44038764
89225332
73537035
27653159
43174798
73810926
10133243
49048372
33214357
25402513
81792653
1624191
59865195
7460459
85695115
33507582
45725272
5009127
80221736
36649542
78659790
31117626
83959504
47817076
12973560
24895534
79046739
5450266
74215637
64015566
57209775
55123236
27936054
45357644
88047055
58120796
4068557
21534702
78154955
93573282
13343575
4826425
60926385
19210795
49929627
30972667
92516996
670836
81201129
78737679
48592442
86871727
1755503
83958970
9645396
65597860
60512197
93224504
59708209
83383172
16156498
51940142
61958035
49644570
71846662
84885935
26276147
59159719
22145893
61596517
41168995
48000617
51761740
59796032
9972815
53370998
81319136
16687804
43445416
20126403
15324163
55234881
57974566
2361224
35192692
1445007
46373284
779781
8342342
16870400
71519031
5409303
25915718
2279469
32989943
18509568
23225672
52327362
22724076
4719807
6804121
27380374
39313845
14687368
5438750
24085656
12704749
18788543
58447056
79101768
77910763
12463096
1787401
76547203
19417323
57192917
31392661
53841725
64153509
24041624
90068390
41756107
64578439
4080769
8465825
28806438
87360736
53299417
2765115
11418248
26261588
15121964
60761257
38989864
31271218
53068964
41615051
93559221
77598984
5696956
23526949
17608491
84680091
75686078
42010353
26882860
77130648
90841741
11857441
25772103
70766288
54786803
76755420
54421521
2541140
58975420
75029538
49963252
791244
72027551
53872575
9954829
26128514
21183227
55151478
9646235
93764968
80252858
63240246
41768010
19360729
9489361
31590690
11645704
74661732
14167592
44021219
8671985
67273046
49497265
71639811
5132603
67331710
24377489
80284898
37899581
82177200
16868118
50861590
70749566
16962054
16075456
35794202
27686599
19879450
34847941
90563247
36776928
77488824
83216749
51930123
25077274
81490256
561176
69939575
78323895
24497101
91757263
31006101
4246363
65208597
32921423
16097998
2858094
5571186
29020427
41977632
78974752
27503778
83737120
11045250
25247033
50830825
55983263
56271793
44845438
57934548
69726268
71087054
65554865
11661184
2663523
25078308
38272910
28338600
22097654
41741604
79896624
6771838
78699367
15699945
70004038
93685006
57236147
25535493
76208394
71918109
6829835
1042859
32431372
75636061
82194279
77799421
64438571
83126566
11369834
81649472
24677742
43252989
83249594
51312945
32458716
74462353
3455944
2004479
48271220
14861807
93618168
63722492
7063498
50231861
66828649
72059159
11966185
22194398
33502921
16212737
21215156
12505098
51780544
39722763
31706856
31737747
88062834
78047657
63708162
75655457
9371602
29685334
66593333
74003100
50843375
93577957
68057574
6478496
931810
51849355
31310814
74069034
58350085
30183119
3975091
58303083
2574477
42279858
49981064
91294046
532834
2692366
17036102
5159378
80019141
72299375
53211435
42025478
25008521
37184427
70258280
6879112
5552997
66853313
56880034
70926267
85814521
76286806
40864467
69791167
2457614
30081384
33482340
63896317
41983021
36984652
10951497
93117945
64881330
40588416
88252413
74459504
56610605
68063047
31334603
72739413
34359254
92746042
24399455
68565320
20430341
58096700
7021332
64922978
52796800
87263824
35665808
61774961
25228499
55859870
36009344
30365583
50389457
77256484
78410656
48755905
80797044
69533809
17253801
5991008
74744734
7553559
31479870
69956696
33607619
58114305
38343803
20270103
38939747
83197400
69319208
73624771
48265212
53825039
84003257
66751231
68100092
78471366
28451886
17731817
817219
92719491
2681204
11869298
54398587
56977570
33109880
62527170
17894965
3213244
52960261
22302930
74896618
17633744
52754753
89376289
12299064
26024765
48492531
55988761
66982627
77208287
75299122
36134638
83352241
78428656
16295529
27830594
16258215
5971452
31925404
93515149
1099223
47595418
13660491
7575086
31622968
69671507
11583110
76791038
33359521
29772186
36770128
77479489
24517157
14782642
54036487
27334988
4761310
18427142
64991702
75921536
56386806
77199167
4386473
1744111
58744515
1273771
89403476
72218157
17543785
43076135
56176500
5561628
57464567
15450795
21194386
81515853
40016998
1243042
77866366
20286069
16706411
30885403
17472674
82233681
76488262
83848940
63792630
76894956
41499559
75170195
51947532
57723588
44364941
64056009
32565209
66295280
39402775
3067932
77009478
64965757
71788337
80736332
24469150
37085256
41043823
44417894
6600893
88767345
43074129
91664087
55973014
48030914
73407581
59178557
39522389
90798133
87788741
91562390
62334184
49090505
41261262
67502955
37559926
66422843
59796288
6983849
53713920
54492182
50482131
47239476
49331086
66641428
72040924
36968464
54045662
82896524
30891826
32907476
82038740
93403787
56455178
68308586
88974487
16390304
70239998
33865439
62137410
77704147
7775036
49402233
13526139
30782707
12620064
8052480
40324240
59570939
70898255
81300214
75503346
75132374
11267017
73937319
75560227
25094564
59419134
75021152
48379813
3427012
33984428
57297915
89970796
17602186
55351218
40101509
85899790
82668465
39284475
87112315
11620456
5434009
20945837
12503924
68373231
2445960
34410377
72837158
59438088
16823392
21145952
9442564
64480274
29602491
43060967
62172342
59765535
36645292
85058853
49943546
44044730
21671123
23385438
42527199
6056874
23755116
1628139
20298296
85054145
46861843
71897684
22538397
1238004
84371628
63564885
54031454
80692952
13117217
71483953
63093320
29418450
971928
67229139
49319986
64302797
82749899
5322483
16482679
24367036
32136528
81623117
14109049
80806268
11978053
84113274
69272690
21272665
22893794
52123642
8306480
39451784
84692417
34715291
91047462
40729109
67570649
14917068
54202793
79261151
29988489
55148726
68695123
4574599
9842821
41083745
17452504
54674797
8459554
34432526
79984057
74977601
34934353
74974930
91401644
46355102
31561564
34844842
47762706
82084172
29728334
7406578
65598616
78871168
76789369
87262332
70638283
43975728
29380679
33753829
18861360
85954494
50659205
10951762
83123000
46654945
1631841
80360
56104861
77721289
62987910
70499416
35391802
85429802
63521954
43648176
13991997
9575912
3372197
794107
90120880
75877340
9494584
1994570
8376799
18811565
47788337
33132454
20646370
7213684
26196181
58890983
33254177
86162064
28856837
70383315
46014830
7276310
61725536
84395727
51212303
40695256
38404658
93231878
27147042
15355029
85744719
53174507
28308428
46499171
53705763
35250700
70411340
4763814
89537868
26872135
68349491
79695512
19599875
10516918
10686759
83953294
36910988
39531578
66888391
61931195
33748674
90337916
53690180
64177341
18197979
80749881
90383171
48309806
54600620
44312235
18701133
69487236
40344938
22077497
22077498
3383568
63551998
60780506
53165605
60241372
12225423
67335729
44994830
23082769
23210456
71871179
48007007
71604806
18405983
10947867
70098245
27289234
83807069
85472070
20314845
49388577
90052434
67905798
17879110
35197648
61985485
58207283
48685120
38497394
5371893
17438241
33037835
75798116
9195682
51585746
33281806
32913995
68727188
13968973
53748936
66283763
38269483
37974405
75877225
50168904
26909817
53923595
45366247
86903694
30125113
5474686
249839
26573191
85726014
1502330
69227892
74750404
8260685
49038246
61344599
56753883
41660621
37414014
58404182
65930255
25532010
22462764
41893089
42640537
32819302
54857457
63188314
88030566
92884994
79739610
12592908
39102079
52046085
50784660
17477971
47969394
6698420
69566471
21489967
41623610
88650815
2566898
70902440
78740352
75487360
12084134
17680581
90958171
35717193
5743082
48914352
65995153
60970686
49468771
3110700
17101917
35542209
90303338
76210335
16890806
665248
51342636
79238852
75373010
22430640
27544870
86136314
53387163
67260165
59124088
40595577
29806573
9940661
85072295
43817624
66407938
85091098
18733621
83123513
17172028
86833178
43138689
15399146
40164118
65944050
15315905
81701417
86125672
11928396
35120111
93521763
62359453
35892626
27733488
14069950
35538409
35193208
82862734
15463270
61549110
26625857
46531193
75478313
3345551
83973305
68495275
38581563
66504678
56899031
44612674
53931424
52654186
59168337
51443790
92478324
23864860
15304741
91569878
70892902
24085182
41874715
30169992
46133063
22395248
57481416
9080442
48983526
19599055
31629232
16593682
67871989
82586562
675589
77230450
11470698
68716773
84661922
34100752
5864295
6903123
26076123
74255174
57344171
42287688
48450641
32699703
23819328
21544223
32686968
46346724
92175751
21695904
91394533
7184391
53226180
76515993
62539539
76641119
24452179
80503761
69825420
36268365
32319877
41331130
14812784
27627445
70350331
38923215
27528340
9187207
41923151
49239983
79993142
80083795
55509321
23666305
23666306
56419937
61759992
45678719
29012049
71245475
81868955
35876710
50940739
80368665
92468096
8158384
75318935
9905570
89118608
71572116
23477825
48859512
50733159
44183765
46461323
29932030
28665901
30678416
9156475
27924341
73658933
70418654
43761059
9405303
24407617
16501423
94810
77834823
34066149
24344760
82253243
19351732
36098883
69375257
25870712
53517811
40241676
75461100
94259827
46283149
23277997
35635989
51731342
67125323
18302213
93813160
64189967
54432794
73496054
75318938
67814156
84008646
63494603
23042930
14173567
6013996
22025821
46411323
24555851
77100574
59194877
40990404
59891365
6854108
60057646
24977116
57557770
12607441
37143256
7273927
75592297
15386353
62145296
70940041
89477564
89569506
35382641
69778774
29793828
54794710
24428927
74043330
3526936
57435703
85831736
15652054
59608478
84207794
59173401
91439205
1895385
46433236
77982458
52820129
41382706
38316375
59476126
58235700
61908246
64255642
79946294
12767710
69821370
32685843
14907848
6789267
77739301
40178124
35350572
25561574
88297081
92101047
21281590
80562098
84529038
94463979
27880107
21734393
22551318
29527462
65539018
32732837
11285625
52914386
89757765
3255769
36375663
78171829
44130678
40462624
18227715
21629494
16241738
23583883
73402038
91824282
46676468
63075433
45680802
199644
15517609
37764023
64931097
8459123
78512113
21229292
29607532
46343975
60782482
68686749
40595547
84973907
69478675
94170381
42850837
32623018
50230398
88447627
45251877
55331604
3149532
9526544
81104134
4838199
64573776
8834547
49495833
88795495
63843411
73487060
80826486
2194993
24751444
55584914
83104631
88001044
84152506
71771778
42010111
470923
36139720
33181724
51932994
82405277
55844801
42903487
48401605
51007999
51008001
41701332
57640551
36409841
46894319
49038250
77971951
81326069
20272326
26900729
42764099
22734825
20586628
85751593
49504220
21808107
92987758
78243956
62651980
48320229
80483100
31638251
48528203
17721916
85575551
5560456
24619118
40135142
63069362
72825782
85115810
19869689
71836561
74630687
43585799
47191539
25276392
22546659
46021652
90786065
22162443
83859787
72151279
87400964
94311303
23301690
47011841
8509169
47847219
68421711
23194887
86040159
91553416
77238723
35975129
29315975
46365170
77475106
19830698
47367844
22931166
33556372
51127439
92389565
14761306
66028580
32403738
79584182
74384156
7834510
57188881
53816201
2600931
4612632
11654040
54691050
3159399
77904154
4087631
25760760
44584771
83619510
74978274
69979715
69757789
66915778
84256282
77584511
16144386
70086705
12183141
2733765
28616839
72777536
62046154
6607045
43456236
19331370
82497418
55454567
26532894
15341362
76790391
34806269
85725994
44859266
64382803
89668307
76335191
47289217
85424141
58738385
42668003
10341767
69891755
21830037
10244893
46788886
30156622
84510754
78703100
3235696
52997034
66511732
19222248
2313985
75669794
66817378
42237045
41129628
94347732
6732252
75537564
11136270
35869815
10754915
16838441
18599071
88563079
15851176
68999369
8820888
89096989
50655733
40394766
63766984
14563974
46773478
66676277
55212399
36928412
90050882
46053244
81701020
85277623
42175834
9529434
39516032
17559599
1541348
89576615
47879860
5478153
53039088
70558974
94567799
89923562
36001458
68210586
28646985
63200033
86987622
73854751
66140249
20117666
46065860
24236981
74845860
8970064
82344477
62579183
47394551
32095753
81224920
42606192
57967357
68419270
24828402
1938945
78156947
17804172
93423261
48166067
60928669
81979185
10683550
65067845
29407405
10812810
36960297
67647298
71684239
59593583
6240136
14532896
67227110
12689492
19836842
89145039
92795817
80939088
67413945
9071765
74043136
34394997
28413551
37988434
46449589
80932756
15321433
57690643
4159081
15694558
76765718
14727839
16755173
23751248
30836723
82071962
82467119
76592654
10879819
59468677
34699993
85095973
779618
82826916
10350462
22317011
72975004
15627937
80201987
33758920
34001239
87568948
37639000
44163360
72721509
61401946
26061921
21355507
19805945
54662551
77016859
61980916
81119338
58830452
15857136
1724797
88455106
90223505
33606552
61368901
91760327
55840110
37734517
44139437
46998474
82800863
83185284
33258321
21825211
2174120
65418935
84156595
31445721
1132936
1184700
952929
52772631
68121522
4911922
64434192
18470047
50788474
57463146
2378637
25907930
17174332
30299413
38900734
73926448
91951306
8051480
8907887
2370758
92776043
87187865
77009130
60885869
51376983
2808907
4677457
37491388
25783990
53279194
37639911
11393447
18610960
75035252
16995827
5037680
17666531
15151033
57252248
14320061
81026617
65836405
90362475
8720008
8104953
82899502
89777309
49521041
69460261
11184634
40478331
33118908
4086469
83028959
7591552
8184038
10074561
4865990
25261946
57920471
6255317
29127711
22477736
63609319
84797809
40908109
3995954
40259778
34599250
64347761
3857109
48100997
75851520
58757297
6579579
67589241
23135564
31776960
74761144
18380520
86970901
8801584
20991635
33027908
14021861
44008985
75976626
62405770
84238768
73343969
65437096
60861321
52428238
8085342
73782086
86637166
18548441
80131449
78495690
8351196
35639624
1330120
52048825
40615946
88650212
36288188
93699804
2493162
87058584
31036678
90717771
91466086
34465794
59861911
72689999
85122265
51049335
91737290
72843203
71667611
70658296
3190529
16144281
59676542
28697571
57940638
7715796
79038453
33131736
33427673
9215294
301857
91795690
11705144
221520
20783065
42092627
35011257
72406502
14043813
89494750
62788960
70843677
54844945
13548781
3211941
72620592
76472071
90196639
72975128
25790770
31390270
15666668
4567258
92187989
11954592
77924290
55137320
20274015
11779820
3747453
82966434
81300547
38302361
65529100
89964216
44279815
961124
35433062
69264137
804344
58215912
5140829
66622439
77265175
91962932
54473354
87945465
2024039
86969793
31878325
39819145
86204099
31980747
37103308
49633973
82350773
49289713
26008690
71788658
81601294
16215739
53766446
60563812
13690151
64372574
59327200
26523722
17401023
63133345
89049004
2665491
4244407
58209451
45697534
41487152
87350400
53857053
41323126
54327860
81715001
73532309
58688496
43604274
20817542
18598256
50008482
68574096
67524320
8891149
78012790
66507134
10773910
23594674
16231857
45651924
50396320
89318432
71495329
2371476
21068385
13332851
80974705
46537794
69653639
74761225
73583932
74740285
78367319
77903725
89905544
46021351
5068616
78584808
53886550
30864918
10597371
27417574
23614871
71168923
55777959
11818092
46021107
4324746
74877831
15519648
80165812
24987631
12679830
47462954
62274641
29395319
29604364
9823674
75879133
62636121
25915310
94074247
63700939
55627692
82809441
93323664
83285058
53346684
21478082
10360870
38310493
91377025
47585313
54818587
92151041
75928239
41288180
85644961
72241116
77390434
50432126
77712777
23214790
85985422
23892937
34814795
86459154
1799924
39420456
87195439
11402925
40764568
5435452
74757888
94252854
25419010
32333036
85159958
52826974
86972693
61241008
20685953
14798916
63394498
76687995
65385966
40524947
41262567
29491919
33692821
91424353
79283145
81422254
24152519
88782294
10124279
29594315
71153214
22707203
53710610
43230975
82835305
21042626
56402215
18433920
31264553
47368924
74400756
31196390
1319541
33662537
52581028
76296245
66229508
50488527
4058113
86094554
46003693
31131913
60287001
50720537
79566913
54885632
80075513
17910724
26349100
29937366
94600358
55770103
48256414
34848197
64466103
88633266
43165481
84160621
12960736
77757938
49921953
14235437
61848321
24809462
65196525
21714720
46756871
1663922
62531474
91699196
37358918
2025769
40859391
51179725
24178660
17564331
58398693
56258210
564237
5866597
93154940
70648283
68597072
89147489
49944790
10770688
94415274
81173636
88416535
14994564
88209204
47387104
93629708
18116902
18592087
44705909
31342222
12690796
89090081
3435437
23870059
44932410
57511673
69431276
30711270
4094891
63757634
50559033
67362100
19511039
15632436
61590118
33241034
29117702
48574324
14898997
65632457
63753212
6627367
70546882
80873716
55682176
24841262
43688100
29040193
86717269
64997905
39732318
68327045
20326560
21319642
56020704
15768689
2935179
29993569
43875077
89645291
84180946
18695824
10930987
62018749
45359750
64121627
30752870
72630728
1690646
86714491
47948461
39464598
19264143
27300208
54913712
70282441
17055968
38364649
18978901
15948520
53977592
39494809
75050053
20909952
39815353
49155045
73516086
65329731
31612551
27001642
58017374
90571649
20730059
15852076
46610568
80962112
65841143
51208947
49241729
24491494
52415813
85785475
28681765
87892893
38896820
65528200
35555326
12069246
17780587
68001886
93425318
77825539
1356501
14562761
81246260
84852027
79743601
13898698
85106130
86057013
56058388
16365894
38862670
63783691
65327130
34759754
36977619
8027305
38504448
15871958
91964664
30456474
50443527
8498331
13712002
56073978
73953366
20509279
45930265
52964698
80012190
32172921
7910589
39908876
87789692
18169225
20056976
3027802
25083683
89942557
46361222
63556395
18480629
44275460
86900620
40432838
37676656
21003806
17917888
80666847
55204593
23220741
33306991
4775323
3152470
88599047
7521240
20081760
67509686
94366425
65898061
72922816
2937313
34565097
15736376
86815209
10177976
92277736
30423346
24565166
68521319
94279366
42543699
65859432
66291102
80512695
20101452
38659535
15013494
87596326
16749901
15099639
88287744
46335983
20669891
72056632
64400718
84712690
34057333
82148558
44086391
65135523
46306462
63489202
58654146
71105050
63348392
1352735
47866356
75372440
77581025
58768586
84030414
35339263
52142855
62824830
51481116
45037959
77734515
44799094
52985294
43305017
26737209
205330
16195253
92212659
17620717
41348434
41949732
74911638
24293140
41753539
48047738
81102837
8389733
44064954
33615143
88315841
64757279
51368389
87085671
26417618
37052333
8998979
65528607
13608155
86414406
35278844
36829394
35967360
40385318
10298386
76266225
58170481
4162878
47384472
86629806
52629195
11193817
78676050
11180242
34899511
76910525
60401359
45684664
59444478
79408942
10321085
14867150
72971896
52468688
27488304
16161268
37327721
17513926
73354908
57134355
27392754
86608560
77711619
11882065
65368100
38573936
92994710
73604834
65339771
22071973
78387453
25451978
17638728
93973831
85173350
72456564
88247599
84256564
6384175
32311715
81498352
21789766
6687406
2058840
68621745
552370
19732797
90325862
27280071
81278430
73366241
16139961
43751520
47165586
25296971
79682121
68720078
60893574
67445939
18942808
50174386
74516768
24980593
198863
38553910
58466113
67527762
70425001
22359931
66527540
89635369
41304649
75718368
26345504
58951723
87610914
83192916
54913931
2575642
39707161
78879710
79122443
66711745
24680481
43115179
30702131
38575125
39762771
40760872
81355675
33818224
70104221
77251070
53440784
72284297
57088227
20516817
73207854
10821284
32757627
9951139
89745006
623884
82191123
5569447
83820150
55352163
50341267
74085637
33589749
79267273
83085716
74916424
93601077
5367130
82911334
17275508
72273948
33504112
72418979
29482173
15897187
59677710
68373717
70525600
48611306
9897413
81819990
15239116
33407823
86000808
41157367
77187761
45701347
52504132
480076
26717092
58448831
88509781
82160975
31030990
88906878
29976047
15153823
25442151
64059657
45557304
37181779
14166087
76793367
39821251
8906387
75513791
91348267
6398917
32277766
23748013
93299413
10557090
29725982
90670082
61710640
87211176
85201341
44805309
10039866
76308154
47666477
77519263
8243710
40991997
3927174
58004889
23016251
55762322
84689465
24784299
59115302
92045174
93828043
74969790
27258563
44461390
66113775
51293967
36445093
66173842
8567064
47976781
3064450
21222696
73454841
91834795
70007198
18144028
25768958
74869104
38794705
81306456
65243898
79813045
81909175
36936365
22756476
24925897
11657638
4941772
1540234
84601736
52717977
59799020
85475044
65681527
22021167
29338195
91062474
54930343
89549203
53274507
43224154
50639684
3880407
10068361
10090930
70276667
22665731
72422041
1394382
63557022
61256496
93915562
69225397
24010858
80437998
87471706
65927408
89649786
8906203
93545435
502903
62459180
20991235
16622966
11933358
67337549
47842933
80813327
37945567
82044993
4346349
45302162
43523592
27496622
69593366
11034417
46085914
52624608
27116199
89533865
86264681
83356502
87072498
9943707
27684720
40523341
1747284
49638420
50968324
49305528
76624247
17607787
13823723
66961816
80640375
3187613
76286773
71788340
56968375
21923520
62385663
42928759
52428614
81646473
90281030
26593217
12376523
36256631
57111207
67841468
57248868
50734186
54375342
81864849
16026417
18419310
37528425
70475593
68350286
80454118
30737392
37792118
26560931
25927969
92033977
23332524
31236312
27445936
87149215
53050439
70381485
71099697
82547391
25789809
71740927
42533489
6643345
35938767
53228314
77977494
63314172
23021894
28216532
87911788
92016868
26619420
74986486
89817642
73083233
1627631
58048064
63835071
66188760
86349918
4677319
63891620
50966675
18485983
25437026
59993064
14338727
75289329
40106398
71189984
79821705
24636836
70758564
89431341
33600734
8389327
25310108
71613663
69125248
6323444
27022593
19363782
66569175
66178082
40850455
44538151
11427309
69724854
62342302
82225631
63576405
11279639
67005179
77133707
75987043
56137033
38278258
30105569
88644987
70277808
50018837
12484699
18453905
48976718
44460738
52918760
56791425
47686439
7899588
6988859
78789843
67612770
91478978
7419604
26395035
9147585
88646660
38074178
73951742
72279283
66586821
43503259
55415170
85913055
65158333
90061309
85137615
48116484
80490790
72996854
80650978
58026469
7866628
35389989
57332500
86066093
72718216
50976185
72887080
27604996
91275351
56391447
74986129
63248222
80268595
25306738
91429914
79991343
3490362
51119013
17461351
11463439
37366046
8658372
26085976
639168
7703105
63678972
60508288
91085488
17054437
25472279
41942309
94104026
60552821
67583144
49384801
41523557
29440045
1465469
94068881
206395
74656761
79944579
44744807
39841348
40816011
59640557
78519538
49286437
69644258
35209696
88567365
63395555
25326939
294972
2232929
2378610
42375369
852447
18656150
39132699
53939479
22324503
61653152
77975706
20779360
58601479
31958725
86844820
51281705
90276371
54887178
71908481
1266845
39497316
90323050
18791748
17921202
37087986
5682532
31196721
81049769
57540858
87037747
51520612
49805826
55516060
32967504
93426763
36956117
56315111
68925846
85472511
38926997
80712738
26834066
67796977
54372709
14475828
31883156
71340298
15681108
21317672
16683602
69435169
73957504
66555289
28015786
30209065
11040192
76518655
49539336
5884847
56192871
26454088
90551060
87031149
67750514
40989186
87783958
24950170
59647732
56453242
88640144
85243246
19933755
288233
66044974
76363978
63172476
14891255
74964972
52916769
7905278
76426736
11636262
19993126
77619883
90256537
66084471
2207098
37102111
16307623
87813210
18229407
83850663
73832621
22510891
7431876
30036136
57332231
73489360
33640656
50775168
76830183
6541347
21129000
92238926
39994267
18341678
26374508
36595824
41686026
41559388
7860665
6130613
86796988
84277718
21107712
50495779
22723151
28954915
59569783
71175267
73987574
71324099
22814744
29806106
55850077
29314353
75270245
76463768
59539175
85164661
37201644
65595322
94643050
76599175
2843519
28317283
79517440
74319478
3488019
69881378
24141970
83352830
40846165
22773022
62313084
85011469
24527704
66782449
9892820
53471070
15776270
22496090
70350288
44329948
81804822
85494207
90683289
11389197
42052268
67211356
10882519
22763820
36185221
35592825
11283200
7529977
50998707
5876396
75763475
71442415
80339118
50383060
53386117
31406693
48774796
26185018
30852760
2643961
7625005
73397655
58082033
92457725
86416060
87815559
92189388
87157137
34767078
40111932
14758133
22590720
52461148
40398173
31572595
60331651
94290820
90983081
47444207
15494418
43815325
8777669
20654639
76587798
6236509
50834935
86207934
61707305
92542198
42797059
29398288
2487585
37277698
71810794
63489362
72381298
83204817
10523097
58436130
20250411
17135982
67893592
56143648
31663992
65881766
89299291
65997239
24680925
81587508
61990682
20514566
16504694
26930367
57645315
9109375
93136964
54829247
68667271
8272449
28792330
24778911
45309400
68012229
76486595
87356274
39468935
75719603
10524006
14607683
94217754
48901260
70191536
47455600
12289377
59899186
59899189
37339142
66353991
15961240
26766471
48623541
83504559
37992718
50966096
49012592
31439728
51813979
14116692
51713589
65407951
91111189
13374863
67884401
38244495
77910484
27679333
7147398
82741292
25114391
30230868
58769098
5826540
12825368
19917259
76905897
41535954
16078514
42124480
83362887
28600058
10050771
19446314
29721886
41185671
66561299
72340246
25241756
5502024
25599032
17090611
24389477
56921365
91948912
53295231
90635748
60723303
73084562
59606800
89354816
59023860
77048969
7990601
16863737
25456046
73250141
24955176
54237786
51794279
51794281
71426930
80360756
8090934
11962653
6594170
78405231
68949633
20468829
79733657
21075709
63373744
45105888
59005300
33844814
34189617
59606995
24321502
32446826
61923016
2290537
15476190
46455521
23202686
77857683
8627563
32866032
14449779
34877543
87461419
49464315
58428414
34900403
51433005
80278790
19308227
64537625
37954061
91253789
84646220
17197436
71652261
23358044
28531175
46911233
55964614
69702758
47104866
92977479
6163564
37354993
84551324
91462948
17803776
11217417
40794391
5110993
43085640
56912106
29213198
22063962
17273369
31001672
2800745
13261701
82870269
62234600
90578313
68125101
53056416
1595575
20467789
30910087
6159247
39195180
69134756
48954774
62748224
12284687
20391041
19628382
3637624
66224040
61705231
34850588
86129606
50080867
65681571
22354780
68112766
46934838
70160155
63851158
88274309
65221786
74115013
88105942
83079561
45885383
64689440
24491209
82319368
84769608
35646821
27900454
39305780
51152569
80875356
2981606
57135289
74826153
63449802
2059945
53068645
50476664
25312828
55978327
88673461
29977705
79938106
41573316
18423302
86668695
26283602
65650535
87465488
52461304
64633161
20828101
59018429
91335450
88252189
12170903
87932682
41825882
81608013
5085191
78442778
42376710
59791019
10966070
60228481
80748558
81725890
9272141
69057462
73985498
40394848
53518385
93389956
63094971
23318923
18605288
16539306
67038640
3267744
40378961
16201116
85549047
38350780
73319414
76359947
2097843
94294038
86595373
41504056
60097761
44981096
21197286
63569400
94413591
80011658
80545777
71345743
80593256
9911080
588530
90279567
37063679
10122239
37531616
93678529
64493925
37492725
21627223
12110638
17271614
51552798
22044672
84442180
24015564
68956792
84785240
37813056
3366051
83539991
29404977
18494275
2010435
29436783
23492058
9057836
2803996
39975860
13892217
57087546
19927068
54268330
47796359
57397798
15723624
55959036
93949959
94325043
11081239
85518324
88114350
42842564
58403312
39778068
64119840
58144652
87336547
80547699
63072951
49828703
48196248
5238235
80017633
77841474
34273254
63001753
80451002
2800994
63378494
73577312
30018566
42838599
18190578
67471765
31579516
11629793
25098335
54233014
82437896
16779102
37397867
91600817
74369500
60102373
74353919
29982225
3292391
78448970
29349157
38738099
18556320
63975284
47028529
47756521
71041510
67068705
43502189
94320315
16503646
82674328
6641565
92486063
43412694
1942232
24591629
31460727
30346134
62600549
81868658
85735949
79437988
25343326
38949282
33003076
21837273
74486064
54545986
45438770
78117819
49452100
27131780
51014088
39907732
64694448
13112316
67628260
64521574
62193822
2571639
4235761
18434259
29133512
56353195
2853268
8416453
34178216
79138434
25948309
61557841
63401564
84988510
2291448
76009962
32942897
39714949
45455287
27452436
7870927
82489069
4176983
19269918
36989958
18759328
7381678
71942844
37327676
92095754
24381791
44999718
18090761
22453414
23917005
79409596
48280164
43259657
11857447
27273198
57421067
3303898
76592649
25953731
33551206
70664239
24374233
58852128
73181314
84573324
23703514
9174508
36289561
35453002
29133865
89400888
89633709
76236114
71374482
24313449
24417750
47241634
3657631
61871339
70349834
78304595
88117274
82137148
48160001
7851583
35075336
20429049
25811711
69680348
72019255
57627159
29100098
902966
23742142
38285223
51770977
30544241
91425071
21867674
19276635
79254376
14303184
8111582
43965540
89840348
3098331
51684470
87010759
13782890
57839424
43105828
37001748
11536139
14775900
88838212
72051448
82587149
