19459812
69746770
35422956
91949744
38925278
74715543
50515961
6956914
58163193
65577865
68708632
56514019
83064343
5962332
44350959
13361404
47580289
64860984
87939526
89894966
42487825
76920333
24373900
73661665
32157969
36174966
39773088
47848405
85032025
37575253
76573817
38703302
26837861
76641413
44964385
62439881
66580412
18418256
20605711
25250239
38449504
75645091
47481054
9188400
3325859
23598907
3391956
33738173
36564557
52768256
84359329
28607940
28607941
80912710
52289968
11419697
92549318
27776559
66878962
15954175
37675273
61793297
67406376
16727006
26752634
68782814
77916524
42576921
20195899
1181935
19596526
24176602
49472328
75378667
63588274
28064446
62245285
71862306
68189523
28000203
63619317
35775861
41550254
57215449
84505225
51811251
12255802
71169605
71023498
16859346
30485087
14467072
57144617
47867862
59100753
15870698
35843845
60508514
83320206
44942185
24583484
52536705
33499542
4732377
36021480
31483554
73688466
45356979
55159172
40596505
83759403
28624948
25999772
30476627
80237265
58482473
861181
39988175
42037897
64276890
47281503
38015747
26358242
40333470
69357585
49905283
49551165
93076440
2604715
23986241
8627340
19608786
82762055
50974696
40082206
61647514
29325092
77408064
76709789
53535561
82852041
42965097
32983073
19884593
31753709
3918492
78224784
84581799
9998610
17062805
75272985
20445988
54371421
85435651
65384475
88920773
45017574
29013963
69992159
81627806
43546119
67819627
50801157
91020180
55117291
32000100
89497478
45442658
6166514
59794344
8200784
35654443
