5828073
50225125
7703590
17055893
33005738
20182790
68427273
29829933
78163989
28308366
13652877
73007357
54312163
49551253
89083898
60094843
49990819
38847352
12693626
51182900
70325573
62541451
10310674
36481923
11218825
36234291
43386852
18715410
54178612
82106340
71904674
5410590
66284037
30349458
84805104
91777735
28620459
16309975
18230639
79681696
61690465
66967939
43036195
85315109
63767798
15121476
39557960
81956096
17281052
83710733
54362928
50143581
46840523
76548632
1468959
27688571
68419187
35506638
16095547
1526779
83940757
29360566
50214845
25462946
24496296
89058214
80640569
17474140
24102125
49261007
47207201
65495883
84284948
81661110
29297653
26868348
19695837
51369284
65012026
4204116
18355173
6030085
89472635
68954291
77361567
63630408
80724903
93087434
1590523
7461167
84717883
91807202
53885912
7003478
32521870
14079141
52807616
35433049
21987296
55098381
43695715
79602279
80968616
60322666
72853606
73088696
88398841
617446
36955057
80420748
25790930
50236698
73668814
54692290
4763110
56716894
20528799
37473942
54312158
18136984
33640011
56944994
42802688
10449927
10554309
51725590
65752482
29202199
62839072
64764024
4540962
50355478
92518692
36627045
244236
66573393
23520375
90317104
70800567
22687195
44133679
80150765
43534734
51324506
27667181
44140742
41259407
41242562
54677203
576573
43573864
39100047
50001616
26518461
293540
15839295
91813272
32978722
6781924
32991820
55767035
19030113
16146526
54556967
41309467
45564077
19872932
86256027
47917931
36612286
2628485
47287720
76630879
23838592
34222084
28591351
21809833
89882575
50651103
64394932
21525855
43574216
79243649
27837559
79987373
84128792
52209741
45848487
10377143
64670374
41491714
56042514
59037219
65000285
22474668
56527539
18994772
21161006
18771206
12407279
92664327
31577588
81081469
83765982
84295649
92019710
87605155
17538262
28075410
48773624
84564687
29713745
33824696
54523254
38448436
34667258
40714526
65457133
17695078
1599982
90328653
56314748
86901745
32095684
33851035
63764426
11323538
81017959
84940553
43135855
47827484
15383592
47117930
20623371
52425137
17951170
55895526
23270950
79534274
53860057
37862836
491730
27989408
91136447
12581241
9539345
47927824
13683100
77909253
69791984
18877755
58731532
44059232
68686441
21521894
30240515
32755554
72557319
46200363
41064808
22000750
10755898
42726012
71219001
67720745
2186561
45005962
36771202
85204739
14768252
21441927
69940687
39084941
58752890
91489465
5483119
34217778
15505026
43154687
57022715
85486379
28617539
47024281
58869362
84376830
20784528
82266818
55195490
26854395
51046012
71233640
47577597
21609689
71169991
79472505
45290856
50304336
52950150
12370594
21819342
14796965
20544438
8924114
91719515
78027822
81512223
47420181
57183820
1982777
16103072
5375347
65479618
57249895
63945324
20222038
48798742
12038679
65351777
69776060
58523817
22801752
85861763
90696733
81170618
26802939
22751728
13298045
42101141
86287224
70314828
54226816
15156542
92260516
7048586
86843356
23974022
34820387
37626589
19864253
42807535
1671214
34965434
59830552
19062145
34222081
68254692
48638174
23471722
43958803
60542644
89875096
1413389
52190838
1615435
79301853
44295160
13266690
52727964
40866928
70810624
28638150
89859522
46254763
63784696
59440616
88892630
11786997
43181754
8773279
75765122
48997228
87708596
11324426
42635064
3480700
68122569
91770030
28961391
56482713
69962553
12876403
80750936
32404662
23879190
68920353
25663114
56537196
11234760
1620505
52386895
53518344
7417511
42902034
82736600
78130982
92345647
34346803
34063916
84023644
1764537
17086300
320386
14413615
8098279
7412164
1363442
48352031
18944005
8436343
82133064
13291551
53551683
51651386
90001618
78388416
19662822
24643504
68190730
27816791
74950687
28818370
36670106
82927020
84802052
2074919
81353166
34609593
55564042
77733568
79277342
8248920
59146148
20980364
134909
77024306
31515207
49704980
83911732
44647946
59701493
54801682
71228512
36650348
82354731
10851103
79658671
33572905
31818333
46187053
28967275
60797303
69520269
9569366
20070679
75078202
5594897
70036338
13265879
70424579
13960333
70867548
89823952
15086136
70118312
33938168
58022312
32826433
27291869
33728267
22090810
64271996
60441469
12503377
67761163
87873515
4872011
3575432
92201241
39369844
80774752
85151719
75109784
64436409
49678110
52190795
82771116
751946
2134046
30718082
58117095
40265827
71541473
21654392
3076638
40707119
46150652
26889686
72634291
11168081
22941813
86360199
20747433
34955080
83911523
27886016
79745260
30374166
7953042
74787803
65567198
13670924
34514957
24675498
2808002
15919030
12166224
51948180
15772768
8501617
3352640
28243492
71997197
7214364
40563168
946981
7847125
85374354
70379097
80560980
28792735
18119865
57150099
44396716
39513476
3491110
72600882
45294214
60632219
23827672
92405831
8462281
49827707
20879389
7756621
62451697
39074787
4415191
5530288
51270598
22321377
77493158
83102306
30596627
45862334
36619656
21207326
8090916
23888250
5493980
40872747
13269642
48043559
44115752
62988545
44174439
58056722
40499026
32350643
14702742
54766425
55207567
13626176
65433671
74175403
10466734
16172075
2823811
74887050
84283006
32112372
60035300
91359346
41594454
56399553
20795861
39755870
24990819
11786502
23573978
62139688
11041078
73857938
8572869
87475423
60395833
5256626
26124511
68226989
62610228
3328911
1091150
22647881
7168150
49068294
67716486
2393217
81364295
76974623
18548449
90685332
21000918
63180908
3891614
86869199
62070288
22915792
30037980
85028011
44428444
44634292
33075090
88986977
75843369
30173058
11053370
41852796
60331915
85148207
81373314
86175619
26353455
82345275
69251711
86752491
34230137
15405553
78579741
78754545
22398621
63709264
81400897
45342663
1179280
