26274192
4720561
84296913
68380812
90844411
65953122
41307237
19146238
33969717
54329088
79604768
64428120
87367066
81565498
86270860
61317383
22618385
45198872
27881465
65469375
48085684
71254356
28127310
40619503
2668848
42519635
23927823
73017739
69650535
54344831
50799450
13488559
25945951
54157429
85891109
64735294
50623777
12576965
40784488
58447458
86586439
35892105
61853677
57411063
5181467
53759898
27816005
66344717
67018474
87193641
14209869
10191350
74571675
27508688
17535913
18889135
79848760
1835885
22366335
38296686
20865882
78253949
5194709
47367824
5491112
50882337
61511452
85312224
35415555
47441155
43019964
73918154
65054601
36139957
80334006
65512488
53553772
28198377
91639245
63302159
56755046
85259238
13795713
49784683
15220043
28550897
61028318
3495419
13608676
85990190
58882054
34053887
4765522
21290304
64540753
8304114
40215151
34942971
67557328
27587836
62731808
43341477
39179706
87887835
