81840212
90104024
46644900
84292667
1881664
30195439
11986961
48935512
92417091
18302320
15239695
34701387
2911219
47189312
74916578
76620604
73331579
13933187
75009286
82356728
52807984
59416740
91967949
87273559
51794263
47925732
41711804
89581895
84373310
29776215
3659761
38876379
67270855
7151339
2464022
70697796
22412592
80299529
25862038
77609503
41529160
81276934
64211936
36637567
8835361
60276456
24454479
19733657
53307499
24284307
33950285
23258877
58354076
42314003
32760263
231595
53055394
3052610
72124778
29468390
52835431
23189563
51540973
53313896
85323010
71954049
23300478
18460264
34184390
51225327
47345974
22879721
13771950
46825873
18799298
16419862
24529813
48855901
55056595
63877573
9078920
40221611
67932757
80391505
74405008
73832729
40861823
22448667
45169561
86069281
27655517
2547531
44205575
8185445
71077792
9345585
49312251
83659758
49368957
23121584
17012039
32751024
9639638
59416745
43546700
81658947
17265495
26070828
59273449
12715300
92111496
4403009
2925798
49893923
89169844
61494468
92196436
72724008
8264189
20702071
58379984
21471875
36847947
49661084
77621199
28893346
60150619
52120107
17395133
16260011
36789282
32371622
12878776
70025330
9128618
76347605
6199216
45949585
29338772
89924331
19188726
52353073
47248522
71937270
10727597
7792298
16990578
28266233
61271262
22116973
53791771
18265529
10359970
29268010
50929964
83621170
92939090
33943616
52462117
78814891
55038305
3498384
68532277
279627
15815098
76394852
38650874
68672434
91029524
34717520
59706052
9220959
6148459
86677932
48314590
34230144
69733624
55608608
78214637
82080523
81911102
8871539
14083054
337078
61205937
75117928
76026905
71204651
83495311
29672113
74984498
69311608
91541492
32224968
21053599
8259973
68812188
72741404
6762907
85869217
5515478
16619098
35979581
84789059
58602642
82048299
51315010
89352260
44223762
51136446
21872498
57780418
67651331
34474542
65716790
33353355
57750407
18425171
49398330
30564326
42822252
83058959
