50783909
81374961
84967220
59571503
74768324
26124923
33702838
32317452
83913435
35346195
23136330
7946403
80673556
77228239
70016998
80037051
1186020
63295542
81663807
56190860
3173401
89283905
46271481
1418359
8201936
19094278
28554967
38279720
76190116
32780802
31977121
14739326
49268457
42409661
39727992
31902820
37238495
83427704
36669640
92014537
80359998
6668781
37061758
15698894
48235932
68804007
49227048
56894184
54947684
83548272
33556895
36236977
48870697
64830147
14066905
60617115
50898013
67801979
32069881
84179081
4498901
13471014
75143793
9948587
80321293
36837505
32363637
87910908
69658551
56137913
86665646
33228529
26336238
12702394
48892569
77094484
86553158
929012
40798426
61739904
44050368
32648190
84385357
13247410
66050941
39126993
