76181495
73154289
59791101
80947035
30620166
41989140
5845562
78915285
75302544
15498087
6326390
6613371
49226224
24094708
58323592
72905857
86263816
27524897
59775486
36478191
85013150
73980046
4307315
24513427
37171609
45507890
48468778
72337093
1678751
44893760
42410739
9723832
11660519
35131085
89012583
22878363
69038060
6151084
60845076
77995899
7358000
1566047
87030590
51943157
40695816
28755211
3763427
74636079
19141889
26303933
27627484
91162106
5608397
60325575
3722690
20271816
82289351
75854637
40035302
34936697
55897629
40932441
7626457
83310746
68877166
25233425
40510601
12223203
14344613
45487493
86986164
64186921
82933635
39682540
64178900
14483104
55767455
11379827
59628003
13077783
