46856782
66702649
59036251
55028862
33266453
62470220
42148146
27363273
38987413
4718062
7902402
34697450
838823
84787936
40056096
34901344
91952518
55251551
41476480
45218569
72891742
69984201
50108195
22138959
76829227
44676828
87194858
4169778
20877714
89206927
80753680
5280817
90072123
47080539
72067791
53038960
88597286
55122591
36513034
83684638
84237592
35502468
9452729
3460594
20622302
30207357
23137815
16560450
3238713
37624104
87966250
60391918
3849712
81564031
18318980
18576516
62194203
88525259
24974797
42293301
22999865
10387474
4546449
71021883
15569694
88182461
60662695
1630581
11972120
2605107
52190138
46201402
2532848
20771206
85887232
34017351
76080488
33933282
59862219
70669613
75808489
17913993
73915471
39519967
74499670
28517213
84106097
41940508
85017231
65323359
82768106
34538880
89025047
56122851
16853689
85503955
4485250
10399123
68321534
75518888
56425076
68406097
617133
3810738
83139323
72853713
61536064
213479
58063806
22361451
73633660
18466176
91397724
49209542
45984341
54395024
47485732
33295082
17395953
37637454
27725210
3929823
52870470
41984342
76053278
53701845
55354745
83698562
79997385
63656300
3003061
665865
32897373
28664033
71346539
23268484
67676557
47514378
73617015
55293603
16120083
85460028
72513095
12724225
82597836
14084281
72720251
30793105
7347606
89546297
41803560
1882984
19152182
79455958
21789640
78842701
19639945
53244096
3909172
63845764
51670823
26574598
6636429
29146451
62305420
29054628
11683363
17447967
76829231
58517797
16247892
33833063
15267340
17637842
74560121
28042601
38542390
82744359
29600597
65431260
65211576
73415211
86696001
54990189
19748256
75518848
37656724
23562762
91307382
33341426
24321537
42975790
372972
72670021
32056733
47066914
92002435
