30882399
36463323
52054849
1928259
81249854
723332
88896247
8612254
36270355
20619226
62571602
27914819
74194712
14994544
67104295
40840396
63779645
34616092
28636796
26170391
73081916
1082501
17717728
18603056
4571536
10552282
30765588
77796482
7488767
57439971
58580408
41054039
67428527
70417493
60629027
91273144
76873314
19011751
10274584
65766119
88090836
59832045
30524921
5633415
11672957
23687832
68756952
16212166
84625636
22683931
11654384
34934393
58115116
40826605
43003656
448007
59167589
15630473
80150726
90824199
39844095
86046510
84755878
78014708
40519744
76420525
42889227
57946187
87994202
72051075
28952281
43056365
45620524
92461473
40300609
73448476
82413560
2865771
63938565
75248637
40132424
90025058
12773973
73051183
91068552
56756008
10959154
35383140
31062780
61655004
78819676
78288377
67713147
29146872
32970298
58175795
60581573
1507514
27189084
61196529
31693590
13546941
12068562
10214943
35543259
58016117
29251740
72486017
28448214
42560083
9332823
75808914
1339725
56867227
88345702
40629257
77425583
75990130
55406762
19727862
64620009
61565602
23989713
13633976
4621163
43234939
72191488
11819535
65055082
57045482
12208127
38026769
8380751
43956917
69125478
92068565
19879478
73640262
4397098
19438005
40975176
2076128
6850358
73414230
55818849
17786974
2280923
60858422
84247362
3413069
56428048
76438476
70373183
81582643
4249954
13724690
41846220
30835336
26482387
14777562
69411732
60580460
82413080
28889404
73893847
51364763
9888671
23437595
74835259
79029522
29438752
57767207
6776795
44742451
59236450
70007538
63813232
81305050
31015532
37906167
36416502
70053670
33258114
16760857
46183088
56858379
4596658
82509686
21242505
46573566
8167593
75618228
4432776
35399386
14775587
25080894
67579810
25623482
80653282
32177186
77023481
22719644
39006265
46073219
83900923
81148624
42293605
65015692
42877588
15491212
25763816
63147825
42854914
37133676
70334877
33394822
51328415
90877859
10400804
58621002
3294354
58239538
80284238
86159114
86279175
86291582
3289464
52114342
17914207
31553793
36607649
9147093
33377456
43581102
40878530
29324195
89025790
860471
8326742
88727741
27340814
91564444
24503506
24765824
57108405
57280016
521823
74459549
90344638
48026728
89029095
32990285
73370912
52323674
8925637
8233939
22532837
74825878
75371076
92913886
22188836
58826832
24207339
61343533
15049903
55467193
68162527
17690919
60958381
76839596
89022729
85521065
17160535
20664123
60645960
66254362
46725054
55515694
89948419
59592906
79123081
32940905
14998501
68869610
40341413
71480246
50624205
71999562
17166116
74180725
66662597
5355036
15940672
80832813
3055833
14898401
92127057
86640861
48904354
79788837
53456133
15336769
15996144
18317856
4234375
83434310
63279563
13215784
64148905
11167092
88246206
90606332
51842636
90527964
59959939
21638004
54030004
5128379
2192916
37794391
32064746
55660982
26349889
47218756
27047875
45591377
45239334
46485440
69492154
23323451
51996469
18453397
32586465
88278734
3024897
56173862
85032356
31799841
78390497
71212407
69384950
1979367
19953024
42367022
27960463
25908350
54529710
92947901
60187509
66217138
87711546
54369441
2347048
34724768
27714140
46658598
61771329
81409869
20373770
7316049
4079923
78698636
24074959
63547277
92458189
79491502
6156599
57760526
19340468
2277098
41510116
37681585
35889778
25661310
50782202
8232280
65620938
86173544
25273674
9156585
28480419
22618821
49784701
2763564
54990841
33907891
88650229
26279956
31569821
38012600
36936976
78867060
38646457
39017678
73362328
6274892
46346131
36191864
71618984
38355331
43901557
16163599
49844150
49216459
46201793
24185139
64539565
31048280
56227318
42128674
67758156
88785134
84133984
12130617
83331485
24759495
79533268
9500227
24799072
73535931
25974958
31995931
1602601
17435874
24404251
43775958
69575383
26896446
43930650
78968543
88228464
55073036
50221325
88787593
65496073
78800667
48840827
64168529
79611710
29688001
82276538
79433441
29904370
48156227
63183357
2305315
65822816
70507533
57280701
27680013
61312839
49652276
1423714
4122756
3115755
62183978
39508397
6795399
26991756
89851557
4579208
21962999
45365195
9113616
19017610
60077903
12849977
16394496
61697129
64181907
25951167
75821508
1168269
63745936
91697129
29621686
78698455
9176194
59371844
34461231
37809793
70809375
54765793
4419392
47529741
68696583
88573037
34779398
8635034
31440126
67088409
12141666
56848947
12209344
82850818
39211228
87115023
36203320
46310773
5637248
51791424
25205133
39911995
20329230
76177165
54742694
64276545
46282050
14387468
22095062
26923543
44533886
67069821
85700796
30068486
25335582
76772811
26312866
47181733
7259342
40837683
58350563
48831331
55362146
88568769
52973945
25557918
87948236
21430986
54418268
46205481
71197397
65148952
74163336
21469171
18492750
24245916
81167579
76011952
67028411
36310212
66262203
91113410
29937518
30873125
13676398
50448297
73581776
71902099
69280851
480901
59676337
31784353
35952318
69797777
84004247
25242115
85161349
42997620
55378461
44612278
30336548
7750640
76855210
18753570
24181881
40868106
2530807
63251065
5110537
91971824
56715933
50114800
21148600
82214174
40534338
54728171
6044701
92542635
35776432
67805895
6142087
10185862
10255604
22664573
3679222
86165479
26686487
5023679
59895625
60931434
105281
70538596
1994272
3967022
75758
69297194
87853095
29554520
46226902
86583705
78343646
66717245
56236680
76246397
24407127
89034627
78076179
8390803
41758923
61652506
33476440
17540147
9410541
31030964
80029784
80537004
31773505
88961603
19401083
68114508
51378115
4224340
67413247
39207326
57631820
76454628
34624250
33310695
49791842
5221192
83475904
