23646410
23208007
17715655
49699545
80853902
17162056
22555404
31671709
43564801
56304497
32702746
43663364
63880419
78577961
60753131
17789038
47416110
88406245
37546514
13698994
55526369
83815058
64970755
16275761
60611022
30142722
32612639
18520234
35326678
46363766
3804453
14050950
10518783
58778426
75486265
78760840
43885745
78146934
61260968
53547174
17251977
57367447
22509445
78813612
44160155
63958797
38781651
40131392
45940912
19115560
64295694
39751066
1419359
30818638
63788737
65386357
21783037
2307108
91663192
19375848
77475595
70147016
72814897
88490571
57906412
15516514
35575264
69949972
77776391
25256555
86414122
30905204
38149383
52066682
44035552
2813695
26632743
69086978
3984573
78991068
33391268
13490604
80892424
42917992
19981925
37319841
26359573
16493633
84823783
6571150
89160091
67079483
71589298
8693076
48263626
30583097
83244302
21392372
55202079
31812594
92807458
43380471
17239019
20308010
27712542
88164424
4250519
20279667
50694010
6321622
62103368
6008820
65687995
7717354
14775906
86924673
12524870
92284462
54548901
54374879
43417932
5856305
40209326
409961
2842406
54682054
42900894
71062869
63046802
20631110
44844410
4252660
82503969
91425096
53635397
44968233
21686321
22898163
73907330
62180786
22658203
82222906
62483901
26997266
76269270
69199335
73937861
49155034
40146177
41316201
42363127
49463383
37326693
46991819
72893137
75547117
64880589
8329199
50944964
48638835
88629308
1358718
21548878
77444635
17488096
59308685
82011942
10748444
39428889
71566057
40713637
74539709
9783968
62791049
76253118
48015307
67329346
29074648
66761318
82719135
27239726
21903090
66883569
76655835
88028859
23532649
21505179
48339653
35405200
54482918
23415804
90660488
7214870
80177905
17824281
1113443
19917712
259247
43924474
43817425
10012372
68871259
58508141
78406166
8735428
15236447
6566579
68202499
69021850
32899989
32602372
92026770
50529156
23322536
67970617
48937489
23594083
5476387
67802413
54812974
35337841
51286981
75728771
25422364
24536570
76340428
976690
34923042
76172004
3063435
34336886
88903341
30591272
14988118
78281946
79802639
13755997
51468819
73482586
80413068
70304520
23100338
84868067
52919879
71508463
81629002
24728041
8532905
80123972
61149626
500304
48790034
42088556
48273434
25475456
15776260
3584951
63306110
72400379
36675712
12336992
30006099
1806652
50248076
48819776
71157110
26274369
84711404
52003038
4710008
85280307
48927659
7955753
34985100
41555729
46267138
80748775
84213232
7356103
80993511
30897439
80107825
28102818
38466012
88155529
37070648
15953216
39961657
11506366
66254977
71157111
19266540
79394988
70110205
41460185
77835625
52396814
92807451
12509780
30858820
28986412
200893
78565575
84897533
88503512
52017331
16859739
10741054
64351607
40158766
39314721
16194962
92119738
69044698
50648672
2409806
90437007
28638808
61747580
52025544
70615123
59015735
2505616
92670258
30273945
78920063
51050149
49263784
91231355
89563349
18574556
10418595
757072
29201766
89035031
42734083
