75308677
11416198
2330345
14447855
62605145
22670271
45957366
91705244
35821346
23839023
42533080
73877193
11851342
67121711
62980085
40691495
75101863
5901640
55418650
3585857
66669313
30121783
76886623
35209689
62387168
21002784
35128801
87518998
49035115
89335614
6410109
19482624
66259204
29073642
59120176
71852222
983352
92397800
24170544
80640621
59488582
73567816
79288271
85187636
66447162
12142890
44031137
20092636
45533874
36522576
42339491
10678896
21871314
88877372
81864409
61253640
2416195
65785998
31264924
11326489
60179285
64741858
94323453
39668132
54343985
12190596
70323717
28187243
76969672
66196396
7250343
81465639
1518751
81599753
66229751
18547782
38892775
73109043
57308110
66261688
48253276
73022294
41435503
59282580
816212
2181779
74345456
43937023
91695538
10287664
78900249
71568094
6918613
38073933
79649321
71573472
711673
59191585
42368294
26228549
21780694
32543976
90855888
72073639
15364268
68262432
85368507
58401887
21041949
53179457
81798336
3679175
90117853
25115940
79029306
49934396
74582074
28541790
24962080
77584252
88006624
68636292
71818751
32219960
29916733
93018127
40700476
80529737
22538378
37112129
80420262
50554107
64477758
85951312
17476598
85046599
72162271
1064090
79377668
70340236
22711932
94506609
52342957
41622188
30702271
64732712
59578298
83894220
56948137
27589368
58234481
94244576
73864823
53245828
79321362
54163155
6734805
40360428
64696668
7106363
80452151
55579529
76421401
54222641
81746623
50199575
21130374
51961490
41306055
21299823
51303526
24213174
89871587
736877
14842073
19838562
31240193
21767502
29501625
71663026
60456713
50236289
11988079
53859996
1646632
84969294
10716874
26808702
3297543
7066523
63784758
80201589
90036382
71284158
35651411
85166043
56262444
85408990
29197455
36529857
28137513
52263521
7240339
510113
5901427
80738429
27195701
36676458
71896610
20009758
12329400
17120584
9732347
64350307
46107903
19991323
57978815
48213962
46935899
23278128
4204216
7489063
23211322
5764410
69562033
1466675
19279161
89281358
14491416
15330969
33867084
33832497
25487720
7736645
46330156
88266200
37905733
34776394
7891340
94328701
4926433
34127167
1909130
12914695
46914961
62738436
79611714
34551184
59183852
946013
92386679
44891961
47036164
9185082
7598831
65620032
15485147
37756752
51995576
13436388
56264754
84637124
82749541
43234305
64378339
75164069
10347923
40936906
69490688
11763171
2007717
39561714
38598777
31134808
26134441
30999510
33369279
88298454
35507787
2352741
52883964
62444097
15136844
84950775
81465799
75105537
34983937
65051405
53331655
65532544
15932175
58651186
21095322
20119213
73197650
61596566
53542013
32244963
40508094
2713045
22253895
7055476
60524239
84657521
57390999
44673070
35117238
30788380
38193881
32484837
40698631
86757266
64101974
6935160
63236057
93519050
22914141
78395868
25158189
75116197
70881055
53488275
29667765
15166325
44725628
58444235
44241195
60812309
76932238
88811831
64620151
58651217
73896386
12115901
6431427
47764515
38328690
82257415
27454533
44971985
82473187
36185125
30091561
92111189
77894178
45004056
36310052
23903189
