26323627
17385696
75843303
6768408
82137648
90663140
4877215
2828252
6161511
86540959
54405192
45666122
42000887
9204970
83627712
3057814
45029355
40906150
1325902
14695606
40092549
89906108
19257329
82545840
9032387
7165223
3204733
26775695
20877860
93026275
53225762
13060951
92126133
83584913
33141314
45712588
31112260
40722982
77702122
31480985
26896302
50530642
1507526
71691801
82982220
60338309
6287629
57039892
60813409
38339530
15402402
13872935
281158
50118796
51466529
15671179
3084703
62725246
72548692
3996476
20049053
56276038
84590545
65593595
65442726
76760480
2712306
43605594
33852118
5541302
52880914
65249738
12118332
3858071
45966297
75449822
51357306
78387526
11460494
22582626
5463622
82641013
61505640
36869667
44296329
63819529
79853387
85770140
16567991
14284219
54493451
68337469
54742187
76755473
58012115
28685966
22555804
39506899
63042228
17905765
83775398
57418593
3605726
31673638
32114407
318467
52289196
3442146
47725070
48027064
58047082
33766968
65949997
39155879
24571377
83432093
5328835
91858072
4927179
63604312
25188769
32259777
82999413
89425689
48910508
28680492
80645539
50721599
72239210
18427748
72396282
4129936
7064511
39132488
82634811
14822912
33027575
3336335
68774906
41467379
27552643
69436369
4281064
74107184
90301027
64381649
69587330
73667129
32682739
65105567
82415905
65775666
66166886
69630581
45214451
25046488
27020385
20154896
60463632
84334502
72098042
86373231
62287442
26229115
71793667
26343821
91194807
2491712
44336379
59587499
50367885
62198184
21381389
25664983
24635915
69083442
27799644
47290404
75276498
85522138
71827966
65190237
45791013
785675
48517229
55939924
58871860
87982358
81761015
55908062
5012198
13875184
20575843
28392812
33723399
62355114
63808435
13383637
38641298
12728566
1892055
16534869
52155207
50550099
11041175
7641345
65773785
85861764
80408546
44407532
66648566
29884183
49262585
10585574
83035474
92838051
13526658
27424062
51488703
32863464
9058316
33957530
77474678
17078699
5534885
3006675
90368484
9698464
3680203
7515922
43903157
76337895
26200996
88424221
63591303
33715557
75162693
65196427
44592730
28306249
86310402
48925309
17186506
77809222
2138059
21028682
51661529
82361062
57193384
58886798
9045548
91296020
71388016
88226038
84172172
25079666
58724381
14854133
6447003
83414572
18565383
56127888
18327513
87547770
79522377
79722443
24375021
70579877
2733749
27435998
53451281
28608041
39923174
88644091
50681061
21172500
34593240
3162799
61527052
123487
60632013
25630248
47763882
49510047
60638117
86488643
36813733
4506630
34225210
16574606
30456174
48029578
59009593
22404452
33923809
59390591
86422113
17295526
53432232
60903950
22060626
42583906
30185283
3494920
89630703
65270237
72024275
2847491
88629253
56179774
29162543
70868195
79619161
57165554
37457014
