51556289
19971976
51873123
41746892
86803312
36771808
91234016
57128799
45069721
31569092
74444005
12105349
90828974
57424407
35710397
9861314
52579091
65139086
59444419
70177051
37719829
71484242
31271083
9789062
80117607
84239806
87598780
76735168
24473509
38508764
66445460
34521583
61029168
79445932
14757182
90704905
92709499
1540154
19647317
69486284
83192270
13816644
75608739
88059283
46959477
36377653
45809224
51683554
21403129
4379050
57413639
4962111
83719101
92142280
38315059
49581647
26754246
12093872
13651427
66303976
76073385
6592506
62083476
2599799
40755411
73348041
39144594
86041722
23787890
25242405
39618931
1020325
34325729
18173636
31348673
42363422
17294884
1394485
13745169
55234523
47715128
50508467
73932295
47249650
9751100
40595462
18425369
36401327
19838090
77660146
61675423
5751211
56005325
53417798
89324962
10027939
10396105
70982639
53417801
1116141
20641477
76191042
