10927490
82975634
58759703
65673506
84217323
84985281
72879275
32838763
59774563
41059369
37571846
84142258
11007735
83808675
52709301
77615186
92387393
78212730
34176733
23551741
39425614
71750102
62804038
48486657
59532029
36654954
31775333
37916128
57540488
70865737
46802311
48680577
38528537
17215548
10471401
61809844
25279485
66634666
87770213
54440056
79808600
10310112
45252361
71174679
73887791
26071267
209152
90965817
43399846
63251594
82802574
1140264
91537450
59082956
69304855
86504229
67031396
90547288
65934612
83653870
60818108
47251567
56403956
59028891
45021211
46048189
67770263
79612245
58162620
7063089
3282309
32669934
38991607
74397700
14034007
39239423
10216115
34857229
54812238
75643801
15590867
64472624
37228397
66232246
15492085
61414206
2155016
19242467
81202896
49218991
76210067
52992261
2872261
81193612
39670276
40676613
8999205
9565327
32669513
69153318
31026001
26388101
19976400
68232654
43525656
62654421
15182535
62453296
80247687
41074966
36870903
36137708
90509506
19362060
74588022
22487855
80332508
46849234
3053011
84282178
89312107
4295423
44198992
59736758
69299649
38769711
86326916
9910572
21569539
16531092
90061865
13903512
43599568
59697964
2371085
58320102
12754338
22972989
41629692
62137905
56678957
5963035
49049084
25395392
39920338
727287
32352833
60333180
59137374
23520491
861773
2784952
41134020
51751277
3119582
88791084
55339123
67623803
72894617
59496593
28564136
30625786
53537898
80406215
84016059
88157970
58530
4524989
38851539
58936067
58235602
91122847
124829
8190980
62647704
91426461
73860083
41673634
70230759
13703565
27945407
49103903
54633732
77964550
66272069
58217993
45174389
9264737
64038116
25019909
43441171
47734231
70529925
25782242
33244092
22106527
87604604
33896400
20136767
2249112
15236505
13649456
77289060
11937416
40603920
75960221
34878780
16696476
4417636
861716
23422721
46274365
28932437
49565608
10731331
30063272
29030977
47199872
49968647
71013041
79761251
83213165
91444325
72271260
78275715
4936173
20891378
31909697
70580181
59497408
47561284
59891770
26948878
85265482
76079211
28544167
85193910
1004300
12726697
49544468
12325856
48003339
10433262
6126901
47372822
36970155
13634304
8691208
78906655
31399784
53619819
65944587
70033835
5116058
34063185
63951580
86992883
2644704
86777240
78592154
60784886
64400115
82036965
32750853
52982646
88246004
76305284
41861540
91795575
18261257
57151315
1520160
34171437
92871999
43683171
43159183
85484763
81836700
92854587
52657544
29000311
24145635
79787174
5123680
61397067
8079322
48309756
24873069
80072999
79763395
61766790
19991649
72273315
10637657
45537762
79169431
37108862
44166315
29764445
82600022
15146821
77401412
54117677
77529967
39217878
39862299
7997475
60450191
24995224
30322221
9234543
36711590
62893793
92548323
8713648
4741526
27782102
77398577
19101589
83952338
72311082
53588802
87270585
33879677
47467627
41719977
67954547
22249588
26542699
30404550
68073831
67393463
906420
38533242
54413654
11051379
14543743
27923811
79227887
19833883
18073865
60087381
80987646
23630568
37355055
63250667
16779779
32272187
54737890
36306174
13621490
47515741
27221983
85460160
31257350
13032738
83297324
2799837
36653816
86451156
49965987
29406386
19199016
45085323
48987965
67950547
39652248
39787563
6608823
69518777
65266798
21406730
49253227
92380427
22236206
55473165
79091006
44347251
41077629
69615610
7377244
23825551
27087631
66323898
4814975
57720793
33709928
48542294
50647885
22587633
29386670
9689194
6835761
21785181
34686187
25875354
91065915
56299467
56916028
58383733
91937097
77665287
25390175
12830286
92607564
75130830
43528898
40254420
53650094
6826534
89803362
42186865
39546128
45746818
64003509
24664117
90131007
48652649
51478587
30392240
88388657
91894256
54081842
28401485
91238415
8160104
41804284
72772600
69968534
64696872
65203336
6812397
92104916
32399773
29868324
68225009
59736220
19768261
42598430
38585514
5386848
30533936
5388320
9318162
73166640
32715609
49056876
46216999
63518618
77892092
36697840
10620414
27651512
4378732
19099533
22479012
12975053
86745925
3718752
16435972
19824152
60286308
25291466
92528119
44421537
87031495
64904293
19867986
70624821
17388511
8599898
27167589
26011986
22198443
49209425
78347205
72040530
71463560
53863148
79461420
69661575
40114693
64513732
68410981
33218304
39342220
26974675
72985979
12165410
31331164
634804
4621612
768987
29834991
21267829
21773274
76121584
25215444
6383523
82172731
59439497
12896807
66430354
58593578
39595643
69338817
71699979
12015189
44580822
6795044
38393938
5125337
26285174
11640692
69256239
69854034
78653618
72486175
76810310
41569682
30929108
62633615
89041707
92086504
34092768
38296877
72360947
41070449
43510287
73726894
35100456
91684387
5507138
13380100
80480872
18576493
7358402
82261070
8033714
92030487
22860792
86556680
40103460
74864275
60420347
82727697
68652035
54831498
37069249
83971194
50388915
78137257
90293252
26417733
88250586
89882679
62092224
17141052
55485523
88766862
55084306
83365611
66151196
70221929
50108455
40841647
11652235
88211363
15608184
82840551
728116
347415
80269720
