65123598
7218022
45213806
76714744
69202181
46875989
48338971
21723361
82885394
24423698
57772418
68653216
92533281
4014029
94611979
32903643
9900991
19617626
88205869
62522167
38740152
76319342
18974244
55473240
49565576
56624511
61579133
70422431
25997746
26325259
91662710
53784027
16061329
53876808
38974337
30732441
23473982
15651528
51655128
90067436
29607848
48318228
5413157
7756959
41229049
18936069
11941931
60612949
84405405
19594640
89039687
87133671
26981286
714271
64540536
78585431
26258435
12415084
88422123
80735598
12846326
72124101
81606278
25741946
45036195
93067486
20548061
44655695
51210425
86524456
35859294
77628550
40869618
72649339
18614557
7942964
18617183
42754459
706988
52760389
84199297
63386221
20124532
87938746
61123020
93436758
21895569
12565544
58605051
88187877
64036202
44653296
34383468
29339059
52817094
19998867
69275114
39791772
7605757
41885910
7126811
9980214
71234108
15394723
51809585
64333767
51764953
45708005
28428500
26276839
6610408
56039337
60103187
51141628
29059110
66975506
81157966
38901549
26809901
14160491
77425330
15177225
7919495
35578362
88880882
10988403
24286727
3831568
93857172
63881770
69927833
79828772
87463153
81411906
11468670
20826503
91452923
92874745
78806580
79080277
79118491
29470672
92114642
13096930
68229976
76403878
13305774
8673557
1339400
9731655
59839343
66735489
55840669
74902948
39570459
78586890
31606461
46127646
11759241
58268275
77428051
43778422
36080314
34544110
45559919
52365452
92959414
68619279
92528138
85861253
80707032
43592844
80052370
56407649
66533520
34280982
78786887
56681753
38964275
19721934
67543894
62480180
28541192
87024790
6218250
81767795
76565264
43573125
25999239
29424386
72586115
73018492
21509718
53378327
30604997
29336189
80251826
52868140
39415638
13162804
13349492
37898852
46908148
37589442
20232934
27328016
40693836
46242628
24604893
19526251
75478321
67642749
28626340
37751978
84801543
3135804
41069844
2105398
43450679
88708712
36764841
17228739
47141810
52445052
41299381
67082911
23994028
72655014
74222996
66157053
20757482
32826873
40028098
44620758
65809956
39976198
91821235
81411559
49921661
46297206
80460247
86562619
39473090
69909851
84172410
17703451
16811120
27528820
17255614
15442836
11622272
91432778
89578371
3864779
25551982
26587727
56223716
47741084
62600781
94010563
