21754918
88274649
50694854
13065455
62088263
25630311
26807193
78858259
30770224
6699431
75305277
89375047
69460369
23623167
18595997
67047208
62408872
45909482
33716041
82992514
89237804
22614662
21086033
67458631
87282234
84960790
79059382
10171344
88153809
7628770
82249156
66219807
48292036
77472423
5862965
27833978
57178306
47194831
20705397
39871708
9588447
71831047
3159465
61662688
35082199
79138005
82208658
35803201
74053242
35767484
76376076
36571408
48925739
7978483
14401480
54440617
77747701
65593688
59819726
53015991
58411156
35377952
75162705
9544555
20757116
60730612
706935
6566727
28756728
15458995
19387056
85413018
58663401
5303645
3687462
70524265
6713753
26024616
43826800
38976978
55974995
33025935
40090393
92100350
62818094
56080277
3527081
10900475
69152065
75915652
76159116
1378280
87808203
86539731
18006533
36812427
35377107
15243003
49154406
65507990
92081077
26712209
83376953
46347481
19641436
77248867
51146818
41836619
21521708
40511707
17713729
29452399
22893661
24721125
91432539
91432541
22188549
64047747
21888459
75265651
13354770
25486208
5665749
56758172
51021142
55484697
88002251
92911696
6308919
60408630
64400271
92727760
43178263
51715400
38745395
46020079
65131172
47784006
1513301
17394917
20264476
17172119
3978617
28049298
54525929
68529349
35167980
26152402
80936429
81302309
91269365
37745249
53784889
23497884
29905236
67559420
37752665
33362845
66026018
71818333
41017735
34930114
24332848
84868604
37856649
14333833
4043198
73774796
86035215
52192088
86306053
16786470
35070640
80814892
40162079
53675844
61950137
63948784
12248219
8646015
89574360
18158214
93945972
44514937
25305591
40519358
63063909
40298829
51470784
83999600
84199998
35776647
85906453
82750743
71448894
81381167
28947443
12531842
70889294
1706818
8037077
66644585
19169257
37882283
54589442
46063565
9093075
70556367
56518466
23112782
60500918
9533125
36621922
50580732
2349420
70983865
40819173
53073195
81205309
67229980
16626404
79972010
77399431
77708695
4460199
35537335
18687513
33760178
28479808
63423593
64568585
39462044
44957434
66633229
36375881
53879816
9336456
13443090
24956350
90287015
26884630
50582619
2200591
84762443
5491779
3097884
22926079
39192416
90005763
27665214
54052113
80171613
40335760
57279653
26353724
40369396
26650460
81767129
27855629
63388099
91642033
35554479
27430473
28765117
11999406
92228770
65933103
59706966
88956840
56872686
8425900
31540512
16167105
5391417
40429563
2655882
64207594
50715215
79806249
56144750
47274638
85491764
40864336
34223771
92751710
19362392
21979576
67542336
36557760
79396614
47162484
87331727
88907280
73747454
40374667
12523205
46657783
83925492
80785081
7182485
60096669
77219190
10325273
36972571
16158275
75488706
76688311
80957864
88248605
11752911
23622824
51577668
35658734
12824130
40862859
80859990
20606526
87364600
67073350
33696701
34045584
84199886
36105306
436933
13836820
132668
3677588
77282833
51895855
51631358
33412826
81463475
54221418
30615514
51155922
36435305
35267620
55677707
32251675
17164756
24792294
66516528
62114288
28814075
94046874
6160378
66337646
20482675
55271125
48519787
50507687
60585384
16961436
64060660
77126156
16405776
92292
35593641
78700505
72949662
36077323
5469140
54497784
34203695
11963688
54296272
60020069
46146726
93854718
9107269
81183397
45400143
35152985
36899025
6882423
78729304
13171333
64308136
63257154
30056408
56563813
75234931
19619142
69125456
69810827
67485451
54142865
63162284
16543238
46812871
28220490
73846623
3582845
21598787
74421981
35121856
36512390
36239870
56945693
78563063
74057544
38574152
50743743
1647475
59991440
9274135
55413769
20588642
86221102
18951035
535617
3981370
56748018
2605716
30127438
74398516
55813936
32454894
27478920
21537270
87701206
56047500
91073872
48771089
39743979
94438020
92809801
84567056
89849864
49860722
17892065
81516151
61785732
17590444
57016837
8937030
88173464
21754781
77053159
55325658
45978359
5309034
33087466
65274790
19131888
63749820
28490626
16998346
38181557
78823936
8293265
78124503
52823592
34301927
73036867
28305803
25446027
65432708
3253717
83107859
12388464
2661270
53698358
79048850
82800075
88566941
82250217
63820902
19035098
33873172
90379707
48534258
87704746
6321699
55680929
79318574
2968913
86025236
35163408
76833584
72311666
81061336
23732597
15509481
81096639
83488136
2056290
50152905
68136814
23906241
82012210
90058376
75806568
21793800
25362634
24397345
44483914
79414216
27713693
22960398
86812114
28156854
1140990
75431257
38334915
65563474
69043508
55802091
16628713
77708118
63067201
43240182
71432639
67413911
53708218
5470772
85368840
46950069
64344846
89107344
14401131
89048834
54305769
29182954
4237299
79342610
64740888
11516388
52185758
88086691
7491176
28464873
90596897
74932402
55562188
46488507
11043549
44883178
2024169
67357093
48543352
73962360
2235312
71739285
55973267
16724584
75380816
64283385
28075834
56639296
70249329
72399152
21533531
49527694
26334854
51349672
78952208
20271836
2900530
56277700
93082727
54141052
68186120
48704514
47226339
66119777
76477749
6150080
32053332
85785889
23267652
91129444
19227288
2535894
66688325
7317090
53235830
45639615
49019335
89177134
4306391
23348171
12179330
22896657
38483939
1613593
41881024
17461428
87523753
71052234
36943611
55890441
54432179
15797352
10206408
71641182
19655967
29629092
14970570
18343188
79491407
33505955
74093677
38184942
28606284
51675843
29043828
63194391
32866355
17533632
68195265
87495182
89602821
42573182
86289083
47808815
20882068
5913295
70776673
57294767
21565105
82561415
62119865
81900249
70158232
52185756
54103809
90573305
40815662
76993685
57354131
20829491
86170070
43961572
11893781
69259173
16180087
15472441
73096800
40027178
56445051
57356426
12435676
8620717
15272297
6316148
13471569
85129380
31637667
93320727
55741608
21118663
39321212
92490542
13121208
8654296
58665664
21194617
14099987
26932848
72741151
22235316
77079994
60086971
88331538
88348409
35460038
51598662
23719831
91914663
39754934
71440661
7644813
35372843
37274974
46207432
68026880
22703998
71032206
16914093
49922861
37397598
56197419
51317593
26856004
51748580
56991426
26927114
24126925
53221752
62201018
74342624
90084496
91823215
82365732
56492905
35418564
68159377
72131407
92773712
78240244
25445525
45790255
64915272
12909518
286033
56949943
7579363
11006379
10231178
55072405
85770994
79203802
94471340
10311087
4378892
73440705
9361930
90886779
43083818
938438
70697596
53337044
37752670
34669575
14256472
55195359
49157918
65697681
77241807
55288323
43784898
63305307
73109764
7950120
59893663
997805
47661700
40149051
89613528
42584060
5954277
18526147
17371664
41365134
80138329
36856987
43080625
92692207
11479547
53793923
22746309
70502905
41854906
32470369
12653449
15319546
88918009
35287619
36558365
78060484
72283782
62089859
28167585
51281319
20039509
25977762
75811776
75146119
35868908
7495136
82702383
10511031
2167044
31180733
25927297
44758939
47184445
58437903
4370665
55987077
66668037
8124217
12879461
33792188
65314052
61807614
15270701
90624555
19147555
21166603
5120885
78068149
64020827
516498
36985193
87925970
39605994
38451647
87487775
63931211
71991168
72496811
54071801
81174636
78083893
22093729
19468816
46568586
85425948
13476617
70704452
73737374
85630733
71775323
218927
22768937
93532210
79450781
2533881
87656709
58823549
51248863
45253302
62876796
76543811
12861328
36832784
10565309
40397582
40886741
2091328
24471645
72815203
2088627
83494452
70851814
84715593
90596894
92365151
92924003
42160194
67232260
6392543
81144138
68965040
22847613
15231790
84028877
18155717
45501133
19175949
82563885
91604469
33152691
88271763
11000888
21699636
49315497
82379577
11109224
44946799
9813326
74588608
26816704
40173936
7320833
17999590
41072625
58781405
93659780
80185270
66844177
65367795
76021053
39112800
5721283
87463403
79226345
46413648
81087175
66419110
85721722
58816858
46696214
47720304
66987920
66874414
35167174
38017575
27222773
42251520
72832101
32569837
66217792
33783392
4398999
83912042
84808837
27220611
57988128
66434903
94039306
35183721
66714421
30439717
79020214
42594436
31681194
85713506
55364941
76608001
43542200
28586477
86745505
62754056
22791961
31376696
50378060
42482052
2275324
69298029
85175664
85444929
29849363
53728788
42667588
90617510
61299989
61493386
52734682
3722732
91704374
59909538
70619459
22004655
32747253
52046983
60455009
21873250
54470662
36341607
23107104
12346108
74001845
68064511
43803056
12274537
17684547
41985751
23778612
39769143
80037694
27386620
16136040
17422469
12778327
39954057
63896900
43535045
20293074
5603889
11159525
49051188
52862696
31264942
36790563
87774317
90454395
76466660
37173686
71758313
55863536
6536349
41027423
92686266
18095156
70255529
79323623
50063355
33822953
58951447
42160720
29783070
2984431
2313259
44716839
48326843
21302384
40438004
66270978
20279510
14644417
7910754
63277074
78790573
6450662
86866450
41915521
87566045
33642966
60471360
78650337
36490962
47217737
6173348
62504637
63242398
27100174
42256740
44714844
93471196
47062402
26406821
44133149
89678923
11466136
64124107
87647182
19999821
43519311
27354076
85407602
73635277
33152440
16931565
42368652
39484815
76699710
56795193
23637315
35320619
21699299
89399515
44651449
39223719
38812621
85343647
11339115
19887067
60157167
77171256
89782348
12822826
87468911
50306913
6029760
86331233
72842374
49175120
39051179
55296496
42042759
71981986
23673436
66781291
28508108
71298404
86691785
6708923
56422485
22688127
9082002
52406491
81679111
82195784
25288167
10169427
25372041
58731611
28784174
60911108
33191268
52571058
64630721
83707692
53837303
8109534
29014095
89406895
25510584
83968998
23101973
58728868
51639175
91859262
87342886
79055053
36348681
73039720
49769376
22208997
59052080
74909148
22568891
42523525
86643996
62007863
43266504
84534089
35769325
90280825
26624830
65876602
85206958
23349251
3865211
74086199
60000599
54967747
34311495
93027291
24927918
68102766
78750459
57429324
2270302
32574563
53313881
45843052
24815483
89817181
62398503
69760735
13928469
1041316
16739430
72812617
73015520
73777385
83968655
59338012
5561709
46562998
77796968
34919024
67026061
11672261
40812076
38039633
16598688
67000198
49552367
88469526
9332009
80071017
10201341
55082982
68871535
22559098
9179247
86572121
92108717
45276445
10663891
57185298
39712081
65677055
80047141
94592284
42482909
74762424
62585656
57681849
54940191
47024962
44193603
5988190
83073592
65293404
33692040
12152846
87245116
2790388
7415117
4363695
75612768
47103543
21275311
32439821
12154973
44278137
77033200
31457042
33838654
60044323
52194894
31243216
18902977
9933466
39570325
32491814
15242628
66110294
23899190
92674404
53886317
35654539
64874858
56675694
88597430
65227753
37261238
2207336
6120677
89109102
78803522
17850101
30023316
67971420
70197727
16846652
46407119
12890898
11536235
82944988
63461461
7043258
37761203
48479609
78794548
52580490
39268175
17431791
67585561
89897298
59852754
3673097
27831474
33759255
4478735
14946645
47010399
18504467
60686142
85091041
70854450
6950262
62990491
8137066
83084815
69575169
41742987
46504309
62984232
66131639
49998641
76446189
5951968
43428953
72365786
8487536
49707525
71673146
12964634
61597434
59441504
11494056
17399508
72001140
74785907
91257103
34527577
49120480
36667493
12193157
11721121
65704897
59514810
5427921
9435378
46091803
8642925
85744754
56804388
66420877
28091130
28823275
84678815
22115344
73664793
22263537
46262840
35311307
74065291
26160469
61992949
60499594
40926351
60605598
28080368
86290943
5570344
87300100
53092314
47415867
10919124
38506978
40008621
20933468
73528624
79096454
88468224
34078978
83446570
10443762
41229688
16607105
32293107
34598603
51218449
23643571
38927149
88587408
45652090
92677407
85057272
49529161
21323039
74411398
17003972
7301862
12871126
52726766
36952221
22828641
92254772
70644706
71164050
52624639
49193738
81678131
53058210
44550848
84029604
71211809
44992044
66281662
89559525
67636424
27382493
74558136
74768796
73434699
47440024
78375893
18714819
79407789
39803108
15406614
66519492
47971331
80504903
87883711
31703743
86065538
64601230
82571701
16897706
6683156
85779550
61865986
28536052
29025109
70427894
38162341
17101266
74349298
71813059
45286540
51992997
72388826
679275
35096540
17664048
13984805
81567896
49669881
68047194
54472517
25298595
13666150
11341732
89460709
39270229
50014453
81146422
37437739
7334061
15484242
41112107
70967128
41327307
12571296
21539936
92208005
15767437
50768805
36583932
21014093
4452468
32149675
75324903
24332329
2197806
9986880
40206215
36565148
14434969
85399234
22271339
78038661
34507945
18821285
10343254
90575980
43174680
82594023
64034527
7543771
69067200
28876052
50820324
81194059
12636941
60654236
30349475
77221019
62051624
7406252
47290588
56640212
42086190
43794307
56812427
63597825
48735945
86784052
65905087
28690931
81566488
70827243
40355381
28836799
81898200
92625322
79992051
46522275
16966351
44675920
2741455
28670943
90445972
14507867
79058773
52946470
92288724
33750311
15643964
74217408
48165521
52255352
7452699
28175910
65063921
4808165
8317089
8223281
20814302
76334682
6947993
63910709
59902
72660851
92806082
94405192
83547090
9532307
76267570
43645796
11988344
55938783
81693875
50318837
15064368
81883763
77077922
2864417
36991547
64372756
8626764
57611430
90436597
39659368
20670468
28837092
12036004
30790193
73841177
36649800
61836056
75546914
93792688
55098067
65351329
32969434
28485656
82941133
40020567
5524906
41446662
40647115
14016200
49631687
49544521
58315996
85832675
77220398
93567275
63809736
38973248
17274653
20012480
3503331
89932759
66827596
43692314
44768547
24852902
87807850
70072109
41945170
37201287
39997230
14306363
53673518
35985019
20829652
34686312
16816431
24798416
87942933
74575491
15557915
34921727
53002914
37104910
83015871
6173456
1071238
75464389
29250246
37799362
93379921
33625650
72044925
29720990
80372733
7939045
25203458
7765857
81774943
57002125
59396195
38877767
70458189
92125483
16373167
64975215
10129222
32915661
51115451
94334137
63173882
58194031
47034036
72106700
54487567
19962170
24889548
8041821
29413058
81551122
94115518
57802904
7735929
51506753
87809902
11991461
62519918
42622869
83284772
5510826
51438173
72554756
71076240
72848960
39315792
5185619
76398935
28688865
53741948
19828501
73026973
2229404
21793801
74515023
16927321
28501257
31516167
40145451
64089614
45073528
86662893
42240918
94041809
22199604
47929500
38524988
71437361
83831608
20676535
30161532
27459500
141918
41706098
43211079
62952856
6599387
82513227
10767757
46605185
66219151
62486842
81012472
56010878
56579645
22249904
7373821
47879224
81000232
36444377
29331384
48025471
26800569
69803168
24217472
61421033
77813993
53449678
93253509
17211765
54141334
31795407
46618831
15710715
86184647
37204243
45679421
90507052
93054845
77844974
36182254
53325185
78043733
19516356
74765285
91838934
17713604
12983699
49138379
65817466
59247444
54389685
48390935
52833090
34425402
38205129
64521823
56406701
59373009
80197481
28866400
27513409
35219407
9986871
29979345
37521558
30864942
11955224
14376707
5027518
17670009
23328743
57749103
84222049
94100015
26068899
93066207
984413
18783636
52353614
3048831
57025586
47128095
34063889
26857324
82947406
870053
82108968
82175942
37813417
7485894
40609899
69974573
80138550
28100242
