86786317
11866744
1398720
53967520
58082094
3999991
45001638
82658741
66252250
79243642
17396676
82169301
34990389
42311166
44917740
20885284
91206405
58093397
39836804
23408119
63547954
20632715
90246455
83731216
44177681
65504386
63258023
87856134
65513143
17227370
71159943
74393901
39826458
55665135
83263280
86263050
59245607
47334317
76575199
59718743
45744559
40470198
79101402
41080549
783410
16414843
86338765
14187316
80210881
20525672
85638128
26005694
77978978
84438360
75727908
15307158
17554707
29048971
20513173
63263129
31025912
19046523
6090775
79715245
15826562
69589929
20802961
12019603
2484700
58054944
82745502
34936125
6690818
15772001
78593709
50048993
59101696
43713192
55176335
64350161
38319662
80006289
23136943
14869309
55180261
14869704
62644896
61083027
74477258
32180459
74543996
37905219
36274278
6705420
47652157
20777089
37466315
4044615
63344714
57066934
42778094
39430214
50550911
13539157
78942856
76906149
70413210
47231930
88815465
76584020
40082483
11634411
79782379
73088771
36234975
9480719
50764119
91566661
20639588
32550862
76575841
67636926
33004315
56230588
27761213
40937662
41096100
88263664
56213529
35130695
47258321
61683459
75974323
89176890
38810455
81232727
80272296
87259543
69932202
38864866
81688177
4444883
50546199
73584747
350277
89113259
60257113
9649278
77309363
67098853
1602840
84090385
7132107
11828686
4986034
50891378
18515293
79189561
47075255
19424218
59519284
81657682
45531372
46161861
53305106
68265887
90059697
37126833
46903928
17551165
40978727
10668628
61801708
7011351
30973940
56737713
52707886
50733046
73488227
43015127
73347172
45178177
57777397
28834610
71016694
30921878
87968676
75761522
30788080
69082530
37711135
86033215
10704794
56216485
88988513
64414053
49459089
71421777
62112928
35725811
34581256
84276267
54662631
67275642
56571515
39312384
23688087
71013970
59488007
79101583
26188895
53066246
28719044
8545540
61998356
61796729
11546875
81759440
64790622
72420965
77551232
78027336
65716603
55501759
13760626
34038383
3554493
83415060
67280569
84956559
90551624
8725227
41836068
59485628
77771791
88991207
54748851
39030845
67911363
57654459
20253980
93917055
45987538
69326317
31146313
84942426
36785709
83688613
82726145
80362527
86200891
87256876
42896376
66614853
18534772
41912036
39699153
85877630
80498422
91855154
92891474
43548133
