14559889
22262806
91695629
19754819
49756012
34889654
52528298
4722317
84778600
18767954
30764044
59286974
39294546
24460320
278974
14205023
27152866
80211167
6620288
30636843
61676569
47239819
61359210
25995187
82918962
91123853
33697300
85816497
78433420
88515957
43747393
22932537
60649804
33660071
70151798
5462359
87157134
35409150
77177824
60549092
59424607
75165664
74654587
17285688
37388896
87076353
13571226
17804521
7922110
41727733
63897216
12458483
54093347
53108105
79127129
85262507
45762897
16275820
65427369
64510693
33212781
333904
77294180
18364994
38340778
43448217
44995020
91996544
9744317
2978827
48774964
37487174
47888199
59755633
83063414
60697350
86670839
20525074
7579447
61751700
37344061
11474881
86769272
23391030
91560964
9816779
66624586
64067537
60537925
61186302
17369129
28545119
15320730
9000688
14490337
72290086
53105502
29531761
801325
36621170
52834571
71304188
63082230
87879532
78553702
50223424
11298363
51219665
88137689
87890694
84582645
58434035
94231593
19997074
32852450
78011505
35414920
1280962
35213515
4454175
81841178
76237762
3023105
75927990
27381075
3112934
50244267
36073560
59824721
8976419
9238798
84034528
9760602
55875693
3832950
77764108
90439119
51030305
41930958
9170529
172471
62895458
92450404
91475861
89060263
11931998
57483264
68041442
68041444
18019243
10282922
45000226
48992698
46703262
12517200
65699304
23463232
31220050
24477245
30368550
79284911
53386018
32498419
55901125
56939023
39617528
26254923
84319245
68409658
73312520
40324647
30180328
59698947
16146566
30703294
11931455
90059149
48519849
70521566
72094969
69607026
76902518
12058639
89156333
48832471
82910399
30358659
31923264
34463146
90338930
92145340
88753636
34558091
5253378
58674765
10189937
44510053
81883304
37965008
89382424
90488128
62085878
83793400
93327253
50924988
73680391
68752594
93451382
30471596
49754130
30879663
24743286
13584836
86455390
87544357
77313146
64058873
27556525
61723998
72318467
223410
24951464
56003172
53837211
47215654
84862146
55389478
83328728
77864288
49972666
71639587
63486454
2810298
6392857
61916336
44654391
94063965
74861594
79094186
55310982
17580204
9185402
75697577
45136129
62831352
44691786
59488855
2701347
91571145
23118099
31322350
74451602
43138943
7051362
38121161
62305240
78700071
93277862
33986965
29250799
56606376
30980895
64470745
49587402
1543251
70560444
68342729
37623269
83243774
57016027
62778806
83534409
81557710
27254234
92283522
66661132
28127946
58970066
80417337
37728596
41308511
892888
86494590
18730733
59728465
30158722
36173431
82372751
61329972
84358417
46372946
59201477
25977647
63292499
6470417
10816017
72103996
56126748
43313974
55522735
88409429
18250134
3115906
20436821
38126258
60753178
8488719
30642608
39687914
53508220
42858494
24811635
80414831
73742022
47622393
57740277
87556320
10643013
50801042
8577105
5524252
55722080
34776059
79114409
83604993
48536766
35482095
63019871
58975376
41736105
2070300
24570971
47864798
71717257
89400013
22690534
44475727
17239185
17511231
10685804
46382748
5771484
4158980
23677287
50842502
82647141
33703530
66411648
43098010
61254765
58280830
37697591
77592173
10198954
11431237
55062064
39095861
14421897
56565657
16912022
37904143
74990698
65524134
70774303
56530623
37586902
30817379
34153697
91193889
35903192
39022488
57801829
22829209
84350107
5832984
21904325
39608950
58395585
7703832
94080292
69646640
16535007
93005868
10863505
86597441
20765819
26821
67134219
76117321
6002866
37716625
29376085
649519
585648
8606168
3023104
68172998
27208202
64855001
60452029
89335537
44224833
57346746
57974603
16203626
47351103
75039218
3563262
5689572
8032460
87654615
20483013
2657880
62393306
79407683
28189861
22814479
88186437
13470060
2322693
57332441
54378427
37910886
27997581
94383202
27034243
38378343
29900963
91103591
90288739
53835274
92439830
6723639
6273604
89296257
27340786
50335791
994211
14634281
73333248
90740816
17229019
90182786
29027487
18999826
93798567
21017399
69485266
4134514
26610773
64406667
1384470
36612815
62731377
84995704
74511423
46045096
66861037
52779399
77559733
13352203
10858343
11652506
81050829
35962440
47009956
81861181
54039400
90451344
84469019
79021200
59171493
76887719
85809130
54307389
28642602
43834771
78278334
36612923
65537119
76711169
35479317
90447862
14869068
66865968
21699825
88010010
17791451
10383763
3445511
28034894
70135703
78354615
40386280
69453375
28642599
52442700
28175712
6450053
3856620
87873
42666255
80623039
91232727
16958851
89635649
34370395
30663974
45034359
41534910
39860252
62163940
37352903
61448974
7056148
28574374
9981426
72113381
48574481
17338969
42217949
81813865
6015893
76217997
61088760
72834999
43531318
7595259
81124661
27304822
76588957
59709826
24876485
69567439
73307221
59365575
80580475
19072077
31141891
71851690
75913540
20325151
75282680
71213359
94044867
