40443462
13707416
72301227
63254234
64712403
87434942
92114680
66886574
81695015
89381999
40787098
59089985
57572265
36678820
67766694
42356519
59081959
22930051
16301427
71647911
24284578
58623627
82174817
87088233
79344960
52898389
4531383
66529384
19118766
38084306
63389742
68904598
17247071
13603131
85666562
28831667
39065783
12087183
64566082
65634717
36100087
78615669
37465417
34919665
16699476
35491497
83940520
87730201
45638984
2510594
52725571
11258307
22072422
35139944
16028685
51811844
3325286
51219482
74071653
68811044
12357071
45878630
24727423
34573468
8112383
55294348
28367459
80278209
77698120
79784702
19217774
52981184
2392250
57903835
56096884
72613380
56070136
73578534
17329853
29222417
56382327
59182230
74420714
5246994
49947072
52473741
71271852
13005742
59923109
18812236
39699389
33079908
30397519
41765951
4003006
85638251
13651017
89133829
77349890
1955630
31768692
74931902
63536977
26459226
13868117
87415542
52921343
64055694
37808921
29068139
65532709
8883715
6339745
72664462
63974782
83145955
65676089
19892230
40854720
82296343
2580604
63801695
29081703
88899375
54941413
71251620
32484389
75040923
51919070
15484354
86119778
6590650
55694564
71118525
42842666
66212001
60852990
43026627
35762188
66949372
64426909
66384598
83892377
42607317
10568220
46207502
36873997
38372759
59807049
71989386
85103099
69463168
83682468
71291070
