54577383
7256961
55935684
39208688
51463597
79949658
84821996
13663087
995976
15094310
87110379
14296469
86304515
82665248
11911402
2279689
52022381
51602491
8025652
15930212
45078777
51906551
37319354
81755267
78478158
76878331
36406937
89658045
2651676
60458444
50515349
68607849
35626059
40327358
50387180
17825184
9493859
11438466
86823649
88121994
40234829
86619787
3165576
22393203
78212523
78072947
16853733
31880759
14818839
23801743
87449279
39633251
72202842
43688234
37586417
91872930
35106436
88459131
89071372
29354739
85879151
1227833
63538448
2983909
4294913
21489670
10129805
64832789
