19855747
79559225
9340295
52419760
48718348
28575416
91103712
54635152
13140151
28524654
8782957
54178023
16836318
71589388
62230816
76358753
79683059
2472152
59774916
16697597
12273966
43554535
2613039
15778672
65076182
58831872
23766447
34613043
68455991
10098344
25451372
56947050
82267527
755315
14173075
74929635
52865797
78266528
29243451
12603937
23580213
38205183
3479765
28248864
62287288
69103180
48427232
54635155
3720228
23989914
3621979
35129217
1395050
73373458
25769227
59629556
44353602
27462893
53832166
73642765
80003373
6052697
76988064
37194132
16393936
65608177
6951580
42249107
25052165
1134350
50135339
15763895
62672499
62672501
26736254
6691366
11813034
3111537
54047968
5105175
51661205
24074040
39214111
63336807
57361899
31525183
55521201
6028675
8810379
48870319
7998558
35019377
30228342
1544306
51155820
3287172
66421607
21865749
8209356
45311856
36611459
13793773
32693930
63601514
45336277
49878412
15343424
35320839
59137313
27172723
49538125
51291601
60922237
52711099
72480839
41866336
19114780
78677496
30143058
31331381
49277543
84558170
37110844
58992913
63296699
12778342
21391711
61095169
12978892
56188552
54205123
33280193
7411707
29160716
140754
55355935
82361829
23590373
60730769
33330670
3007524
16559373
88642498
16899508
26063257
66906302
58001203
28805915
16225613
14461593
20152803
61138043
40313360
87470361
13167811
71043326
80530072
56287723
37037723
40851516
85326487
4180349
65512338
15518701
72742961
40886241
49345713
50087240
78766890
56434283
64223814
61367327
31690142
24283819
31479643
68499332
7742053
57625119
73716467
59932564
14372647
62416567
16050343
4675739
90179821
40589016
17435414
18554730
21806496
23037117
18668930
88733017
55478008
59413558
44364713
54637509
88707620
26304657
22806479
29454593
3825251
53804842
49341367
62466375
43972908
90311952
30132910
78767650
35160523
74895954
79991471
19914162
5438607
76108511
13547455
36060127
55464826
47656688
61766399
15467885
49400301
22929881
3979199
86318597
6590452
77128670
66327380
41734162
21810026
19494455
59907315
48504174
61126906
87039088
84602725
66264660
8755507
24507102
45228813
64791835
82421703
25362600
47879772
46159154
13362495
21732660
25028826
65831011
4780158
28961400
75541700
83886996
84729933
72852184
40931703
53005287
44693784
67193583
21112457
5027112
4391627
8131116
25504918
4825121
18282399
48299565
15090922
42855563
78877430
83638698
48825335
45221570
89764704
7747906
92790502
72048354
35913855
83930899
27387686
17514354
57215434
21755880
13650632
45617218
33490575
16911586
64093321
15247697
46793867
69445872
79466857
47669204
79859880
77467272
6004063
55695133
57294134
65701805
46406932
66800758
86127996
80648922
83890486
49662941
23374791
33060943
52792302
83376501
30509842
65472820
36148470
35962112
60013966
69565220
16437115
34319990
23828277
36670289
41142395
17862405
11951418
46203987
3209158
57591289
66327683
14238276
23373575
43808206
74246775
17258369
86671780
10636280
73916753
56887720
65959385
63182249
79480775
67120096
50582346
31845697
85628892
72025296
19151367
64157415
64393715
84357872
24253922
6173520
61075265
12409452
76198943
38321064
89522251
87910575
29192954
35605855
61695330
