56360748
60958466
73710570
48087213
38382784
10318156
89681411
74507683
74507684
17103221
3887847
12266464
58687752
32318220
29184810
56017036
19294539
81100956
22930287
35142840
61839790
47332341
24166168
9881727
21598490
41655791
55514636
86713529
875465
47278876
4811757
32426133
73346262
26759573
34540507
23491402
54595835
14865712
11872732
2546218
27897561
66488860
12288187
19103098
38930583
11021753
8707182
5983577
51901429
20803022
4689795
86648782
55862930
14608318
60068043
89229024
88774651
62588702
7968852
15509947
47043958
55191302
22390808
92599026
7090553
79956868
81503569
20231313
45254114
62404826
88726071
68825101
36446843
82421042
92290794
44216781
57903128
13442015
74274969
46640400
27328800
43816483
78663517
57154021
90832572
81586532
40559341
92643331
17960178
82130275
47707472
85170384
15876416
15426975
38978456
77273926
17300603
51805748
64074438
37370638
60125551
10856530
56295240
48560688
19432631
45137327
23684842
78023905
16789264
77086371
18103323
51338323
4225749
92982125
63241775
29783556
58628145
82295981
82482458
24310094
19499495
89156727
61755832
75344506
40534236
9522779
11559772
38940348
88552387
62164877
34641229
7437931
84991589
43666663
61035774
24646079
75421281
11036277
6161690
68180280
72737529
68537153
972551
64300591
8554502
70466660
12376977
2708197
82216947
2061906
43801690
75321742
90830932
23300609
51054560
9828124
71845920
55964963
15327249
19565083
83162323
30927582
80303701
67179970
90416445
77422574
36836727
88404418
69027226
81831600
29555014
49413260
8192471
14175951
57082498
31380102
14601029
38785962
22656093
921735
32822960
39831687
88448993
72666767
38422822
65818403
53296666
74177931
45300379
40521287
10917573
7486777
81220954
69016298
32298606
19865459
70635571
54064631
22827647
69412070
35394636
12945517
32442318
24299973
52292156
20494955
17279758
317527
6392031
54611269
11760171
60415714
8126779
30726606
9098063
966939
36485684
43196886
38648590
21092236
35477420
19906542
74712865
43934526
54024034
78082597
63301037
75312147
28878560
3889851
47734458
33255558
35036059
58144204
12389742
85921568
84529106
57899494
13514384
55470904
68942600
46496187
12032684
5834317
48161620
1736025
21819611
69788538
40050760
30221199
63328782
23619832
67932055
34176407
31118488
17878545
70929666
38282962
43594477
2995023
91422485
40036116
3542668
54105696
33484931
16968375
75556513
43973845
67364841
4389296
65126357
80557172
66599610
964485
66289163
91964799
36746460
80810172
63219653
48433509
11488784
81815754
59356900
11998953
47113562
87702892
49456982
39470687
7388995
7643903
80710943
24157432
49739632
7386650
67184109
71995237
24952521
87828535
42277373
22905092
9174304
34321395
87926764
8189449
69683662
11274944
47208455
22458771
57662930
69314176
78060704
35164964
76744838
27990994
33797799
61404936
87497158
42894531
29606439
69624428
47753822
4919288
17245525
37110234
34120479
64904852
48740445
51192663
39568373
80487550
29109696
26798922
76401144
23915394
55756533
36481655
82602970
31545706
45130419
43513944
77605807
78305302
22303489
87252570
6417096
43662019
34240805
43373873
56880916
42569321
1885991
24640614
86558534
17289896
9032377
28574464
85426241
27862562
2576357
83370735
32507818
9562272
47218551
92311267
53739812
86428088
65760311
25100944
78586176
50040839
14707820
89926787
76014264
69125432
80861062
18509393
70545729
81848803
63191377
65311142
79110454
48001658
66913441
54511947
52365344
54110107
52876530
39506025
7717152
74795943
48318738
50854662
71542314
35093223
59056077
66210413
23015363
64173131
2194745
92816942
80015528
35154372
42978852
32585300
88707517
70302946
13269902
8816465
62209699
43755277
46464018
61509395
4289226
54780972
13901190
23194684
76900540
84233972
31127212
65818148
91696160
50917455
40961821
51325099
18900205
62881558
28737138
39289965
16610692
50424053
24276167
15056372
56805670
4755954
89706386
88571655
28302366
90252069
60945683
2211515
22944274
84352522
85957798
17328169
85427216
48995029
34998521
31673606
3763349
77516131
45157892
38588241
79124020
41181083
38611052
54346917
36624480
83155506
8881795
58418389
50667882
1314626
1627556
21781979
63158431
81765088
80443749
363959
69339043
87965838
54965978
14533435
81661858
18095802
36917642
6241229
61253531
84509518
22202477
48419728
88621570
52696230
29732059
33551084
85649551
41951058
83891846
91869661
42140820
50015411
21060204
76221665
19681430
49092743
42473371
19365022
36439162
32157082
5692296
46753908
46919061
88556518
4621128
2704048
46172735
76571806
66896468
72719440
42080018
12769410
23271258
60244474
45856047
90988323
79429858
63432055
36888193
29303000
30741811
9826735
74447066
55293392
68003351
30717808
90748565
15379177
44117958
67278890
79737264
84955624
10093498
36798763
63437769
66595715
62858386
2096829
65159951
8007865
25206985
70910954
10121008
49358445
84856197
60533418
41227537
17161641
50994378
71755143
42016224
11502748
9292038
76649777
15225521
56069173
49409894
61139243
32772308
8726432
31057617
51515859
46695798
66964886
42248217
20342525
40196890
58724956
14258616
89215726
37974174
2184401
49169773
11058216
71141254
80898678
575210
48773334
7504099
38551475
6026226
48589778
63594260
85115504
61599053
23451628
86024818
72760369
43255382
80454125
33173315
4813240
61274281
88488142
71886692
64661454
23056543
11288621
63837109
84710085
64227875
41168737
84937713
64001114
72110617
50258645
11293029
10008187
49709281
54659260
18666372
5778846
12963911
71987555
82482695
83843915
80253050
1293842
82130105
71754102
2131465
19146754
89770790
44783538
44304240
17141980
50894325
65535675
34140404
17603241
74656311
66274666
24999123
5971908
81791726
22198818
72038565
26677432
62581050
49521897
81815914
63498739
44679690
54824992
88127734
40750711
81345212
69021748
9440983
73876773
84787242
79879859
90974229
78035581
65235454
41629752
2054644
1628581
38712469
30758673
7927374
64586361
11779367
49992976
67116377
41198444
67697534
82875750
37625560
52667526
56383464
89298476
55404093
12163134
75273741
48201099
71198381
22449796
60472364
54449694
38597222
55456942
25419988
34335841
55652863
83098772
90151947
70228730
55729472
8450374
37046677
74180751
74306513
84291685
28625989
74766007
83258984
55856154
890374
44393039
80132867
8238353
25960523
5723494
34254585
57225809
72640832
65769187
76966159
85250540
59260222
82831086
22171839
24750644
45366686
81149528
38037033
88045248
53580846
64725647
83139747
46701981
66757487
18146092
61528862
18450873
6583972
87651651
37372727
9661607
5971086
46012562
50532687
32959163
86693330
80080294
20786622
54469979
18641983
4670733
40380455
57719144
52189544
76099144
21240168
26522896
58583261
83840712
37887295
42529940
72613396
74610143
36752470
63186094
21604204
93056830
29350495
55210185
34042363
54464491
20053781
13509929
87184403
28684024
42153211
42145722
92630143
32614922
21307220
74844236
4970400
19102994
89112658
12070491
630465
17224526
16445400
47022727
75269647
48040391
36931710
73540457
54048705
36258302
58364130
29166794
52827708
80280421
30691809
62914707
88607606
50061350
1037910
46362047
71680421
49247948
56385354
83579385
55538364
56700279
86949747
83747343
83626603
85107475
44847972
8296521
87270002
71328418
29947576
86618959
7465889
57407974
46959735
67249365
90741330
70550860
11985303
24511331
90127512
26141734
77801755
29918101
15030730
64305559
45701931
4817334
72801150
759907
62634823
1326809
34578778
87662709
84478441
19583373
11285887
26434905
31067586
90204555
71752763
86855991
7620936
69182813
66141630
74542591
73798570
74246788
64460715
37305452
63176077
41590259
21753795
13711919
20483601
64170864
32534609
8829774
62128206
52714899
11752099
20552091
79060524
48861640
6063841
82368809
20550497
29411550
84554795
48815575
71643750
70469165
85726468
44957688
28697238
64802860
20968911
700869
5334189
72695400
56406513
46926313
22305816
18940598
52889013
51578126
19223572
58267467
69155623
72243048
16382529
91242195
72365163
84276719
68440047
38586842
30279795
48828534
47006769
85384140
33075151
54008173
79955840
59821160
72613585
72351387
92580098
63759608
88290619
14849948
49937289
29651947
82384938
85946688
89130025
86912334
48933055
81046480
27830938
17104087
67739605
47474051
7327807
56365031
49960460
24725967
43639985
53255886
34134335
79348126
78426001
42228788
30901835
61203237
23952934
7586896
4876022
49632990
56357228
18950557
14206786
53691527
31500205
52251089
37645979
58903733
34158023
33100071
72037973
20944268
16208317
995917
52773145
35251221
83067951
61113068
704377
59677250
90820174
529090
2577779
71403912
76464939
15655532
89158539
9418235
49986788
74570938
31222219
12627539
24804360
24422083
82124111
84021632
24686499
26572794
38947085
27873950
11382940
84890496
61098174
78621956
43191271
89136136
56263875
57208620
84112692
56151734
4362798
1156446
5693495
25386775
10142267
22091545
6536686
74043356
58485867
26860339
30272158
38120563
75271996
67370608
44247234
37965800
65132205
25596081
8253035
34223872
34223875
18081220
2971248
59287393
4876585
84703333
70437697
59777110
19594825
35395927
78197841
75624508
43033884
36044904
86599135
62939173
88364345
35295693
52229446
11697510
20745506
57988157
50237656
25794850
31971548
42977663
65654586
81749312
67235577
20602531
29546626
57170610
54748247
89842153
59287390
9780508
79488350
16291559
12259926
9745288
5879605
59992074
90506214
80440841
66502984
20659249
47392681
10125750
57659280
31941737
21997537
63222892
25568795
38922348
17908289
56475344
12464631
22870782
77002471
89764728
89105380
50200314
31913381
39026170
82793091
34470587
69977663
88410246
69974510
66448243
88436439
30481240
41087118
45775934
53216721
14334405
57489652
59412139
92865929
19178553
64673459
37011827
18449852
20719753
89741237
58421719
59777902
76019465
36075072
9943867
56164885
69593716
92168593
519511
74174368
84411785
31938859
65590951
33648149
68556263
68773984
11581179
18367219
54463330
85343052
44074486
64298069
57045338
19416216
43010206
54366191
69149669
27122570
51260190
81519460
74167534
45126905
16109377
49892594
38346319
13208891
20562505
22356881
11574241
89850785
85870109
9393507
22701313
55557355
1693315
8972656
67462337
71408938
65106903
59499797
19744882
58993173
86659573
33012850
72539156
78248781
566943
60886548
61647756
57980971
81776730
39519248
42695863
57864096
14029720
85886753
83819667
12947637
60090450
7237829
66490774
37285327
67667511
45777852
45945024
25012728
14192011
24576164
44344403
36467180
4543972
78588524
38872543
15373553
41976962
9392120
2986714
2831774
66369285
46578227
11119821
55055411
77220734
63411501
76138547
41539186
60818105
53091721
30368909
39696147
6662878
22633408
82743460
51942346
16581555
39360128
78451705
50489904
16250647
63692760
67631683
82013659
92228876
12413706
22101278
58560265
65426842
18990698
36855556
2814193
46721227
64257043
66294158
14436
9581478
3202430
42392849
56123746
22287486
60766456
85766106
49603145
21434194
57836980
45583871
49617100
47843345
46862746
69420755
48586685
8422990
89882221
12539164
49541296
56006309
73587664
31233066
28294630
66165542
54586895
41988684
20442338
3727645
52771387
84589671
11183417
29285961
18636558
26608352
31443155
81654533
92781783
10811626
38858152
49078769
26431956
85131959
87226403
88340504
49891470
69955651
57741871
42562568
36698468
67293133
84842323
13488438
5592120
17648281
59769241
73725146
29555007
31813239
50273871
30707883
45281225
59921845
71016563
49367658
81792552
27063424
18372142
69101108
18856855
63978124
49275090
31866340
90163780
90549872
19301291
29767002
73796618
63376740
15235479
3077007
30720516
36475912
16115547
57379892
83101820
942323
17690976
52633870
79817139
85957441
4748921
51025858
4745363
74903599
75795766
61966862
20738324
43097552
56660409
57544396
2747278
74420732
20179989
72023870
59070392
5055983
51249888
90756722
50014559
88649979
21366008
44673873
13413916
89550011
1600386
20113566
1250672
74679264
64437422
61530499
33391733
84955307
88090898
63299338
87231277
63695365
74362277
71166898
54431293
27243276
24945160
75041712
34003551
25399429
42820651
43184702
81520128
70393168
78606359
61287212
435243
74238335
43673638
38202395
39856071
82090840
26752997
42376730
47689033
24404553
50722
8331130
39376217
39441233
73762889
9189091
85940050
30488117
66756825
27734283
32104305
43079685
20009580
61863557
12024214
62448323
76234883
79726181
40231131
20835510
75834061
87083030
58091080
88577287
79188115
7334246
48445008
43264054
44515981
33151157
6612444
33566989
88869991
41188966
6806661
1348703
930297
4353188
77695399
25719875
27542654
15668263
14264591
17569736
67411045
64344423
21249473
89198351
35139287
39580860
16642065
21628492
62771393
41246531
24023133
49286927
21076495
40424530
66279364
50815805
28112696
62503987
17094954
44283443
13192496
36660978
89346888
37043246
89061336
87264367
39860602
34750298
53180769
85347901
21792333
80799790
89748256
4987051
44297161
80544306
72176359
59198641
56543266
73930478
23994618
29290373
29535948
48509793
5305977
69242510
66003093
37216608
29379192
5386176
55659657
24764528
22210807
83533258
49680679
83343506
10561966
42194942
48821632
67659431
66245021
75122317
61899145
56494766
67777381
51823457
69721131
9039710
73493465
63399244
25035094
77982253
62657931
54349979
89779622
22065316
39224131
19452625
24949154
55020041
90645098
75654329
46908725
55574962
16190721
71121492
39245728
89126469
75673610
39525922
84622641
41539925
21998304
71938222
2581895
41432344
30389102
92542783
53915293
9414708
45376580
84463978
81545280
72828381
62682145
6315904
33500889
18285774
88283229
37968840
87530701
92525169
72434514
83166845
77744040
22124322
36594244
10794803
6287483
58745574
57365074
36688555
15637581
16934248
47231876
7422618
49615668
34490733
86891422
61547872
6283606
77803581
57754220
26704056
35163619
17581952
66564853
61443108
92913199
14852221
25122580
4275640
50481224
9202044
30930457
12274862
63627728
90824751
17987806
31584290
71126357
53249664
42870379
61374134
63172067
86839504
75323477
53561
35844957
91033616
56070602
21465990
58668811
77666435
82867697
47472864
54460291
80525292
35980327
17756509
49251723
48958092
51203593
49621250
3332361
47469126
33499612
43822840
32412620
28355875
91159024
69788571
79993076
73751065
61683774
88317925
67981082
46360894
8777817
71796122
6378532
54025395
72211805
34501779
73413821
88804754
11949583
86991421
85832812
53064663
57764855
57337057
61127146
70864532
28506879
89523881
13902421
18429123
67001163
86163870
1605690
84495808
69513135
45203610
52028704
86911076
90961277
3805641
83617891
16371266
31853357
19427885
14705485
53233066
8232793
49246079
53068477
48752713
21992543
69515278
35140669
80429827
6509251
53905582
67314574
7802907
55961415
2893105
23322611
68101223
6845834
48849505
9665549
31226190
49752969
13952843
9407164
25903018
39697762
35194604
51010839
3711964
7849521
36787749
45879121
35983063
23330170
77022705
21211454
63242964
5959676
67473985
61592736
84678009
83415975
47931964
88018503
81595265
82360822
4273094
24226680
44402710
51735432
53962924
87076544
91142474
83646576
17402064
73852032
53916002
38738940
32303985
31268093
21060377
37955163
44286917
34117029
64500276
46658318
52254139
39485943
26739335
55823433
67775101
76905377
69069873
80538471
24814551
84416083
64882514
75544890
29841225
13014488
72488783
75682705
15512055
12626957
49630730
139310
55734119
91847770
92058634
19193854
49620184
2829764
15707402
24013168
30250452
57188814
77405968
84875924
69474900
87806446
30877408
89732804
46736586
59258172
26722026
3266884
54866736
68596498
53390779
18660807
64883465
51584842
61485723
18221114
86636011
70166968
9470037
34824641
42248182
22908980
81123742
2318978
35704469
15112224
31825289
78445026
40934705
62948347
30627978
18221566
21605388
11152462
88469842
7803569
86575050
13152244
90130121
38919958
40868203
79430481
39824446
38756152
80748514
58952701
7612836
53904455
42031632
44375268
80556775
63990188
9325949
20177504
44897978
71584706
17285703
90726489
33903717
43513808
65576071
3445482
62845125
26819054
83938046
72039571
82391722
70499358
87660100
7031873
55269268
72618200
62508589
73120605
28317014
57626990
1698585
89068078
22747189
57590317
76994029
17798459
67267232
8353799
81585261
65484543
51841240
22103248
59512823
34763571
