24414081
5849054
44857610
50768799
21373468
52209028
88376836
9784892
91009865
87277498
47549026
71342326
23011564
4681383
77915088
91461816
7224112
13583470
37130298
61758429
20867911
6607795
14431831
9734180
40350786
18034924
68150444
38622016
85336286
32293702
28703604
43216339
15956099
72326187
51967955
80088092
74991586
83871607
21303155
45307751
3888385
41768215
39699558
42130105
3553873
62835652
54845466
38237140
88188673
74710859
5705195
86216752
89454857
37508390
48742267
13258954
79642150
67794620
1308439
51570512
9610840
34200910
20643783
55698977
56762942
84915234
66037415
86174717
73980911
33934114
68303180
54265015
71804461
87523584
55306146
94396959
56060435
46146097
50166222
47479613
91758721
35669481
65493598
3656299
74132382
9419394
87451261
77689905
54569572
89041107
2193623
82160677
37070399
68529961
69983049
86190985
23224436
35495344
87905389
58806663
37747193
41338567
42239298
2220394
86563711
21805576
18958769
63463708
23711956
44797029
91368378
64295389
61454643
85548189
33685269
37972087
8953020
92572484
58791886
17888175
12604846
46759642
58532840
65779292
82009405
63573327
25579097
39129931
40720577
76296314
49410221
29737381
39578377
94258323
43215770
70869863
12226863
84922686
53792897
50698693
4380925
44595602
17267391
55742751
68669437
49559878
84557201
76047414
65688498
23934607
36101308
55148686
78785777
45128724
49851027
54086031
82996660
40394273
27921752
62958312
23243507
27898415
70540861
49512090
665194
12387984
72540401
32313458
29154986
92896267
39148203
41047660
60666146
26521539
6222614
61371860
15220248
37273869
6582403
76717911
88784402
76335563
6447554
52337557
64612061
86666584
4820642
13540993
20155938
29918769
83614525
51998281
65099568
1647199
49859447
29300213
47538929
8117702
52550535
8898361
21704554
17945659
47449018
2827430
66339931
8865988
60397698
10666659
21931292
21686427
72636627
14032991
9476735
87474981
66144397
86189445
17570612
76152809
34707825
37792652
91995427
13858335
2559470
49068168
34749353
65398592
37368921
46533583
556030
70755318
67214028
5210402
84555131
69076426
74442822
82000743
18587729
1609920
73608466
93922304
80621057
56444990
10082113
78711480
92329659
55442369
30216537
63527203
11133374
6464072
21153057
64551979
57058896
40129716
24169910
21468457
64832696
23459624
28537958
94285179
52189416
23564665
73136877
69230578
74598937
35374067
15562458
59140889
43890211
4382334
72623595
29843417
31141407
42778926
76327544
70386602
57598611
58306916
76996656
58544437
51779490
31340372
18992480
23572921
8450408
59313656
89941201
