29566947
25323510
85844376
60624767
92792504
2467088
27486857
33080744
92214897
9017498
33950259
57588034
58369714
2637395
69388217
92568975
74478216
64666621
64599320
17724979
72483870
22832418
52022798
72855185
16792594
56437156
51516856
70532175
47103198
81253612
45682961
17120370
11037317
90530537
89516530
77641650
80859853
91539659
7775591
10290359
2642302
19484714
50800390
56298923
87616934
70834009
45169188
82971719
92246791
91955660
11197730
42870567
74543480
54228932
32930081
17613837
31737185
86149116
30251537
25777102
40055599
34340878
85179086
1673113
28504440
42514722
51794048
61610420
9771427
67806904
81722379
24223322
77160384
40366297
38516088
52362106
62426182
47381431
20067200
69998693
90709126
67311673
82897355
602993
44297123
76619138
53394985
50827325
66587769
3189118
44209926
25532178
82402598
22056180
86809354
29696046
25601498
3150181
24902760
50893984
56792127
57505246
6809708
5356082
23915883
88768795
49193696
60039050
4454032
40338404
88081351
52087840
23505029
66880577
69548844
55767942
66542995
83616391
8146599
5037950
71152014
29752082
28712041
79250297
68536468
76681318
72465198
22452349
10691555
91375854
21320690
59834148
5218251
83941689
3634444
77792226
20291638
1425441
52729843
30087865
59576844
72694313
17303598
63875692
59507159
90411845
6675075
66220050
44496750
54506277
29747767
81948507
32092676
69380119
66551955
62344414
22400155
52280246
26919733
67827564
56323647
49672098
40139330
30635221
52892394
48557502
50646036
39670796
71266925
66720859
31164670
45622412
72908337
79269974
75173336
89600176
29064699
83767425
36379297
40163326
64560331
57718139
36518603
43883009
72599615
35491415
55408362
6569299
88859811
38945364
45806713
1811808
54344235
85411208
52116195
5980929
39274507
52949046
75777879
91927705
52022825
62436210
49056648
22271007
82103248
32037794
82691365
55748514
55758435
38095348
66846752
91941413
27590776
79908037
34944522
23441538
70923004
34401860
32425039
16425417
8268474
38379864
70776043
58581571
37993784
22114012
6548102
37165782
74947004
76848891
81979218
35340720
28636496
28112941
1673435
58351540
87191377
63469711
42854129
75408210
37535975
67786723
59663472
73575927
82042031
92191350
88543943
59359545
19386276
48744113
5970427
87434923
70154042
34008495
29156237
61886248
9616824
26725044
4643687
9017495
48815722
80231777
25600693
60187260
88904364
11549338
8424931
44768488
18924513
81059719
16737305
85099615
57683616
22610242
4748524
61362334
1478765
85954405
46997400
21920864
28296992
51922323
30650751
41560475
16220771
87257003
65920931
32074580
14664746
7863679
41317891
30476399
3547883
4786010
29145333
46098175
72765735
14150756
77470584
57145161
40970854
9568120
56588878
78214388
64223660
71450336
35380715
68262722
52206147
68631805
82629019
77909568
88753391
34200544
52501894
86182372
63589547
11295658
31231520
3103811
12632067
65915017
65978403
93008686
70092538
4667163
75529197
12807069
27028569
61717835
86463653
50279083
25299255
2469032
17410380
82317645
50987060
31629207
46302346
34954022
84746427
69645249
81609146
52191208
28630544
56675277
27733066
87898195
5955517
12978716
28822589
21271382
79882304
6451587
11274002
59509092
76723101
22451583
50238423
73988373
68461521
39877222
30229655
26398747
38587562
72439204
43275426
20930067
19676836
45083121
90374247
15458542
74833923
74517529
30502208
92983312
64471761
5342139
81020127
21621357
83897399
59272737
60708255
25085695
38437693
25916018
49375084
57949692
35122424
35232831
73934327
58797813
85154735
38282672
63255542
61038003
39243326
60984311
5884848
4818601
27213499
21490898
57664751
11006023
48071160
78068265
53048476
28210001
53040817
53452891
66797374
91910126
34609882
81713515
34055984
81043186
53388375
74636609
69522181
22954369
71801372
38953350
8085793
50568768
82866329
81509266
49921488
85436996
58578144
42190688
67713895
17081520
37629527
55441895
82887550
203408
6449956
67391317
63954625
91568342
85451693
72631174
91431902
767316
58939224
45340351
33285084
46329612
59128662
63649988
3225151
76836777
71486925
48608586
29294409
25564876
77554677
30887943
53025417
15648879
55140402
35001143
484681
24600971
12323220
44690803
2666546
93040011
