15066835
47670005
43865159
66324053
91546502
9350697
3021842
44326550
72790915
37283534
80317714
64813258
43910288
28374547
13001208
14531977
71215654
89882298
84698692
91696091
40894986
28067041
73804864
55659081
75802135
44418798
49521257
26425149
53817146
21384827
52054081
14542549
52313265
35038124
2751866
76805197
83416817
70002395
89888992
48165170
67408641
16075111
85721622
31892542
80710555
77884865
28990372
19503490
24670956
77072278
76356217
71806388
45208970
33731795
3587429
5933430
51712128
90026034
88087538
44208661
33000810
80447320
2785178
67095482
79748615
16576829
23486615
40822197
37819808
86332562
5131893
38300687
11181278
29582586
69047708
26811215
48037603
31636208
76380558
92186536
15044077
37996942
27669240
68545583
54524667
80060649
3745385
43557602
28815546
55404628
67666071
63599129
2510169
92999131
36866593
25813772
2037660
91289298
27789214
3849350
32421776
60435469
49312869
32744445
81969527
88228724
50671692
14729610
14310771
4237635
9046681
13809542
11743136
13705819
14392998
88696630
48796985
73085286
25408876
5057663
15448050
78772087
73277857
74532763
44838582
61630479
48755739
53288413
42960342
42601423
14588688
4756095
45520800
64772283
85608345
54043778
17566336
29385507
55396534
44264395
22499013
4383871
2264494
88558780
84321391
68087283
34296283
36965426
62706387
50202996
18680025
37582618
59055787
38530538
33489441
53368521
36722415
42478922
65540390
19064862
15772034
10102574
20125789
29218246
80081567
24646568
42213185
19414117
44088530
16016895
54145366
69270178
24391050
29790276
43941603
485053
59144422
25778992
23901334
67337190
72845377
22932062
80019698
62073725
59117699
16365218
91408984
41146771
68451587
68480301
91559014
76574701
14644446
37285588
23482621
57926965
50244964
55717824
15114120
56041708
51850610
81557250
2948166
11728869
12829738
77642745
74489811
25366355
20847067
7617956
69979968
63117787
31577552
22616576
41954942
26609958
54736620
40584663
33122106
54722235
26763658
9072913
28147293
75671511
13266749
41526095
42241901
84418459
870534
84730261
42183159
68260259
31576979
21883325
38795399
19125921
41450202
79269274
76769679
44238311
31787366
53278476
50698780
10613502
38982792
12098075
74660633
47956281
64428915
53171787
75599248
14056657
22977640
69649792
91264761
53410066
76412417
52701109
2122089
3302207
35036579
22305938
90074716
70110172
1648514
56899775
49807864
86974597
12332800
577524
1840000
38317705
53746213
88220894
21416606
11476672
50078205
69748565
78887312
4247110
32931825
63707708
35073861
69913845
20431697
87251852
55024024
24875958
47477897
61136935
4997892
24927133
41071990
68512180
57194362
67611416
5834710
264478
18209314
53656246
18521386
32383406
54242644
16359944
29340301
76552592
30269845
16070066
1126638
34957723
268730
23043506
10621811
85492123
87406378
77833057
81495834
13829309
51965169
39349515
75870599
83634506
40547092
18060961
1368082
70065036
63504141
92247124
63316173
65743343
88075093
20198756
39636765
84056023
60775995
32165179
88309267
65857161
89721055
49910524
10172749
92678211
63849733
75806483
91525760
35991912
91825978
52655251
29891223
60503476
29476632
37998347
54866255
75818762
46468137
3422021
68255064
74858172
46244980
60714844
77800092
3887532
15562914
11784506
9449648
3350777
53256537
32515046
66752222
44982513
35196937
6439361
65649689
77661029
23388421
31052957
63892593
20096638
28521271
83483114
12845650
81994671
87158258
6026066
91719139
35536948
51293323
90392837
34381103
87603499
89362212
56886006
256260
55764308
50865313
11225590
83974564
65438463
71639192
47926009
86888316
89515819
39141783
4594885
20908369
6280750
28046241
58473687
83338293
66689409
68529578
19089695
51203839
5804123
39649156
11278542
76776790
17898650
78050399
625954
75165999
43844033
71427032
6136242
40364926
53778831
36099797
18386847
26593762
75770459
26995113
36963025
33236125
34018385
57267806
61748373
25119853
49868210
35884490
62509373
81377564
16456539
28560209
28007816
62692508
86194912
46230308
13760515
79916828
18348132
34213163
72881781
34719881
11052423
52924084
70872578
9263698
16844887
70317198
51985639
13589210
59290237
47805700
26592798
88702630
20274784
27940077
39694331
39337720
47161335
13170108
75569398
80908098
85476222
8948076
84528682
54882700
71487089
75936767
2827581
34358812
20336960
16782000
14961319
3068794
66404634
85247181
29244616
8824329
41729094
71144423
26358367
74654019
62823348
52604979
72913457
88110200
39752116
80757235
58530747
14532990
19932242
50385331
41840539
27301402
830047
21503038
61556032
2970179
75166815
38090156
64728699
65819641
70202310
38097600
16123696
65451838
30572127
12585122
43780675
78907877
1759038
40684264
78272031
49184617
84068581
12955666
16726681
78073265
46241398
58919629
69439112
68908067
68999750
11547322
56857544
3417748
55000476
90913547
51910942
6059681
79594488
5916832
35082440
84846433
40625757
58231767
1451557
63123991
74243050
41496744
39327694
75477127
83983533
24097380
68294809
49692300
39046128
63485057
52396450
57317785
53891552
48804559
91856239
11414620
56236588
32427267
56536792
70296478
14031813
9579277
16387360
72645464
91057916
