87048594
47195855
78915532
57164168
39271201
59431540
38431309
42583045
49849494
51092190
14657889
38654877
24546096
16263637
17905792
21030255
48300293
76391859
76412235
91800337
73431692
18893593
62286160
46074308
72777303
35943733
27550525
26061171
28141487
23553417
61258279
62014743
31234034
41434146
63940456
8867948
46419175
51295651
59423795
66035377
89597541
48313729
44165801
5818983
26119461
30079465
23571534
76505481
3886912
60943589
78916873
27884656
31980037
31028690
11011967
63078565
39054801
55350587
45585711
91256659
15523687
61475163
20888958
41451744
56889821
56503732
43323060
67660613
37531787
43222542
67992058
51821589
39276314
9371420
2949659
38562760
89737650
89306219
43827173
52560685
77442720
44954252
41289876
85236321
1329232
45145424
56894038
75625907
67488411
91295178
84080713
14431397
85998427
12899576
22457994
12713620
85644069
978254
59035396
17795369
68312710
69179300
68180987
18028558
3749370
91185357
29444186
78879452
17295458
51732805
92150282
82154476
51074799
76721944
91018197
23500044
69438363
47340248
73726388
76372479
77336450
16546590
73200683
5271062
68542658
35553635
1550370
11549021
18615888
28457061
29918097
64304318
79319741
65319773
87315978
53563558
63293556
47157495
76757873
10722179
63950251
39791725
29528005
67920546
57520951
63532193
59766501
92802530
26709962
90668536
89494956
54615005
74943059
22582974
61847885
44079132
89824412
83098502
9000513
80636428
53008624
83115517
31032877
69330642
81219348
86763626
85502467
6252724
91587092
80325352
42650895
7161048
4381457
13950449
