47464252
65659402
8821705
4150301
67539316
34862528
13838054
22021030
40798146
13166042
40683327
87492923
94507223
19740740
66388069
43408854
61962886
68597434
68048124
13690011
61506910
23892858
42605299
35071489
88730710
69933711
39992577
19418417
89663266
72578487
19469198
64653471
37785100
20310032
13142260
76552771
65295788
1336838
19747300
12060581
74310901
8882285
41701227
44910843
11151105
83210692
18779007
71544984
23321896
65506829
66025592
70800329
46765282
78845104
52034514
56078512
14773756
55391306
34628859
11908567
28044898
61230084
70809871
16034723
2263980
85828524
38888229
23182460
35991502
40443183
6793152
45893812
44157022
1965408
55217003
69224068
20719207
50753316
39798693
38482764
47732409
10021644
28268691
84512721
31819432
18321426
7027061
73142879
53344538
84580510
33529650
87228749
32441033
65966112
13687372
48889383
25116507
65774556
26054524
66665023
30213199
70064252
2987876
29907765
33110759
5963797
38927292
44039418
66082885
66372270
74241897
46555391
9191849
20255620
24496611
91861407
67340125
78942613
34180510
61918879
12153477
50883285
44889915
15536499
74775932
7573899
22991595
25260249
61670391
41582098
46154753
93095706
12672653
24052884
79737016
38519134
61496350
50653794
44773706
68409197
12528382
6149866
13977113
18696003
31189549
13537249
73627839
42994462
48739325
64853754
8633348
30630226
84124032
23085914
28452036
79988613
56838340
74134802
2251265
15577457
59066911
35381271
55576986
60686796
89560347
45997491
65226829
52435609
25480340
23526128
58215922
3650683
39278903
43194607
23397883
79657509
13262597
26642775
80666224
77731828
16124400
