52464199
52845663
74237404
2544310
33211292
40008666
39862363
35034289
11089120
49354847
51852809
76522642
54089454
65894843
15363819
86207124
14452055
31946842
69112481
90507635
32507198
17405248
36773796
50154089
42365451
83634485
17006833
58713861
80791758
84467678
68882905
49995142
63582385
17341157
29239322
16962694
40014975
5193457
42904697
84297831
2753480
62339083
82646405
44227628
78469140
82315235
42477355
70468699
58851521
39466445
57344230
68325307
82530221
78381040
29711871
59487128
31291120
5779788
86578853
49434959
29210501
88166654
78236250
6367651
82876018
50332441
7135743
10020497
45870273
86118238
41231710
2185084
72404663
69539046
609440
56044230
79724889
69264482
19440681
50854069
28398875
82003936
77627851
52776671
18873865
78733147
16230264
3749949
15172689
69859342
19391690
61302418
90374963
39046776
66049066
18773687
6497718
19140039
47743152
54539002
35967992
36039025
593991
71265498
70306022
28979032
45257199
69775420
75641714
58850079
60088010
21070789
68525727
38041073
90761828
73581925
52881644
61069690
76533177
32141145
81980656
16700773
32612331
3793006
79122015
50332530
72009941
49536641
71734429
31548652
37474906
30131135
73299669
52700275
51481599
28613106
48841779
20990227
82400034
12212051
51587745
17259449
65879482
30223098
12040141
17314530
82602377
6475765
51383051
53540662
5245459
51471277
47457552
1147147
35806241
86748562
65804672
30310988
35558349
50920632
75228155
73986830
66858880
25050164
19834566
24771242
34379140
77504534
73370396
39094661
26956437
11330988
29893533
48991520
41377955
60308869
45371342
75104436
92908092
27989914
19966578
56090012
72844797
6474966
28308193
19487417
22249397
53646216
65756427
2018932
76623503
90277384
38328071
13295949
14078307
11655392
89383933
7050532
92812346
1273473
39139766
69088489
43919742
85355789
