21136170
7531242
9005975
37600030
74584147
13076993
65794089
15276397
74199036
34176202
4531249
25956176
19947360
57274138
32685241
32585128
85818343
72007975
6195839
86975055
74150232
42468961
41597891
82578975
65340182
44502527
33957496
52022908
41689589
79020533
92702245
52101738
43575109
33133346
32680676
71385383
45002144
32392718
34230987
90467313
23099537
55520396
61495021
35026209
38310550
50248072
46026716
19245825
81893242
46595633
40984652
70420935
41839476
50237595
35161832
20058309
1894728
79363404
5093601
4451295
62198785
17948335
4464476
6911396
83533759
6334085
810490
62043357
23258546
49993461
33181550
38980237
68947286
33098116
14706217
38256216
78647839
78918349
91909244
22154494
7396527
90057143
21731508
24665028
78871757
65375604
88517410
58294402
6350375
33048727
70405167
56163414
71426798
87389757
30602768
91257873
23016147
68020688
1209007
92249199
9377935
71903735
4609417
10722079
13223977
88014223
71637661
49318748
77271233
32708405
15777138
58215133
67963996
63833631
11371808
41007359
25468368
70938697
24238704
78780105
15705419
32290801
54748683
40834252
84903295
52035997
21797668
20522366
6073540
81876200
7672353
67972531
41523753
84130625
76379246
69534865
1848717
