57991987
83369615
72748759
67125533
90092654
27458239
93635794
62177129
84240393
71481626
60348433
72239770
48538311
26619198
37511125
13461784
36270044
91870815
66287810
90259635
38237327
86167566
8403500
5420864
20244919
6616418
67676241
8738848
69992718
18744814
35934066
19590186
30628982
27625425
16227206
81264935
34054737
37813855
57291262
64494593
50491280
14831503
3253012
62575263
67403239
22339072
78401608
79037522
638577
1094923
29436742
46138437
90642570
21514163
76752112
73505215
34453389
86275729
90575182
47129445
84576155
69437421
40913396
76183589
72301764
31552074
2537079
41255588
28026722
19377271
60962301
36381469
24578117
16555106
80859112
41449909
15860674
88841608
26998776
9543796
50923902
40039164
73617593
67367475
57236991
62734408
77007398
78389820
8591362
68215150
38707272
39206735
85213954
43078203
21240102
48451222
77020127
71316656
94211029
21796111
76994448
90840939
35461921
6624206
70502883
36262323
60373521
5104868
9207394
3818930
92984942
40499923
40653457
13405090
45779185
39843304
54862794
22521934
15340254
74191836
815524
28595873
42754911
57773316
29014029
90487899
54046894
54594591
47201469
87233927
53020159
44235659
43923153
15997972
48853648
51243880
21792363
13056417
29683812
16180466
40719387
45431916
69587081
36868255
72632798
74908196
33251154
57045377
11576770
13675182
18370969
53470965
55647053
34544875
53340416
66354610
14640755
71571260
45714885
32948135
19964944
92130856
87855878
70609633
91926045
73194753
9660304
15769296
39025338
77366879
86919274
3921116
77235845
93158099
77006789
76423420
43411689
16167112
34475476
66109919
35489136
38627396
14440371
65628029
68103586
26948833
43484160
40813789
47341870
9970762
70389729
21415819
25075099
92507388
18742947
16945468
65132665
64772109
49892955
19647453
24837046
9432854
8766770
33302282
38465408
91912603
25224582
10276522
74680439
52215551
89004873
93283316
14241282
92184041
71711604
7120927
25845128
29258603
12793636
7307423
52335012
90634713
11521496
81173136
35039344
54908050
91598362
277789
52269942
48750079
46794142
86000181
53044975
47283019
49544513
29190674
827857
74594390
6092325
58287294
67829939
83971875
35500797
28378361
22947798
38291030
47374794
41207745
77758523
48771719
42160075
84854712
71339928
44436923
24214700
70907594
51112624
94534089
5839496
16953841
72112475
55815945
50746986
87476754
38731936
24450021
4508875
29881365
42369754
66114609
17660319
78772870
93861825
31256692
89315692
58045466
14072980
37010181
24358079
39898078
15708791
92050976
25346822
13065877
1925433
12942511
45804823
71063430
68683591
38842283
44475206
56128718
1614348
64674975
7743047
56075650
42480078
38365076
50482908
5985732
85210252
18731272
34094070
35128240
55708501
41065833
66373022
39299967
43421729
93330957
48474290
34776768
15177582
90258548
50481729
76349396
92397142
28419440
41171295
52215001
87788796
30956279
87098833
28801152
22343995
80243062
70606007
84599271
17037956
20609256
71057970
76187150
20838222
63410039
63698114
39265808
67575307
205717
23105590
22185658
16945471
74339000
74108002
54189989
93737813
87288408
67666688
66563166
46594551
47310105
15471035
18688829
86604376
28912212
10562634
88812029
34406820
73504746
49498221
88614402
71889030
91968225
11363836
32947849
49415951
93336491
35792891
70287869
26234809
71038758
62512439
89455961
79382335
4400729
67765520
41408250
21243464
74524157
23797608
33865895
1893233
49311486
33718723
10177623
62324516
