78607639
56717529
58696191
82266533
47586894
86910969
46345319
62741439
55125367
35543772
55375647
67369048
29931808
3004609
58178382
16005649
87640270
60590212
62971469
5940511
59802322
62781661
19688852
34692474
47141881
24240075
60049813
59293427
54713475
38401583
52875669
69335090
86675346
8192617
1816471
80771530
50861350
80998207
85929271
62051583
51112093
69394246
58171241
10899956
11600242
86629348
67448705
54778156
19805555
8875187
930481
40115523
62127793
72095101
3368044
72268994
70560505
41402676
81198471
64309929
90899491
29380155
47454507
55274119
41242106
60169889
67033091
40847052
41059572
76152504
74438983
13942186
28378785
62908166
29393352
83275305
38919275
53040063
88974727
28801845
55633537
48842349
17481530
7983228
71924662
7866760
80027965
21314901
325396
35437995
65453677
62729728
21114073
91816516
34814910
66819749
41707640
74473036
64913397
85726379
69766941
32976751
837995
57353508
12272247
35801942
50277285
47373655
47799097
49793613
24041606
55146769
71130714
8701705
33980848
78734717
21457564
58106497
31838637
91474483
76407097
70860713
29185714
5852847
36528770
45196061
71584790
21263356
18004128
5783120
7136780
55638087
6923289
46030582
89824377
43413993
21553655
43204326
78481041
48862109
37224782
56792728
50409522
66418275
38150691
560272
77423793
51360646
12678985
72190886
58231552
58863804
85473524
57426816
9603117
76285793
62878439
79021485
16572650
7955420
418958
66586936
25454224
36211902
3190793
45237000
58315743
14295020
55416333
55484049
18603420
53226568
931803
79458882
8544020
30281167
75548276
37141829
22562681
83447706
22657269
48956675
8406975
