69393371
33671367
67195811
44453571
58059446
1752032
64952319
12155352
28013714
41930359
14099005
42445425
30932828
54794843
59425370
57542815
57701324
65126358
35088760
56989807
64806385
94473177
7991292
53626173
24913970
39482922
42484838
80136218
8838154
90369564
36915568
63127074
10642748
42111092
4883153
93033835
38974042
74556665
67742897
33757163
13986728
78701919
67203568
73347221
75997097
55856100
55990153
46819204
3663112
8637015
71705722
93092095
46095005
77116148
39356279
19199615
28435873
38186176
14310111
8224710
32811754
67745345
20305888
36221973
43702705
64413686
4054460
28743521
36424352
71770752
57753844
81848322
72511066
23146822
33818728
77859138
10730413
6572823
21355394
11077302
64261345
37850337
42269352
77459753
86238424
78414324
11971455
13737966
34733254
41436215
10170396
78932423
56065776
23701426
93622961
76646913
91216613
79658183
61133038
53408978
39654472
55182782
10876154
48216114
63751024
79556854
19874579
45796109
37713674
