17771291
50427137
82450096
65878933
51932930
2993688
39569367
37934091
11440025
13750862
35627148
75793018
59851922
8895285
55605613
30570857
8194397
38043878
41730751
275695
59321021
73370242
35192313
14116443
77991352
13550104
15507601
59394723
39821166
25257083
1257242
56267849
86437499
41939794
31095816
43805130
67326168
2364857
38320720
88070215
43702065
14805114
70998546
66494221
60010651
80623668
84010441
85273563
29026328
43734140
395135
58973837
65287270
4655526
31208685
73747568
49484262
66652931
65853286
67339038
63022589
75834748
34437708
65896945
71941879
