47829971
31645421
48456882
42858155
47810934
18753014
37575036
58753682
4339894
35318324
39596376
87655340
2282144
4981634
26912790
19264699
49568562
12520096
4385384
55844095
85107557
823458
76824052
4904493
74413178
85288259
74585364
71778703
4190214
10562444
72162321
53744484
37477028
55934499
69814949
5525829
51395207
20212656
34866664
25433523
57755644
8143387
64405240
49660994
51683243
25957867
67936994
40702416
12236296
42861059
83986301
19991276
33333424
92432351
15312827
23007685
29701385
91030345
45443362
91495141
37478045
18047966
11793776
24310414
88023200
77867377
25234279
91316161
83032061
10625976
24760566
47023853
39130937
51074970
39999145
763212
54487566
60864116
79986615
6941619
68806778
38018105
50996330
87855356
55431346
78526954
21433144
21433145
91495149
11088645
27101203
30524002
76704375
53362099
55769136
49722268
67071665
75824193
6552861
68920753
32127991
91413143
32581002
46271347
61551701
17009411
21170411
62253090
86207283
61816146
40745352
9984301
14013695
82426094
77154671
3421980
42282309
35207996
19684402
62584767
78952359
53408053
7227348
89481875
85405959
23101325
21103720
33445338
91092383
38389175
48073718
11047675
23099005
27076185
85605778
37325128
72199432
49131687
24057514
44374818
34097394
64566659
87987775
35067443
16422456
15074957
57340566
53026336
79570761
15997326
59653376
81300743
28518225
41620231
21425298
83014374
23707258
65939099
2044913
69300088
92849179
88888635
32656513
86489041
12410907
32794750
67512338
21923824
54749128
25386465
58356267
84666628
21664093
85368217
42150537
30095230
23761072
85294402
43056653
57703970
87768738
43648821
5332210
65160484
40571959
82713680
78578332
79242934
34256844
26966823
78473568
20482518
3479506
8908924
89192673
70898117
64635290
12190827
62811267
62606440
16797637
25645763
28390122
10049120
48370894
29600306
28382033
56616076
22343438
35851431
16146180
47222530
47385766
15649600
59763648
75091174
90726510
44998019
6376106
75324726
49491442
30451516
22512578
65859234
79604903
22035125
22920819
86311030
59128948
53619224
57416825
50004224
3385290
48109923
22080405
90947801
49490454
79438595
20826074
81457116
50215563
89159155
30534767
69617328
29725040
2021111
73050306
4748571
56302149
61463489
15009741
61572217
10493852
24452736
1360956
77756215
36836530
61118350
36569047
10509164
64229323
