58785605
74969595
18220855
43377410
33878666
50595755
64584404
85542925
21972675
5759810
65469846
70337108
50370485
17413188
33309172
51858384
82540138
79116722
12795094
58810491
87410456
882202
58782029
5090363
91969892
7616002
25004870
25323563
1801042
31113616
22631256
23670418
2093936
2888816
4152611
67207769
61560317
59495894
14466418
40300370
28084759
58000578
36090110
80184175
56713214
66312858
82461665
64755999
81758646
47348290
68617933
46801807
81016268
20792893
33519615
5403945
23050777
85559704
28550357
49119195
48183993
88466511
64494482
48514571
31101662
45122456
62300167
1864191
40678099
74293897
76118420
34415047
