67248381
84920747
21411141
30375722
18836793
40090599
21703693
83408553
73370422
89876090
8244562
12183592
31971787
91458482
34729970
56558616
2607220
45125055
46504856
48855517
35466451
58970481
71380557
65123968
22822964
55656796
43446631
68299058
17662244
30228795
34880165
17677744
1496842
32637851
43117049
66199329
82047725
76774666
39942782
35795337
88375417
62829451
83393254
19986009
32079840
61727302
80059505
5197293
53999347
14409197
7920928
12241536
14920515
88235937
19880864
7069879
86235561
46783195
35323610
38304356
61933973
25601273
71232769
87522341
35346790
50863651
5980534
48563683
6071329
5046256
14187424
86724148
74311228
52593746
35242854
82202247
18659250
9499746
9317599
30107266
47953553
76101936
54849622
16540776
38715188
70338135
5067466
92643138
88326942
58706898
68848582
62663840
46764172
89335169
78104288
9503976
41197126
36332184
84782735
28488846
3001743
20177884
60613333
20421768
27273351
3561679
39245134
89777091
57571326
38178139
35294882
16693395
52996116
78251522
89925668
34741375
31525189
10203419
83483
24713239
12583563
31656098
39241985
77012664
73055614
16829090
70223133
27222732
12629189
2181673
90888293
1307449
43624422
22264135
9541814
20548686
12707790
92521699
51549475
78748441
93051164
87862074
68256422
10392648
64788398
29993516
13519644
33379069
21567751
81210347
76487296
50432873
82091521
66680877
3418843
45155520
17296633
73927199
11009366
