51547535
4066520
61064484
84533099
72105223
67703440
2781312
14887825
43932973
10230911
23195332
55918572
38048386
2667589
8669208
10495544
2565565
34249102
12138294
15355692
62034132
66349505
29250193
36313676
44026287
17786494
89948047
3925158
1589279
30385858
83890898
52799605
26032483
27892423
1571923
7405789
76580802
47299459
40638792
26831496
12107060
83759328
21647788
15540859
76928037
25265628
20216816
53858318
69837578
26621580
256781
91361403
73880364
78508169
55618681
69930995
71801080
51785348
23945574
66242330
13587568
57525724
19496667
48555728
14744775
40202090
17831755
9619330
90137745
27648560
91828880
26683696
75497169
52920071
46189270
32276857
21518254
57219947
57886312
87951393
82727819
8801912
27964186
50983939
38321409
76787889
51683259
22051570
89498276
32992724
65302489
5246950
71870211
27442545
3395928
23335375
13984713
78867140
59591044
11554835
12974799
46793126
69279029
18775273
84671964
3927948
12131978
49308851
56231082
49530652
70562943
29041636
20345324
46627214
17848631
64733206
72420654
89330753
82517502
91711558
61026629
266538
14589783
32873473
40614869
68817804
19317839
82898358
92778509
48167611
14126894
54942694
65076991
12105198
26861864
80705509
63349005
23709659
10174343
83914760
85417824
55018743
50125231
67332555
27456126
84849345
68602855
85375118
61666946
21706215
92659286
57760168
40722033
19155688
89543643
6793407
29774625
68157081
227755
43568758
42378242
86399345
49377478
33757709
59538484
35904303
69074214
27812708
68591093
19421572
15280409
68518354
4512778
15313375
33765570
28369009
21518788
21453482
60167510
64880046
38813516
50397007
79283063
24619620
85633604
4336322
56045814
56885032
11304586
33767775
29902690
87430366
47059396
53432716
76815605
81070634
29418154
41304636
29271337
49271076
26921835
36273774
83992258
53745660
474309
74073710
6159406
64301054
23157784
29766873
11490550
48782413
50953512
926404
69269923
11494169
57730250
50774267
60385784
30858405
26934180
44279523
63244576
11895918
85074823
56520375
56787495
2107129
68175739
8971017
83436288
25747599
77340957
66058405
86784790
37573226
82131460
70118001
65560577
77971802
52037239
29791911
3014076
561710
90475792
77481403
83395107
82158835
23017226
51957616
17263555
20469769
69546578
59849932
72295326
35414843
80712103
72632743
21217936
33618342
24565209
49381450
57795411
61543571
73433920
38086101
84744634
22415270
49523711
17617418
2808768
47831240
21420642
58648765
15616584
67551700
20634930
74364655
78480546
17104405
78919356
8673957
23190758
80438307
62850691
47939491
15039264
5076910
72859335
2152324
81931857
12407998
44103012
23793230
69641316
11080502
3527833
66289482
42304164
61465206
20264144
34658136
87624077
46197480
52981552
48074199
32346743
37189089
60663348
74432123
90548381
85608400
88141651
18079119
38229849
30852066
32026628
9359665
34533034
52103632
36339224
70692507
68311595
3988304
45534067
20340821
15637030
72279753
76844007
9314829
87249212
64564603
37468863
64617864
26659495
14976408
57086914
564188
35729155
78122972
41099818
83195821
9513317
88087359
25345945
57177778
84590554
93010510
63303802
92147566
13161932
86926426
32588336
48663297
20601474
59828748
71747202
20847999
18161348
82221709
2527735
18865312
38069219
81207557
26723382
50258887
79344217
70679492
3302497
11225477
53392080
41251774
78556141
2010360
26941822
83350570
