60492089
22416213
88418655
66922980
74128962
14214873
61943313
32624038
31174762
61171230
20138492
7014382
16760136
33060225
88184225
86196251
47799091
85876801
46988793
61529775
88812120
3791776
82007282
55034837
48285742
62455710
88283120
3612956
70617767
31652419
81941175
54724850
21534047
72371951
28174057
91132842
453480
56084237
85971916
54939058
42150748
28945130
59835068
39711941
18056884
60951940
6056929
48718095
67266015
46990326
67628468
67770555
86149121
37515578
44982014
92612506
28268254
57698459
27393756
57626009
70197833
65579935
81762560
43767687
50411096
88156236
85188290
64045204
29123827
60061311
15957741
73045801
89936532
60046783
61675999
26146407
41439453
70680641
80085708
73585267
47132802
73983458
67530079
48694554
9312101
61729978
42389223
34972983
84557102
60208348
85966506
34261288
28479831
86325315
48170737
52687103
85376956
52722385
16299844
87549364
4790611
78118865
36808322
10601626
26791831
3766786
90485451
82054060
82397275
88203251
10844891
63175908
71932681
64759499
78259874
56260002
47359100
49115595
9079725
24548128
16367540
66862253
72790753
28477326
27590976
30604893
54869659
52016373
17621101
49946001
975758
55804826
68909635
92685609
71601654
2641064
29107993
8486550
65738367
28175732
74557364
52633186
27643380
52469842
92512391
7543980
40327777
86317811
94052481
89864250
36746020
37226570
38317191
61694776
51340321
88216739
63259882
29714232
30668052
84913989
25962180
69003461
76909960
85322997
28028195
92003681
11837228
77244233
31513994
66405440
85440713
13332781
15876930
33900304
44793188
37939333
2504313
77944220
4801893
80861657
18177640
23629081
87815279
88936309
43124034
7855119
83574925
30054370
21203648
47224094
17421110
14102980
86062691
62366873
77998959
56367716
31535871
1085865
55628333
3427428
33140056
75173405
74651317
75846304
78841124
4596903
84122046
77352574
71020039
27238969
32267397
70650241
81965445
3832564
88199336
6104290
74634863
28229490
61596725
26893683
79328393
22318115
24547613
26651924
88954601
89421819
10993332
36727045
19809316
30727179
58495780
42988467
15947191
5194748
24244798
70004473
59907336
44779736
16135617
35112084
29472438
60888955
73660711
43405415
33953100
77685197
36884420
88665265
56095743
44222845
36233643
82345781
27324886
78195505
39548416
54809394
90710925
12569063
39676940
38709608
80508813
31958227
69500292
67757742
18650362
54124528
85309982
1297371
34578579
67852768
61631236
64841832
72580792
10413226
58341021
51450100
81306659
4745819
51192378
22389040
50332740
78581453
73734784
38094467
6402501
81337477
75173514
80487688
38930147
63975578
48023499
11161028
70838724
54724310
2594009
47574424
2285620
78932215
65401780
33178542
5912515
27053388
66627426
33939744
19885211
36487510
57902533
21499343
89835328
39082198
36933851
87441149
32632588
866481
39414565
74443530
54155933
34772691
23844363
46590830
82988405
36501125
34485036
89882986
93943071
83996352
6699021
38868758
58957696
61008136
64775224
37131176
56323578
93804257
89369923
74366749
18146564
67305012
92338241
45121250
87012630
23917536
77600677
38001565
65295495
40586985
14242470
56678375
45266427
38445408
24757226
60041822
55920884
34680645
4820475
71822607
43935216
46984882
80267440
7385266
52354347
14807572
37741077
70219786
44756321
28996412
15643570
26103750
89497330
54519362
55379524
85861309
68379567
29031184
52064525
36709170
67012271
14514220
21649771
87067875
53248818
29730507
32525355
3997304
73562130
66016141
73969166
36976013
93536012
28426810
31611560
55402955
67199333
37139449
92439805
39305568
24725875
75057384
62707699
62572353
48485312
40393060
13624636
64554895
64968209
90420746
64202889
18030336
79646064
73844005
24426725
36872213
11338624
52002649
2582515
3879943
91976539
9788493
42919303
68287688
48027389
52016971
16342280
4819037
89558113
46428890
61909508
4273759
73417435
80538299
50057974
50800951
31381342
39144044
9120998
70280599
14920543
38020925
39477208
28064028
21121034
33053820
79983331
733424
80651492
78190380
37890578
26001435
77216728
48521333
8205494
87190415
12520454
57269352
52465909
1924674
52742241
10556805
39547756
27135579
81596733
60422005
79236915
60276822
47294164
62046503
24794670
93294282
31872358
10221592
38578810
25354798
56236274
18465796
26007857
71509297
31529715
45520788
86491829
19151247
52890762
76349513
52963391
88714548
39452131
708459
56787720
62759087
38038174
28556639
46427691
21219986
33131780
40564718
79225888
60669136
70781978
55655464
32290381
40010486
18790932
55057975
18965268
44009761
74849359
65688668
87816628
15929097
28674491
76234189
70574615
6300063
17464317
16154934
1378373
92121768
52467425
46143014
24819634
16669974
90637910
5735177
63759173
70621691
87116791
33678150
1347795
41772120
61524335
73451120
28467011
5760575
58611779
64479656
