80568070
28298599
88612807
2087454
39545924
54063837
50900371
599006
91561425
81682878
58983884
64000691
33434741
10453903
88327271
24607971
22312146
48205383
87787833
40819793
52563986
6944348
78725318
69107972
12826068
45142787
62728671
92413068
59983379
8299283
26229625
8747198
66355747
10651930
60320632
88259162
20135829
85481664
28562315
778227
17708340
40494726
35588756
43145157
15739029
42973160
75383616
67734015
36942755
88835057
28827055
20896875
72395383
89626143
31021532
79878164
76681087
36154929
55118535
68584111
46458255
17247986
83900473
65292359
5429014
54826445
2693618
61265206
39857789
47537866
48676181
92495799
40101986
75254533
54921208
35842018
19559112
45793632
64577698
48633490
54683624
18677886
89324107
21607730
51858350
80393694
45692132
87154568
76224035
44887000
46457954
41182714
69164130
31533780
12247307
60520187
69462473
61433390
56372585
29659818
83353863
3275849
70035535
12251869
83883443
65378532
36717810
24374433
76103343
80768967
57614729
74358270
41254329
38661053
73884333
27422956
54699198
47554988
54501520
84131665
81593747
37823010
34381981
23967472
16328138
29297796
5695023
28419278
28419279
13955218
40577236
9793082
62122931
32514839
29534578
64070732
57823764
9498068
68352138
66846442
12599398
31184832
21483383
55008982
85292120
40302808
15836065
21521928
55513153
74790886
21290288
89455797
52521107
33564596
42361501
21112776
51094254
41719760
43288121
81178053
7461519
70508240
25173542
87787006
380534
20818133
78739781
19018526
6047517
85385946
81800840
6393957
70106078
16651808
85433915
50817293
50122666
87900722
25743250
33264487
20675194
11211023
3397085
23344415
26218761
79750000
25392448
75303909
50252769
29222873
57903528
77128312
75559674
61703166
29631704
43678165
11136598
32877576
10761605
87717644
76136694
7141675
67622879
25483136
73866369
18171823
27670498
53380464
41063500
18506729
84165740
87800127
40742357
67746671
66037625
53217452
78420792
92008686
80251201
73916147
26380860
75130599
80747571
83199275
41501552
8245984
29116532
60314605
82812079
35129096
48392965
62945533
75350199
82240814
14591013
37030859
83000533
74200671
14257271
63480517
41874312
13262672
20310164
84350217
61384251
45902308
36037275
75235482
87715964
35645734
69151942
83698501
37881235
90064900
16134724
32901843
34781392
78087276
81640947
55496518
53251077
83056924
59332388
88083645
40724427
57787463
66456288
24605155
14766391
44625103
42623802
44222501
47612586
38481877
21043031
83709089
71724419
5423394
32316892
85638844
12767712
17127394
87138210
14858312
11763738
92514047
34223075
76779652
28038981
52840131
11450387
22448736
67697739
64821439
83142999
35930013
42804644
5299214
3314744
23383395
23442644
75855578
68508089
47499126
34142946
63749985
89410902
92074587
19992831
11790406
48405971
2988085
870926
92427227
89875859
65252825
78086044
8007215
24321875
19393900
25589124
60066675
35542632
71231879
90546341
898894
77371365
26881579
1190590
85024007
81711289
60987844
76855451
77082199
57068780
26679262
51415249
86259953
86162369
76347574
27475105
71621349
27227864
65284626
56795900
61355138
80489466
10348343
8488121
86100991
41958813
37338018
52009502
33219749
6007162
49352156
21368576
19348718
10903747
49927433
54448857
86753306
86293058
22749365
79984905
62100825
71877735
22619925
76056057
34315211
13000378
60831372
59127279
67516282
76200843
11868062
7472158
49866260
32402198
5452782
70790032
24662126
3334784
52649434
43869979
30389346
951098
70499961
79743675
37154524
6635176
78344966
41273369
27192774
79878189
1404673
73130235
20412006
43116902
22124492
31406119
39792969
72555269
56194135
88935196
15187612
27886035
500754
26146629
68763140
90441181
84714816
83273513
86724279
10984882
87929437
37075018
50418973
13074311
30793459
84750706
47151931
80066113
83516254
36637363
42996342
16194141
29853434
69348165
42015946
7522367
46030097
33355797
73714925
14965288
65560929
49335953
13998742
66344534
44583310
65008069
5448853
81435555
86447327
46570282
12262786
51279547
18299409
10481293
41552680
80860826
11130462
18502553
14673882
84761429
41921573
58420497
29047406
90374978
89648182
78229152
65276613
71894616
12924301
1899288
88949701
19939009
44861826
67700536
87890349
76295596
22392308
4052192
76916569
61643727
41562146
15196623
91846983
53712578
46926062
55414148
1091722
88685780
45196181
6759472
75162778
62181851
59203466
88000361
36846830
30656472
83046472
87217201
75021400
45033330
9006760
50260177
83973001
33249044
27084549
48383802
57254054
37158641
70170431
76017266
60919962
67448057
15779910
89426796
66798669
45581861
25782936
29033891
16068854
36048267
5894845
47348377
70306387
74593443
18790401
63559920
85353731
22285176
58019125
73502853
24573471
63742451
30439263
77320020
53259833
31172990
53766694
59057634
34890286
10689952
18047848
11251465
48601773
24115772
25381018
30514579
48277960
8933050
14861669
14494268
38828189
6071381
64641186
4121088
51885563
26279586
