4956876
85156083
78558307
11934308
16725930
67446950
51391943
21610870
75776144
42617290
21360185
19323852
75774575
55973547
29856839
13011839
20082113
23940287
7234852
22831197
89440611
89206337
92677554
8677523
62710392
41816763
37698291
86037719
38230568
38270224
88938022
11509152
22885819
28436146
59602804
6179567
2277836
36679242
26650603
18953991
31557312
91155121
27827541
32026239
29856844
8955193
89582705
47051007
30854697
47299367
56367082
16020829
92657385
84916977
78087783
7080536
86970828
72952561
89594635
62189097
85385183
3099257
66007382
87171038
21988424
79951610
67645689
56288610
84904725
62213417
19406417
58198114
19145282
79863441
91160466
60701037
60333832
33236490
29616570
80696166
88052608
90569097
55849846
85396337
12501012
21389583
19477168
29958989
30979164
7416466
20026769
89760304
77522095
78880661
19991367
43773089
59718164
24252995
48950497
37792242
13746903
20655918
87696751
37667957
39942129
36398478
35277368
7474388
48194254
32932395
52359660
62174173
28540967
66230882
35774865
12946978
67961153
12563412
53490272
43464742
12558226
1478171
83284871
29420936
75402233
54528855
75219757
38704940
22899865
88629918
55715251
