58453926
4616421
88671128
88920958
40426189
33146372
60903758
13967609
29461562
19666674
76770351
67512600
6225504
60095687
2714368
70185332
59038509
44941456
59033594
35179381
7649478
51280526
65304693
49172125
82385632
40109978
44618898
40523802
86950428
62452632
81059007
75122793
90633560
75529597
62300339
50471881
20721658
74475311
92594194
65939782
71657520
20428939
19323824
4357252
17674000
59013680
33077282
55789169
68769917
27163269
67709817
50602795
25613868
57683784
12627976
433953
63706792
32999065
49092213
54882183
62888630
6181082
65529402
67517273
13154050
934384
92027388
61474610
69864232
71914030
64359288
40381602
4916460
86844535
6953381
69440888
18456301
80582618
84321518
38763846
81377955
55071988
18714089
84046846
59914807
10975084
67815532
23487490
37787119
56875815
92867418
8925832
91264358
41041145
44909315
57456792
25724319
56030639
68465127
18360032
90321962
91496350
77461499
27596167
47561336
79446517
46220121
59125073
89994005
56804501
10266289
50999740
71852044
596625
31174610
25736742
