43637865
44884834
66104558
35582697
50744907
7549050
69299599
16942307
70026002
24560023
27573038
94322592
91737612
29006291
3948128
76676993
43874910
27572025
23524722
86381840
57712564
13653493
58666528
88178166
3679672
76838571
4429758
56401653
80159322
16344311
21652836
94452046
42741222
62411114
13176592
68663355
76592628
9481070
56541738
84153712
7040548
48369953
53580984
37145837
23999246
68232138
8389977
16812995
1471655
56448127
9679750
6227935
62226652
50409066
7826668
41421103
81855386
68145461
51009137
76636173
11514546
76702622
71059945
80626747
48666425
30463499
80015552
14387392
62649662
22508702
25254856
53449422
27441178
23000227
45283169
41257004
86823497
69012471
9883812
59390843
57373668
71806870
49871841
68000545
13142498
85510370
39100282
91155220
80814701
61834391
80135103
60334818
6925816
51580689
85972484
66007271
19422808
54003787
47483211
14564797
58582795
82391821
5517950
41470352
28911707
39326569
94398063
69772216
10986299
91260750
9490878
18670718
82790535
50114355
63852022
79001164
6715880
74623013
59592582
64700300
41210051
35173409
68102684
92470825
71331424
69188375
61532610
22168718
91526280
32262121
60962740
59521066
75557614
33705241
76827542
11841113
50669503
69754921
24353565
60440006
62383254
63515034
21829955
17483178
5224518
15600287
47423928
88599630
84638541
74008266
84267016
39116133
40712976
41089
91739231
20135282
28381588
80706636
18480477
2118814
4821246
59874793
75887171
5484267
63312390
64647452
27207118
6235557
54101502
3936629
7658940
26389068
45806649
66593801
60185857
32806947
77272580
64757471
83682472
55317232
26860554
74993207
63987527
71580978
3704177
80637200
42283862
9832010
51495322
46043813
39378167
20204404
66560406
69424576
9371735
10038414
21621957
18659369
8099272
23043657
5836066
82407936
43177980
42782916
38434741
21868796
10658913
77256682
15573326
28985437
82145524
61675706
93115119
63269514
36423256
58483644
19965627
33664259
40604444
44256619
16417403
61438224
64056633
8505593
87374137
63978191
41748012
30811848
94462791
64759416
75206973
27543536
78581365
77286712
61975318
2967944
49907870
17128851
9781807
37193995
91556300
62331600
61152536
68114700
7409581
46159882
60101614
68829563
59483853
56496396
64114061
87487142
42620402
2178297
35487315
78032284
80831339
16601430
76577748
93299042
86504346
31666930
61557937
33306153
35634756
49710353
32964329
45536883
2251815
88846271
25216170
93907991
26572842
41458102
4236460
12767913
91493815
17795718
58889569
50929956
83971086
80136233
72366592
59076010
41720783
72102813
41101823
54098663
80015231
76868703
20565233
82854645
45723952
93015419
79424568
1174575
89319198
43741674
40708320
2161149
12802918
50005095
16025191
2662541
48182826
6115493
85883556
14739603
41982539
9121875
2077526
72396774
20354259
54842814
85358502
18675021
85960321
55601730
16992187
12295899
28257926
9950042
62594465
66253323
62881502
90873423
4209366
2858311
39644040
51508230
75589450
4928869
83874936
33891804
35551712
87885902
88215114
70981859
10915393
37971062
91327830
40894771
32204760
59603983
65180086
61464446
43384420
92185311
43145485
56744176
28259000
76481552
24611184
57652086
56185723
84966649
34478440
29810772
32012492
45613228
64398358
30563424
51467223
63498408
16795373
38350316
34449044
78982798
79118577
60588098
38534184
35550205
5667769
49039452
2358038
93266302
77810197
20940065
21404814
19185863
39387340
51420793
11517836
5979932
74213054
77168007
21400738
76440745
30712779
72800912
85149891
34041825
83091520
40872206
40936945
21015771
39185542
76218813
93123066
47293056
67058239
16603906
69479537
5350644
2311306
72877871
15399057
23659460
9270184
23879366
42122245
3634766
80792918
28410689
6885754
65246764
67749285
70342583
2754755
70596853
16147790
36541186
28486171
30505036
18557931
65045445
74444385
82135728
60533235
6706920
80811454
52502648
88041203
93470140
23656884
60419224
80487978
19616314
31627215
50984305
43191037
80211906
47275487
75927242
51174863
58826255
27544349
77286782
90943479
66240862
64406180
37812179
81849170
37728154
79766153
83185748
27085933
85098707
55672248
12934340
73451400
72990519
19866665
29044585
11521370
56183467
11511728
74082488
51763846
8411756
11758383
55994981
27629046
94473712
7543303
13678415
66774816
76020880
82293789
74241712
78060247
1765082
71277609
83681479
3495236
78373407
38653276
46084089
22689981
31886949
34140255
93320044
21060668
24833285
16084301
89586470
17725326
74517815
43595551
4981884
35736921
14356156
21663360
1986500
85934360
244988
70729835
47309258
89469305
36334413
66781966
8036937
47308564
5841489
54228781
56806017
22373831
5227454
54366712
27958328
12316750
73522132
7766482
73186329
43033789
91977458
46497899
26392874
940089
66832832
18914208
64968118
24179977
16079608
26831735
23726637
80955138
6804014
14043705
45243010
14035663
11533920
10390338
13380290
28379962
49934451
65938611
3550693
31689127
39916499
56650426
11919487
64206707
38402989
58207206
46998755
48460820
46088128
26684607
6460828
97797
27526687
68520483
11910040
89509182
80541196
38782850
57798703
79914479
15891282
12514652
30519169
27457441
19195845
47375394
72126627
43891471
14439554
42964478
20074289
9676597
59592258
54801579
21458208
32810684
65256036
18456834
33531884
78920199
66074973
11384597
72036590
30049478
85441260
83610330
44696606
84910194
42034855
67946148
68129387
2818957
89966197
81763991
40606153
49573734
27648571
37974011
41281035
67106247
16001593
23608572
7030652
21990179
65290286
68959032
999578
35367617
78321802
43012567
72515160
10873497
94586537
12419409
93235885
68440150
75459496
44989161
77634174
43231207
7830840
56904905
79638253
93620366
16992184
61525532
10664009
53092340
67164057
24244821
11302944
52208372
59812143
63802443
64440779
32285490
72711424
53202545
10140580
84885276
33322416
66647180
11235646
35422368
93493653
20420620
66500630
47244085
83676197
59809475
59120997
14937031
26453160
61631596
24707371
28329739
74056336
36966132
20788817
81483722
5382317
62281217
68484664
50168393
13507460
83525912
42496305
26361416
1572538
4602796
22335564
40777201
88211122
35621446
50405290
82713844
26169602
74401826
92549024
68520825
5423337
68174607
75168131
55529258
14490719
93042614
91275227
56162078
52078950
48441858
960802
46888612
45806512
71296649
35102532
47550619
85078627
28750177
90130824
39597045
36096942
61143620
79271643
51560855
92026183
94303649
87712788
38130021
14181040
11746537
59684145
78959377
73889179
7403527
2377518
8121629
29883138
57628914
61104579
71185616
19090652
3739942
75259677
84535595
48889608
46446934
87697522
34957381
27520402
67561114
86369711
47881334
21076657
91629643
9443273
2343949
74970790
76175436
61798209
62880545
58746977
59132204
26392751
4858676
14066951
12421859
68291251
10985362
12255598
23721611
60553995
19990232
61298612
53698295
73605302
79046851
55015770
3260600
10220606
8819202
57662738
57118887
17791504
40495897
8794497
15555917
22458882
87698591
22363953
5738919
68384953
24558044
23709104
24398963
64014409
23090503
68353336
62174557
91473657
90032105
33882849
79824254
52750679
30245065
83145161
32678373
89451396
33436612
94354632
8843674
4655026
11434990
38366848
38379717
30064914
58026961
81433424
8106433
42786697
57827484
23491270
80176658
42233076
56207563
89932638
19900103
3956454
72064274
53736679
33660768
47674602
20901143
60147378
19842675
58893376
70242451
64660716
64897643
43227255
62011462
49626349
81405155
1116
52743883
4953618
89245549
55170139
66009526
30871102
1584867
34340516
11246321
36121048
75051101
33028995
29881300
13144625
2779374
86558648
89960927
56698158
52193153
22621196
36637140
14887033
93877314
27755476
28892395
43142741
8646576
43448746
93369085
28451853
19441172
22013868
82739563
88613248
86202850
52509759
66685624
14777635
30881438
62700172
69698533
53550246
14085227
84329597
55577946
69774836
14439790
42930265
31506447
56905264
55926155
72201682
33217567
10255941
66277994
5498053
24739197
23853559
2494857
77523944
83253602
74225906
81846853
56504290
65683060
5132690
50859673
10313546
16182499
34950080
12740477
59527451
67298591
33687811
9780467
60893632
45987203
65792726
67451703
79556303
36543140
79741434
46885619
41937163
27267287
87671377
39329105
31442428
15336511
37728905
82536994
1833870
74742653
46463695
10580302
51319914
31115375
37919879
60683977
75084398
9972333
24464024
75728981
86880913
74346444
21516630
50695957
80106346
8873842
71096705
23900424
76360891
78711882
29729036
93018927
80162761
55107814
16082185
22445017
68064909
50646536
42321384
7959232
11781168
94601547
44777942
63387521
54960023
26717329
85200255
23049579
21804708
13510936
50503833
35551285
48503722
74679136
57242642
6562488
37433426
91686191
79246330
7781396
13187141
68061673
15029272
30408202
7338697
31992105
92310414
80929081
6056109
68816242
42717389
53745123
46209258
85648920
62117172
44419680
76654184
83703235
73906726
73906728
19683223
28994647
31691112
33123474
48932854
5644261
37261330
24265826
40427579
9702246
37257049
71504951
64796620
36509502
87583237
34851148
87025244
38086759
64050529
68356757
72105034
25787934
16877774
65945385
89804696
12906295
43293430
11996252
41776600
21812007
54975096
1742757
78901901
68255046
31544957
33870469
34626844
1013065
73757537
49332944
27989546
33335560
4673381
38674780
30580045
28046447
90885572
25052422
3008010
34736193
43402371
17150110
90569181
13308122
73035441
93364512
22585705
36999815
78243386
43062797
72086491
72749351
20928543
77790257
53408639
54783314
85750250
4244609
72546445
34066937
45516217
82281193
66184522
15751137
66738060
27123751
71963019
63360559
55815009
47924173
15313027
5606892
53508495
33602373
3569758
43084754
79456622
81542930
60219586
14884437
77876311
5716226
39802422
28638115
90747284
44713038
5376192
34860416
30085882
75270496
51959906
22465447
28180134
45435291
84410051
22920796
50554795
53579852
35230839
71882066
29634602
15176509
51919916
37954007
77133844
57599381
11955915
3916032
75233643
23758972
71792523
89275618
45690885
38179028
89987023
56098777
51491041
11516506
56516116
74859555
48026408
35365232
36497963
60928444
74590410
89755670
78472071
49900619
51426479
92844845
33807563
13775854
25721906
90287766
65631552
71047213
35720395
70824717
36371150
71523644
27397898
77946957
15297982
42001328
61649076
84905195
33620406
82021921
55746340
10459196
18363636
6809556
21190093
40231649
3005491
26747621
67285820
30376079
75461321
38015442
43932031
59119585
24822874
65153458
20953861
40023685
94302951
94538191
70055034
34962028
2145866
2430596
31276982
35490154
44583294
35162529
90938653
64928551
39922383
31643826
16258446
10108251
77068309
65459377
76060783
19236798
92870603
37695885
48565730
4399008
39190861
32445038
67508655
1512053
65452919
69001435
25351688
57917390
9491341
15821340
11195863
79318912
48595587
54735412
46284465
54211943
75311777
6925748
77319839
88573590
24699881
19825388
74453161
37714579
8494693
22036925
47730650
41147814
56713816
54133317
21865278
60932550
89695591
56286159
51612574
81461566
23697986
32915354
59265535
72415181
4822196
27358201
39857859
10768487
24842855
56433073
15284993
93261603
46761151
60443963
69896156
86209623
35856939
37985662
59377186
54089681
83566477
37600053
25976574
87057395
94202957
63336150
48208590
86793673
41695503
13967508
47843045
80080973
79603196
23503928
6860968
64278405
79956842
50536266
8821177
61792527
83849234
26711314
11538354
70822620
76373474
73722948
88935450
11155766
38994093
5728837
611340
68522028
13663580
32657980
63265303
10591804
63183635
35110333
84926371
89774317
7426173
2540157
12619607
87414383
38137401
24297562
7947685
23714609
5952187
43579159
14803913
21970125
35996829
22694059
27235929
66116615
2369853
83594324
18711101
56373343
59598650
76051606
62117737
30770621
13595867
9884503
46958757
45871068
9422484
55794783
87569747
4424466
11202151
47123583
57887959
61351628
83213437
40634410
5653361
68633569
9629356
90232421
36623602
57156873
39014667
46417590
41946144
91613316
39164874
80081155
38792140
50554572
67641055
91481332
86791724
26202700
65072332
42384803
69700119
85906803
66724681
42189004
11941763
30351301
85315941
89734186
88418227
1711894
8431585
81747606
32435648
54911320
64575914
35509798
34216740
71111761
41582208
75475902
88545507
54364465
665402
62009354
21330564
54809536
22650510
112919
10802060
45831264
4113119
23684716
64893728
41488074
32778821
35650030
54450256
48268493
73996368
52272815
69229531
25109085
7427875
34994357
33596969
39674748
89985333
3882421
59419845
58572227
15795862
53306403
54599336
61480127
68648144
41771554
54908613
34129171
28722348
45793460
67789538
85353494
56636159
20617617
51354370
30355468
82572333
24068007
60949839
93796976
29066206
53914091
25397552
28846505
47958388
19667212
56823808
64557541
31881142
57997813
72030631
49100187
8763701
4388387
70402809
73431515
54902576
48118555
23993294
60740284
48810126
34261908
51755597
36763418
14633118
39080592
58218231
45639797
81508533
51860913
70155697
68494161
91894240
83257453
43046442
55059248
1112224
80503929
48676018
68122920
94212173
18581913
71342475
17052543
66546980
91904520
14536025
90746745
46273718
2473324
76573377
61512343
13763324
9149546
46413913
68519300
56770512
91504763
15798870
29129222
80481244
57473248
63240785
31647139
72152958
18645612
87973321
57622361
57742010
14368980
63191397
84672983
69360481
18178258
21089737
35239486
91025192
49127493
17453941
69665978
81945420
52846434
26137757
66840186
45444407
58362614
18662523
48154441
79773163
60001548
38817787
35687097
92223266
35586059
80517064
81594307
50003589
12236145
86444953
66228725
40053662
2333230
47024286
67467745
42768812
26214628
44410531
45041711
62951961
70436904
13651588
59551645
90234975
6900346
21634580
46747879
78947234
93188451
39383589
3534725
52292968
71920465
3703490
53711323
19331262
51092957
69587709
76820819
58286619
13447863
29668378
38819710
774320
58602768
34898916
6113565
77481873
26084629
72461485
30776773
7358762
14193756
47900920
7332807
69811562
67034640
214711
86624790
52796467
32537086
9144632
41163661
18698959
4980422
62923716
55799003
40554597
50590423
55396431
63579756
43477395
8446878
31059425
76999216
6830604
68500101
57585711
37863970
39673788
73552465
80949633
52793860
13819931
3065789
36323992
82488071
49788911
47665640
85609916
40029796
64121262
58480518
3074998
91326983
85762035
14270030
21605612
25717180
69394356
568816
57599383
20984701
29391155
88628226
13992779
14458354
68429710
7991873
69463675
63215091
6869299
1583138
89325142
93468373
39878783
43666731
11850467
62037937
7688816
17923387
87266827
6660610
14846066
60623668
22783627
67682348
47202810
48938828
8770412
5229743
67239039
11557029
35569946
4339296
37643052
10614285
32432922
30685975
5632456
49701265
5544271
33885923
73571750
48818032
54928396
21167941
58378279
10477698
24167369
66053945
72890026
54509529
54305605
8249520
33676209
83852421
65574983
22005410
11203487
52137711
17538056
837485
1509362
37991932
8805394
82287157
9181748
44231836
28163250
75921138
39451747
73210512
31866211
25812595
91021863
969403
26668053
88795343
16920640
63165069
23928134
10857743
90528246
67878899
87343830
65688997
494936
64735613
29434565
79043621
39454345
2872678
31495836
83468031
29672640
76417050
39566495
39738764
69834677
67319781
25074558
5346068
37229362
80018229
61791348
87022839
15876496
21466572
11529089
51339778
10838771
78508104
67142293
871040
89416379
20126466
35827370
62574774
41032897
46229863
29469090
43399828
18771121
67460535
76795832
8406653
83155879
54794800
44668959
52964472
14159017
27645835
90914978
29026756
27752110
51998895
17094653
18311824
34123898
15362216
44781396
68738105
57372001
60963461
58717432
89231447
52773399
4201616
66808141
40865293
27830910
52738004
19711744
32046851
87669272
49128783
64419300
77148836
48551270
85259237
80229115
68946817
76205511
70114242
63359966
71936725
48819669
2463579
50331726
17344399
36107457
88689788
70457264
33699233
1995973
1380225
10803065
88403349
47035525
32712855
84307381
67811030
57044164
5521536
13427937
66873493
1127261
61051112
1076482
82502883
66069870
82820523
87856269
23962315
4213878
32760540
68139638
76963378
89673126
33134577
49333566
56767378
81445713
67998026
20309137
23388034
62993377
38264003
60909530
59004184
80741281
44956013
6452977
29584111
49260807
14609044
75557159
77409254
6799155
10510806
90075570
61654656
88233635
83571177
35334397
59752907
14210736
94535696
78728338
32470652
76877939
60869380
5226922
1513086
7082767
42005455
70663627
74444563
27453746
