12528090
61640327
34677479
85806829
92086724
76843858
2663547
85244766
16309514
15890229
88930244
36898866
92795000
68409574
78482193
17525053
91338722
92982851
39233769
51237904
53000913
83546544
74675022
54017410
28578033
11032339
15068275
13947167
28489082
81468421
33399620
34792227
43936135
50742461
3701974
54071100
42798663
41900290
2916222
45193784
12775509
71309393
93266034
15915198
64669950
70414757
20642699
31678107
91200379
45719181
81814327
42164650
51237901
1353042
51266030
13589959
59634690
77423083
90940928
40575007
31760480
19564359
60685694
48419855
21921491
37908692
60686182
71737029
47692955
64631839
7477623
59613920
51076763
6264326
29295614
28160034
59653467
74691939
80011475
55100811
66243373
90397252
1580817
50094002
71343550
54945185
50018921
2273652
12352390
39892376
86686626
90512136
1050963
46994749
60426837
50307065
39892611
9663992
295004
36116567
23664220
74431905
42632744
92750615
40272591
19723322
56061790
60684073
51393727
22452285
51259439
61336923
40323367
4849305
13915646
41140892
80985423
90374253
30819786
55906757
5590030
41762629
82924726
11171780
59213662
68734678
4630600
66831565
33571521
28548688
52480168
35100862
31360450
232706
20656216
5520452
1316895
29606588
583279
52545485
15755002
56388311
92551328
38975318
10749842
88002077
34382354
46353941
77418371
63337236
45909731
1300139
61730132
34069120
18414802
25677741
4324171
70473657
17205466
55859526
6026077
94647930
39112277
41213072
81018712
69484207
85926803
13590595
90308711
85372675
38147367
31571530
52994781
19527863
43521151
91198583
60482194
18910838
62049442
73765019
63864834
46504552
66195713
73270362
12957025
8479480
23813439
17896508
69539847
65319703
45909212
10097737
68801694
67328743
48619378
75220997
27728549
7890944
54242
